byte offset: 0
first index: 51639
index count: 3312
topology: trianglelist
format: DXGI_FORMAT_R16_UINT

14975 14976 14977
14976 14978 14977
14978 14976 14979
14979 14980 14978
14980 14979 14981
14982 14980 14981
14980 14982 14983
14982 14984 14983
14984 14982 14985
14985 14986 14984
14987 14988 14989
14990 14988 14987
14988 14990 14991
14989 14988 14992
14989 14992 14993
14992 14994 14993
14989 14993 14995
14988 14996 14992
14988 14991 14996
14993 14994 14997
14995 14993 14997
14995 14997 14998
14999 14997 14994
14999 14994 15000
14994 14992 15000
14997 14999 15001
15001 14998 14997
15002 15001 14999
15002 14999 15003
14999 15000 15003
15004 15002 15003
15002 15004 15005
15005 15006 15002
15001 15002 15006
15006 15005 15007
15003 15008 15004
15008 15003 15009
15000 15009 15003
15010 15008 15009
15000 15010 15009
15008 15010 15011
15010 15000 15012
15012 15000 14992
15007 15013 15006
15013 15007 15014
15015 15013 15014
15013 15015 15016
15017 15013 15016
15017 15016 15018
15013 15017 15019
15019 15006 15013
15017 14998 15019
14998 15017 15020
15017 15021 15020
15021 15017 15022
15022 15017 15018
15023 15020 15021
14998 15020 15023
15023 15021 15024
14989 15023 15024
15018 15016 15025
15025 15016 15026
15016 15015 15026
15027 15025 15026
15027 15028 15025
15028 15027 15029
15030 15028 15029
15031 15028 15030
15028 15031 15032
15032 15025 15028
15033 15032 15031
15032 15033 15034
15021 15022 15034
15035 15030 15029
15025 15032 15018
15018 15034 15022
15034 15018 15032
15036 15034 15033
15036 15037 15034
15038 15037 15036
15037 15038 15039
14989 15039 15038
15037 15021 15034
15039 15021 15037
15021 15039 15024
14989 15024 15039
14989 14995 15023
15023 14995 14998
14998 15001 15019
15006 15019 15001
15040 15041 15042
15041 15040 15043
15042 15041 14991
15043 15044 15041
15044 15043 15045
14991 15041 14996
15041 15044 14996
15042 15046 15040
15046 15042 15047
14991 15047 15042
15047 14991 14990
15011 15044 15045
15044 15011 15010
15012 15044 15010
15044 15012 14996
14996 15012 14992
15048 15049 15050
15051 15050 15049
15050 15051 15052
15053 15052 15051
15052 15053 15054
15053 15055 15054
15055 15053 15056
15056 15057 15055
15057 15056 15058
15058 15059 15057
15060 15061 15062
15063 15061 15060
15061 15063 15064
15062 15061 15065
15062 15065 15066
15065 15067 15066
15062 15066 15068
15061 15069 15065
15061 15064 15069
15066 15067 15070
15068 15066 15070
15068 15070 15071
15072 15070 15067
15072 15067 15073
15067 15065 15073
15070 15072 15074
15074 15071 15070
15075 15074 15072
15075 15072 15076
15072 15073 15076
15077 15075 15076
15075 15077 15078
15078 15079 15075
15074 15075 15079
15079 15078 15080
15076 15081 15077
15081 15076 15082
15073 15082 15076
15083 15081 15082
15073 15083 15082
15081 15083 15084
15083 15073 15085
15085 15073 15065
15080 15086 15079
15086 15080 15087
15087 15088 15086
15088 15087 15089
15090 15086 15088
15090 15088 15091
15086 15090 15092
15092 15079 15086
15093 15092 15090
15090 15094 15093
15094 15090 15095
15095 15090 15091
15096 15093 15094
15096 15094 15097
15062 15096 15097
15092 15093 15071
15071 15093 15096
15091 15088 15098
15091 15098 15099
15100 15099 15098
15098 15088 15100
15088 15089 15100
15099 15100 15101
15101 15102 15099
15102 15101 15103
15104 15102 15103
15105 15102 15104
15102 15105 15106
15106 15099 15102
15107 15106 15105
15106 15107 15108
15109 15104 15103
15099 15106 15091
15108 15091 15106
15091 15108 15095
15094 15095 15108
15110 15108 15107
15110 15111 15108
15111 15094 15108
15112 15111 15110
15111 15112 15113
15113 15094 15111
15062 15113 15112
15094 15113 15097
15062 15097 15113
15062 15068 15096
15096 15068 15071
15071 15074 15092
15079 15092 15074
15114 15115 15116
15115 15114 15117
15116 15115 15064
15118 15115 15117
15115 15118 15119
15064 15115 15069
15115 15119 15069
15116 15120 15114
15120 15116 15121
15064 15121 15116
15121 15064 15063
15084 15119 15118
15119 15084 15083
15085 15119 15083
15119 15085 15069
15069 15085 15065
15122 15123 15124
15123 15125 15124
15125 15123 15126
15126 15127 15125
15127 15126 15128
15129 15127 15128
15127 15129 15130
15131 15130 15129
15130 15131 15132
15132 15131 15133
15134 15135 15136
15137 15136 15135
15136 15137 15138
15139 15138 15137
15138 15139 15140
15139 15141 15140
15141 15139 15142
15143 15141 15142
15141 15143 15144
15144 15143 15145
15146 15147 15148
15147 15146 15149
15150 15149 15146
15149 15150 15151
15146 15152 15150
15152 15146 15153
15148 15153 15146
15153 15154 15152
15154 15153 15155
15155 15156 15154
15156 15155 15157
15157 15158 15156
15158 15157 15159
15160 15155 15153
15153 15148 15160
15155 15160 15161
15161 15162 15155
15162 15161 15163
15163 15164 15162
15164 15163 15165
15165 15166 15164
15166 15165 15167
15167 15168 15166
15168 15167 15169
15170 15169 15167
15169 15170 15171
15171 15172 15169
15172 15171 15173
15173 15174 15172
15174 15173 15175
15175 15176 15174
15177 15174 15176
15174 15177 15178
15178 15172 15174
15176 15175 15179
15176 15179 15180
15167 15181 15170
15181 15167 15165
15165 15182 15181
15182 15165 15163
15163 15183 15182
15183 15163 15161
15161 15184 15183
15184 15161 15160
15160 15185 15184
15185 15160 15148
15148 15186 15185
15186 15148 15147
15147 15187 15186
15187 15147 15188
15149 15188 15147
15188 15149 15189
15149 15190 15189
15190 15149 15151
15151 15191 15190
15191 15151 15192
15150 15192 15151
15192 15150 15193
15193 15194 15192
15194 15193 15195
15196 15195 15193
15150 15196 15193
15195 15196 15197
15197 15198 15195
15198 15197 15199
15192 15200 15191
15200 15192 15194
15194 15201 15200
15201 15194 15202
15202 15195 15198
15195 15202 15194
15203 15197 15196
15197 15203 15204
15204 15199 15197
15205 15204 15203
15204 15205 15206
15207 15206 15205
15206 15207 15208
15209 15208 15207
15208 15209 15210
15211 15210 15209
15210 15211 15212
15213 15212 15211
15212 15213 15214
15156 15207 15205
15207 15156 15158
15158 15209 15207
15208 15215 15206
15215 15208 15216
15210 15216 15208
15217 15213 15211
15213 15217 15218
15219 15218 15217
15218 15219 15220
15220 15221 15218
15221 15220 15222
15217 15223 15219
15223 15217 15224
15211 15224 15217
15214 15225 15212
15225 15214 15226
15209 15158 15224
15159 15224 15158
15224 15159 15223
15224 15211 15209
15227 15218 15221
15218 15227 15213
15222 15228 15221
15228 15222 15229
15229 15230 15228
15230 15229 15231
15232 15228 15230
15228 15232 15233
15233 15234 15227
15234 15233 15235
15232 15235 15233
15235 15232 15236
15237 15236 15232
15230 15237 15232
15236 15237 15238
15239 15238 15237
15238 15239 15240
15236 15241 15235
15241 15236 15242
15238 15242 15236
15243 15239 15237
15231 15243 15230
15237 15230 15243
15239 15243 15244
15239 15244 15245
15246 15235 15241
15235 15246 15234
15226 15234 15246
15234 15226 15214
15214 15227 15234
15227 15214 15213
15242 15238 15247
15240 15247 15238
15247 15240 15248
15249 15248 15240
15248 15249 15250
15245 15251 15239
15239 15251 15252
15253 15249 15252
15253 15254 15249
15255 15249 15254
15255 15250 15249
15255 15256 15250
15240 15239 15252
15249 15240 15252
15221 15233 15227
15233 15221 15228
15257 15258 15244
15244 15258 15245
15259 15257 15260
15259 15260 15261
15260 15243 15261
15243 15262 15261
15243 15231 15262
15262 15263 15261
15264 15265 15176
15264 15176 15180
15266 15176 15265
15176 15266 15177
15266 15265 15267
15267 15268 15266
15268 15269 15266
15268 15270 15269
15271 15180 15179
15216 15210 15272
15212 15272 15210
15272 15212 15225
15169 15273 15168
15273 15169 15172
15172 15178 15273
15154 15205 15203
15205 15154 15156
15203 15152 15154
15152 15203 15196
15196 15150 15152
15274 15206 15215
15206 15274 15204
15199 15204 15274
15275 15276 15277
15276 15275 15278
15279 15277 15276
15277 15279 15280
15279 15281 15280
15281 15279 15282
15283 15281 15282
15281 15283 15284
15285 15284 15283
15284 15285 15286
15285 15287 15286
15287 15285 15288
15288 15289 15287
15289 15288 15290
15290 15291 15289
15291 15290 15292
15293 15291 15292
15291 15293 15294
15293 15295 15294
15295 15293 15296
15297 15295 15296
15295 15297 15298
15299 15298 15297
15298 15299 15300
15299 15301 15300
15301 15299 15302
15303 15301 15302
15301 15303 15304
15305 15304 15303
15304 15305 15306
15307 15306 15305
15306 15307 15308
15309 15308 15307
15308 15309 15310
15311 15310 15309
15310 15311 15312
15300 15313 15298
15314 15298 15313
15313 15315 15314
15316 15314 15315
15317 15316 15315
15316 15317 15318
15318 15319 15316
15319 15318 15320
15320 15321 15319
15321 15320 15322
15323 15322 15320
15322 15323 15324
15325 15324 15323
15324 15325 15326
15327 15325 15323
15327 15320 15318
15320 15327 15323
15317 15327 15318
15325 15327 15328
15328 15329 15325
15329 15326 15325
15329 15328 15330
15331 15329 15330
15329 15331 15332
15332 15333 15329
15326 15329 15333
15333 15332 15334
15335 15334 15332
15334 15335 15336
15337 15332 15331
15332 15337 15335
15338 15337 15331
15337 15338 15339
15339 15340 15337
15340 15335 15337
15340 15339 15341
15341 15342 15340
15342 15343 15340
15335 15340 15343
15343 15336 15335
15343 15342 15344
15344 15345 15343
15336 15343 15345
15345 15344 15346
15347 15344 15342
15344 15347 15348
15348 15346 15344
15349 15347 15342
15342 15341 15349
15347 15349 15350
15351 15350 15349
15350 15351 15352
15353 15352 15351
15352 15353 15354
15351 15355 15353
15355 15351 15356
15349 15356 15351
15356 15349 15341
15356 15357 15355
15357 15356 15358
15358 15359 15357
15359 15358 15360
15360 15361 15359
15361 15360 15362
15362 15363 15361
15363 15362 15364
15341 15358 15356
15358 15341 15339
15339 15360 15358
15360 15339 15338
15338 15362 15360
15362 15338 15365
15365 15364 15362
15363 15366 15361
15366 15363 15367
15367 15368 15366
15369 15366 15368
15368 15370 15369
15371 15369 15370
15372 15371 15370
15371 15372 15373
15373 15374 15371
15374 15373 15375
15375 15376 15374
15376 15375 15377
15378 15375 15373
15375 15378 15379
15379 15377 15375
15380 15379 15378
15379 15380 15381
15378 15382 15380
15382 15378 15383
15373 15383 15378
15383 15373 15372
15383 15384 15382
15384 15383 15385
15372 15385 15383
15385 15386 15384
15386 15385 15387
15387 15388 15386
15388 15387 15389
15390 15387 15385
15385 15372 15390
15387 15390 15391
15391 15389 15387
15389 15391 15392
15393 15391 15390
15391 15393 15394
15394 15392 15391
15393 15395 15394
15395 15393 15368
15370 15368 15393
15370 15390 15372
15390 15370 15393
15368 15367 15395
15396 15394 15395
15394 15396 15397
15392 15394 15397
15397 15398 15392
15398 15397 15399
15399 15400 15398
15400 15399 15401
15402 15398 15400
15398 15402 15403
15403 15392 15398
15404 15403 15402
15403 15404 15405
15397 15406 15399
15406 15397 15396
15399 15407 15401
15407 15399 15406
15408 15401 15407
15401 15408 15409
15396 15410 15406
15410 15396 15411
15406 15412 15407
15412 15406 15410
15411 15413 15410
15413 15411 15414
15415 15413 15414
15413 15415 15416
15416 15417 15413
15417 15410 15413
15410 15417 15412
15417 15416 15418
15419 15416 15415
15415 15420 15419
15328 15419 15420
15420 15330 15328
15330 15420 15365
15419 15328 15327
15327 15317 15419
15416 15419 15317
15317 15418 15416
15420 15415 15364
15414 15364 15415
15364 15365 15420
15418 15317 15315
15364 15414 15363
15365 15331 15330
15331 15365 15338
15418 15421 15417
15421 15412 15417
15412 15421 15422
15422 15407 15412
15407 15422 15408
15300 15422 15421
15313 15300 15421
15421 15418 15313
15315 15313 15418
15422 15300 15301
15304 15422 15301
15422 15304 15408
15304 15409 15408
15409 15304 15306
15308 15409 15306
15409 15308 15423
15423 15401 15409
15401 15423 15400
15424 15400 15423
15400 15424 15402
15425 15402 15424
15402 15425 15404
15423 15310 15424
15310 15423 15308
15424 15312 15425
15312 15424 15310
15426 15427 15428
15427 15426 15429
15429 15430 15427
15430 15429 15431
15432 15431 15429
15426 15432 15429
15431 15432 15433
15432 15434 15433
15434 15432 15435
15436 15435 15432
15432 15426 15436
15435 15436 15437
15437 15438 15435
15438 15434 15435
15438 15437 15439
15440 15438 15439
15438 15440 15441
15442 15439 15437
15439 15442 15443
15437 15444 15442
15444 15437 15436
15445 15443 15442
15443 15445 15446
15447 15446 15445
15446 15447 15376
15448 15376 15447
15376 15448 15374
15449 15374 15448
15374 15449 15371
15369 15371 15449
15445 15450 15447
15450 15445 15451
15451 15442 15444
15442 15451 15445
15447 15452 15448
15452 15447 15450
15448 15453 15449
15453 15448 15452
15449 15454 15369
15454 15449 15453
15366 15369 15454
15452 15357 15453
15357 15452 15355
15450 15355 15452
15454 15361 15366
15361 15454 15359
15359 15453 15357
15453 15359 15454
15355 15450 15353
15451 15353 15450
15353 15451 15354
15444 15354 15451
15354 15444 15455
15456 15354 15455
15354 15456 15352
15457 15352 15456
15352 15457 15350
15458 15350 15457
15350 15458 15347
15458 15348 15347
15348 15458 15459
15458 15460 15459
15460 15458 15461
15457 15461 15458
15459 15462 15348
15462 15459 15463
15464 15463 15459
15463 15464 15465
15465 15466 15463
15463 15467 15462
15467 15463 15466
15468 15462 15467
15462 15468 15346
15346 15348 15462
15469 15346 15468
15346 15469 15345
15466 15470 15467
15470 15468 15467
15470 15466 15471
15471 15472 15470
15472 15471 15473
15474 15472 15473
15473 15475 15474
15475 15473 15476
15471 15476 15473
15472 15474 15477
15466 15478 15471
15476 15471 15478
15478 15466 15479
15468 15470 15480
15480 15469 15468
15469 15480 15481
15482 15345 15469
15481 15482 15469
15345 15482 15336
15483 15336 15482
15336 15483 15334
15484 15334 15483
15334 15484 15333
15485 15333 15484
15333 15485 15326
15486 15326 15485
15326 15486 15324
15486 15322 15324
15322 15486 15487
15487 15321 15322
15321 15487 15488
15488 15489 15321
15489 15488 15490
15491 15483 15482
15483 15491 15492
15492 15484 15483
15484 15492 15493
15493 15485 15484
15485 15493 15494
15494 15486 15485
15486 15494 15495
15495 15487 15486
15487 15495 15496
15496 15488 15487
15488 15496 15497
15497 15490 15488
15493 15498 15494
15498 15493 15499
15492 15499 15493
15499 15500 15498
15500 15499 15501
15501 15502 15500
15502 15501 15503
15503 15504 15502
15504 15503 15505
15506 15505 15503
15505 15506 15507
15507 15508 15505
15508 15507 15509
15510 15507 15506
15507 15510 15511
15511 15509 15507
15512 15511 15510
15511 15512 15513
15514 15513 15512
15513 15514 15515
15515 15516 15513
15516 15515 15517
15518 15502 15504
15504 15519 15518
15520 15518 15519
15518 15520 15521
15522 15521 15520
15521 15522 15523
15502 15518 15524
15521 15524 15518
15524 15521 15525
15523 15525 15521
15525 15523 15526
15524 15500 15502
15500 15524 15527
15525 15527 15524
15527 15525 15528
15526 15528 15525
15528 15526 15529
15527 15498 15500
15498 15527 15530
15528 15530 15527
15530 15528 15531
15529 15531 15528
15531 15529 15532
15530 15494 15498
15494 15530 15495
15531 15495 15530
15495 15531 15496
15531 15497 15496
15497 15531 15532
15533 15497 15532
15497 15533 15534
15535 15529 15526
15526 15536 15535
15529 15535 15537
15537 15532 15529
15532 15537 15533
15490 15497 15534
15277 15535 15536
15536 15275 15277
15275 15536 15538
15523 15538 15536
15538 15523 15522
15536 15526 15523
15535 15277 15280
15280 15537 15535
15537 15280 15281
15281 15533 15537
15533 15281 15284
15284 15534 15533
15534 15284 15286
15534 15287 15490
15287 15534 15286
15289 15490 15287
15490 15289 15489
15289 15539 15489
15319 15489 15539
15489 15319 15321
15539 15316 15319
15316 15539 15540
15314 15316 15540
15539 15289 15291
15291 15540 15539
15540 15291 15294
15540 15295 15314
15295 15540 15294
15298 15314 15295
15519 15504 15541
15505 15541 15504
15541 15505 15508
15542 15543 15544
15543 15542 15545
15544 15546 15542
15547 15542 15546
15546 15548 15547
15548 15546 15549
15549 15550 15548
15550 15549 15551
15551 15552 15550
15552 15551 15553
15553 15554 15552
15554 15553 15555
15440 15551 15549
15551 15440 15556
15556 15553 15551
15553 15556 15557
15557 15555 15553
15555 15557 15377
15443 15557 15556
15557 15443 15446
15446 15377 15557
15441 15549 15546
15549 15441 15440
15555 15381 15554
15381 15555 15379
15377 15379 15555
15377 15446 15376
15439 15556 15440
15556 15439 15443
15546 15544 15441
15558 15441 15544
15441 15558 15438
15434 15438 15558
15544 15559 15558
15544 15543 15559
15560 15561 15461
15561 15560 15562
15561 15562 15563
15561 15563 15564
15565 15561 15564
15561 15565 15566
15565 15567 15566
15566 15567 15568
15561 15566 15569
15570 15568 15567
15571 15570 15567
15572 15568 15570
15571 15567 15573
15574 15571 15573
15572 15570 15575
15576 15572 15575
15576 15575 15577
15578 15576 15577
15577 15579 15578
15579 15577 15580
15574 15579 15580
15579 15574 15581
15581 15582 15579
15582 15583 15579
15582 15584 15583
15583 15584 15585
15583 15585 15586
15587 15586 15585
15586 15587 15588
15589 15586 15588
15586 15589 15590
15589 15591 15590
15590 15591 15592
15591 15593 15592
15587 15594 15588
15591 15595 15593
15595 15569 15593
15587 15596 15594
15596 15597 15594
15597 15598 15594
15599 15595 15598
15597 15599 15598
15596 15600 15597
15601 15600 15596
15600 15601 15602
15601 15603 15602
15603 15601 15604
15604 15605 15603
15605 15604 15561
15595 15561 15569
15561 15606 15605
15561 15607 15606
15607 15561 15595
15599 15607 15595
15561 15604 15461
15604 15460 15461
15608 15460 15604
15461 15457 15560
15456 15560 15457
15560 15456 15428
15428 15562 15560
15562 15428 15427
15456 15426 15428
15426 15456 15455
15455 15436 15426
15436 15455 15444
15427 15609 15562
15609 15610 15562
15609 15611 15610
15611 15609 15612
15612 15613 15611
15613 15612 15614
15614 15573 15613
15614 15574 15573
15614 15581 15574
15562 15610 15563
15609 15427 15430
15615 15616 15617
15618 15617 15616
15619 15615 15617
15619 15617 15620
15621 15618 15616
15618 15621 15622
15623 15622 15621
15621 15624 15623
15623 15625 15622
15619 15620 15626
15627 15626 15620
15627 15628 15626
15628 15629 15626
15628 15630 15629
15631 15630 15628
15630 15631 15632
15633 15630 15632
15630 15634 15629
15630 15635 15634
15630 15636 15635
15636 15630 15637
15637 15630 15633
15634 15638 15629
15638 15634 15639
15639 15640 15638
15641 15638 15640
15639 15642 15640
15643 15642 15639
15642 15643 15644
15641 15640 15645
15646 15641 15645
15646 15645 15647
15648 15646 15647
15649 15648 15647
15648 15649 15650
15650 15649 15644
15651 15644 15643
15651 15643 15652
15653 15651 15652
15651 15653 15654
15655 15654 15653
15654 15655 15656
15656 15655 15657
15655 15636 15657
15651 15658 15644
15658 15650 15644
15658 15659 15650
15659 15624 15650
15659 15660 15624
15624 15660 15623
15657 15661 15656
15656 15661 15662
15661 15663 15662
15636 15637 15657
15515 15657 15637
15637 15517 15515
15517 15637 15664
15657 15515 15514
15514 15477 15657
15477 15665 15657
15477 15514 15666
15666 15472 15477
15472 15666 15667
15668 15667 15666
15514 15668 15666
15667 15668 15669
15670 15669 15668
15669 15670 15671
15672 15671 15670
15670 15506 15672
15506 15670 15510
15668 15510 15670
15503 15672 15506
15672 15503 15501
15671 15672 15673
15501 15673 15672
15673 15501 15499
15671 15481 15669
15481 15671 15491
15673 15491 15671
15482 15481 15491
15499 15492 15673
15491 15673 15492
15510 15668 15512
15480 15669 15481
15669 15480 15667
15470 15667 15480
15667 15470 15472
15668 15514 15512
15674 15675 15465
15465 15675 15479
15465 15479 15466
15464 15674 15465
15676 15608 15674
15677 15678 15679
15678 15677 15680
15680 15633 15678
15681 15677 15679
15677 15681 15682
15682 15681 15683
15682 15683 15625
15683 15684 15625
15683 15627 15684
15627 15620 15684
15685 15682 15625
15685 15625 15623
15633 15680 15664
15664 15637 15633
15686 15513 15516
15513 15686 15511
15509 15511 15686
15542 15547 15687
15687 15545 15542
15545 15687 15688
15475 15663 15665
15475 15665 15474
15477 15474 15665
15414 15367 15363
15367 15414 15411
15411 15395 15367
15395 15411 15396
15389 15405 15388
15405 15389 15403
15392 15403 15389
15309 15689 15311
15689 15309 15690
15309 15691 15690
15691 15309 15307
15307 15692 15691
15692 15307 15305
15303 15692 15305
15692 15303 15693
15303 15694 15693
15694 15303 15302
15302 15695 15694
15695 15302 15299
15297 15695 15299
15695 15297 15696
15296 15696 15297
