byte offset: 0
first index: 0
index count: 11349
topology: trianglelist
format: DXGI_FORMAT_R16_UINT

0 1 2
3 0 2
0 3 4
3 5 4
5 3 6
6 7 5
7 6 8
8 9 7
9 8 10
9 10 11
12 9 11
13 14 15
14 13 16
13 17 16
18 16 17
16 18 19
20 19 18
19 20 21
20 22 21
22 20 23
24 22 23
17 13 25
26 25 13
25 26 27
28 27 26
27 28 29
30 19 21
21 22 30
19 30 31
31 16 19
26 32 28
32 33 28
33 34 28
28 34 29
32 26 35
13 35 26
35 13 15
16 31 14
36 37 38
36 39 37
36 40 39
36 41 40
36 42 41
36 43 42
36 44 43
36 45 44
36 46 45
36 47 46
36 48 47
36 38 48
49 38 37
39 49 37
38 49 50
49 39 51
40 51 39
51 40 52
40 53 52
53 40 41
42 53 41
53 42 54
43 54 42
54 43 55
43 56 55
56 43 44
45 56 44
56 45 57
46 57 45
57 46 58
46 59 58
59 46 47
48 59 47
59 48 60
38 60 48
60 38 50
51 61 49
49 61 62
62 50 49
62 63 50
61 51 64
51 65 64
52 65 51
66 65 52
67 66 52
57 68 56
68 69 56
68 57 70
57 71 70
72 71 58
73 72 58
74 63 62
61 75 62
74 62 75
75 76 74
76 75 77
76 77 78
77 79 78
75 79 77
79 80 78
80 81 78
81 82 78
82 83 78
83 84 78
84 85 78
85 86 78
86 87 78
87 88 78
88 76 78
79 75 89
89 80 79
80 89 90
91 80 90
80 91 81
91 82 81
82 91 92
92 83 82
83 92 93
94 83 93
83 94 84
94 85 84
85 94 95
95 86 85
86 95 96
97 86 96
86 97 87
97 88 87
88 97 98
98 76 88
76 98 74
89 65 90
65 89 64
89 61 64
61 89 75
99 92 91
99 91 67
53 99 67
54 99 53
99 54 100
101 100 54
92 99 100
101 92 100
92 101 93
102 98 97
102 97 73
59 102 73
60 102 59
102 60 103
60 104 103
98 102 103
104 98 103
98 104 74
73 58 59
96 73 97
96 72 73
96 71 72
95 71 96
71 95 70
95 68 70
68 95 94
68 94 69
58 71 57
50 104 60
63 104 50
74 104 63
93 69 94
93 105 69
69 105 55
105 101 55
93 101 105
69 55 56
55 101 54
90 66 67
90 65 66
90 67 91
67 52 53
106 107 108
109 110 111
110 109 112
113 114 115
114 113 116
114 116 117
118 119 120
119 118 121
121 118 122
121 123 119
124 123 121
125 126 127
127 128 125
129 130 131
132 129 131
133 129 132
131 134 132
132 134 135
136 137 138
137 139 138
140 141 142
141 140 143
144 145 146
147 148 149
148 147 150
147 151 150
152 153 154
153 155 154
155 156 154
157 154 156
157 156 158
159 154 157
160 154 159
161 162 163
163 164 161
161 164 165
165 164 166
164 163 167
164 167 168
168 169 164
170 171 172
172 171 173
174 175 176
177 174 176
178 179 180
178 181 179
181 178 182
183 184 185
184 183 186
183 187 186
188 189 190
190 191 188
191 192 188
191 190 193
194 191 193
195 196 197
196 195 198
199 200 201
202 200 199
203 202 199
200 202 204
202 205 204
206 207 208
208 207 209
210 211 212
210 212 213
213 214 210
212 215 213
210 216 211
217 218 219
219 220 217
221 222 223
223 222 224
224 222 225
226 223 224
221 227 222
228 229 230
228 231 229
232 233 234
234 233 235
236 237 238
237 236 239
240 239 236
239 240 241
240 242 241
242 240 243
244 242 243
242 244 245
246 245 244
245 246 247
248 247 246
247 248 249
250 249 248
249 250 251
252 251 250
251 252 253
254 253 252
253 254 255
254 256 255
255 256 257
258 257 256
259 258 256
260 258 259
258 260 261
260 262 261
262 260 263
263 264 262
264 263 265
265 266 264
266 265 267
267 268 266
268 267 269
269 270 268
270 269 271
272 270 271
270 272 273
272 274 273
274 272 275
275 237 274
237 275 238
276 277 278
277 276 279
280 279 276
279 280 281
282 281 280
281 282 283
284 283 282
283 284 285
286 285 284
285 286 287
286 288 287
288 286 289
290 288 289
277 291 278
291 292 278
291 277 293
294 295 296
294 296 297
298 295 294
295 298 299
298 300 299
296 295 301
301 302 296
303 302 301
296 302 304
303 301 305
306 307 308
307 306 309
309 310 307
310 309 311
311 312 310
312 311 313
313 314 312
314 313 315
316 314 315
314 316 317
318 317 316
308 319 306
319 308 320
321 319 320
321 320 322
319 321 323
324 325 326
324 327 325
326 328 324
328 326 329
328 329 330
325 331 326
331 325 332
333 331 332
325 334 332
333 335 331
336 337 338
337 336 339
338 340 336
340 338 341
342 340 341
340 342 343
342 344 343
344 342 345
345 346 344
346 345 347
347 348 346
348 347 349
349 350 348
350 349 351
351 352 350
352 351 353
353 354 352
354 353 355
355 356 354
357 356 355
356 357 358
356 358 359
358 360 359
360 358 361
362 360 361
360 362 363
364 363 362
363 364 365
366 365 364
365 366 367
368 367 366
367 368 369
370 369 368
369 370 371
370 372 371
372 370 373
374 372 373
372 374 375
337 375 374
375 337 339
376 377 378
377 376 379
378 380 376
380 378 381
381 382 380
382 381 383
383 384 382
384 383 385
385 386 384
386 385 387
388 386 387
386 388 389
389 388 390
391 377 379
379 392 391
377 391 393
394 395 396
397 394 396
395 398 396
398 395 399
399 400 398
401 395 394
394 402 401
401 402 403
404 402 394
405 401 403
406 407 408
407 406 409
410 408 407
408 410 411
412 411 410
411 412 413
414 413 412
413 414 415
414 416 415
416 414 417
416 417 418
406 419 409
419 406 420
420 421 419
422 419 421
421 420 423
424 425 426
425 427 426
428 424 426
424 428 429
430 429 428
424 431 425
432 425 431
432 431 433
432 434 425
431 435 433
436 437 438
439 440 441
442 443 444
445 446 447
448 449 450
451 452 453
454 455 456
454 456 457
457 458 454
459 460 461
462 463 464
465 466 467
468 469 470
470 471 468
470 472 471
473 474 475
476 474 473
473 477 476
478 479 480
481 479 478
478 482 481
483 484 485
486 487 488
489 490 491
492 493 494
492 495 493
495 492 496
493 495 497
492 494 498
499 500 501
500 499 502
503 504 505
504 506 505
506 507 505
508 506 504
503 505 509
510 511 512
510 512 513
514 515 516
515 517 516
518 519 520
519 518 521
522 523 524
525 526 527
526 525 528
526 528 529
530 531 532
531 533 532
531 534 533
531 535 534
535 536 534
537 535 531
538 537 531
539 540 541
540 539 542
540 542 543
542 539 544
544 545 542
542 546 543
546 542 547
548 549 550
549 551 550
552 553 554
555 553 552
556 557 558
557 559 558
559 560 558
556 558 560
560 559 561
562 561 559
561 562 563
562 564 563
564 562 565
565 566 564
566 565 567
568 566 567
565 569 567
569 568 567
569 565 570
565 571 570
571 565 562
562 572 571
572 562 559
559 557 572
573 574 575
576 573 575
573 576 577
578 577 576
577 578 579
580 579 578
579 580 581
582 581 580
581 582 583
582 584 583
585 586 587
586 588 587
588 589 587
585 587 589
589 588 590
588 591 590
591 588 592
592 593 591
593 592 594
595 593 594
592 596 594
596 595 594
596 592 597
588 597 592
597 588 598
588 586 598
599 600 601
601 602 599
602 601 603
603 604 602
604 603 605
605 606 604
606 605 607
607 608 606
609 610 611
610 612 611
612 613 611
609 611 613
613 612 614
612 615 614
615 612 616
616 617 615
617 616 618
617 618 619
620 618 616
618 620 621
618 621 619
616 622 620
622 616 612
612 610 622
623 624 625
626 623 625
623 626 627
628 627 626
627 628 629
630 629 628
629 630 631
630 632 631
633 634 635
634 636 635
636 637 635
633 635 637
637 636 638
639 638 636
638 639 640
641 640 639
640 641 642
641 643 642
643 641 644
643 644 645
641 646 644
644 646 645
646 641 647
639 647 641
647 639 648
639 649 648
649 639 636
636 634 649
650 651 652
652 653 650
653 652 654
654 655 653
655 654 656
656 657 655
657 656 658
658 659 657
659 658 660
660 661 659
662 663 664
662 665 663
666 662 664
667 666 664
667 664 668
667 668 669
670 662 666
671 670 666
670 671 672
662 670 673
662 673 674
675 670 672
670 675 676
677 673 670
670 676 677
677 678 673
676 679 677
677 679 680
677 680 681
682 679 676
682 683 679
682 684 683
685 686 687
686 685 688
688 689 686
690 686 689
686 690 691
692 689 688
689 692 693
689 693 694
692 688 695
692 695 696
696 695 697
686 698 687
698 686 699
699 686 700
686 701 700
701 686 691
702 699 700
700 703 702
700 704 703
702 705 699
702 706 705
706 707 705
708 709 710
709 708 711
712 710 709
710 712 713
714 715 716
715 714 717
718 719 720
719 718 721
718 722 721
722 718 723
724 725 726
725 724 727
728 729 730
729 728 731
732 733 734
733 732 735
736 737 738
737 736 739
740 741 742
741 740 743
744 745 746
745 744 747
748 749 750
749 748 751
751 752 749
752 751 753
754 755 756
755 754 757
758 759 760
759 758 761
762 759 761
759 762 763
764 765 766
765 764 767
768 769 770
769 768 771
772 773 774
773 772 775
776 777 778
777 776 779
780 781 782
781 780 783
784 785 786
785 784 787
788 789 790
791 790 789
792 790 791
788 790 793
791 789 794
793 790 795
796 795 790
793 795 797
797 795 798
797 798 799
800 798 795
801 798 800
801 800 802
802 803 801
804 798 801
805 804 801
806 799 798
807 804 805
807 805 808
809 804 807
810 809 807
811 809 810
811 806 809
811 799 806
799 811 812
813 803 802
813 802 814
796 813 814
815 813 796
796 814 795
816 813 815
816 808 817
817 813 816
816 815 818
819 808 816
807 808 819
816 818 820
820 818 821
821 818 822
796 821 822
796 823 821
821 823 824
821 824 825
825 824 826
825 826 827
827 826 828
828 826 829
829 830 828
829 831 830
831 792 830
831 832 792
832 831 833
823 832 833
832 823 834
792 791 830
830 791 835
830 835 836
836 835 837
836 837 838
838 837 839
839 837 794
794 789 839
840 789 841
841 789 788
840 841 842
841 843 842
843 844 842
845 842 844
846 845 844
843 793 844
845 847 842
793 848 844
849 844 848
793 797 848
797 850 848
797 851 850
852 848 850
853 852 850
853 854 852
854 853 855
856 853 850
857 853 856
858 850 851
859 857 856
859 860 857
861 859 856
862 859 861
863 862 861
863 861 858
863 858 851
851 864 863
865 854 855
865 866 854
849 866 865
867 849 865
849 848 866
868 867 865
868 869 860
869 868 865
868 870 867
871 868 860
859 871 860
868 872 870
872 873 870
873 874 870
849 874 873
849 873 875
873 876 875
873 877 876
877 878 876
877 879 878
879 880 878
880 881 878
881 880 882
881 882 883
883 882 846
884 883 846
883 884 885
884 875 885
875 884 886
846 882 845
882 887 845
882 888 887
888 889 887
888 890 889
890 891 889
891 847 889
847 891 842
849 886 844
886 849 875
892 812 893
799 812 892
892 893 864
851 892 864
796 790 834
834 823 796
894 895 896
895 897 896
897 895 898
898 899 897
899 898 900
901 899 900
899 901 902
903 902 901
902 903 904
905 896 897
896 905 906
906 894 896
897 907 905
907 897 899
899 908 907
908 899 902
904 908 902
908 904 909
910 911 912
911 910 913
914 913 910
913 914 915
914 916 915
916 914 917
913 918 911
918 913 919
915 919 913
919 915 920
916 920 915
920 916 921
921 922 920
922 921 923
923 924 922
924 923 925
924 925 926
927 925 923
927 923 921
928 927 921
916 928 921
925 927 929
925 929 930
925 930 926
930 931 926
932 926 931
926 932 933
924 926 933
934 932 931
932 934 935
936 935 934
935 936 937
937 936 938
931 930 939
939 934 931
934 939 940
940 936 934
936 940 941
936 941 942
936 942 938
943 938 942
938 943 944
942 945 943
941 945 942
946 939 930
939 946 947
947 940 939
940 947 948
948 941 940
941 948 949
950 941 949
941 950 945
951 948 947
946 951 947
946 952 951
953 952 946
929 953 946
929 946 930
927 953 929
953 927 954
928 954 927
954 928 955
954 956 953
952 953 956
956 954 957
957 954 955
957 955 958
948 951 959
959 949 948
949 959 960
960 950 949
950 960 961
961 962 950
962 961 963
958 964 957
964 965 957
957 965 956
956 965 952
959 966 960
960 966 961
967 966 959
961 966 968
961 968 963
969 963 968
963 969 970
964 971 965
967 972 966
966 972 973
966 973 968
969 974 970
975 970 974
970 975 976
970 976 977
963 970 977
978 977 976
977 978 979
978 980 979
980 978 981
974 969 982
983 982 969
968 983 969
972 983 973
983 968 973
972 984 983
982 983 985
984 985 983
985 984 986
987 976 975
976 987 978
978 988 981
988 978 987
989 981 988
981 989 990
986 991 985
991 986 992
993 985 991
985 993 982
994 982 993
982 994 974
995 974 994
974 995 975
996 975 995
975 996 987
988 997 989
997 987 996
987 997 988
989 998 990
989 999 998
999 989 1000
997 1000 989
999 1001 998
1001 999 1002
1003 998 1001
998 1003 1004
1002 1005 1001
1005 1002 1006
1007 1006 1002
1002 999 1007
1006 1007 1008
1008 1007 1009
1010 1001 1005
1001 1010 1003
1003 1010 1011
1006 1012 1005
1012 1006 1013
1014 1005 1012
1005 1014 1010
1013 1015 1012
1015 1013 1016
1017 1012 1015
1012 1017 1014
1018 1015 1016
1015 1018 1019
1019 1017 1015
1017 1019 1020
1021 1020 1019
1020 1021 1022
1021 1023 1022
1024 1023 1021
1019 1024 1021
1024 1019 1018
1025 1010 1014
1010 1025 1011
1026 1011 1025
1025 1027 1026
1028 1026 1027
1026 1028 1029
1030 1029 1028
1029 1030 1031
1032 1031 1030
1031 1032 1033
1027 1025 1034
1031 1035 1029
1035 1031 1036
1036 1037 1035
1037 1036 1038
1038 1039 1037
1039 1038 1040
1040 937 1039
937 1040 935
1041 935 1040
935 1041 932
1041 933 932
933 1041 1042
933 1042 1043
1044 1043 1042
1043 1044 1045
1046 1045 1044
1045 1046 1047
1048 1046 1044
1047 1049 1045
1049 1047 1050
1050 1051 1049
1051 1050 1052
1052 1053 1051
919 1049 1051
1051 1054 919
1053 1054 1051
1049 919 1055
1055 1045 1049
1045 1055 1043
920 1055 919
1055 920 922
922 1043 1055
1043 922 924
1056 1053 1052
1053 1056 1057
1058 1057 1056
1057 1058 1059
1060 1057 1059
1057 1060 1061
1062 1057 1061
1057 1062 1053
1062 912 1053
912 1062 1063
1062 1064 1063
1064 1062 1065
1061 1065 1062
1065 1066 1064
1066 1065 1067
1066 1068 1064
1068 1066 1069
1070 1063 1064
1070 1064 1068
1063 1070 1071
1071 912 1063
1072 1071 1070
1072 910 1071
912 1071 910
910 1072 914
1072 917 914
917 1072 1073
1072 1074 1073
1074 1072 1075
1072 1070 1075
1073 1076 917
1077 917 1076
917 1077 916
1076 1078 1077
1078 1076 1079
1079 1080 1078
1081 1079 1076
1076 1073 1081
1074 1081 1073
1079 1081 1082
1082 1080 1079
1080 1082 1083
1081 1084 1082
1081 1074 1084
1083 1085 1080
1085 1083 1086
1086 1087 1085
1085 1087 964
964 1080 1085
1087 1086 1088
1089 1087 1088
1087 1089 1090
1091 1087 1090
1080 964 958
1080 958 1078
971 964 1087
1091 971 1087
971 1091 965
965 1091 1092
1092 952 965
952 1092 951
1093 1089 1088
1089 1093 1094
1088 1095 1093
1095 1088 1086
1086 1096 1095
951 967 959
1096 1086 1083
1083 1097 1096
1097 1083 1082
1084 1097 1082
1098 1099 1100
1099 1101 1100
1102 1100 1101
1100 1102 1103
1098 1100 1103
1101 1104 1102
1104 1101 1105
1105 1106 1104
1106 1105 1107
1107 1108 1106
1108 1107 1109
1109 1110 1108
1110 1109 1111
1111 1112 1110
1112 1111 1113
1113 1114 1112
1114 1113 1008
1113 1111 1115
1111 1116 1115
1116 1111 1109
1109 1117 1116
1117 1109 1107
1107 1118 1117
1118 1107 1105
1105 1119 1118
1119 1105 1101
1101 1099 1119
1120 1115 1116
1116 1121 1120
1121 1122 1120
1122 1121 1123
1124 1123 1121
1122 1125 1120
1115 1120 1125
1125 1122 1126
1127 1124 1121
1121 1116 1127
1013 1115 1125
1128 1013 1125
1126 1128 1125
1006 1113 1013
1113 1006 1008
1013 1113 1115
1114 1008 1009
1075 1129 1074
1130 1131 1132
1130 1133 1131
1130 1134 1133
1134 1130 1135
1130 1136 1135
1137 1135 1136
1135 1137 1138
1136 1130 1139
1140 1135 1138
1135 1140 1134
1141 1139 1130
1141 1130 1132
1142 1138 1137
1138 1142 1143
1138 1144 1140
1144 1138 1143
1145 1143 1142
1143 1145 1146
1146 1145 1147
1148 1146 1147
1148 1143 1146
1143 1148 1144
1149 1150 1151
1150 1149 1061
1151 1152 1149
1152 1151 1153
1067 1149 1152
1149 1067 1065
1065 1061 1149
1150 1154 1151
1151 1154 1155
1155 1153 1151
1153 1155 1156
1157 1156 1155
1156 1157 1158
1159 1158 1157
1158 1159 1160
1157 1161 1159
1161 1157 1162
1155 1162 1157
1162 1155 1154
1163 1159 1161
1159 1163 1164
1164 1160 1159
1163 1165 1164
1164 1165 1166
1160 1164 1166
1154 1167 1168
1167 1154 1169
1169 1170 1167
1170 1169 1171
1172 1168 1167
1168 1172 1173
1167 1174 1172
1174 1167 1170
1168 1173 1175
1171 1176 1170
1176 1171 1177
1178 1176 1177
1176 1178 1179
1180 1176 1179
1176 1180 1181
1181 1170 1176
1170 1181 1174
1060 1171 1169
1171 1060 1059
1059 1177 1171
1177 1059 1058
1182 1175 1173
1175 1182 1183
1184 1183 1182
1173 1185 1182
1185 1173 1172
1186 1172 1174
1172 1186 1187
1187 1185 1172
1174 1188 1186
1186 1188 1189
1190 1181 1180
1181 1190 1191
1174 1191 1188
1191 1174 1181
1192 1191 1190
1191 1192 1193
1188 1191 1193
1188 1193 1189
1182 1194 1184
1185 1194 1182
1185 1195 1194
1195 1196 1194
1196 1195 1197
1198 1194 1196
1194 1198 1184
1198 1199 1184
1196 1197 1200
1197 1201 1200
1201 1197 1202
1203 1200 1201
1200 1203 1204
1205 1204 1203
1204 1205 1206
1206 1207 1204
1207 1206 1208
1208 1209 1207
1209 1208 1210
1211 1207 1209
1207 1211 1212
1212 1204 1207
1204 1212 1200
1212 1211 1199
1212 1213 1200
1212 1199 1213
1211 1214 1199
1215 1208 1206
1208 1215 1216
1216 1210 1208
1215 1217 1216
1218 1217 1215
1206 1218 1215
1218 1206 1205
1216 1217 1219
1210 1216 1219
1214 1220 1184
1184 1220 1183
1199 1214 1184
1213 1196 1200
1154 1168 1221
1168 1175 1221
1150 1169 1154
1169 1150 1060
1060 1150 1061
938 1222 937
944 1222 938
1222 944 1223
1223 1224 1222
1037 1222 1224
1224 1225 1037
1226 1225 1224
1224 1223 1226
1225 1226 1011
1222 1037 1039
1222 1039 937
1011 1026 1225
1029 1225 1026
1225 1029 1035
1225 1035 1037
1227 1228 1229
1228 1227 1038
1227 1040 1038
1040 1227 1041
1227 1042 1041
1042 1227 1044
1038 1036 1228
1031 1228 1036
1228 1031 1033
1048 1227 1229
1227 1048 1044
1230 1048 1033
1033 1231 1230
1232 1230 1231
1230 1232 1233
1231 1033 1234
1235 1233 1232
1233 1235 1236
1050 1233 1236
1236 1052 1050
1052 1236 1056
1056 1236 1237
1235 1237 1236
1233 1050 1047
1047 1230 1233
1230 1047 1046
1048 1230 1046
1234 1238 1231
1238 1234 1239
1239 1240 1238
1240 1239 1241
1241 1242 1240
1242 1241 1243
1032 1239 1234
1239 1032 1244
1030 1244 1032
1244 1030 1245
1028 1245 1030
1245 1028 1246
1056 1237 1058
1058 1237 1247
1247 1177 1058
1177 1247 1178
1245 1248 1244
1248 1249 1244
1249 1250 1244
1250 1249 1251
1252 1250 1251
1250 1252 1253
1254 1249 1248
1250 1239 1244
1239 1250 1241
1253 1241 1250
1241 1253 1243
1255 1254 1248
1256 1255 1248
1257 1254 1255
1257 1258 1254
1259 1258 1257
1260 1259 1257
1260 1257 1255
1256 1260 1255
1256 1261 1260
1261 1256 1262
1262 1256 1245
1263 1260 1261
1260 1263 1264
1265 1264 1263
1266 1265 1263
1261 1266 1263
1266 1261 1267
1261 1268 1267
1268 1261 1262
1246 1268 1262
1246 1262 1245
1245 1256 1248
1246 1269 1268
1270 1268 1269
1268 1270 1271
1272 1271 1270
1271 1272 1273
1270 1274 1272
1274 1270 1275
1269 1275 1270
1275 1269 1276
1277 1276 1269
1278 1273 1272
1274 1278 1272
1277 1269 1279
1269 1246 1279
1027 1277 1279
1034 1277 1027
1028 1279 1246
1279 1028 1027
1034 1280 1277
1281 1280 1034
1281 1034 1014
1282 1277 1280
1277 1282 1283
1280 1284 1282
1284 1280 1285
1281 1285 1280
1286 1283 1282
1283 1286 1287
1286 1288 1287
1289 1288 1286
1282 1289 1286
1289 1282 1284
1034 1025 1014
1290 1281 1014
1291 1292 1293
1292 1291 1294
1293 1295 1291
1295 1293 1296
1292 1297 1293
1298 1296 1293
1293 1297 1298
1296 1298 1299
1300 1291 1295
1291 1300 1301
1302 1299 1298
1297 1302 1298
1294 1303 1292
1304 1292 1303
1292 1304 1305
1292 1305 1297
1306 1297 1305
1304 1306 1305
1303 1294 1307
1300 1308 1301
1308 1300 1309
1310 1307 1294
1291 1310 1294
1310 1291 1301
1307 1310 1311
1312 1301 1308
1310 1301 1312
1313 1308 1309
1313 1314 1308
1315 1316 1317
1316 1315 1318
1319 1317 1316
1317 1319 1320
1317 1321 1315
1321 1317 1322
1320 1322 1317
1322 1320 1323
1322 1324 1321
1324 1322 1325
1323 1325 1322
1325 1326 1324
1326 1325 1327
1325 1323 1327
1328 1329 1330
1331 1329 1328
1329 1331 1332
1331 1333 1332
1333 1331 1334
1329 1335 1330
1335 1235 1330
1232 1330 1235
1235 1335 1237
1336 1330 1232
1330 1336 1328
1337 1336 1232
1231 1337 1232
1338 1336 1337
1338 1339 1336
1328 1339 1331
1339 1328 1336
1339 1338 1340
1341 1331 1339
1331 1341 1334
1342 1339 1340
1339 1342 1341
1334 1343 1333
1343 1334 1344
1344 1345 1343
1345 1344 1346
1346 1347 1345
1344 1348 1346
1347 1346 1348
1349 1347 1348
1350 1349 1348
1348 1344 1350
1342 1350 1341
1349 1350 1351
1342 1351 1350
1350 1334 1341
1334 1350 1344
1352 1353 1354
1353 1355 1354
1355 1356 1354
1357 1356 1355
1356 1357 1358
1357 1359 1358
1359 1360 1358
1359 1361 1360
1362 1363 1364
1363 1362 1365
1366 1364 1363
1367 1366 1363
1365 1367 1363
1367 1365 1368
1242 1365 1362
1365 1242 1243
1365 1243 1253
1253 1368 1365
1368 1253 1252
1033 1032 1234
1193 1369 1370
1369 1193 1192
1371 1370 1369
1370 1371 1372
1373 1372 1371
1372 1373 1374
1201 1370 1372
1370 1201 1202
1189 1370 1202
1193 1370 1189
1189 1202 1375
1202 1197 1375
1197 1195 1375
1201 1372 1203
1372 1374 1203
1375 1195 1376
1195 1185 1376
1377 1378 1379
1378 1377 1380
1381 1380 1377
1380 1381 1382
1383 1381 1377
1379 1383 1377
1381 1383 1384
1385 1384 1383
1386 1385 1383
1383 1379 1386
1385 1386 1387
1387 1388 1385
1384 1385 1389
1388 1389 1385
1390 1391 1392
1393 1391 1390
1394 1393 1390
1395 1393 1394
1393 1395 1396
1397 1396 1395
1396 1397 1398
1397 1399 1398
1399 1397 1400
1401 1399 1400
980 981 1402
1403 980 1402
1402 1404 1403
1404 1402 1004
1004 1405 1404
1405 1004 1003
980 1403 1406
1406 979 980
979 1406 1407
962 979 1407
979 962 977
1408 1404 1405
1404 1408 1409
1409 1403 1404
1403 1409 1410
1410 1406 1403
1406 1410 1411
1411 1407 1406
1407 1411 945
962 1407 950
1407 945 950
962 963 977
1004 1402 990
981 990 1402
998 1004 990
928 916 1077
955 928 1077
1078 955 1077
958 955 1078
1412 1413 1414
1415 1414 1413
1414 1415 1416
1415 1417 1416
1417 1415 1418
1418 1419 1417
1419 1418 1420
1420 1421 1419
1421 1420 1422
1413 1423 1415
1423 1413 1424
1424 1413 1412
1415 1425 1418
1425 1415 1423
1418 1426 1420
1426 1418 1425
1426 1422 1420
1422 1426 1427
933 1043 924
1428 1429 1430
1429 1431 1430
1432 1430 1431
1430 1432 1433
1430 1434 1428
1434 1430 1433
1435 1436 1437
1436 1435 1438
1437 1439 1435
1439 1437 1440
1441 1439 1440
1438 1442 1436
1442 1438 1443
1443 1444 1442
1444 1443 1445
1446 1444 1445
1444 1446 1447
1447 1448 1444
1442 1444 1448
1442 1448 1449
1450 1442 1449
1436 1442 1450
1437 1436 1450
1448 1447 1451
1452 1443 1438
1438 1453 1452
1453 1438 1435
1454 1435 1439
1435 1454 1453
1454 1439 1441
1449 1448 1455
1456 1455 1448
1457 1456 1448
1457 1448 1451
1458 1457 1451
1458 1459 1457
1457 1460 1456
1460 1457 1459
1461 1456 1460
1460 1462 1461
1462 1463 1461
1464 1463 1462
1465 1464 1462
1462 1460 1465
1459 1465 1460
1464 1465 1466
1467 1466 1465
1465 1459 1467
1458 1467 1459
1466 1467 1468
1469 1466 1468
1466 1469 1470
1466 1470 1464
1470 1469 1471
1472 1470 1471
1471 1473 1472
1473 1471 1474
1471 1469 1474
1475 1473 1474
1475 1476 1473
1470 1472 1477
1478 1475 1474
1469 1478 1474
1479 1478 1469
1479 1469 1480
1469 1468 1480
1479 1480 1481
1481 1468 1467
1468 1481 1480
1458 1479 1481
1458 1481 1467
1477 1482 1470
1483 1475 1478
1479 1483 1478
1483 1479 1484
1483 1485 1475
1486 1485 1483
1487 1486 1483
1484 1487 1483
1488 1487 1484
1489 1487 1488
1487 1489 1490
1486 1487 1490
1489 1488 1491
1491 1492 1489
1491 1493 1492
1493 1494 1492
1495 1492 1494
1494 1496 1495
1497 1495 1496
1495 1497 1498
1496 1494 1499
1494 1500 1499
1500 1494 1501
1494 1493 1501
1501 1502 1500
1503 1500 1502
1500 1503 1504
1502 1501 1505
1505 1501 1493
1492 1495 1506
1507 1495 1498
1495 1507 1506
1508 1507 1498
1507 1508 1509
1510 1509 1508
1509 1510 1511
1512 1511 1510
1511 1512 1513
1513 1514 1511
1511 1514 1515
1511 1515 1509
1514 1513 1516
1516 1517 1514
1515 1514 1517
1517 1516 1518
1508 1519 1510
1519 1508 1520
1520 1521 1519
1521 1520 1522
1497 1522 1520
1522 1497 1523
1524 1522 1523
1524 1525 1522
1525 1521 1522
1524 1523 1526
1526 1527 1524
1528 1524 1527
1527 1526 1529
1530 1527 1529
1527 1530 1531
1529 1532 1530
1533 1530 1532
1532 1534 1533
1534 1532 1535
1534 1535 1536
1530 1533 1537
1537 1531 1530
1538 1535 1532
1532 1529 1538
1535 1538 1539
1531 1537 1540
1540 1541 1531
1541 1540 1542
1542 1543 1541
1543 1542 1544
1544 1545 1543
1546 1541 1543
1541 1546 1547
1547 1531 1541
1531 1547 1527
1548 1539 1538
1539 1548 1504
1504 1548 1549
1526 1549 1548
1549 1526 1550
1548 1529 1526
1529 1548 1538
1545 1551 1543
1543 1551 1546
1545 1552 1551
1553 1551 1552
1551 1553 1554
1546 1551 1554
1546 1554 1555
1555 1547 1546
1556 1554 1553
1554 1556 1555
1555 1556 1557
1549 1500 1504
1500 1549 1499
1550 1499 1549
1499 1550 1496
1523 1496 1550
1523 1550 1526
1496 1523 1497
1555 1557 1547
1557 1528 1547
1558 1528 1557
1528 1558 1559
1557 1560 1558
1560 1557 1561
1561 1562 1560
1562 1561 1563
1563 1564 1562
1564 1563 1565
1565 1566 1564
1558 1567 1559
1567 1558 1568
1560 1568 1558
1569 1562 1564
1566 1569 1564
1562 1569 1570
1570 1560 1562
1568 1560 1571
1560 1570 1571
1528 1527 1547
1572 1559 1567
1559 1572 1524
1572 1525 1524
1525 1572 1573
1573 1574 1525
1525 1574 1521
1575 1521 1574
1521 1575 1576
1576 1519 1521
1519 1576 1577
1577 1576 1578
1579 1576 1575
1580 1576 1579
1576 1581 1578
1582 1578 1581
1578 1582 1583
1584 1578 1583
1584 1583 1585
1583 1582 1586
1583 1586 1587
1583 1587 1585
1585 1588 1584
1587 1589 1585
1589 1588 1585
1588 1590 1584
1591 1584 1590
1592 1590 1588
1590 1592 1593
1594 1584 1591
1595 1594 1591
1512 1594 1595
1594 1512 1577
1513 1512 1595
1510 1577 1512
1577 1510 1519
1577 1578 1594
1513 1595 1596
1584 1594 1578
1596 1516 1513
1516 1596 1597
1597 1518 1516
1518 1597 1598
1599 1598 1597
1598 1599 1600
1600 1599 1601
1597 1602 1599
1602 1597 1596
1596 1603 1602
1603 1596 1595
1602 1603 1604
1599 1602 1605
1595 1591 1603
1603 1591 1590
1606 1590 1593
1452 1607 1608
1607 1452 1609
1609 1610 1607
1610 1609 1611
1608 1612 1452
1612 1608 1613
1613 1614 1612
1615 1607 1610
1607 1615 1616
1607 1617 1608
1617 1607 1616
1608 1618 1613
1618 1608 1617
1613 1619 1614
1619 1613 1618
1620 1614 1619
1620 1621 1614
1620 1622 1621
1622 1620 1623
1624 1622 1623
1622 1624 1625
1625 1626 1622
1622 1626 1627
1621 1622 1627
1626 1625 1628
1629 1628 1625
1629 1625 1630
1625 1624 1630
1628 1629 1631
1628 1631 1632
1633 1632 1631
1632 1633 1634
1635 1634 1633
1634 1635 1636
1637 1636 1635
1636 1637 1638
1638 1637 1639
1631 1640 1633
1640 1631 1629
1641 1640 1629
1641 1629 1630
1640 1641 1642
1643 1640 1642
1640 1643 1644
1633 1644 1635
1644 1633 1640
1645 1644 1643
1644 1645 1646
1635 1646 1637
1646 1635 1644
1639 1637 1646
1647 1646 1645
1646 1647 1648
1639 1646 1648
1649 1648 1647
1648 1649 1650
1639 1648 1650
1651 1650 1649
1650 1651 1652
1653 1639 1650
1650 1654 1653
1654 1650 1652
1655 1654 1652
1652 1651 1655
1651 1656 1655
1656 1657 1655
1658 1657 1656
1657 1658 1659
1660 1657 1659
1655 1657 1660
1660 1659 1661
1659 1662 1661
1662 1663 1661
1663 1662 1664
1534 1663 1664
1664 1533 1534
1533 1664 1665
1662 1665 1664
1665 1537 1533
1537 1665 1666
1667 1537 1666
1537 1667 1540
1663 1534 1668
1668 1669 1663
1670 1540 1667
1540 1670 1542
1671 1542 1670
1672 1671 1670
1671 1672 1673
1542 1671 1544
1674 1544 1671
1544 1674 1545
1675 1545 1674
1675 1676 1545
1677 1670 1667
1670 1677 1672
1667 1678 1677
1678 1667 1666
1666 1679 1678
1679 1666 1665
1665 1662 1679
1680 1673 1672
1681 1673 1680
1682 1672 1677
1672 1682 1683
1677 1684 1682
1684 1677 1678
1678 1685 1684
1685 1678 1679
1679 1686 1685
1686 1679 1662
1687 1685 1686
1685 1687 1688
1659 1687 1686
1662 1659 1686
1689 1684 1685
1682 1684 1689
1690 1689 1685
1690 1685 1688
1691 1690 1688
1691 1692 1690
1688 1693 1691
1693 1688 1687
1658 1693 1687
1659 1658 1687
1682 1689 1694
1695 1682 1694
1692 1695 1694
1695 1696 1682
1696 1683 1682
1696 1697 1683
1697 1698 1683
1698 1697 1699
1700 1698 1699
1698 1700 1701
1700 1702 1701
1700 1703 1702
1703 1704 1702
1704 1705 1702
1702 1705 1701
1706 1705 1704
1705 1706 1707
1708 1707 1706
1707 1708 1709
1710 1709 1708
1707 1711 1705
1711 1707 1712
1712 1713 1711
1714 1713 1712
1713 1714 1715
1716 1715 1714
1715 1716 1717
1718 1717 1716
1714 1719 1716
1719 1718 1716
1719 1714 1720
1712 1720 1714
1720 1712 1707
1721 1710 1708
1706 1721 1708
1721 1706 1722
1713 1723 1711
1724 1723 1713
1725 1724 1713
1724 1725 1726
1726 1727 1724
1727 1726 1728
1727 1728 1729
1723 1724 1730
1723 1730 1731
1730 1732 1731
1731 1732 1673
1724 1675 1730
1675 1724 1727
1729 1675 1727
1675 1729 1676
1733 1726 1725
1726 1733 1734
1734 1728 1726
1735 1734 1733
1734 1735 1736
1736 1737 1734
1728 1734 1737
1737 1736 1738
1739 1738 1736
1735 1739 1736
1732 1671 1673
1671 1732 1674
1674 1730 1675
1730 1674 1732
1681 1731 1673
1711 1731 1681
1711 1723 1731
1681 1705 1711
1705 1681 1701
1680 1701 1681
1701 1680 1698
1698 1680 1683
1680 1672 1683
1612 1740 1445
1627 1445 1740
1627 1446 1445
1612 1445 1443
1452 1612 1443
1621 1627 1740
1614 1621 1740
1612 1614 1740
1741 1669 1742
1669 1741 1743
1744 1669 1743
1669 1744 1663
1744 1661 1663
1661 1744 1745
1660 1661 1745
1742 1746 1503
1746 1539 1503
1539 1746 1535
1742 1503 1502
1742 1502 1747
1505 1747 1502
1539 1504 1503
1746 1536 1535
1515 1748 1490
1515 1490 1509
1748 1486 1490
1486 1748 1749
1749 1485 1486
1485 1749 1750
1750 1475 1485
1475 1750 1476
1509 1490 1507
1490 1506 1507
1489 1506 1490
1492 1506 1489
1515 1517 1751
1552 1545 1752
1676 1752 1545
1580 1753 1754
1755 1754 1753
1754 1755 1756
1757 1756 1755
1758 1757 1755
1753 1758 1755
1758 1753 1759
1579 1759 1753
1580 1579 1753
1498 1520 1508
1520 1498 1497
1704 1722 1706
1722 1704 1760
1704 1703 1760
1556 1761 1557
1762 1763 1764
1762 1765 1763
1765 1766 1763
1763 1766 1764
1766 1765 1767
1768 1767 1765
1767 1768 1769
1770 1769 1768
1769 1770 1771
1770 1772 1771
1772 1770 1773
1770 1774 1773
1774 1770 1775
1776 1770 1768
1770 1776 1775
1777 1768 1765
1768 1777 1776
1765 1762 1777
1774 1778 1773
1778 1774 1779
1773 1780 1772
1780 1773 1778
1781 1782 1783
1782 1781 1784
1785 1784 1781
1784 1785 1786
1787 1786 1785
1786 1787 1788
1789 1783 1782
1783 1789 1790
1791 1788 1787
1788 1791 1792
1793 1792 1791
1792 1793 1794
1795 1794 1793
1794 1795 1796
1797 1796 1795
1796 1797 1798
1799 1798 1797
1798 1799 1800
1801 1790 1789
1788 1802 1786
1803 1786 1802
1802 1804 1803
1805 1803 1804
1803 1805 1806
1807 1806 1805
1806 1807 1808
1804 1802 1809
1801 1808 1810
1811 1810 1808
1807 1811 1808
1812 1810 1811
1810 1812 1813
1813 1801 1810
1814 1813 1812
1813 1814 1815
1816 1801 1813
1801 1816 1817
1817 1818 1801
1819 1817 1816
1817 1819 1820
1821 1817 1820
1817 1821 1818
1822 1821 1820
1819 1822 1820
1823 1815 1814
1824 1823 1814
1812 1824 1814
1824 1812 1825
1811 1825 1812
1825 1811 1826
1801 1818 1790
1807 1826 1811
1801 1789 1808
1782 1808 1789
1808 1782 1806
1784 1806 1782
1806 1784 1803
1786 1803 1784
1802 1788 1827
1792 1827 1788
1827 1792 1828
1794 1828 1792
1828 1794 1829
1796 1829 1794
1829 1796 1830
1796 1831 1830
1831 1796 1798
1827 1809 1802
1809 1827 1832
1828 1832 1827
1832 1828 1833
1828 1834 1833
1834 1828 1829
1829 1835 1834
1835 1829 1830
1830 1836 1835
1836 1830 1831
1831 1837 1836
1837 1831 1838
1800 1831 1798
1831 1800 1838
1839 1838 1800
1800 1840 1839
1840 1800 1799
1838 1839 1841
1841 1837 1838
1841 1839 1842
1837 1841 1843
1842 1843 1841
1843 1842 1844
1620 1619 1845
1623 1620 1845
1623 1845 1846
1847 1623 1846
1623 1847 1624
1848 1624 1847
1624 1848 1630
1641 1630 1848
1641 1848 1849
1642 1641 1849
1642 1849 1850
1643 1642 1850
1643 1850 1851
1645 1643 1851
1645 1851 1852
1647 1645 1852
1647 1852 1853
1649 1647 1853
1854 1649 1853
1649 1854 1651
1854 1656 1651
1656 1854 1855
1656 1855 1658
1855 1856 1658
1658 1856 1693
1693 1856 1857
1693 1857 1691
1691 1857 1858
1691 1858 1692
1692 1858 1859
1692 1859 1695
1695 1859 1860
1695 1860 1696
1696 1860 1697
1559 1524 1528
1861 1862 1863
1862 1861 1864
1610 1864 1861
1863 1610 1861
1864 1610 1611
1610 1863 1615
1865 1866 1867
1868 1866 1865
1868 1869 1866
1870 1869 1868
1869 1870 1871
1872 1871 1870
1871 1872 1873
1874 1873 1872
1869 1875 1866
1875 1876 1866
1876 1875 1877
1878 1876 1877
1879 1880 1881
1880 1879 1882
1882 1883 1880
1884 1880 1883
1880 1884 1885
1886 1880 1885
1883 1882 1887
1888 1884 1883
1887 1888 1883
1884 1888 1889
1888 1890 1889
1890 1888 1891
1888 1887 1891
1880 1892 1881
1880 1893 1892
1893 1880 1894
1895 1879 1881
1879 1895 1896
1897 1896 1895
1896 1897 1898
1897 1899 1898
1899 1897 1900
1894 1901 1893
1901 1894 1902
1902 1903 1901
1903 1902 1904
1893 1905 1892
1905 1893 1906
1907 1901 1903
1903 1908 1907
1908 1903 1909
1901 1907 1910
1893 1910 1906
1910 1893 1901
1909 1911 1908
1911 1909 1912
1913 1911 1912
1911 1913 1914
1913 1915 1914
1915 1913 1916
1916 1917 1915
1917 1916 1918
1919 1907 1908
1907 1919 1920
1921 1911 1914
1911 1921 1922
1908 1922 1919
1922 1908 1911
1923 1915 1917
1915 1923 1924
1914 1924 1921
1924 1914 1915
1917 1925 1923
1925 1917 1926
1927 1926 1917
1928 1927 1917
1928 1917 1918
1929 1927 1928
1927 1930 1926
1930 1925 1926
1931 1907 1920
1907 1931 1910
1932 1910 1931
1910 1932 1906
1933 1906 1932
1906 1933 1905
1934 1905 1933
1905 1934 1935
1935 1892 1905
1892 1935 1936
1936 1881 1892
1935 1934 1937
1938 1935 1937
1938 1936 1935
1939 1938 1937
1938 1940 1936
1940 1895 1936
1936 1895 1881
1941 1938 1939
1938 1942 1940
1938 1943 1942
1943 1938 1944
1944 1945 1943
1945 1944 1946
1947 1946 1944
1947 1944 1938
1948 1947 1938
1949 1948 1938
1949 1938 1941
1950 1948 1949
1948 1950 1951
1951 1952 1948
1948 1952 1947
1952 1951 1953
1954 1953 1951
1950 1954 1951
1953 1954 1955
1954 1950 1956
1946 1947 1957
1958 1957 1947
1957 1958 1959
1958 1960 1959
1960 1958 1961
1962 1946 1957
1957 1963 1962
1963 1957 1964
1964 1965 1963
1965 1964 1966
1967 1965 1966
1968 1962 1963
1962 1968 1969
1965 1970 1963
1965 1971 1970
1971 1965 1972
1973 1971 1972
1968 1974 1969
1968 1975 1974
1975 1968 1976
1976 1977 1975
1977 1976 1978
1979 1977 1978
1980 1970 1971
1973 1980 1971
1970 1980 1981
1963 1981 1968
1981 1963 1970
1982 1969 1974
1969 1982 1983
1974 1984 1982
1984 1974 1975
1975 1985 1984
1985 1975 1977
1979 1985 1977
1986 1969 1983
1969 1986 1987
1987 1962 1969
1962 1987 1946
1987 1945 1946
1945 1987 1988
1986 1988 1987
1988 1986 1989
1988 1990 1945
1990 1943 1945
1943 1990 1991
1991 1942 1943
1942 1991 1992
1990 1988 1993
1989 1993 1988
1993 1989 1994
1995 1989 1986
1989 1995 1996
1997 1996 1995
1996 1997 1998
1995 1999 1997
1999 1995 2000
2000 2001 1999
2001 2000 2002
2002 2003 2001
2003 2002 2004
2005 2003 2004
2006 1996 1998
2007 1994 2006
2006 2008 2007
2008 2006 2009
2010 2008 2009
2011 2010 2009
2009 2006 2011
2006 1998 2011
2010 2011 2012
2013 2012 2011
2011 1998 2013
2012 2013 2014
2008 2010 2015
2015 2016 2008
2016 2007 2008
2016 2015 2017
2005 2004 2018
2004 2019 2018
2019 2004 2002
2002 1983 2019
1983 2002 2000
2000 1995 1983
2020 2014 2013
2013 2021 2020
2022 2020 2021
2020 2022 2023
2024 2023 2022
2023 2024 2025
2026 2025 2024
2025 2026 2027
2028 2027 2026
2027 2028 2029
2029 2028 2030
2023 2031 2020
2014 2020 2031
2031 2023 2032
2025 2032 2023
2032 2025 2033
2027 2033 2025
2033 2027 2034
2029 2034 2027
2034 2029 2035
2035 2029 2030
2021 2036 2037
2036 2038 2037
2037 2038 2039
2038 2036 2040
2013 2040 2036
2013 2036 2021
2040 2013 2041
1998 2041 2013
2042 2043 2044
2043 2042 2045
2046 2044 2043
2044 2046 2047
2043 2048 2046
2048 2043 2049
2045 2049 2043
2048 2049 2050
2050 2049 2051
2049 2045 2051
2042 2044 2052
2044 2053 2052
2053 2054 2052
2054 2053 2055
2054 2055 1904
2055 1903 1904
2056 2057 2058
2059 2056 2058
2056 2059 2060
2061 2059 2058
2057 2061 2058
2059 2061 2062
2063 2064 2065
2065 2064 2066
2067 2064 2063
2064 2067 2068
2064 2068 2069
2064 2069 2066
2067 2070 2068
2068 2070 2069
2066 2071 2065
2071 2066 2072
2072 2073 2071
2074 2063 2065
2074 2065 2075
2076 2074 2075
2077 2078 2079
2078 2077 2080
2081 2079 2078
2081 2078 2082
2083 2078 2080
2078 2083 2082
2077 1954 2080
1954 2077 1955
1956 2080 1954
2080 1956 2083
2084 2085 2086
2085 2084 2087
2084 2086 2088
2087 1961 2085
1961 2087 1960
1940 2089 1897
1940 1897 1895
1942 2089 1940
1992 2089 1942
2089 1992 2090
2090 1900 2089
2089 1900 1897
1900 2090 2091
2092 1900 2091
1900 2092 1899
2092 2091 2093
1989 2006 1994
2006 1989 1996
2094 2095 2096
2095 2094 2097
2098 2095 2097
2096 2099 2094
2099 2096 2100
2099 2100 2101
2102 2098 2097
2097 2103 2102
2103 2097 2094
2094 2104 2103
2104 2094 2099
2104 2099 2101
2105 2104 2101
2100 2106 2101
2107 2108 2109
2109 2110 2107
2110 2109 2111
2111 2112 2110
2112 2111 2113
2112 2113 2114
2113 2115 2114
2116 2114 2115
2117 2112 2114
2117 2114 2118
2119 2117 2118
2120 2119 2118
2121 2122 2123
2124 2123 2122
2123 2124 2125
2125 2126 2123
2121 2123 2126
2126 2125 2127
2128 2127 2125
2124 2128 2125
2127 2128 2129
2130 2129 2128
2129 2130 2131
2130 2132 2131
2132 2130 2133
2132 2133 2134
2130 2135 2133
2133 2135 2136
2135 2130 2137
2130 2138 2137
2138 2130 2128
2128 2124 2138
1995 1986 1983
2139 2140 2141
2142 2139 2141
2139 2142 2143
2143 2144 2139
2139 2144 2145
2144 2143 2146
2147 2146 2143
2146 2147 2148
2147 2149 2148
2149 2147 2150
2150 2143 2142
2143 2150 2147
2151 2152 2153
2154 2155 2156
2154 2157 2155
2155 2158 2156
2158 2155 2159
2155 2160 2159
2155 2157 2160
2161 2160 2157
2160 2161 2162
2163 2156 2158
2156 2163 2164
2164 2165 2156
2165 2154 2156
2165 2164 2166
2167 2166 2164
2167 2164 2163
2162 2168 2160
2168 2159 2160
2168 2169 2159
2168 2170 2169
2171 2169 2170
2169 2171 2172
2173 2172 2171
2172 2173 2174
2170 2168 2175
2176 2175 2168
2168 2162 2176
2175 2176 2177
2178 2176 2162
2177 2176 2178
2179 2172 2174
2172 2179 2180
2180 2169 2172
2169 2180 2159
2178 2162 2181
2162 2182 2181
2182 2162 2161
2183 2181 2182
2181 2183 2184
2183 2185 2184
2183 2186 2185
2186 2183 2187
2187 2183 2188
2189 2182 2161
2189 2190 2182
2190 2191 2182
2191 2192 2182
2192 2193 2182
2193 2183 2182
2183 2193 2194
2183 2194 2188
2195 2196 2186
2197 2198 2196
2198 2197 2199
2200 2199 2197
2199 2200 2201
2200 2202 2201
2202 2200 2203
2204 2199 2201
2204 2201 2205
2201 2202 2205
2199 2204 2206
2207 2199 2206
2207 2198 2199
2207 2208 2198
2208 2207 2209
2207 2210 2209
2211 2209 2210
2212 2209 2211
2212 2213 2209
2214 2213 2212
2215 2213 2214
2216 2215 2214
2217 2215 2216
2218 2217 2216
2217 2218 2219
2219 2220 2217
2221 2217 2220
2220 2219 2222
2223 2220 2222
2222 2224 2223
2224 2222 2225
2225 2226 2224
2226 2225 2227
2226 2227 2228
2220 2223 2229
2227 2230 2228
2227 2231 2230
2231 2227 2225
2222 2231 2225
2222 2219 2231
2232 2231 2219
2232 2233 2231
2233 2232 2234
2235 2234 2232
2234 2235 2236
2236 2237 2234
2237 2236 2238
2239 2237 2238
2234 2240 2233
2240 2234 2237
2239 2240 2237
2241 2235 2232
2232 2219 2241
2219 2218 2241
2242 2241 2218
2241 2242 2243
2235 2241 2243
2243 2244 2235
2244 2243 2245
2242 2245 2243
2245 2242 2246
2245 2247 2244
2247 2245 2248
2246 2248 2245
2248 2249 2247
2249 2248 2250
2248 2251 2250
2251 2248 2252
2248 2246 2252
2250 2253 2249
2251 2253 2250
2254 2210 2255
2210 2254 2256
2255 2257 2254
2257 2255 2258
2259 2257 2258
2257 2259 2260
2260 2259 2261
2210 2262 2255
2262 2210 2263
2258 2264 2259
2259 2264 2261
2264 2258 2265
2265 2255 2262
2255 2265 2258
2266 2263 2210
2207 2266 2210
2267 2205 2268
2205 2267 2269
2267 2268 2270
2267 2270 2271
2270 2272 2271
2272 2270 2273
2272 2273 2274
2204 2205 2269
2205 2202 2275
2202 2276 2275
2277 2276 2202
2276 2277 2278
2278 2279 2276
2278 2280 2279
2280 2281 2279
2281 2280 2282
2282 2280 2283
2283 2280 2284
2280 2285 2284
2280 2278 2285
2284 2285 2286
2277 2287 2278
2287 2288 2278
2287 2277 2289
2203 2289 2277
2290 2279 2281
2279 2290 2276
2275 2276 2290
2288 2291 2292
2203 2277 2202
2293 2294 2295
2294 2296 2295
2296 2294 2297
2220 2298 2221
2298 2220 2229
2299 2221 2298
2221 2299 2300
2301 2300 2299
2300 2301 2302
2303 2302 2301
2304 2221 2300
2302 2304 2300
2221 2304 2217
2215 2217 2304
2305 2215 2304
2304 2302 2305
2215 2305 2213
2306 2307 2308
2306 2308 2309
2310 2308 2307
2308 2310 2311
2306 2312 2307
2313 2311 2310
2311 2313 2314
2315 2314 2313
2314 2315 2316
2315 2317 2316
2317 2315 2318
2318 2319 2317
2320 2321 2322
2321 2320 2323
2324 2323 2320
2323 2324 2325
2326 2325 2324
2325 2326 2327
2328 2327 2326
2327 2328 2329
2330 2329 2328
2329 2330 2331
2330 2332 2331
2332 2330 2333
2333 2334 2332
2334 2333 2335
2336 2334 2335
2334 2336 2337
2336 2338 2337
2339 2338 2336
2338 2339 2340
2341 2340 2339
2342 2341 2339
2340 2341 2343
2344 2345 2346
2346 2347 2344
2347 2346 2348
2349 2347 2348
2350 2347 2349
2348 2351 2349
2351 2348 2352
2348 2353 2352
2353 2348 2346
2345 2353 2346
2349 2351 2354
2351 2355 2354
2356 2354 2355
2354 2356 2357
2358 2356 2355
2351 2358 2355
2356 2358 2359
2360 2359 2358
2361 2360 2358
2358 2351 2361
2362 2349 2354
2350 2349 2363
2349 2362 2363
2350 2363 2364
2364 2363 2365
2362 2354 2366
2354 2357 2366
2357 2367 2366
2368 2369 2370
2368 2370 2371
2372 2368 2371
2373 2372 2371
2372 2373 2374
2375 2374 2373
2374 2375 2376
2377 2376 2375
2376 2377 2378
2378 2377 2379
2380 2378 2379
2380 2379 2381
2382 2380 2381
2382 2381 2383
2384 2382 2383
2384 2383 2385
2386 2387 2388
2389 2387 2386
2388 2174 2386
2174 2389 2386
2174 2388 2179
2389 2174 2173
2390 2321 2391
2321 2390 2322
2392 2393 2394
2393 2392 2395
2396 2393 2395
2397 2392 2394
2392 2397 2398
2399 2398 2397
2398 2399 2400
2399 2401 2400
2401 2399 2402
2402 2403 2401
2403 2402 2404
2405 2406 2403
2407 2408 2409
2410 2409 2408
2411 2410 2408
2410 2411 2412
2411 2413 2412
2413 2411 2414
2414 2415 2413
2415 2414 2416
2416 2414 2417
2414 2418 2417
2418 2411 2408
2414 2411 2418
2407 2418 2408
2419 2415 2416
2415 2419 2420
2421 2420 2419
2420 2421 2422
2419 2416 2423
2416 2417 2423
2417 2418 2423
2423 2421 2419
2409 2410 2424
2424 2425 2409
2425 2424 2426
2409 2425 2427
2427 2425 2428
2426 2428 2425
2428 2426 2429
2429 2430 2428
2430 2429 2431
2428 2430 2432
2433 2430 2431
2430 2433 2432
2434 2432 2433
2432 2434 2435
2432 2435 2428
2435 2427 2428
2436 2435 2434
2435 2436 2437
2438 2437 2436
2437 2438 2439
2439 2440 2437
2427 2435 2407
2440 2407 2437
2435 2437 2407
2407 2440 2441
2438 2442 2439
2439 2442 2443
2439 2443 2440
2444 2443 2442
2443 2444 2445
2446 2440 2443
2446 2441 2440
2443 2445 2446
2446 2445 2447
2446 2448 2441
2448 2446 2447
2442 2438 2449
2450 2448 2447
2449 2451 2442
2451 2444 2442
2452 2444 2451
2451 2449 2453
2453 2454 2451
2454 2452 2451
2455 2452 2454
2454 2453 2456
2457 2454 2456
2454 2457 2458
2458 2455 2454
2458 2459 2455
2460 2455 2459
2461 2460 2459
2461 2462 2460
2463 2455 2460
2463 2452 2455
2463 2464 2452
2465 2463 2460
2462 2465 2460
2464 2463 2465
2466 2464 2465
2467 2458 2457
2458 2467 2468
2458 2468 2459
2465 2462 2469
2462 2470 2469
2462 2471 2470
2471 2462 2472
2472 2462 2461
2472 2461 2473
2471 2474 2470
2474 2469 2470
2474 2471 2475
2469 2474 2476
2476 2477 2469
2465 2469 2477
2466 2465 2477
2466 2477 2478
2477 2479 2478
2479 2477 2480
2477 2476 2480
2481 2468 2467
2468 2481 2482
2468 2482 2459
2482 2483 2459
2482 2484 2483
2473 2483 2485
2484 2485 2483
2484 2486 2485
2483 2461 2459
2473 2461 2483
2487 2478 2479
2478 2487 2450
2422 2450 2487
2450 2422 2421
2450 2421 2448
2423 2448 2421
2448 2423 2441
2418 2441 2423
2407 2441 2418
2427 2407 2409
2478 2450 2447
2478 2447 2466
2466 2447 2445
2464 2466 2445
2464 2445 2444
2464 2444 2452
2488 2489 2490
2489 2488 2491
2492 2489 2491
2489 2492 2493
2489 2494 2490
2494 2489 2495
2489 2496 2495
2496 2489 2493
2497 2498 2499
2498 2497 2500
2497 2501 2500
2501 2497 2502
2503 2498 2500
2498 2503 2504
2500 2505 2503
2505 2500 2501
2506 2507 2508
2507 2506 2509
2509 2510 2507
2510 2509 2511
2511 2512 2510
2512 2511 2513
2514 2512 2513
2512 2514 2515
2516 2515 2514
2515 2516 2517
2516 2518 2517
2518 2516 2519
2519 2520 2518
2520 2519 2521
2521 2522 2520
2522 2521 2523
2524 2522 2523
2522 2524 2525
2526 2525 2524
2525 2526 2527
2527 2528 2525
2529 2528 2527
2528 2530 2525
2531 2527 2526
2527 2531 2532
2529 2527 2532
2529 2532 2533
2534 2532 2531
2532 2534 2535
2535 2533 2532
2536 2535 2534
2535 2536 2537
2535 2537 2533
2537 2538 2533
2508 2530 2528
2528 2539 2508
2528 2540 2539
2529 2540 2528
2529 2541 2540
2541 2529 2533
2533 2542 2541
2542 2533 2538
2539 2543 2508
2539 2544 2543
2545 2542 2538
2545 2537 2536
2537 2545 2538
2542 2545 2546
2546 2547 2542
2541 2542 2547
2548 2541 2547
2541 2548 2540
2549 2540 2548
2539 2549 2544
2549 2539 2540
2550 2544 2549
2550 2549 2551
2551 2549 2548
2551 2548 2552
2552 2548 2547
2550 2551 2553
2553 2551 2554
2551 2552 2554
2553 2554 2555
2554 2556 2555
2556 2554 2557
2558 2554 2552
2554 2558 2557
2559 2552 2547
2552 2559 2558
2547 2546 2559
2560 2555 2556
2555 2560 2561
2562 2555 2561
2561 2563 2562
2562 2564 2555
2564 2553 2555
2565 2553 2564
2550 2553 2565
2550 2565 2566
2562 2567 2564
2567 2565 2564
2567 2568 2565
2565 2568 2566
2569 2568 2567
2570 2569 2567
2570 2567 2562
2571 2570 2562
2563 2571 2562
2572 2570 2571
2571 2573 2572
2573 2571 2563
2574 2572 2573
2572 2574 2575
2574 2576 2575
2577 2575 2576
2576 2574 2578
2577 2579 2575
2575 2579 2572
2572 2579 2570
2570 2579 2569
2579 2577 2580
2569 2579 2580
2544 2550 2566
2581 2582 2583
2581 2584 2582
2584 2585 2582
2586 2582 2585
2582 2586 2587
2582 2587 2583
2587 2588 2583
2587 2586 2589
2587 2590 2588
2587 2589 2590
2590 2591 2588
2592 2588 2591
2588 2592 2593
2588 2593 2583
2592 2594 2593
2594 2592 2595
2591 2590 2596
2590 2589 2596
2595 2597 2594
2597 2595 2598
2598 2599 2597
2599 2598 2600
2600 2601 2599
2601 2600 2602
2598 2603 2600
2603 2598 2604
2595 2604 2598
2605 2597 2599
2591 2606 2592
2606 2591 2607
2592 2608 2595
2604 2595 2608
2608 2592 2606
2596 2607 2591
2607 2596 2609
2596 2610 2609
2611 2600 2603
2600 2611 2602
2612 2599 2601
2605 2599 2612
2612 2613 2605
2613 2612 2614
2615 2614 2612
2614 2615 2616
2617 2616 2615
2616 2617 2618
2619 2618 2617
2618 2619 2620
2617 2621 2619
2619 2621 2622
2621 2617 2623
2617 2615 2623
2623 2615 2601
2615 2612 2601
2622 2602 2611
2602 2622 2621
2602 2623 2601
2623 2602 2621
2614 2624 2613
2625 2613 2624
2626 2625 2624
2627 2613 2625
2613 2627 2605
2628 2605 2627
2627 2629 2628
2627 2630 2629
2625 2630 2627
2629 2630 2581
2629 2581 2631
2628 2629 2631
2628 2631 2594
2630 2625 2632
2632 2625 2626
2633 2630 2632
2630 2633 2584
2630 2584 2581
2585 2584 2633
2626 2634 2632
2632 2634 2633
2634 2635 2633
2635 2636 2633
2636 2635 2637
2638 2637 2635
2637 2638 2639
2638 2640 2639
2641 2639 2640
2593 2594 2631
2583 2593 2631
2581 2583 2631
2642 2643 2644
2642 2645 2643
2646 2645 2642
2645 2647 2643
2648 2645 2646
2648 2646 2649
2648 2650 2645
2650 2647 2645
2647 2650 2651
2650 2652 2651
2653 2654 2655
2654 2656 2655
2655 2656 2657
2654 2658 2656
2656 2659 2657
2657 2659 2660
2659 2661 2660
2660 2661 2662
2656 2663 2659
2658 2663 2656
2659 2664 2661
2663 2664 2659
2657 2660 2665
2665 2660 2666
2660 2662 2666
2661 2667 2662
2661 2668 2667
2664 2668 2661
2668 2669 2667
2670 2658 2654
2671 2670 2654
2671 2654 2653
2672 2671 2653
2673 2670 2671
2674 2673 2671
2674 2671 2672
2675 2674 2672
2676 2677 2678
2678 2677 2679
2680 2677 2676
2681 2677 2680
2682 2677 2681
2677 2682 2683
2677 2683 2679
2684 2679 2683
2682 2681 2685
2682 2685 2683
2683 2685 2686
2686 2687 2683
2687 2684 2683
2684 2687 2688
2678 2689 2676
2678 2690 2689
2690 2691 2689
2678 2679 2692
2692 2693 2678
2678 2693 2694
2694 2695 2690
2695 2691 2690
2696 2684 2688
2696 2697 2684
2697 2692 2679
2684 2697 2679
2696 2688 2698
2692 2699 2693
2699 2692 2700
2697 2700 2692
2700 2697 2701
2696 2701 2697
2702 2701 2696
2696 2698 2702
2702 2698 2703
2702 2703 2704
2704 2703 2705
2704 2705 2706
2706 2707 2704
2708 2707 2706
2709 2708 2706
2710 2709 2706
2711 2710 2706
2705 2711 2706
2710 2712 2709
2712 2710 2713
2712 2714 2709
2709 2714 2708
2714 2715 2708
2715 2716 2708
2716 2707 2708
2717 2716 2715
2717 2715 2718
2718 2715 2719
2714 2719 2715
2714 2712 2720
2720 2719 2714
2719 2720 2721
2721 2722 2719
2718 2719 2722
2722 2721 2723
2724 2712 2713
2712 2724 2725
2725 2720 2712
2720 2725 2726
2727 2726 2725
2726 2727 2728
2728 2727 2729
2730 2727 2725
2724 2730 2725
2727 2730 2729
2730 2731 2729
2728 2732 2726
2732 2720 2726
2720 2732 2721
2732 2728 2733
2734 2732 2733
2735 2734 2733
2732 2734 2736
2721 2736 2723
2736 2721 2732
2735 2733 2737
2733 2728 2737
2728 2729 2737
2730 2738 2731
2735 2737 2739
2737 2729 2739
2729 2731 2739
2730 2724 2740
2730 2740 2738
2740 2741 2738
2738 2742 2731
2738 2741 2742
2743 2742 2741
2731 2742 2744
2744 2739 2731
2744 2745 2739
2745 2735 2739
2746 2744 2742
2743 2746 2742
2746 2747 2744
2744 2747 2745
2743 2748 2746
2748 2749 2746
2746 2749 2747
2750 2748 2743
2748 2750 2751
2751 2750 2752
2753 2748 2751
2754 2753 2751
2755 2753 2754
2755 2754 2756
2754 2757 2756
2758 2757 2754
2751 2758 2754
2758 2751 2752
2752 2759 2758
2760 2756 2757
2757 2761 2760
2761 2757 2762
2757 2758 2762
2758 2763 2762
2758 2759 2763
2761 2764 2760
2764 2765 2760
2764 2766 2765
2760 2765 2767
2756 2760 2767
2767 2768 2756
2768 2755 2756
2767 2769 2768
2768 2769 2770
2771 2763 2759
2772 2771 2759
2771 2772 2773
2774 2773 2772
2759 2775 2772
2776 2772 2775
2776 2775 2777
2772 2776 2778
2774 2772 2778
2775 2779 2777
2780 2777 2779
2779 2775 2752
2779 2781 2780
2782 2780 2781
2781 2779 2750
2752 2750 2779
2752 2775 2759
2741 2782 2781
2750 2743 2781
2743 2741 2781
2740 2782 2741
2783 2784 2785
2783 2707 2784
2707 2716 2784
2786 2784 2716
2707 2783 2704
2783 2787 2704
2787 2783 2785
2786 2716 2788
2716 2717 2788
2789 2784 2786
2789 2785 2784
2785 2789 2790
2785 2791 2787
2785 2790 2791
2792 2791 2790
2787 2702 2704
2702 2787 2701
2791 2701 2787
2700 2701 2791
2792 2700 2791
2699 2700 2792
2793 2794 2755
2755 2768 2793
2794 2753 2755
2794 2795 2753
2795 2748 2753
2768 2770 2793
2749 2748 2795
2796 2797 2798
2796 2799 2797
2799 2800 2797
2797 2800 2801
2797 2801 2802
2798 2797 2802
2798 2802 2803
2799 2804 2800
2799 2805 2804
2805 2806 2804
2800 2804 2807
2804 2808 2807
2806 2808 2804
2805 2809 2806
2800 2807 2810
2800 2810 2801
2807 2811 2810
2812 2811 2807
2808 2812 2807
2812 2813 2811
2814 2798 2803
2815 2798 2814
2814 2803 2816
2815 2796 2798
2817 2815 2814
2817 2814 2818
2818 2814 2816
2819 2817 2818
2820 2821 2822
2821 2820 2823
2823 2824 2821
2824 2823 2825
2826 2824 2825
2824 2826 2827
2827 2826 2828
2829 2830 2831
2830 2829 2832
2829 2833 2832
2833 2829 2834
2835 2836 2837
2836 2835 2838
2839 2837 2836
2837 2839 2840
2841 2842 2843
2842 2841 2844
2842 2845 2843
2845 2842 2846
2847 2844 2841
2846 2848 2845
2848 2846 2849
2850 2851 2852
2851 2850 2853
2852 2854 2850
2854 2852 2855
2856 2854 2855
2854 2856 2857
2858 2857 2856
2857 2858 2859
2860 2859 2858
2859 2860 2861
2862 2861 2860
2861 2862 2863
2610 2596 2589
2530 2864 2865
2866 2865 2864
2864 2867 2866
2864 2868 2867
2530 2868 2864
2867 2869 2866
2869 2870 2866
2870 2869 2871
2869 2867 2872
2873 2872 2867
2868 2873 2867
2872 2873 2874
2875 2871 2869
2869 2872 2875
2874 2875 2872
2871 2875 2876
2875 2874 2876
2873 2868 2877
2866 2878 2865
2878 2866 2870
2868 2530 2507
2507 2877 2868
2520 2878 2870
2878 2520 2522
2525 2878 2522
2518 2870 2871
2870 2518 2520
2876 2518 2871
2518 2876 2517
2876 2515 2517
2515 2876 2874
2874 2512 2515
2512 2874 2873
2877 2512 2873
2512 2877 2510
2510 2877 2507
2525 2865 2878
2530 2865 2525
2507 2530 2508
2543 2506 2508
2879 2880 2881
2881 2882 2879
2883 2879 2882
2879 2883 2884
2884 2885 2879
2880 2879 2885
2885 2884 2886
2885 2886 2887
2887 2880 2885
2883 2888 2884
2888 2886 2884
2888 2883 2889
2886 2888 2890
2890 2891 2886
2891 2887 2886
2891 2890 2892
2889 2893 2888
2888 2893 2890
2893 2892 2890
2893 2889 2894
2892 2893 2894
2887 2891 2895
2896 2887 2895
2896 2880 2887
2897 2898 2899
2898 2897 2900
2901 2899 2898
2901 2898 2902
2903 2901 2902
2901 2903 2904
2903 2905 2904
2905 2903 2906
2901 2907 2899
2908 2909 2910
2909 2908 2911
2912 2908 2910
2908 2912 2913
2913 2914 2908
2914 2911 2908
2914 2913 2915
2911 2914 2916
2917 2918 2919
2918 2917 2920
2918 2921 2919
2921 2918 2922
2923 2924 2925
2924 2923 2926
2927 2923 2925
2923 2927 2928
2924 2926 2929
2924 2929 2930
2929 2931 2930
2931 2929 2932
2924 2930 2933
2934 2935 2936
2935 2934 2937
2935 2938 2936
2938 2935 2939
2624 2614 2940
2941 2942 2943
2944 2941 2943
2945 2941 2944
2628 2597 2605
2594 2597 2628
2946 2947 2948
2949 2946 2948
2690 2678 2694
2950 2951 2952
2951 2953 2952
2951 2954 2953
2951 2955 2954
2951 2956 2955
2951 2957 2956
2951 2958 2957
2951 2959 2958
2951 2960 2959
2951 2961 2960
2951 2962 2961
2951 2963 2962
2951 2964 2963
2951 2965 2964
2951 2966 2965
2951 2967 2966
2951 2968 2967
2951 2950 2968
2969 2970 2971
2969 2972 2970
2969 2973 2972
2969 2974 2973
2969 2975 2974
2969 2976 2975
2969 2977 2976
2969 2978 2977
2969 2979 2978
2969 2980 2979
2969 2981 2980
2969 2982 2981
2969 2983 2982
2969 2984 2983
2969 2985 2984
2986 2971 2970
2987 2970 2972
2970 2987 2986
2972 2988 2987
2988 2972 2973
2973 2989 2988
2989 2973 2974
2974 2990 2989
2990 2974 2975
2975 2991 2990
2991 2975 2976
2976 2992 2991
2992 2976 2977
2978 2992 2977
2992 2978 2993
2979 2993 2978
2993 2979 2994
2980 2994 2979
2994 2980 2995
2981 2995 2980
2995 2981 2996
2982 2996 2981
2996 2982 2997
2983 2997 2982
2997 2983 2998
2984 2998 2983
2998 2984 2999
2985 2999 2984
2999 2985 3000
3001 3000 2985
2969 3001 2985
2969 3002 3001
2969 3003 3002
2969 3004 3003
2969 2971 3004
3000 3001 3005
3002 3005 3001
3005 3002 3006
3003 3006 3002
3006 3003 3007
3004 3007 3003
3007 3004 3008
3009 3004 2971
3004 3009 3008
2971 2986 3009
3010 3011 3012
3012 3011 3013
3012 3013 3014
3012 3014 3015
3012 3015 3016
3012 3016 3017
3012 3017 3018
3012 3018 3019
3012 3019 3020
3012 3020 3021
3012 3021 3022
3012 3022 3023
3012 3023 3024
3012 3024 3025
3012 3025 3026
3012 3026 3027
3012 3027 3028
3012 3028 3010
3029 3030 3031
3029 3031 3032
3029 3032 3033
3029 3033 3034
3029 3034 3035
3029 3035 3036
3029 3036 3037
3029 3037 3038
3029 3038 3039
3029 3039 3040
3029 3040 3041
3029 3041 3042
3029 3042 3043
3029 3043 3044
3029 3044 3045
3030 3046 3031
3047 3031 3046
3031 3047 3032
3048 3032 3047
3032 3048 3033
3049 3033 3048
3033 3049 3034
3050 3034 3049
3034 3050 3035
3051 3035 3050
3035 3051 3036
3052 3036 3051
3036 3052 3037
3052 3038 3037
3038 3052 3053
3053 3039 3038
3039 3053 3054
3054 3040 3039
3040 3054 3055
3055 3041 3040
3041 3055 3056
3056 3042 3041
3042 3056 3057
3057 3043 3042
3043 3057 3058
3058 3044 3043
3044 3058 3059
3059 3045 3044
3045 3059 3060
3060 3061 3045
3029 3045 3061
3029 3061 3062
3029 3062 3063
3029 3063 3064
3029 3064 3030
3061 3060 3065
3065 3062 3061
3062 3065 3066
3066 3063 3062
3063 3066 3067
3067 3064 3063
3064 3067 3068
3069 3064 3068
3064 3069 3030
3046 3030 3069
