byte offset: 0
first index: 47160
index count: 3747
topology: trianglelist
format: DXGI_FORMAT_R16_UINT

13749 13750 13751
13752 13753 13751
13753 13752 13754
13755 13753 13754
13756 13757 13758
13757 13756 13759
13757 13760 13758
13761 13762 13759
13763 13764 13765
13763 13765 13766
13767 13763 13766
13763 13767 13768
13763 13768 13769
13769 13764 13763
13768 13770 13769
13771 13769 13770
13769 13771 13764
13771 13770 13772
13768 13773 13770
13773 13774 13770
13770 13774 13772
13767 13766 13775
13776 13775 13766
13776 13766 13777
13777 13778 13776
13777 13779 13778
13778 13779 13780
13778 13780 13781
13782 13777 13766
13783 13777 13782
13783 13784 13777
13785 13784 13783
13785 13786 13784
13787 13786 13785
13782 13766 13765
13782 13765 13788
13782 13788 13789
13790 13781 13780
13790 13791 13781
13792 13791 13790
13792 13790 13793
13792 13793 13794
13793 13795 13794
13794 13795 13796
13794 13796 13797
13794 13797 13798
13797 13799 13798
13797 13800 13799
13800 13801 13799
13800 13802 13801
13795 13803 13796
13788 13804 13789
13803 13805 13796
13803 13806 13805
13807 13805 13806
13808 13805 13807
13806 13809 13807
13809 13810 13807
13811 13810 13809
13811 13809 13812
13812 13813 13811
13813 13812 13804
13804 13814 13813
13804 13815 13814
13814 13815 13816
13788 13816 13815
13788 13815 13804
13788 13817 13816
13814 13816 13818
13819 13818 13816
13816 13817 13819
13814 13818 13820
13820 13821 13814
13822 13813 13814
13814 13821 13822
13788 13764 13817
13788 13765 13764
13817 13771 13819
13817 13764 13771
13811 13813 13823
13823 13813 13822
13822 13824 13823
13822 13825 13824
13823 13824 13826
13823 13826 13827
13810 13823 13827
13810 13811 13823
13810 13827 13828
13810 13828 13829
13830 13829 13828
13830 13828 13831
13829 13807 13810
13829 13808 13807
13808 13829 13832
13829 13830 13832
13832 13830 13833
13834 13832 13833
13834 13835 13832
13835 13808 13832
13835 13805 13808
13830 13831 13836
13831 13837 13836
13831 13838 13837
13830 13836 13839
13840 13839 13836
13830 13839 13841
13830 13841 13833
13833 13841 13842
13833 13842 13843
13844 13841 13839
13841 13844 13845
13841 13845 13842
13837 13846 13836
13839 13840 13847
13848 13839 13847
13844 13839 13848
13844 13848 13849
13850 13848 13847
13848 13850 13849
13849 13850 13851
13851 13850 13852
13850 13847 13852
13851 13852 13853
13854 13851 13853
13854 13855 13851
13849 13851 13855
13854 13856 13855
13854 13853 13857
13854 13857 13858
13856 13854 13859
13856 13859 13860
13854 13858 13861
13854 13861 13859
13861 13862 13859
13860 13859 13862
13863 13864 13865
13863 13865 13866
13863 13867 13864
13863 13868 13867
13867 13868 13869
13867 13869 13870
13871 13870 13869
13871 13869 13872
13871 13872 13873
13871 13873 13874
13874 13873 13875
13873 13876 13875
13876 13873 13877
13877 13873 13872
13878 13866 13865
13878 13879 13866
13869 13868 13880
13880 13868 13863
13880 13863 13881
13881 13882 13880
13881 13883 13882
13881 13863 13884
13881 13884 13885
13884 13886 13885
13884 13887 13886
13888 13886 13887
13889 13879 13878
13889 13890 13879
13891 13890 13889
13891 13892 13890
13891 13893 13892
13892 13893 13894
13893 13895 13894
13896 13895 13893
13896 13897 13895
13897 13896 13898
13897 13898 13899
13900 13899 13898
13900 13901 13899
13901 13900 13902
13894 13895 13903
13903 13895 13904
13900 13905 13902
13906 13902 13905
13906 13907 13902
13902 13907 13908
13907 13906 13909
13910 13907 13909
13908 13907 13910
13908 13910 13904
13909 13911 13910
13911 13904 13910
13912 13904 13911
13913 13904 13912
13912 13911 13914
13914 13911 13915
13909 13915 13911
13916 13914 13915
13916 13917 13914
13917 13916 13918
13918 13919 13917
13918 13920 13919
13918 13921 13920
13917 13919 13922
13883 13919 13920
13922 13919 13883
13883 13920 13882
13923 13882 13920
13923 13920 13921
13923 13924 13882
13925 13923 13921
13926 13923 13925
13923 13926 13924
13921 13927 13925
13927 13921 13928
13883 13929 13922
13883 13881 13929
13929 13881 13885
13930 13928 13921
13931 13928 13930
13931 13930 13932
13882 13924 13933
13882 13933 13880
13869 13880 13933
13872 13869 13933
13872 13933 13877
13924 13926 13877
13924 13877 13933
13930 13934 13932
13930 13935 13934
13930 13936 13935
13930 13937 13936
13936 13937 13938
13936 13938 13939
13939 13938 13940
13939 13940 13941
13937 13930 13918
13937 13918 13916
13937 13916 13915
13937 13915 13938
13940 13938 13915
13940 13915 13909
13909 13942 13940
13940 13942 13943
13943 13942 13944
13906 13944 13942
13909 13906 13942
13906 13945 13944
13945 13946 13944
13945 13947 13946
13946 13947 13948
13946 13948 13949
13949 13948 13950
13949 13950 13951
13952 13951 13950
13952 13950 13953
13952 13953 13954
13952 13954 13955
13956 13955 13954
13956 13954 13957
13954 13958 13957
13958 13954 13953
13958 13953 13959
13959 13953 13950
13959 13950 13960
13960 13950 13948
13960 13948 13961
13961 13948 13947
13961 13947 13962
13963 13962 13947
13963 13947 13945
13906 13963 13945
13906 13905 13963
13964 13952 13955
13952 13964 13965
13952 13965 13951
13966 13951 13965
13967 13966 13965
13968 13966 13967
13968 13967 13969
13968 13969 13970
13968 13970 13971
13943 13971 13970
13943 13970 13972
13973 13969 13967
13973 13974 13969
13969 13974 13975
13969 13975 13970
13975 13972 13970
13975 13976 13972
13943 13944 13971
13968 13971 13944
13968 13944 13946
13966 13968 13946
13966 13946 13949
13966 13949 13951
13967 13977 13973
13978 13977 13967
13967 13965 13978
13978 13965 13964
13978 13964 13979
13964 13980 13979
13964 13955 13980
13955 13956 13980
13980 13956 13981
13981 13956 13982
13981 13982 13983
13984 13983 13982
13980 13981 13985
13979 13980 13985
13986 13979 13987
13986 13987 13988
13987 13989 13988
13987 13990 13989
13991 13990 13987
13987 13979 13991
13986 13992 13979
13993 13992 13986
13986 13994 13993
13995 13994 13986
13995 13986 13988
13990 13996 13989
13990 13997 13996
13985 13997 13990
13998 13996 13999
13998 13999 14000
14001 13998 14000
14001 14002 13998
14003 14002 14001
14004 14005 14006
14004 14006 14007
14008 14007 14006
14008 14009 14007
14008 14010 14009
14008 14011 14010
14011 14012 14010
14011 14013 14012
14014 14012 14013
14014 14015 14012
14016 14015 14014
14016 14014 14017
14017 14018 14016
14017 14019 14018
14019 14020 14018
14019 14021 14020
14022 14020 14021
14022 14021 14023
14022 14023 14024
14022 14024 14025
14026 14025 14024
14026 14024 14027
14027 14028 14026
14027 14029 14028
14030 14028 14029
14030 14029 14031
14031 14032 14030
14033 14034 14035
14036 14034 14033
14036 14037 14034
14038 14037 14036
14038 14039 14037
14040 14041 14042
14040 14042 14043
14040 14043 14044
14040 14044 14045
14046 14047 14048
14046 14048 14049
14050 14047 14046
14050 14051 14047
14051 14050 14052
14051 14052 14053
14054 14053 14052
14054 14055 14053
14055 14054 14056
14055 14056 14057
14058 14059 14060
14058 14060 14061
14062 14060 14059
14062 14063 14060
14064 14063 14062
14064 14062 14065
14065 14066 14064
14065 14067 14066
14068 14066 14067
14069 14058 14061
14069 14061 14070
14071 14069 14070
14071 14070 14072
14073 14071 14072
14073 14074 14071
14073 14075 14074
14073 14076 14075
14075 14076 14077
14075 14077 14078
14079 14080 14081
14079 14081 14082
14083 14082 14081
14083 14084 14082
14084 14083 14085
14084 14085 14086
14086 14085 14087
14086 14087 14088
14088 14087 14089
14090 14091 14092
14090 14093 14091
14090 14094 14093
14095 14093 14094
14095 14096 14093
14097 14096 14095
14097 14095 14098
13940 13943 14099
13940 14099 13941
14099 13943 13972
13972 14100 14099
13972 13976 14100
14101 14102 14103
14101 14103 14104
14101 14105 14102
14106 14104 14103
14106 14107 14108
14106 14109 14107
14106 14110 14109
14110 14111 14109
14110 14112 14111
14113 14111 14112
14113 14114 14111
14115 14114 14113
14115 14113 14116
14117 14115 14116
14117 14116 14118
14119 14117 14118
14119 14118 14120
14121 14119 14120
14121 14122 14119
14114 14123 14111
14114 14124 14123
14123 14125 14111
14123 14126 14125
14126 14127 14125
14124 14114 14128
14124 14128 14129
14130 14129 14128
14130 14128 14131
14132 14130 14131
14132 14131 14133
14134 14132 14133
14134 14133 14122
14134 14122 14135
14134 14135 14136
14122 14121 14137
14122 14137 14135
14136 14135 14138
14137 14138 14135
14138 14137 14139
14136 14138 14140
14141 14140 14138
14141 14138 14142
14142 14143 14141
14144 14142 14138
14144 14138 14139
14144 14145 14142
14144 14146 14145
14145 14146 14147
14145 14147 14148
14149 14148 14147
14121 14150 14137
14151 14150 14121
14151 14152 14150
14153 14150 14152
14153 14152 14154
14155 14151 14121
14152 14151 14156
14157 14156 14151
14157 14151 14158
14159 14158 14151
14156 14160 14152
14154 14152 14160
14156 14161 14160
14162 14160 14161
14154 14160 14162
14162 14161 14163
14164 14150 14153
14164 14137 14150
14165 14153 14154
14165 14164 14153
14165 14154 14166
14167 14165 14166
14167 14166 14168
14169 14168 14166
14169 14162 14163
14169 14170 14168
14171 14168 14170
14171 14172 14168
14168 14172 14173
14168 14173 14167
14174 14172 14171
14174 14175 14172
14176 14175 14174
14176 14177 14175
14177 14173 14172
14177 14172 14175
14169 14166 14154
14169 14154 14162
14178 14179 14180
14178 14180 14181
14182 14178 14181
14182 14183 14178
14184 14183 14182
14184 14182 14185
14184 14185 14186
14184 14186 14187
14180 14188 14189
14180 14189 14190
14191 14190 14189
14191 14192 14190
14193 14192 14191
14193 14194 14192
14195 14194 14193
14195 14196 14194
14197 14108 14198
14197 14198 14199
14199 14200 14197
14108 14107 14198
13921 13918 13930
14201 14202 14203
14203 14202 14204
14204 14202 14205
14206 14207 14208
14209 14208 14207
14209 14210 14208
14211 14210 14209
14211 14209 14212
14213 14214 14215
14214 14216 14215
14214 14217 14216
14218 14217 14214
14218 14219 14217
14220 14221 14222
14220 14223 14221
14220 14222 14224
14225 13843 13801
14225 13833 13843
13834 13801 13802
14226 14227 14228
14226 14228 14229
14228 14227 14230
14228 14230 14231
14231 14230 14232
14231 14232 14233
14234 14233 14232
14234 14235 14233
14236 14235 14234
14236 14234 14237
14236 14237 14238
14236 14238 14239
14240 14239 14238
14240 14238 14241
14242 14240 14241
14242 14241 14243
14244 14242 14243
14244 14245 14242
14246 14247 14245
14246 14245 14248
14246 14249 14247
14246 14250 14249
14251 14249 14250
14251 14252 14249
14253 14254 14251
14253 14251 14255
14255 14256 14253
14257 14258 14259
14258 14260 14259
14258 14261 14260
14260 14261 14262
14260 14262 14263
14264 14265 14266
14264 14266 14267
14267 14268 14264
14267 14269 14268
14270 14271 14272
14270 14272 14273
14270 14274 14271
14270 14275 14274
14276 14274 14275
14276 14277 14274
14278 14277 14276
14278 14276 14279
14279 14280 14278
14279 14281 14280
13789 14282 13782
14282 13783 13782
13789 14283 14282
14283 13789 13804
13812 14283 13804
14284 14285 14286
14284 14286 14287
14287 14288 14284
14287 14289 14288
14288 14289 14290
14288 14290 14291
14290 14292 14291
14290 14293 14292
14294 14292 14293
14295 14286 14285
14295 14296 14286
14297 14296 14295
14297 14295 14298
14299 14297 14298
14299 14300 14297
14299 14301 14300
14299 14302 14301
14303 14301 14302
14303 14304 14301
14305 14306 14307
14305 14307 14308
14307 14306 14309
14307 14309 14310
14309 14311 14310
14309 14312 14311
14313 14311 14312
14313 14312 14314
14314 14315 14313
14316 14317 14318
14316 14318 14319
14320 14317 14316
14320 14316 14321
14322 14323 14324
14322 14324 14325
14322 14325 14326
14326 14325 14327
14326 14327 14328
14328 14327 14329
14328 14329 14330
13846 14331 14332
14331 13846 14333
13846 14332 13836
14334 14335 14336
14335 14334 14337
14335 14337 14338
14339 14338 14337
14340 14335 14338
14341 14335 14340
14336 14335 14341
14340 14342 14341
14343 14342 14340
14343 14344 14342
14343 14345 14344
14336 14341 14346
14336 14346 14347
14348 14347 14346
14340 14338 14349
14349 14343 14340
14349 14338 14339
14348 14350 14347
14351 14350 14348
14352 14350 14351
14349 14353 14343
14353 14345 14343
14354 14345 14353
14345 14354 14355
14354 14356 14355
14357 14356 14354
14354 14358 14357
14357 14359 14356
14357 14360 14359
14361 14360 14357
14361 14357 14362
14357 14358 14362
14363 14362 14358
14363 14364 14362
14362 14364 14365
14362 14365 14361
14359 14360 14366
14366 14360 14361
14359 14366 14367
14368 14361 14365
14366 14361 14368
14368 14365 14369
14366 14370 14367
14366 14371 14370
14368 14371 14366
14371 14372 14370
14371 14373 14372
14373 14374 14372
14373 14375 14374
14376 14374 14375
14376 14375 14377
14375 14373 14378
14378 14373 14371
14375 14378 14379
14377 14375 14379
14379 14378 14380
14379 14380 14381
14380 14378 14382
14378 14371 14382
14382 14368 14369
14368 14382 14371
14380 14382 14383
14382 14369 14383
14379 14381 14384
14379 14384 14385
14377 14379 14385
14377 14386 14376
14377 14387 14386
14381 14380 14388
14388 14380 14383
14381 14388 14389
14388 14383 14390
14391 14384 14381
14391 14381 14389
14389 14388 14392
14389 14392 14393
14391 14389 14393
14392 14394 14393
14392 14395 14394
14395 14392 14396
14396 14392 14388
14396 14388 14390
14395 14396 14397
14393 14394 14398
14393 14398 14399
14391 14393 14399
14396 14400 14397
14396 14401 14400
14396 14390 14402
14396 14402 14401
14383 14402 14390
14383 14369 14402
14365 14402 14369
14365 14403 14402
14365 14404 14403
14365 14405 14404
14406 14404 14405
14406 14407 14404
14404 14407 14408
14403 14404 14408
14403 14408 14409
14409 14401 14402
14409 14402 14403
14409 14400 14401
14409 14408 14410
14410 14411 14409
14409 14411 14400
14408 14407 14412
14410 14408 14413
14414 14413 14408
14414 14408 14412
14415 14414 14412
14412 14416 14415
14416 14417 14415
14417 14418 14415
14417 14416 14419
14417 14419 14420
14418 14417 14420
14418 14420 14421
14420 14422 14421
14422 14420 14423
14423 14420 14419
14419 14416 14424
14419 14424 14425
14424 14426 14425
14427 14426 14424
14424 14416 14427
14412 14427 14416
14412 14407 14427
14428 14427 14407
14428 14407 14406
14419 14425 14429
14429 14423 14419
14430 14423 14429
14425 14430 14429
14430 14431 14423
14427 14428 14432
14427 14432 14433
14433 14426 14427
14434 14422 14423
14423 14431 14435
14423 14435 14434
14434 14435 14436
14437 14434 14436
14437 14436 14438
14437 14438 14439
14440 14439 14438
14437 14441 14434
14437 14442 14441
14434 14441 14443
14434 14443 14422
14422 14443 14421
14444 14445 14446
14444 14446 14447
14448 14444 14447
14448 14449 14444
14448 14450 14449
14448 14451 14450
14452 14450 14451
14446 14445 14453
14446 14453 14454
14455 14454 14453
14455 14456 14454
14457 14456 14455
14457 14455 14458
14459 14457 14458
14459 14460 14457
14459 14461 14460
14459 14462 14461
14463 14464 14465
14463 14465 14466
14467 14468 14469
14470 14468 14467
14470 14467 14471
14472 14473 14474
14475 14476 14477
14475 14477 14478
14475 14478 14479
14475 14479 14480
14481 14480 14479
14481 14482 14480
14483 14482 14481
14483 14481 14484
14484 14485 14483
14484 14486 14485
14487 14477 14476
14487 14476 14488
14487 14488 14489
14487 14489 14490
14489 14491 14490
14489 14492 14491
14493 14491 14492
14494 14495 14496
14494 14496 14497
14496 14498 14497
14496 14499 14498
14500 14501 14502
14500 14502 14503
14504 14505 14506
14504 14506 14507
14508 14504 14507
14508 14507 14509
14508 14509 14510
14508 14510 14511
14512 14511 14510
14513 14514 14515
14516 14513 14515
14516 14515 14517
14518 14519 14520
14521 14522 14523
14521 14523 14524
14524 14523 14399
14524 14399 14398
14523 14391 14399
14523 14525 14391
14391 14525 14526
14391 14526 14384
14384 14526 14527
14384 14527 14385
14377 14385 14527
14528 14529 14530
14528 14530 14531
14532 14529 14528
14532 14533 14529
14534 14339 14535
14536 14534 14535
14536 14535 14537
14536 14353 14534
14536 14354 14353
14349 14339 14534
14534 14353 14349
14537 14538 14536
14538 14539 14536
14539 14358 14536
14536 14358 14354
14539 14363 14358
13828 14540 14541
13828 14541 13831
13827 14540 13828
13827 13826 14540
13838 13831 14541
13838 14541 14542
14543 14544 14545
14546 14545 14544
14546 14544 14547
14546 14547 14548
14546 14548 14549
14548 14550 14549
14549 14550 14551
14341 14342 14552
14341 14552 14553
14341 14553 14346
14553 14348 14346
14553 14554 14348
14555 14556 14557
14555 14557 14558
14559 14557 14556
14559 14560 14557
14556 14561 14559
14556 14562 14561
14555 14562 14556
14555 14563 14562
14557 14564 14558
14557 14565 14564
14560 14565 14557
14566 14558 14564
14564 14565 14567
14562 14568 14561
14562 14563 14568
14568 14569 14561
14570 14569 14568
14570 14568 14571
14571 14568 14572
14568 14563 14572
14573 14569 14570
14567 14574 14564
14566 14564 14574
14574 14575 14566
14576 14575 14574
14574 14577 14576
14578 14577 14574
14578 14565 14579
14580 14579 14565
14581 14566 14575
14582 14566 14581
14558 14566 14582
14558 14582 14555
14555 14582 14583
14555 14583 14563
14563 14584 14572
14585 14583 14582
14585 14582 14581
14586 14583 14585
14586 14587 14583
14584 14587 14572
14585 14581 14588
14585 14588 14589
14590 14586 14585
14589 14590 14585
14560 14580 14565
14591 14592 14593
14591 14593 14594
14591 14594 14595
14596 14595 14594
14596 14597 14595
14598 14597 14596
14598 14599 14597
14600 14601 14593
14600 14602 14601
14603 14601 14602
14603 14602 14604
14604 14605 14603
14604 14606 14605
14606 14607 14605
14606 14608 14607
14609 14607 14608
14609 14608 14610
14611 14609 14610
14611 14610 14612
14611 14612 14613
14611 14613 14614
14615 14614 14613
14615 14613 14616
14615 14616 14617
14618 14619 14620
14621 14619 14622
14623 14624 14620
14624 14623 14625
14624 14625 14626
14626 14625 14627
14626 14627 14628
14629 14628 14627
14629 14630 14628
14630 14631 14628
14632 14626 14628
14631 14632 14628
14632 14633 14626
14630 14634 14631
14634 14635 14631
14626 14633 14636
14624 14626 14636
14619 14623 14637
14638 14639 14640
14638 14640 14641
14641 14642 14638
14641 14643 14642
14644 14642 14643
14644 14645 14642
14646 14645 14644
14647 14643 14641
14648 14643 14647
14644 14643 14648
14647 14649 14648
14650 14648 14649
14650 14644 14648
14651 14644 14650
14651 14646 14644
14647 14652 14649
14647 14653 14652
14647 14654 14653
14647 14641 14654
14641 14640 14655
14641 14655 14654
14656 14655 14640
14656 14640 14657
14655 14656 14658
14655 14658 14659
14660 14655 14659
14654 14655 14660
14654 14660 14653
14660 14659 14661
14661 14659 14658
14661 14658 14662
14640 14663 14657
14640 14639 14663
14639 14664 14663
14639 14665 14664
14639 14666 14665
14639 14638 14666
14642 14666 14638
14656 14667 14658
14658 14667 14668
14658 14668 14662
14669 14670 14671
14672 14671 14673
14672 14673 14674
14674 14675 14672
14674 14676 14675
14677 14678 14675
14677 14679 14678
14680 14678 14679
14680 14679 14681
14681 14682 14680
14681 14683 14682
14684 14685 14686
14684 14686 14687
14688 14685 14684
14688 14689 14685
14690 14687 14686
14690 14691 14687
14692 14687 14691
14692 14693 14687
14687 14693 14694
14687 14694 14684
14695 14688 14684
14695 14684 14694
14692 14696 14693
14696 14694 14693
14696 14697 14694
14697 14695 14694
14698 14697 14696
14699 14698 14696
14699 14696 14700
14692 14700 14696
14697 14701 14695
14702 14699 14700
14695 14701 14703
14695 14703 14704
14704 14703 14705
14704 14705 14706
14704 14688 14695
14704 14707 14688
14704 14708 14707
14706 14708 14704
14707 14689 14688
14707 14709 14689
14709 14710 14689
14709 14711 14710
14689 14710 14712
14710 14711 14713
14713 14714 14710
14710 14715 14712
14716 14712 14715
14716 14685 14712
14689 14712 14685
14716 14686 14685
14716 14714 14717
14718 14716 14717
14718 14690 14716
14690 14686 14716
14719 14720 14721
14722 14720 14719
14722 14719 14723
14724 14722 14723
14724 14723 14725
14726 14724 14725
14726 14725 14727
14728 14729 14720
14728 14730 14729
14730 14728 14731
14730 14731 14732
14733 14732 14731
14733 14731 14734
14735 14733 14734
14735 14734 14736
14736 14737 14735
14736 14738 14737
14738 14739 14737
14740 14737 14739
14740 14739 14741
14741 14742 14740
14741 14743 14742
14741 14744 14743
14744 14745 14743
14746 14747 14748
14748 14747 14749
14746 14748 14750
14746 14750 14751
14752 14751 14750
14750 14753 14752
14751 14754 14746
14754 14751 14755
14756 14753 14750
14756 14750 14757
14757 14750 14748
14757 14748 14758
14756 14759 14753
14760 14759 14756
14759 14760 14761
14762 14761 14760
14762 14763 14761
14760 14764 14762
14760 14765 14764
14760 14756 14765
14765 14766 14764
14765 14767 14766
14767 14765 14756
14767 14756 14757
14759 14761 14768
14759 14768 14769
14770 14767 14757
14770 14757 14771
14757 14758 14771
14763 14762 14772
14773 14762 14764
14772 14762 14773
14773 14764 14774
14764 14775 14774
14764 14766 14775
14767 14770 14776
14767 14776 14766
14770 14777 14776
14778 14763 14772
14778 14772 14779
14780 14781 14770
14782 14753 14769
14783 14753 14782
14759 14769 14753
14782 14784 14783
14782 14785 14784
14785 14786 14784
14784 14752 14783
14752 14753 14783
14784 14787 14752
14788 14787 14784
14784 14786 14788
14788 14789 14787
14789 14755 14787
14789 14790 14755
14787 14755 14751
14787 14751 14752
14754 14755 14790
14791 14792 14793
14791 14793 14794
14793 14795 14794
14793 14796 14795
14795 14796 14797
14795 14797 14798
14799 14798 14797
14800 14794 14795
14801 14800 14795
14798 14801 14795
14800 14801 14802
14803 14802 14801
14798 14803 14801
14800 14802 14804
14805 14800 14804
14800 14805 14794
14805 14804 14806
14794 14805 14807
14794 14807 14791
14808 14798 14799
14798 14808 14803
14809 14791 14807
14809 14807 14810
14807 14811 14810
14807 14812 14811
14813 14812 14807
14813 14807 14805
14813 14805 14806
14813 14814 14812
14815 14811 14812
14815 14812 14814
14792 14791 14809
14792 14809 14816
14816 14817 14792
14817 14793 14792
14817 14818 14793
14796 14793 14818
14816 14819 14817
14810 14811 14820
14815 14820 14811
14815 14821 14820
14822 14823 14824
14825 14826 14823
14825 14823 14827
14825 14827 14828
14825 14828 14829
14830 14831 14832
14830 14832 14833
14832 14834 14833
14832 14835 14834
14830 14836 14831
14830 14837 14836
14748 14749 14838
14758 14748 14838
14839 14840 14841
14839 14842 14840
14839 14843 14842
14844 14842 14843
14843 14839 14845
14840 14846 14841
14840 14847 14846
14847 14840 14848
14849 14848 14840
14840 14842 14849
14848 14849 14850
14851 14849 14842
14844 14851 14842
14852 14851 14844
14853 14852 14844
14853 14844 14854
14843 14854 14844
14855 14851 14852
14853 14855 14852
14848 14856 14847
14853 14857 14855
14843 14858 14854
14845 14858 14843
14845 14859 14858
14858 14859 14860
14858 14860 14854
14861 14853 14854
14861 14854 14860
14861 14862 14853
14853 14862 14857
14863 14851 14855
14864 14851 14863
14864 14849 14851
14850 14849 14864
14850 14864 14865
14864 14863 14866
14864 14866 14867
14864 14867 14865
14856 14848 14868
14848 14869 14868
14848 14870 14869
14870 14848 14850
