byte offset: 0
first index: 0
index count: 12822
topology: trianglelist
format: DXGI_FORMAT_R16_UINT

0 1 2
2 3 0
3 4 0
4 5 0
5 6 0
6 7 0
7 8 0
8 9 0
9 10 0
10 11 0
11 12 0
12 13 0
13 14 0
14 15 0
15 16 0
16 17 0
17 18 0
18 1 0
19 20 21
22 20 19
23 20 22
24 20 23
23 25 24
26 24 25
26 27 24
27 26 28
29 27 28
29 24 27
30 29 28
30 28 31
32 30 31
32 31 33
34 33 31
34 31 35
34 35 36
29 37 24
29 38 37
38 39 37
37 39 21
37 21 40
38 41 39
41 38 42
43 41 42
43 44 41
44 39 41
44 43 45
45 43 46
45 46 47
48 47 46
48 49 47
50 49 48
50 48 51
50 51 52
50 52 53
52 54 53
52 55 54
56 54 55
56 55 57
58 56 57
58 59 56
60 59 58
47 61 45
49 61 47
52 51 62
48 62 51
52 62 63
63 55 52
63 64 55
55 64 65
55 65 57
66 57 65
58 57 66
58 66 67
58 67 60
68 60 67
69 60 68
69 68 70
69 70 71
72 70 68
68 67 72
72 73 70
74 70 73
74 73 75
76 75 73
72 76 73
76 77 75
70 74 78
70 78 71
72 79 76
79 80 76
80 81 76
80 82 81
80 83 82
84 83 80
84 80 85
79 85 80
86 83 84
86 87 83
85 88 84
88 86 84
85 89 88
89 85 79
88 90 86
86 90 91
86 91 92
93 87 86
93 86 92
83 87 94
83 94 82
93 95 87
87 95 94
96 95 93
92 96 93
91 97 92
92 97 96
91 98 97
98 99 97
98 100 99
100 101 99
100 102 101
103 89 79
72 103 79
72 67 103
103 67 104
104 105 103
103 105 106
106 105 107
106 107 108
109 108 107
109 110 108
111 110 109
111 109 112
112 113 111
113 114 111
115 114 113
115 113 116
117 115 116
116 46 117
116 48 46
118 117 46
118 42 117
119 117 42
117 120 115
119 120 117
62 48 116
62 116 121
113 121 116
38 119 42
122 123 124
122 124 125
124 126 125
124 127 126
128 127 124
128 129 127
129 130 127
126 127 130
129 131 130
130 131 132
123 122 133
123 133 134
135 134 133
135 136 134
137 135 133
137 133 138
139 123 134
139 140 123
134 136 141
134 141 139
140 128 124
140 124 123
122 138 133
138 122 125
138 125 142
142 143 138
141 136 144
136 135 145
136 145 144
146 135 137
146 137 147
148 147 137
148 137 149
149 138 143
149 137 138
149 143 150
143 142 150
150 142 151
151 152 150
153 150 152
153 154 150
149 150 154
155 154 153
149 154 155
149 155 148
148 155 156
157 156 155
157 155 158
155 153 158
159 157 158
159 160 157
161 160 159
161 162 160
163 162 161
163 164 162
163 165 164
163 166 165
163 167 166
161 167 163
164 165 168
168 165 169
166 169 165
168 169 170
170 169 171
161 172 167
159 172 161
173 159 158
159 173 172
173 158 153
172 174 167
166 167 174
175 166 174
176 166 175
171 177 176
166 177 169
177 171 169
176 177 166
174 178 175
178 179 175
174 180 178
172 181 174
181 172 173
181 180 174
153 182 173
181 173 182
182 183 181
181 183 180
182 184 183
153 152 182
182 152 151
182 151 184
175 179 185
185 179 186
185 186 187
179 188 186
179 189 188
190 186 188
190 191 186
186 191 192
192 187 186
191 193 192
193 191 190
194 193 190
195 188 189
189 196 195
195 196 197
196 198 197
195 197 199
195 200 188
200 194 190
200 190 188
201 200 195
201 195 199
199 202 201
203 200 201
201 202 203
203 202 204
205 203 204
205 204 206
207 205 206
208 200 203
209 208 203
203 205 209
209 205 210
196 211 198
196 189 211
198 211 212
198 212 213
213 212 214
213 214 215
216 215 214
217 215 216
217 216 218
219 218 216
219 126 218
126 130 218
217 218 130
220 217 130
213 215 221
222 213 221
222 198 213
220 130 132
212 183 214
212 180 183
183 184 214
214 184 216
216 184 151
216 151 219
142 219 151
126 219 142
126 142 125
198 222 197
211 178 180
211 180 212
211 179 178
211 189 179
223 224 225
224 223 45
224 45 226
44 45 223
44 223 225
44 225 227
44 227 39
228 227 225
21 227 228
21 39 227
224 229 225
229 230 225
225 230 228
229 231 230
231 229 232
233 232 229
231 232 234
235 233 229
224 236 229
229 236 235
234 237 231
230 231 237
234 238 237
230 239 228
230 240 239
230 237 240
228 239 19
19 21 228
241 242 76
76 81 241
243 244 245
243 245 246
245 247 246
248 247 245
248 249 247
248 250 249
247 249 251
251 249 252
250 252 249
250 253 252
254 252 253
255 252 254
251 252 255
255 254 256
256 254 257
256 257 258
257 254 259
254 253 259
257 259 260
261 257 260
258 257 261
261 260 262
263 262 260
262 264 261
262 265 264
263 265 262
266 259 253
266 260 259
266 253 267
266 268 260
263 260 268
264 265 269
270 269 265
270 265 271
263 271 265
264 269 272
264 272 273
264 273 274
275 261 264
275 264 274
273 272 276
269 270 276
272 269 276
258 261 275
253 277 267
253 250 277
250 278 277
248 279 250
248 280 279
248 245 280
245 244 280
281 244 243
282 31 283
282 283 284
282 284 285
286 282 285
282 286 35
286 285 287
285 284 288
285 288 289
287 285 289
288 290 289
289 290 291
287 289 291
286 36 35
292 35 31
34 36 293
293 294 34
293 295 294
296 33 34
296 34 297
24 37 40
20 24 40
298 299 300
298 300 301
298 302 299
298 303 302
303 298 304
298 301 304
303 304 305
306 303 305
306 307 303
304 308 305
304 309 308
310 306 305
310 305 308
311 309 304
311 304 301
312 308 309
312 309 313
309 311 313
312 314 308
314 310 308
314 315 310
314 316 315
302 303 317
303 307 317
306 318 307
306 319 318
319 306 310
320 317 307
320 307 318
310 315 321
319 310 322
321 322 310
320 318 323
320 323 324
325 322 321
326 319 322
318 319 326
318 326 323
326 327 323
328 323 327
328 329 323
324 328 330
331 330 328
331 328 332
327 332 328
333 330 331
333 334 330
324 330 334
333 331 335
327 336 332
324 334 337
324 337 320
317 320 337
331 332 338
332 336 338
331 338 339
335 331 339
338 340 339
341 339 340
335 339 341
341 340 342
338 343 340
344 340 343
344 342 340
344 343 345
343 346 345
343 347 346
347 343 338
347 348 346
347 349 348
347 338 350
347 350 351
349 347 351
349 351 352
353 345 346
353 344 345
353 346 354
354 346 348
353 355 344
356 348 349
357 348 356
354 348 357
357 356 358
356 349 359
352 359 349
352 360 359
361 355 353
355 361 362
355 362 363
355 363 364
361 353 365
365 353 354
366 357 358
366 367 357
354 357 367
354 367 368
368 365 354
355 364 344
344 364 342
356 369 358
369 356 359
369 359 370
359 360 371
359 371 370
366 358 372
366 372 373
358 369 372
371 360 374
360 375 374
376 375 360
376 377 375
377 378 375
378 374 375
376 379 377
379 376 380
380 376 381
380 381 382
382 381 336
325 377 379
325 379 380
380 383 325
382 383 380
382 326 383
336 381 351
381 376 351
336 351 350
376 360 352
376 352 351
336 350 338
378 377 384
325 384 377
385 378 384
384 386 385
387 384 325
384 387 386
388 386 387
388 387 389
390 388 389
390 389 316
390 316 391
390 391 392
316 314 391
315 389 387
315 316 389
387 321 315
325 321 387
391 314 312
391 312 393
391 393 394
391 394 392
312 395 393
312 313 395
393 395 396
393 396 394
397 396 395
395 313 397
397 398 396
397 399 398
313 400 397
400 313 311
311 401 400
401 311 301
402 400 401
301 403 401
403 404 401
401 404 402
405 397 400
405 400 402
300 403 301
406 403 300
300 407 406
300 299 407
406 407 408
406 408 409
410 406 409
403 410 404
410 403 406
411 410 409
404 410 411
411 409 412
413 411 412
413 414 411
415 414 413
415 416 414
417 416 415
417 418 416
417 419 418
411 414 420
420 414 416
411 420 421
404 411 421
420 416 422
416 418 422
423 422 418
420 422 423
423 418 424
418 425 424
419 425 418
425 419 426
424 427 423
428 423 427
404 421 429
421 420 429
420 423 429
423 428 429
404 429 402
428 430 429
429 430 431
429 432 402
432 429 431
431 433 432
405 432 433
432 405 402
405 433 399
434 405 399
435 334 436
333 436 334
435 337 334
337 435 437
337 437 438
438 317 337
438 302 317
438 439 302
437 439 438
439 299 302
440 439 437
441 299 439
439 440 441
407 299 441
441 442 407
408 407 442
443 441 440
442 441 443
326 382 327
382 336 327
383 326 322
325 383 322
444 445 446
444 446 447
445 444 448
445 448 449
449 450 445
449 451 450
452 450 451
452 451 453
444 454 448
444 455 454
455 444 447
445 450 456
445 456 446
456 450 452
456 452 457
455 447 458
455 458 459
455 459 460
460 459 461
462 460 461
455 460 462
455 462 454
462 461 463
461 464 463
461 465 464
466 465 461
466 461 467
459 467 461
464 465 468
464 468 469
466 470 465
470 468 465
468 471 469
468 472 471
470 472 468
473 471 472
473 472 474
475 476 477
476 475 478
479 475 477
475 479 480
475 480 481
478 475 481
481 480 482
483 482 480
483 480 484
479 484 480
485 482 483
485 486 482
481 482 487
482 486 488
482 488 487
486 485 489
486 489 490
488 486 490
490 489 491
490 491 492
493 490 492
493 494 490
488 490 494
495 492 491
495 496 492
496 493 492
496 497 493
498 499 495
498 500 499
500 497 499
498 501 500
500 501 502
500 503 497
504 457 452
504 452 476
476 452 453
477 476 453
476 478 504
505 506 507
505 507 508
507 506 509
510 506 505
510 511 506
511 509 506
511 512 509
510 513 511
511 513 514
512 511 514
515 514 513
515 513 516
517 516 513
510 517 513
517 518 516
518 519 516
519 515 516
518 520 519
519 520 521
519 521 522
523 519 522
523 524 519
519 524 515
525 523 522
525 526 523
527 522 521
528 529 530
528 530 531
532 531 530
532 533 531
534 532 530
534 507 532
532 507 535
533 532 535
530 536 534
529 536 530
537 529 528
537 528 538
538 539 537
538 540 539
540 538 541
528 541 538
540 541 542
528 543 541
539 540 544
539 544 545
544 546 545
544 547 546
548 546 547
548 547 549
549 547 544
548 549 550
551 548 550
551 552 548
552 553 548
548 553 546
552 554 553
549 544 555
540 542 555
540 555 544
556 552 551
552 556 557
554 552 557
556 558 557
556 559 558
558 559 560
558 560 561
560 562 561
560 563 562
564 562 563
564 563 565
563 560 566
566 560 559
566 559 567
559 556 567
556 568 567
569 565 563
563 566 569
556 551 568
570 565 571
571 565 572
569 572 573
570 564 573
571 572 574
570 571 575
570 575 576
577 576 575
577 575 578
575 579 578
575 580 579
571 574 580
571 580 575
581 577 578
581 578 582
581 582 583
583 582 584
578 579 584
578 584 582
543 528 531
585 586 587
585 588 586
587 586 589
590 589 586
588 590 586
590 591 589
591 592 589
590 593 591
590 594 593
594 595 593
594 596 595
597 596 594
594 590 597
590 588 597
597 598 596
595 599 593
599 592 591
599 591 593
585 600 588
601 600 585
601 602 600
602 603 600
602 604 603
603 604 605
603 605 606
607 600 603
607 603 608
608 603 609
603 606 609
605 604 610
602 610 604
605 610 611
602 612 610
602 601 613
613 612 602
614 613 601
614 601 585
615 610 612
612 616 615
613 616 612
617 615 616
617 618 615
619 618 617
619 620 618
621 618 620
621 620 622
621 622 623
621 623 624
625 621 624
625 626 621
618 621 626
618 626 615
626 625 611
619 617 627
619 627 628
628 629 619
630 619 629
630 629 631
628 632 629
622 620 633
622 633 634
631 629 635
631 635 636
636 635 637
636 637 638
638 637 639
637 640 639
635 640 637
635 641 640
629 632 641
629 641 635
634 633 642
642 643 634
622 634 643
622 643 623
587 644 645
644 646 645
589 644 587
645 646 647
646 648 647
646 649 648
645 647 650
651 649 646
651 646 644
651 644 652
644 589 652
653 650 647
654 645 650
645 654 655
655 587 645
585 587 655
656 647 648
656 653 647
657 653 656
658 656 648
658 659 656
659 657 656
658 660 659
661 660 658
661 662 660
660 662 663
660 663 664
659 660 664
663 665 664
663 666 665
667 664 665
659 664 667
657 659 667
667 665 668
667 668 669
667 669 670
665 666 671
668 665 671
669 668 671
657 667 672
661 658 673
658 648 673
649 673 648
674 675 676
677 678 679
677 680 678
677 681 680
680 681 682
680 683 678
683 684 678
608 684 683
607 608 683
607 683 685
685 683 680
682 685 680
588 607 685
600 607 588
588 685 597
597 685 686
686 685 682
597 686 598
682 687 686
608 609 684
688 616 613
617 616 688
617 688 627
615 626 610
626 611 610
592 652 589
689 690 691
689 691 692
690 693 691
690 694 693
693 695 691
693 696 695
691 695 697
691 697 692
698 696 693
698 699 696
700 698 693
700 693 694
698 701 699
698 702 701
702 698 700
702 700 703
702 704 701
703 704 702
705 689 692
697 705 692
705 706 689
697 707 705
708 705 707
708 709 705
709 706 705
709 708 710
709 710 711
710 712 711
713 709 711
711 712 713
709 713 706
534 508 507
535 507 509
61 226 45
714 715 716
717 714 716
715 714 718
715 718 719
717 720 714
717 721 720
722 719 718
723 722 718
723 718 721
723 724 722
724 725 722
724 726 725
722 727 719
725 728 727
725 729 728
725 730 729
725 731 730
732 730 731
732 731 733
731 734 733
735 733 734
735 732 733
735 734 736
731 737 734
735 738 732
736 734 739
736 739 740
734 737 741
734 741 739
737 742 741
741 742 743
742 737 744
744 737 745
745 737 731
731 746 745
747 743 742
742 744 748
747 742 748
749 747 748
749 748 750
748 744 750
751 750 744
751 744 745
746 751 745
743 747 752
747 749 752
751 753 750
754 753 751
754 755 753
755 754 756
754 757 756
757 758 756
757 759 758
754 760 757
760 754 751
761 756 758
761 762 756
755 756 762
761 758 763
758 759 763
761 763 764
761 764 765
766 765 764
760 751 767
746 767 751
768 731 725
725 726 768
725 727 769
770 771 772
770 772 773
774 770 773
774 775 770
770 775 776
770 776 771
774 773 777
774 777 778
779 778 777
779 780 778
781 780 779
781 782 780
782 781 783
782 783 784
783 785 784
780 786 778
786 774 778
780 787 786
782 787 780
786 788 774
775 774 788
785 789 784
784 789 790
784 790 782
782 790 787
791 771 776
791 792 771
771 792 793
791 794 792
791 795 794
794 796 792
797 792 796
792 797 793
794 798 796
799 798 794
799 794 795
799 800 798
800 799 801
799 802 801
772 771 793
730 732 803
730 803 729
803 732 738
804 803 738
738 805 804
735 805 738
735 806 805
735 807 806
736 807 735
736 808 807
736 740 808
809 807 808
809 808 810
810 811 809
809 811 812
812 806 807
812 807 809
750 813 814
723 721 815
816 817 818
819 818 817
819 820 818
817 821 819
817 822 821
822 817 823
822 823 824
825 824 823
819 821 826
827 820 819
827 819 828
826 828 819
826 829 828
830 828 829
830 829 831
831 832 830
833 827 828
833 828 830
834 827 833
834 835 827
835 820 827
835 836 820
820 836 837
838 837 836
838 836 839
835 839 836
835 840 839
840 835 834
840 834 841
842 841 834
842 843 841
844 843 842
845 844 842
842 846 845
846 842 834
846 834 833
845 846 847
845 847 848
849 845 848
845 849 844
849 848 850
851 850 848
851 852 850
852 853 850
849 850 853
852 854 853
849 853 855
856 855 853
854 856 853
856 857 855
857 858 855
859 844 849
855 859 849
848 847 860
848 860 851
854 861 856
861 862 856
861 863 862
862 863 864
865 857 856
860 847 830
830 847 846
830 846 833
838 866 867
867 866 868
837 838 867
869 818 837
818 869 870
820 837 818
816 818 870
816 870 871
872 873 874
872 874 875
873 872 876
873 876 877
876 878 877
878 879 877
876 880 878
877 879 881
881 873 877
881 879 882
883 882 879
883 879 884
881 882 885
879 878 886
880 887 878
886 878 887
887 888 886
887 889 888
888 889 890
888 890 891
888 891 892
891 893 892
891 894 893
888 892 895
895 883 884
895 884 888
896 894 891
896 891 890
894 897 893
894 898 897
899 898 894
899 894 896
899 900 898
899 901 900
899 902 901
899 903 902
903 899 896
904 896 890
904 890 905
904 905 906
904 906 907
904 907 908
909 907 906
887 909 906
887 906 905
880 909 887
908 910 904
908 911 910
904 910 912
910 913 912
912 913 903
913 902 903
910 914 913
914 915 913
913 915 902
914 916 915
917 915 916
917 916 918
918 919 917
918 920 919
920 921 919
922 910 911
923 922 911
910 922 924
924 922 925
926 916 924
926 927 916
920 918 927
928 916 927
926 929 927
920 927 930
929 930 927
920 930 931
920 931 921
932 921 931
932 933 921
932 931 934
934 931 930
932 934 935
934 930 936
929 936 930
937 921 933
937 938 921
939 938 937
940 938 939
921 938 940
941 921 940
942 941 940
942 940 943
902 942 943
944 902 943
944 901 902
943 940 945
943 945 944
940 939 945
944 945 946
915 942 902
915 947 942
947 941 942
947 948 941
948 921 941
945 939 949
945 949 946
946 949 950
946 950 951
946 951 952
901 953 952
952 953 946
901 952 900
900 952 954
900 954 955
952 951 956
952 956 954
951 957 956
951 958 957
955 898 900
955 959 898
955 954 960
955 960 961
961 897 955
961 962 897
893 897 962
893 962 963
954 956 964
954 964 960
892 893 963
892 963 965
895 892 965
895 965 966
966 967 895
968 957 958
968 969 957
968 958 970
969 968 971
968 970 971
970 972 971
973 971 972
973 974 971
973 975 974
973 976 975
976 977 975
976 978 977
979 977 978
979 980 977
980 979 981
981 979 982
982 983 978
982 978 984
976 984 978
976 985 984
970 986 972
987 988 985
987 989 988
988 989 990
988 990 991
986 991 990
992 988 991
992 993 988
993 985 988
992 994 993
992 995 994
996 994 995
994 996 997
994 997 998
998 993 994
996 995 999
998 1000 993
993 1000 985
997 1001 998
1002 1001 997
997 1003 1002
1003 997 996
1003 996 1004
1004 996 999
1005 992 991
986 1005 991
949 1005 986
949 1006 1005
950 949 986
986 970 950
1006 949 939
1006 939 1007
1005 1006 992
992 1006 1007
992 1007 995
995 1007 937
939 937 1007
995 937 999
999 937 933
999 933 1008
1004 999 1008
933 932 1008
932 935 1008
881 1009 1010
1009 881 885
1009 885 1011
885 1012 1011
885 882 1012
882 1013 1012
1013 882 967
882 883 967
967 883 895
1009 874 1010
1014 925 1015
923 1014 1015
923 1016 1014
925 1014 1017
1017 1014 1016
925 1017 1018
1017 1019 1018
1020 1019 1017
925 1018 1021
1022 925 1021
1021 1018 1023
1021 1023 1024
1024 1023 1025
1025 1026 1024
1021 1024 1026
1021 1026 1027
1021 1027 929
1021 929 1022
1022 924 925
1017 1016 1028
1029 1030 1031
1029 1031 1032
1033 1032 1031
1033 1031 1034
1029 1035 1030
1036 1033 1034
1036 1037 1033
1037 1036 1038
1037 1038 1039
1040 1039 1038
1040 1041 1039
1040 1042 1041
1043 1042 1040
1043 1040 1038
1043 1038 1044
1045 1039 1041
1045 1046 1039
1046 1045 1047
1046 1047 1048
1049 1045 1041
1045 1049 1050
1050 1047 1045
1051 1050 1049
1051 1052 1050
1050 1052 1047
1051 1053 1052
1053 1051 1054
1052 1053 1055
1055 1053 1056
1056 1053 1054
1055 1056 1057
1052 1055 1058
1052 1058 1047
1059 1055 1057
1059 1058 1055
1059 1057 1060
1059 1061 1058
1057 1062 1060
1060 1062 1063
1060 1063 1064
1064 1059 1060
1057 1065 1062
1066 1065 1057
1066 1057 1056
1063 1062 1067
1065 1067 1062
1065 1068 1067
1066 1068 1065
1069 1068 1066
1070 1056 1054
1071 1056 1070
1070 1072 1071
1070 1073 1072
1072 1073 1074
1070 1054 1075
1054 1076 1075
1054 1051 1076
1070 1075 1077
1078 1070 1077
1078 1077 1079
1051 1049 1076
1080 1073 1081
1082 1083 1084
1085 1084 1083
1035 1082 1084
1082 1035 1086
1082 1086 1087
1088 1082 1087
1088 1087 1089
1090 1089 1087
1090 1091 1089
1092 1090 1087
1092 1087 1086
1093 1090 1092
1093 1094 1090
1091 1090 1094
1091 1094 1095
1095 1096 1091
1096 1097 1091
1095 1098 1096
1096 1099 1097
1100 1097 1099
1100 1099 1101
1102 1100 1101
1101 1103 1102
1101 1104 1103
1104 1101 1099
1103 1104 1105
1106 1102 1103
1107 1106 1103
1103 1105 1107
1107 1108 1106
1109 1106 1108
1106 1110 1102
1111 1110 1106
1111 1106 1109
1102 1112 1100
1102 1110 1112
1111 1113 1110
1112 1110 1113
1111 1114 1113
1114 1111 1115
1109 1115 1111
1109 1116 1115
1114 1115 1117
1118 1114 1117
1114 1118 1085
1114 1085 1113
1113 1085 1119
1113 1119 1112
1118 1117 1120
1112 1119 1082
1112 1082 1088
1121 1122 1123
1122 1124 1123
1122 1121 1125
1122 1125 1126
1122 1126 1127
1122 1127 1124
1126 1125 1128
1128 1125 1129
1129 1130 1128
1128 1130 1131
1128 1131 1132
1126 1128 1132
1132 1133 1126
1131 1134 1132
1134 1127 1126
1131 1135 1134
1129 1136 1130
1136 1137 1130
1137 1136 1105
1137 1105 1104
1137 1138 1130
1138 1137 1139
1137 1140 1139
1138 1139 1141
1141 1139 1099
1104 1099 1142
1138 1141 1143
1099 1143 1141
1138 1143 1144
1099 1145 1143
1143 1145 1146
1146 1147 1143
1147 1144 1143
1146 1145 1148
1130 1138 1144
1130 1144 1131
1131 1144 1147
1131 1147 1135
1149 1147 1146
1149 1150 1147
1135 1147 1150
1151 1150 1149
1151 1149 1152
1135 1150 1153
1154 1153 1150
1154 1150 1151
1146 1148 1155
1146 1155 1149
1156 1155 1148
1156 1148 1098
1148 1096 1098
1157 1096 1148
1157 1158 1096
1159 1156 1098
1159 1098 1095
1095 1160 1159
1095 1094 1160
1161 1160 1094
1161 1094 1093
1160 1161 1039
1160 1039 1046
1048 1159 1160
1048 1160 1046
1156 1159 1048
1156 1048 1162
1155 1156 1162
1047 1162 1048
1047 1163 1162
1047 1058 1163
1058 1061 1163
1163 1164 1162
1163 1165 1164
1163 1061 1165
1165 1061 1166
1166 1061 1059
1166 1059 1167
1064 1167 1059
1168 1166 1167
1167 1169 1168
1169 1167 1170
1168 1169 1171
1172 1168 1171
1172 1165 1166
1172 1166 1168
1164 1165 1172
1173 1169 1170
1171 1169 1173
1173 1170 1174
1154 1173 1174
1154 1174 1175
1151 1171 1173
1151 1173 1154
1152 1172 1171
1152 1171 1151
1164 1172 1152
1164 1152 1149
1164 1149 1155
1155 1162 1164
1175 1153 1154
1175 1176 1153
1153 1176 1134
1153 1134 1135
1177 1178 1179
1179 1031 1177
1178 1180 1179
1180 1178 1044
1180 1044 1038
904 912 896
912 903 896
1181 1182 1183
1184 1182 1181
1184 1181 1185
1186 1185 1181
1187 1186 1181
1183 1182 1000
1183 1000 998
1182 1184 985
1182 985 1000
1181 1188 1187
1183 1002 1188
1181 1001 1188
956 957 1189
956 1189 964
969 1189 957
1190 1191 1192
1190 1192 1193
1194 1190 1193
1194 1193 1195
1196 1192 1191
1197 1190 1194
1197 1198 1190
1198 1191 1190
1198 1199 1191
1199 1200 1191
1191 1200 1196
1200 1201 1196
1202 1198 1197
1202 1197 1203
1203 1197 1204
1205 1199 1198
1205 1198 1202
1205 1200 1199
1202 1206 1205
1202 1207 1206
1205 1206 1208
1205 1208 1209
1205 1209 1200
1209 1210 1200
1209 1211 1210
1212 1196 1210
1196 1212 1213
1196 1213 1192
1214 1207 1202
1214 1202 1203
1215 1203 1204
1215 1214 1203
1204 1216 1215
1204 1217 1216
1217 1218 1216
1217 1219 1218
1219 1220 1218
1221 1220 1222
1222 1217 1223
1222 1223 1221
1217 1224 1223
1217 1204 1224
1224 1204 1197
1224 1197 1194
1224 1194 1225
1225 1226 1224
1225 1227 1226
1227 1228 1226
1227 1229 1228
1230 1229 1227
1231 1230 1227
1231 1227 1232
1231 1232 1194
1195 1231 1194
1233 1228 1229
1233 1229 1234
1234 1229 1230
1235 1233 1234
1235 1234 1236
1237 1236 1234
1234 1230 1237
1237 1238 1236
1238 1239 1236
1236 1239 1235
1240 1241 1242
1240 1242 1243
1244 1240 1243
1244 1245 1240
1242 1246 1243
1244 1243 1246
1242 1247 1246
1242 1248 1247
1242 1249 1248
1249 1242 1241
1250 1245 1244
1250 1244 1251
1252 1251 1244
1252 1244 1253
1254 1250 1251
1255 1254 1251
1255 1256 1254
1254 1257 1250
1244 1246 1258
1254 1259 1257
1260 1255 1253
1256 1255 1260
1260 1253 1261
1256 1260 1262
1262 1263 1256
1262 1264 1263
1265 1261 1253
1265 1253 1246
1254 1266 1259
1266 1254 1256
1263 1266 1256
1267 1259 1266
1263 1268 1266
1268 1267 1266
1269 1268 1263
1269 1263 1264
1267 1268 1270
1271 1270 1268
1268 1269 1271
1261 1265 1272
1261 1272 1273
1274 1273 1272
1274 1275 1273
1276 1272 1265
1276 1265 1277
1278 1276 1277
1278 1277 1279
1246 1277 1280
1276 1278 1281
1276 1281 1282
1282 1274 1272
1282 1272 1276
1283 1282 1281
1283 1284 1282
1274 1282 1284
1279 1277 1285
1279 1285 1286
1287 1279 1286
1287 1288 1279
1283 1281 1289
1283 1289 1290
1279 1288 1291
1279 1291 1278
1291 1289 1281
1291 1281 1278
1291 1288 1292
1291 1292 1293
1293 1289 1291
1288 1287 1294
1288 1294 1292
1295 1292 1294
1295 1296 1292
1296 1293 1292
1296 1297 1293
1298 1293 1297
1298 1290 1289
1293 1298 1289
1298 1297 1299
1298 1299 1290
1297 1296 1300
1297 1300 1301
1302 1300 1296
1302 1296 1295
1301 1300 1303
1301 1303 1304
1305 1304 1303
1305 1303 1306
1306 1303 1307
1306 1307 1302
1308 1309 1310
1249 1309 1308
1311 1310 1309
1248 1249 1308
1249 1241 1312
1312 1313 1249
1312 1314 1313
1314 1311 1313
1315 1316 1317
1315 1317 1318
1316 1315 1319
1320 1319 1315
1320 1321 1319
1321 1320 1322
1321 1322 1323
1324 1323 1322
1323 1325 1321
1325 1319 1321
1323 1326 1325
1324 1326 1323
1325 1327 1319
1319 1327 1328
1319 1328 1329
1316 1319 1329
1329 1330 1316
1329 1331 1330
1331 1329 1328
1331 1328 1332
1328 1333 1332
1328 1334 1333
1334 1328 1327
1332 1335 1331
1332 1336 1335
1335 1336 1337
1335 1337 1338
1339 1338 1337
1340 1332 1333
1340 1341 1337
1340 1342 1341
1340 1333 1342
1331 1343 1330
1331 1344 1343
1343 1344 1345
1343 1345 1346
1346 1347 1343
1343 1347 1330
1346 1348 1347
1349 1337 1341
1349 1350 1337
1351 1350 1349
1339 1352 1351
1346 1345 1353
1346 1353 1354
1354 1348 1346
1355 1354 1353
1356 1354 1355
1354 1356 1348
1316 1330 1357
1316 1357 1317
1358 1357 1330
1339 1359 1352
1360 1361 1322
1360 1322 1320
1315 1360 1320
1315 1318 1360
1322 1361 1362
1322 1362 1324
1363 1324 1362
1364 1365 1324
1324 1365 1366
1324 1366 1326
1326 1366 1367
1326 1367 1325
1366 1368 1367
1368 1369 1367
1369 1327 1325
1369 1325 1370
1334 1327 1369
1368 1274 1369
1274 1284 1369
1274 1368 1275
1246 1285 1277
1371 1372 1373
1371 1373 1374
1372 1371 1375
1372 1375 1376
1373 1372 1377
1372 1376 1377
1375 1371 1378
1379 1375 1378
1371 1374 1380
1371 1380 1381
1378 1371 1381
1382 1381 1380
1382 1383 1381
1378 1381 1383
1384 1383 1382
1384 1385 1383
1383 1385 1386
1383 1386 1387
1387 1378 1383
1388 1378 1387
1388 1387 1389
1386 1389 1387
1388 1389 1390
1391 1388 1390
1391 1392 1388
1392 1378 1388
1391 1393 1392
1394 1392 1393
1394 1393 1395
1396 1395 1393
1393 1397 1396
1391 1397 1393
1392 1394 1378
1394 1398 1378
1385 1399 1386
1400 1386 1399
1386 1400 1389
1399 1401 1400
1399 1402 1401
1403 1402 1399
1385 1403 1399
1403 1404 1402
1405 1402 1404
1406 1401 1402
1406 1402 1407
1407 1402 1408
1408 1404 1409
1408 1409 1410
1404 1411 1409
1411 1404 1412
1413 1411 1412
1384 1413 1412
1384 1412 1385
1414 1415 1416
1414 1417 1415
1414 1418 1417
1414 1419 1418
1420 1416 1415
1421 1420 1415
1422 1420 1421
1422 1423 1420
1421 1415 1424
1415 1417 1424
1423 1425 1420
1420 1425 1416
1426 1416 1425
1426 1425 1427
1427 1425 1428
1423 1428 1425
1427 1428 1429
1430 1416 1426
1431 1421 1424
1422 1421 1431
1431 1424 1432
1433 1428 1423
1433 1423 1434
1423 1422 1435
1423 1435 1434
1436 1429 1428
1436 1428 1433
1437 1433 1434
1437 1436 1433
1437 1434 1438
1438 1434 1435
1439 1437 1438
1439 1438 1440
1440 1441 1439
1440 1442 1441
1443 1441 1442
1443 1442 1444
1444 1445 1443
1444 1446 1445
1446 1447 1445
1447 1448 1445
1448 1443 1445
1447 1446 1449
1450 1449 1446
1450 1446 1444
1448 1451 1443
1451 1441 1443
1451 1452 1441
1452 1439 1441
1453 1442 1440
1453 1454 1442
1444 1442 1454
1444 1454 1450
1452 1455 1439
1455 1437 1439
1455 1456 1437
1437 1456 1436
1457 1453 1440
1457 1440 1438
1438 1435 1457
1422 1458 1435
1459 1458 1422
1422 1431 1459
1459 1460 1458
1460 1461 1458
1461 1435 1458
1460 1462 1461
1462 1463 1461
1461 1463 1464
1461 1464 1435
1465 1414 1430
1414 1465 1419
1414 1416 1430
1466 1432 1424
1417 1466 1424
1467 1466 1417
1417 1418 1467
1467 1418 1468
1467 1468 1469
1467 1469 1470
1470 1466 1467
1471 1472 1473
1472 1471 1474
1472 1474 1475
1475 1474 1476
1475 1476 1477
1474 1478 1476
1476 1479 1477
1480 1479 1476
1480 1476 1481
1478 1481 1476
1480 1481 1482
1483 1479 1480
1482 1483 1480
1483 1484 1479
1485 1484 1483
1485 1486 1484
1487 1486 1485
1487 1488 1486
1482 1481 1489
1489 1481 1478
1482 1489 1490
1490 1491 1482
1482 1491 1483
1491 1485 1483
1490 1492 1491
1492 1493 1491
1491 1493 1485
1492 1494 1493
1487 1495 1493
1487 1493 1496
1497 1496 1494
1497 1494 1498
1498 1494 1499
1498 1499 1500
1500 1499 1501
1500 1501 1502
1502 1503 1500
1502 1504 1503
1505 1498 1500
1505 1500 1503
1506 1504 1502
1506 1507 1504
1507 1506 1508
1509 1506 1502
1509 1502 1501
1506 1509 1510
1511 1496 1497
1497 1512 1511
1511 1512 1513
1511 1513 1514
1511 1514 1515
1515 1496 1511
1515 1487 1496
1516 1514 1513
1516 1517 1514
1514 1517 1515
1518 1515 1517
1487 1515 1518
1517 1519 1518
1519 1517 1516
1488 1487 1518
1520 1521 1512
1520 1522 1521
1520 1498 1522
1473 1523 1524
1473 1524 1525
1525 1524 1474
1524 1478 1474
1526 1478 1524
1489 1478 1526
1526 1524 1527
1528 1529 1494
1530 1531 1532
1530 1532 1533
1532 1531 1534
1533 1532 1535
1536 1531 1530
1536 1537 1531
1537 1534 1531
1530 1533 1538
1538 1533 1539
1533 1535 1539
1530 1538 1540
1540 1538 1541
1538 1542 1541
1538 1543 1542
1543 1538 1539
1541 1542 1544
1541 1544 1545
1546 1541 1545
1540 1541 1546
1546 1545 1547
1547 1545 1548
1547 1548 1549
1550 1549 1548
1548 1551 1550
1551 1548 1545
1551 1545 1544
1537 1536 1552
1537 1552 1553
1540 1554 1530
1552 1536 1554
1530 1554 1536
1552 1554 1555
1556 1555 1554
1556 1557 1555
1557 1556 1558
1557 1558 1559
1559 1558 1560
1558 1561 1560
1556 1561 1558
1556 1562 1561
1562 1556 1554
1540 1562 1554
1563 1537 1553
1534 1537 1563
1564 1534 1563
1564 1565 1534
1566 1534 1565
1567 1565 1564
1567 1564 1568
1532 1534 1566
1532 1566 1535
1567 1568 1569
1570 1571 1572
1572 1571 1573
1572 1573 1574
1574 1573 1575
1574 1575 1576
1577 1576 1575
1577 1575 1578
1578 1579 1577
1578 1580 1579
1579 1580 1581
1579 1581 1582
1583 1582 1581
1583 1581 1584
1583 1584 1585
1586 1576 1577
1586 1577 1587
1587 1577 1579
1587 1579 1588
1589 1588 1579
1589 1579 1582
1589 1582 1583
1590 1586 1587
1590 1587 1591
1588 1591 1587
1588 1592 1591
1592 1588 1589
1583 1593 1589
1594 1586 1590
1594 1595 1586
1576 1586 1595
1576 1595 1574
1596 1595 1594
1596 1597 1595
1574 1595 1597
1596 1598 1597
1574 1597 1572
1597 1570 1572
1599 1600 1589
1601 1600 1599
1602 1600 1601
1599 1603 1601
1601 1603 1604
1601 1604 1605
1602 1601 1605
1599 1606 1603
1607 1602 1605
1607 1608 1602
1609 1608 1607
1610 1607 1605
1610 1605 1604
1607 1610 1611
1589 1606 1599
1589 1612 1606
1613 1612 1589
1613 1614 1612
1613 1615 1614
1616 1617 1618
1616 1618 1619
1620 1618 1617
1620 1621 1618
1622 1617 1616
1622 1623 1617
1622 1624 1623
1623 1624 1625
1617 1623 1625
1617 1625 1620
1618 1621 1626
1618 1626 1627
1627 1619 1618
1627 1626 1628
1627 1628 1629
1630 1619 1627
1630 1627 1629
1629 1628 1631
1632 1629 1631
1632 1631 1633
1634 1629 1632
1634 1635 1629
1629 1635 1636
1629 1636 1637
1637 1638 1629
1637 1636 1639
1637 1639 1640
1640 1638 1637
1640 1641 1638
1642 1641 1640
1642 1640 1643
1644 1642 1643
1643 1645 1644
1640 1639 1645
1640 1645 1643
1631 1646 1633
1628 1646 1631
1628 1647 1646
1648 1647 1628
1648 1628 1626
1649 1648 1626
1649 1626 1621
1621 1650 1649
1621 1620 1650
1651 1650 1620
1651 1620 1625
1624 1651 1625
1652 1653 1654
1655 1652 1654
1656 1657 1658
1658 1657 1659
1660 1659 1657
1660 1657 1656
1660 1661 1659
1658 1659 1662
1661 1663 1659
1662 1659 1663
1661 1664 1663
1662 1663 1665
1666 1665 1663
1666 1663 1667
1668 1667 1663
1663 1664 1668
1668 1669 1667
1667 1670 1666
1667 1671 1670
1669 1671 1667
1669 1672 1671
1669 1673 1672
1669 1674 1673
1669 1675 1674
1675 1676 1674
1675 1677 1676
1678 1676 1677
1678 1679 1676
1679 1678 1680
1680 1681 1679
1679 1681 1682
1679 1682 1676
1674 1676 1682
1674 1682 1683
1684 1674 1683
1684 1683 1685
1685 1686 1684
1685 1687 1686
1686 1688 1673
1686 1689 1688
1686 1687 1690
1690 1687 1691
1690 1691 1692
1693 1689 1686
1693 1686 1690
1693 1690 1692
1693 1692 1694
1692 1691 1695
1694 1692 1695
1696 1697 1698
1696 1698 1699
1700 1698 1697
1701 1698 1700
1702 1701 1700
1702 1703 1701
1701 1704 1698
1704 1699 1698
1703 1705 1701
1704 1701 1705
1703 1706 1705
1707 1705 1706
1708 1705 1707
1708 1709 1705
1704 1705 1709
1700 1697 1710
1710 1702 1700
1711 1702 1710
1709 1708 1712
1709 1712 1713
1704 1714 1699
1709 1713 1714
1709 1714 1704
1706 1715 1707
1716 1713 1712
1716 1717 1713
1717 1714 1713
1717 1716 1718
1717 1718 1719
1717 1719 1714
1720 1714 1719
1720 1719 1721
1719 1718 1721
1722 1720 1721
1723 1722 1721
1723 1721 1724
1721 1718 1725
1721 1725 1726
1721 1726 1727
1721 1727 1724
1728 1726 1725
1728 1729 1726
1729 1727 1726
1730 1729 1728
1730 1731 1729
1729 1731 1727
1696 1722 1723
1696 1699 1722
1720 1722 1699
1720 1699 1714
1732 1733 1734
1732 1734 1735
1734 1736 1735
1735 1736 1737
1735 1737 1738
1732 1735 1738
1737 1739 1738
1739 1740 1738
1732 1738 1740
1739 1741 1740
1737 1742 1739
1742 1743 1739
1741 1739 1743
1742 1744 1743
1741 1743 1745
1734 1746 1736
1747 1736 1746
1747 1748 1736
1749 1748 1747
1749 1750 1748
1751 1747 1746
1751 1752 1747
1753 1747 1752
1753 1754 1747
1743 1744 1755
1745 1743 1755
1750 1749 1756
1750 1756 1757
1756 1758 1757
1759 1756 1749
1759 1749 1753
1759 1760 1756
1761 1752 1762
1763 1762 1752
1761 1762 1764
1764 1762 1765
1764 1765 1766
1767 1761 1764
1767 1764 1768
1769 1770 1771
1771 1772 1769
1771 1773 1772
1773 1774 1772
1773 1775 1774
1776 1771 1770
1776 1777 1771
1771 1777 1778
1771 1778 1779
1780 1775 1779
1780 1779 1778
1780 1781 1775
1770 1782 1776
1781 1783 1775
1775 1783 1774
1774 1783 1784
1783 1785 1784
1786 1774 1784
1787 1786 1784
1784 1785 1787
1788 1786 1787
1789 1788 1787
1790 1786 1788
1791 1788 1789
1792 1791 1789
1792 1793 1791
1791 1793 1794
1791 1794 1795
1796 1788 1791
1796 1791 1795
1796 1790 1788
1794 1793 1797
1797 1793 1792
1797 1792 1798
1799 1797 1798
1797 1799 1800
1800 1794 1797
1799 1798 1801
1801 1802 1799
1802 1803 1799
1799 1804 1800
1805 1806 1807
1807 1808 1805
1807 1809 1808
1807 1810 1809
1807 1811 1810
1807 1812 1811
1807 1806 1813
1807 1813 1812
1814 1812 1813
1814 1815 1812
1815 1811 1812
1815 1814 1816
1815 1816 1817
1818 1814 1813
1818 1813 1819
1813 1820 1819
1818 1819 1821
1821 1822 1818
1818 1822 1823
1818 1823 1824
1818 1824 1814
1816 1814 1824
1821 1825 1822
1826 1825 1821
1826 1827 1825
1823 1828 1824
1828 1816 1824
1829 1827 1826
1826 1830 1829
1821 1819 1830
1821 1830 1826
1831 1815 1817
1831 1832 1815
1815 1832 1811
1833 1834 1806
1834 1835 1806
1834 1836 1835
1837 1838 1839
1839 1838 1840
1839 1840 1841
1842 1839 1841
1842 1843 1839
1844 1839 1843
1842 1845 1843
1842 1841 1846
1842 1846 1847
1848 1847 1846
1848 1849 1847
1849 1848 1850
1849 1850 1851
1852 1851 1850
1852 1853 1851
1853 1852 1854
1853 1854 1855
1854 1856 1855
1856 1857 1855
1856 1858 1857
1858 1856 1859
1860 1859 1856
1854 1860 1856
1861 1853 1855
1861 1855 1857
1862 1853 1861
1862 1861 1863
1849 1862 1863
1849 1863 1864
1865 1849 1864
1865 1847 1849
1865 1842 1847
1845 1842 1866
1866 1867 1845
1868 1867 1866
1868 1869 1867
1870 1869 1868
1866 1871 1868
1871 1870 1868
1866 1872 1871
1873 1872 1866
1874 1875 1876
1875 1874 1877
1876 1878 1874
1878 1879 1874
1874 1879 1880
1879 1881 1880
1874 1880 1882
1874 1882 1877
1878 1883 1879
1883 1881 1879
1884 1881 1883
1876 1875 1885
1875 1886 1885
1875 1887 1886
1886 1887 1888
1887 1889 1888
1887 1890 1889
1891 1890 1887
1891 1887 1875
1875 1892 1891
1893 1894 1675
1672 1895 1671
1670 1671 1895
1896 1897 1898
1899 1900 1898
1899 1896 1901
1899 1901 1902
1902 1900 1897
1903 1902 1901
1904 1902 1903
1902 1904 1900
1903 1901 1905
1905 1906 1903
1906 1905 1907
1906 1907 1908
1909 1906 1908
1906 1909 1910
1910 1904 1903
1910 1903 1906
1911 1908 1907
1911 1912 1908
1908 1912 1913
1909 1908 1913
1914 1915 1912
1914 1912 1916
1916 1917 1914
1914 1917 1918
1914 1918 1919
1919 1915 1914
1919 1918 1920
1919 1920 1921
1916 1922 1917
1919 1923 1915
1921 1923 1919
1921 1924 1923
1924 1921 1925
1921 1920 1925
1926 1927 1928
1929 1928 1927
1929 1930 1928
1930 1929 1931
1930 1931 1932
1933 1928 1930
1933 1930 1934
1933 1935 1928
1936 1928 1935
1930 1937 1934
1938 1939 1940
1938 1941 1939
1940 1939 1942
1939 1943 1942
1939 1941 1943
1943 1941 1944
1945 1946 1947
1948 1946 1945
1949 1948 1945
1949 1945 1950
1949 1950 1951
1952 1948 1949
1951 1952 1949
1945 1953 1950
1954 1953 1945
1955 1956 1957
1957 1956 1958
1957 1958 1959
1960 1959 1958
1961 1960 1958
1961 1958 1962
1958 1956 1962
1962 1963 1961
1956 1963 1962
1963 1964 1961
1960 1965 1959
1956 1966 1963
1967 1966 1956
1968 1960 1961
1961 1969 1968
1961 1964 1969
1970 1960 1968
1971 1970 1968
1968 1972 1971
1973 1972 1968
1973 1968 1969
1974 1973 1969
1974 1969 1964
1964 1975 1974
1976 1974 1975
1974 1976 1973
1976 1975 1977
1978 1976 1977
1978 1977 1979
1980 1976 1978
1976 1980 1973
1978 1979 1981
1978 1981 1982
1982 1980 1978
1983 1982 1981
1983 1984 1982
1983 1985 1984
1983 1986 1985
1985 1986 1987
1985 1988 1984
1985 1989 1988
1990 1989 1985
1985 1987 1990
1991 1989 1990
1991 1990 1992
1991 1992 1993
1991 1993 1994
1995 1993 1992
1995 1996 1993
1997 1996 1995
1997 1998 1996
1997 1999 1998
1997 2000 1999
1999 2000 2001
2000 2002 2001
2001 2002 2003
2000 2004 2002
2004 2000 1997
2002 2004 2005
2002 2005 2006
2006 2003 2002
2004 2007 2005
2004 2008 2007
1997 1995 2008
2008 2004 1997
2009 2007 2008
2001 2003 2010
2011 2010 2003
2012 2010 2011
2012 2011 2013
2011 2003 2014
2011 2014 2015
2015 2013 2011
2001 2010 2016
2016 2010 2012
2016 2012 2017
2016 2017 2018
2016 2018 2019
2019 1999 2016
2019 2020 1999
2019 2018 2021
2019 2021 2022
2021 2023 2022
1999 2001 2016
2024 2025 2019
2024 2019 2026
2026 2023 2024
2014 2003 2027
2006 2027 2003
2014 2027 2028
1987 2009 2029
1987 2029 1990
2008 2029 2009
1992 2029 2008
1990 2029 1992
1992 2008 1995
2030 2031 1960
2030 1960 2032
2032 2033 2030
2034 2033 2032
2034 2032 1970
1970 2032 1960
1991 2035 1989
1994 2035 1991
1994 2036 2035
2036 2037 2035
1989 2035 2037
2036 2038 2037
1989 2037 1988
2039 1988 2037
1984 1988 2039
1984 2039 1982
1982 2039 1980
2039 2037 2040
2040 1980 2039
2040 2037 2041
2038 2041 2037
2040 2042 1980
2042 2040 2041
2042 1973 1980
2042 1972 1973
2043 2042 2041
2043 1972 2042
2044 1972 2043
1971 1972 2044
2045 2046 2047
2045 2047 2048
2049 2046 2045
2048 2047 2050
2048 2050 2051
2051 2050 2052
2051 2052 2053
2052 2054 2053
2052 2055 2054
2056 2054 2055
2056 2057 2054
2057 2056 2058
2057 2058 2059
2060 2059 2058
2060 2061 2059
2061 2060 2062
2063 2058 2056
2056 2055 2063
2063 2055 2052
2063 2064 2058
2063 2052 2065
2050 2065 2052
2065 2066 2063
2067 2063 2066
2067 2068 2063
2064 2063 2068
2069 2066 2065
2066 2070 2067
2066 2071 2070
2072 2071 2066
2072 2066 2073
2074 2071 2072
2074 2070 2071
2074 2072 2075
2074 2076 2070
2076 2074 2077
2074 2078 2077
2064 2068 2079
2080 2064 2079
2080 2081 2064
2081 2058 2064
2081 2060 2058
2081 2082 2060
2060 2082 2062
2082 2083 2062
2081 2084 2082
2084 2085 2082
2084 2086 2085
2084 2087 2086
2084 2088 2087
2081 2080 2088
2081 2088 2084
2089 2090 2091
2092 2093 2091
2093 2092 2094
2093 2094 2095
2092 2091 2096
2097 2098 2099
2099 2098 2100
2099 2100 2101
2102 2100 2098
2100 2103 2101
2100 2104 2103
2105 2104 2100
2105 2100 2102
2104 2106 2103
2106 2107 2103
2108 2106 2104
2109 2106 2108
2110 2107 2106
2111 2106 2109
2111 2110 2106
2111 2112 2110
2112 2111 2113
2110 2114 2107
2112 2114 2110
2115 2114 2112
2112 2116 2115
2117 2116 2112
2117 2112 2118
2112 2113 2118
2119 2117 2118
2119 2120 2117
2121 2120 2119
2121 2119 2122
2123 2121 2122
2123 2122 2124
2123 2124 2125
2123 2125 2126
2125 2127 2126
2128 2127 2125
2128 2047 2127
2129 2047 2128
2130 2129 2128
2130 2131 2129
2129 2131 2047
2130 2132 2131
2133 2124 2122
2125 2124 2133
2122 2134 2133
2133 2135 2125
2128 2125 2135
2128 2135 2136
2136 2130 2128
2122 2137 2134
2132 2138 2131
2132 2069 2138
2131 2138 2050
2047 2131 2050
2050 2138 2065
2138 2069 2065
2122 2119 2137
2137 2119 2118
2137 2118 2113
2139 2140 2141
2139 2141 2142
2143 2142 2144
2145 2146 2147
2145 2147 2148
2145 2148 2149
2145 2149 2108
2149 2148 2150
2148 2151 2150
2152 2153 2154
2152 2154 2155
2152 2155 2156
2152 2156 2157
2157 2156 2158
2159 2158 2156
2159 2156 2155
2157 2158 2160
2159 2155 2161
2161 2155 2154
2161 2154 2162
2154 2163 2162
2154 2164 2163
2153 2164 2154
2153 2165 2164
2166 2157 2160
2166 2167 2157
2167 2168 2157
2169 2165 2153
2170 2169 2153
2170 2153 2152
2152 2168 2170
2157 2168 2152
2169 2171 2165
2164 2172 2163
2164 2173 2172
2173 2164 2165
2173 2174 2172
2173 2175 2174
2175 2176 2174
2175 2177 2176
2177 2175 2178
2178 2175 2173
2177 2178 2179
2178 2173 2180
2181 2179 2178
2181 2178 2182
2178 2180 2183
2178 2183 2182
2171 2183 2180
2177 2184 2176
2177 2185 2184
2185 2177 2179
2184 2185 2186
2185 2187 2186
2185 2188 2187
2185 2179 2188
2188 2179 2181
2189 2186 2187
2189 2190 2186
2184 2186 2191
2191 2186 2190
2188 2181 2192
2188 2192 2187
2192 2193 2187
2189 2187 2193
2194 2190 2189
2194 2195 2190
2194 2196 2195
2197 2195 2196
2197 2196 2198
2198 2196 2199
2198 2199 2200
2196 2201 2199
2196 2202 2201
2194 2202 2196
2203 2190 2195
2203 2195 2197
2191 2190 2203
2204 2189 2193
2189 2204 2194
2204 2205 2194
2194 2205 2202
2206 2207 2200
2206 2208 2207
2206 2209 2208
2206 2210 2209
2208 2209 2211
2207 2212 2211
2171 2180 2165
2173 2165 2180
2169 2213 2171
2169 2214 2213
2169 2215 2214
2169 2170 2215
2168 2215 2170
2168 2216 2215
2217 2214 2215
2217 2215 2216
2217 2218 2214
2217 2216 2219
2220 2213 2214
2220 2214 2218
2219 2216 2221
2219 2221 2222
2222 2221 2223
2223 2221 2167
2216 2168 2167
2216 2167 2221
2223 2167 2166
2166 2224 2223
2166 2225 2224
2223 2224 2226
2224 2227 2226
2224 2228 2227
2225 2228 2224
2227 2228 2229
2223 2226 2230
2222 2223 2230
2229 2231 2227
2229 2232 2231
2232 2233 2231
2232 2234 2233
2235 2234 2232
2235 2236 2234
2234 2237 2233
2234 2238 2237
2238 2234 2236
2239 2237 2238
2239 2240 2237
2239 2241 2240
2239 2242 2241
2241 2242 2243
2241 2243 2244
2243 2242 2245
2246 2242 2239
2242 2246 2245
2247 2244 2243
2247 2248 2244
2247 2249 2248
2247 2250 2249
2249 2250 2251
2249 2251 2252
2253 2252 2251
2250 2247 2254
2254 2247 2243
2254 2243 2245
2250 2254 2255
2251 2250 2255
2255 2256 2251
2253 2251 2256
2256 2257 2253
2253 2257 2258
2253 2258 2259
2253 2260 2252
2253 2259 2260
2259 2261 2260
2246 2239 2262
2239 2263 2262
2239 2238 2263
2238 2236 2263
2264 2158 2159
2158 2265 2266
2265 2267 2266
2158 2266 2160
2166 2160 2266
2166 2266 2225
2268 2225 2266
2225 2268 2228
2268 2229 2228
2268 2269 2229
2270 2269 2268
2270 2266 2267
2268 2266 2270
2267 2271 2270
2270 2271 2269
2235 2269 2271
2232 2229 2269
2232 2269 2235
2272 2273 2274
2272 2274 2275
2274 2273 2276
2274 2276 2277
2278 2277 2276
2278 2279 2277
2278 2280 2279
2278 2281 2280
2281 2282 2280
2281 2283 2282
2283 2284 2282
2273 2272 2285
2286 2285 2272
2286 2287 2285
2287 2286 2288
2287 2288 2289
2289 2288 2290
2291 2278 2276
2292 2291 2276
2273 2285 2292
2292 2276 2273
2293 2283 2281
2293 2281 2294
2281 2295 2294
2291 2295 2278
2281 2278 2295
2288 2286 2296
2296 2286 2272
2296 2272 2275
2288 2296 2297
2298 2288 2297
2298 2299 2288
2298 2300 2299
2299 2300 2301
2299 2301 2290
2290 2288 2299
2302 2300 2298
2301 2300 2303
2301 2303 2304
2304 2303 2305
2304 2305 2306
2306 2305 2307
2306 2307 2308
2309 2305 2303
2307 2305 2309
2309 2303 2310
2300 2310 2303
2300 2302 2310
2307 2309 2311
2308 2307 2312
2307 2311 2313
2307 2313 2312
2313 2314 2312
2315 2312 2314
2308 2312 2315
2313 2316 2314
2317 2314 2316
2317 2318 2314
2318 2319 2314
2315 2314 2319
2318 2320 2319
2321 2320 2318
2321 2322 2320
2322 2321 2323
2323 2321 2324
2324 2321 2318
2324 2318 2317
2325 2284 2326
2325 2326 2327
2326 2284 2283
2326 2283 2293
2328 2325 2327
2328 2329 2325
2330 2284 2331
2284 2330 2282
2332 2333 2334
2332 2334 2335
2332 2336 2333
2332 2337 2336
2334 2338 2335
2334 2339 2338
2340 2338 2339
2340 2341 2338
2341 2342 2338
2332 2335 2343
2332 2343 2344
2337 2332 2344
2335 2338 2345
2335 2345 2343
2338 2342 2345
2343 2346 2344
2343 2347 2346
2348 2344 2346
2348 2349 2344
2337 2344 2349
2343 2345 2350
2343 2350 2347
2351 2346 2347
2351 2347 2352
2353 2348 2346
2353 2346 2351
2348 2353 2354
2348 2354 2355
2349 2348 2355
2347 2350 2356
2347 2356 2352
2353 2357 2354
2353 2358 2357
2352 2359 2351
2359 2358 2353
2359 2353 2351
2352 2360 2359
2356 2360 2352
2356 2361 2360
2350 2362 2356
2350 2363 2362
2350 2345 2363
2345 2364 2363
2345 2342 2364
2365 2361 2356
2365 2356 2362
2362 2363 2366
2366 2365 2362
2354 2357 2367
2354 2367 2368
2363 2369 2366
2363 2370 2369
2363 2371 2370
2371 2372 2370
2371 2373 2372
2373 2371 2374
2373 2374 2375
2376 2373 2375
2371 2377 2374
2373 2378 2372
2354 2368 2355
2379 2380 2381
2379 2381 2382
2383 2379 2382
2381 2380 2384
2381 2384 2385
2384 2380 2386
2380 2379 2387
2379 2383 2387
2380 2387 2388
2389 2385 2384
2385 2389 2390
2391 2392 2393
2393 2392 2394
2393 2394 2395
2391 2393 2396
2391 2396 2397
2391 2397 2398
2399 2398 2397
2399 2397 2400
2401 2399 2400
2401 2400 2402
2402 2403 2401
2402 2404 2403
2403 2404 2405
2403 2405 2406
2407 2406 2405
2407 2405 2408
2409 2407 2408
2409 2408 2410
2411 2409 2410
2411 2410 2412
2412 2413 2411
2412 2414 2413
2415 2413 2414
2415 2414 2416
2416 2414 2417
2417 2414 2412
2416 2417 2418
2417 2412 2419
2412 2410 2420
2412 2420 2419
2410 2408 2421
2410 2421 2420
2421 2408 2422
2423 2415 2416
2423 2424 2415
2425 2424 2423
2425 2426 2424
2426 2425 2427
2426 2427 2428
2429 2428 2427
2429 2427 2430
2425 2423 2431
2431 2423 2416
2431 2416 2418
2425 2431 2432
2427 2425 2432
2427 2432 2433
2434 2427 2433
2434 2435 2427
2429 2435 2436
2429 2436 2437
2438 2437 2436
2438 2436 2439
2439 2440 2438
2439 2441 2440
2440 2441 2442
2443 2436 2435
2443 2435 2434
2439 2436 2443
2439 2443 2444
2439 2444 2445
2439 2445 2441
2446 2441 2445
2446 2447 2441
2441 2447 2442
2448 2442 2447
2448 2447 2449
2446 2449 2447
2449 2450 2448
2449 2451 2450
2446 2452 2449
2449 2452 2453
2449 2453 2451
2454 2450 2451
2454 2455 2450
2454 2456 2455
2454 2457 2456
2457 2458 2456
2457 2459 2458
2458 2459 2460
2457 2454 2461
2461 2454 2451
2461 2451 2453
2457 2461 2462
2463 2459 2457
2463 2457 2462
2460 2459 2463
2464 2465 2466
2464 2466 2467
2465 2468 2466
2465 2469 2468
2470 2468 2469
2470 2471 2468
2472 2471 2470
2472 2470 2473
2474 2472 2473
2474 2473 2475
2476 2474 2475
2476 2475 2422
2464 2467 2477
2408 2476 2422
2478 2395 2479
2480 2481 2482
2482 2481 2483
2481 2480 2484
2480 2485 2484
2486 2485 2480
2487 2481 2484
2487 2483 2481
2487 2488 2483
2484 2485 2489
2486 2480 2490
2491 2486 2490
2484 2489 2492
2487 2484 2492
2492 2493 2487
2489 2494 2492
2495 2487 2493
2495 2488 2487
2492 2494 2496
2492 2496 2493
2493 2496 2497
2497 2498 2493
2498 2495 2493
2499 2491 2490
2499 2500 2491
2501 2499 2490
2502 2491 2500
2503 2502 2500
2504 2503 2500
2501 2490 2480
2505 2501 2480
2505 2480 2482
2499 2506 2500
2507 2500 2506
2507 2504 2500
2508 2504 2507
2509 2508 2507
2509 2510 2508
2509 2511 2510
2511 2512 2510
2508 2510 2513
2510 2514 2513
2510 2515 2514
2512 2515 2510
2514 2515 2516
2508 2513 2517
2508 2517 2504
2518 2516 2515
2518 2515 2512
2519 2516 2518
2519 2518 2520
2509 2507 2521
2521 2507 2506
2183 2522 2182
2181 2182 2522
2181 2522 2523
2524 2523 2522
2525 2524 2522
2522 2526 2525
2522 2527 2526
2183 2527 2522
2528 2524 2525
2525 2526 2529
2525 2529 2530
2531 2528 2525
2531 2525 2530
2531 2532 2528
2531 2533 2532
2529 2526 2220
2526 2527 2213
2220 2526 2213
2534 2524 2528
2534 2528 2532
2534 2523 2524
2532 2533 2535
2532 2535 2536
2534 2532 2536
2537 2536 2535
2537 2538 2536
2537 2539 2538
2537 2540 2539
2541 2536 2538
2541 2538 2539
2541 2542 2536
2534 2536 2542
2543 2534 2542
2543 2542 2544
2541 2539 2545
2541 2545 2546
2547 2546 2545
2547 2545 2548
2548 2545 2539
2548 2539 2549
2547 2548 2550
2548 2549 2550
2540 2551 2539
2540 2552 2551
2553 2551 2552
2544 2542 2554
2544 2554 2555
2556 2555 2554
2557 2555 2556
2557 2544 2555
2557 2556 2558
2558 2556 2559
2556 2560 2559
2556 2561 2560
2556 2554 2561
2558 2559 2562
2559 2560 2563
2559 2563 2564
2562 2559 2564
2564 2563 2565
2564 2565 2566
2567 2566 2565
2568 2566 2567
2569 2564 2566
2569 2566 2568
2562 2564 2569
2557 2570 2544
2543 2544 2570
2543 2570 2571
2181 2543 2571
2181 2523 2543
2534 2543 2523
2572 2573 2574
2572 2574 2575
2572 2575 2576
2574 2573 2577
2574 2577 2578
2578 2577 2579
2578 2579 2580
2581 2582 2583
2527 2183 2171
2527 2171 2213
2584 2585 2586
2585 2587 2586
2588 2589 2585
2589 2588 2590
2585 2589 2591
2589 2590 2592
2593 2591 2589
2593 2589 2592
2592 2590 2594
2595 2596 2597
2597 2598 2595
2598 2597 2497
2595 2598 2599
2599 2600 2595
2600 2599 2601
2601 2599 2602
2602 2599 2598
2602 2598 2497
2601 2602 2603
2604 2603 2602
2604 2602 2496
2497 2496 2602
2494 2604 2496
2597 2498 2497
2595 2605 2606
2607 2608 2609
2607 2610 2608
2611 2608 2610
2607 2612 2610
2607 2613 2612
2612 2614 2610
2611 2610 2614
2612 2615 2614
2612 2613 2616
2615 2612 2616
2617 2608 2611
2617 2618 2608
2614 2619 2611
2617 2611 2619
2617 2619 2620
2621 2622 2623
2624 2625 2626
2625 2624 2627
2625 2627 2628
2627 2629 2628
2628 2629 2630
2631 2625 2628
2631 2628 2630
2632 2625 2631
2633 2634 2632
2626 2634 2633
2635 2636 2637
2635 2637 2638
2638 2637 2639
2640 2641 2642
2641 2643 2642
2643 2644 2642
2644 2643 2645
2646 2647 2648
2646 2648 2649
2646 2650 2647
2646 2651 2650
2652 2646 2649
2652 2653 2646
2654 2651 2646
2654 2646 2653
2652 2655 2653
2653 2656 2654
2657 2658 2659
2658 2660 2659
2659 2660 2661
2661 2662 2659
2661 2663 2662
2664 2657 2659
2491 2502 2486
2665 2666 2667
2665 2667 2668
2669 2666 2665
2669 2670 2666
2670 2669 2671
2667 2672 2668
2672 2673 2668
2674 2668 2673
2674 2675 2668
2668 2675 2665
2665 2675 2676
2676 2669 2665
2675 2674 2677
2675 2677 2676
2670 2671 2678
2679 2678 2671
2679 2671 2680
2680 2671 2681
2676 2682 2681
2682 2680 2681
2683 2680 2682
2683 2684 2680
2685 2683 2682
2685 2682 2676
2686 2685 2676
2687 2686 2676
2687 2676 2688
2686 2689 2685
2687 2690 2686
2686 2690 2689
2679 2691 2678
2691 2679 2692
2691 2692 2693
2694 2692 2679
2694 2679 2695
2684 2695 2680
2696 2692 2694
2693 2692 2696
2696 2694 2697
2697 2698 2696
2698 2699 2696
2693 2696 2699
2698 2700 2699
2698 2701 2700
2701 2698 2702
2697 2702 2698
2701 2702 2703
2704 2701 2703
2704 2705 2701
2706 2705 2704
2704 2703 2707
2708 2707 2703
2706 2704 2709
2709 2704 2710
2710 2704 2707
2707 2711 2710
2707 2708 2711
2712 2706 2709
2712 2709 2713
2713 2709 2714
2715 2713 2714
2715 2714 2716
2713 2715 2717
2713 2717 2712
2703 2702 2718
2718 2719 2703
2708 2703 2719
2720 2719 2718
2721 2720 2718
2721 2718 2722
2722 2718 2702
2722 2702 2697
2722 2723 2721
2722 2724 2723
2697 2694 2724
2725 2724 2694
2725 2694 2695
2724 2725 2726
2724 2726 2723
2697 2724 2727
2684 2728 2695
2684 2726 2728
2695 2679 2680
2729 2730 2731
2731 2732 2729
2731 2733 2732
2729 2734 2730
2730 2734 2735
2736 2730 2735
2736 2737 2730
2738 2737 2736
2738 2736 2739
2740 2739 2736
2740 2736 2741
2739 2742 2738
2740 2742 2739
2729 2732 2743
2729 2743 2744
2734 2729 2744
2734 2744 2745
2744 2746 2745
2744 2747 2746
2745 2746 2715
2746 2717 2715
2746 2748 2717
2747 2748 2746
2745 2715 2716
2745 2716 2749
2749 2716 2750
2749 2750 2751
2745 2749 2734
2734 2749 2752
2752 2749 2753
2749 2751 2753
2753 2751 2711
2753 2754 2752
2747 2755 2748
2747 2756 2755
2747 2757 2756
2744 2757 2747
2744 2743 2757
2757 2758 2756
2757 2759 2758
2759 2760 2758
2759 2761 2760
2762 2761 2759
2761 2762 2763
2763 2760 2761
2759 2764 2762
2757 2743 2765
2757 2765 2759
2759 2765 2764
2764 2765 2766
2765 2732 2766
2765 2743 2732
2733 2767 2732
2768 2767 2733
2769 2770 2735
2735 2771 2769
2735 2770 2736
2736 2770 2741
2701 2705 2772
2701 2772 2700
2700 2772 2773
2700 2773 2699
2773 2774 2699
2699 2774 2775
2699 2775 2693
2776 2693 2775
2776 2691 2693
2678 2691 2776
2678 2776 2777
2670 2678 2777
2751 2710 2711
2710 2751 2709
2751 2750 2709
2778 2779 2780
2778 2781 2779
2778 2782 2781
2778 2783 2782
2778 2784 2783
2778 2785 2784
2778 2786 2785
2778 2787 2786
2778 2788 2787
2778 2789 2788
2778 2790 2789
2778 2791 2790
2778 2792 2791
2778 2793 2792
2778 2794 2793
2780 2779 2795
2780 2795 2796
2781 2797 2795
2785 2786 2798
2785 2798 2799
2786 2800 2798
2786 2801 2800
2802 2788 2789
2802 2803 2788
2789 2790 2804
2789 2804 2802
2804 2805 2791
2804 2791 2806
2791 2792 2807
2793 2807 2792
2791 2807 2806
2793 2808 2807
2778 2809 2794
2778 2810 2809
2778 2811 2810
2778 2812 2811
2778 2780 2812
2794 2809 2813
2813 2809 2810
2794 2813 2814
2793 2794 2814
2793 2814 2808
2813 2810 2815
2816 2811 2812
2816 2817 2811
2818 2811 2817
2818 2817 2815
2812 2780 2796
2812 2796 2816
2781 2795 2779
2781 2782 2819
2781 2819 2797
2782 2820 2819
2782 2821 2820
2820 2783 2822
2820 2822 2823
2822 2785 2824
2822 2824 2825
2787 2826 2827
2787 2827 2828
2829 2830 2831
2832 2829 2831
2832 2833 2829
2834 2833 2832
2834 2835 2833
2830 2829 2836
2833 2836 2829
2830 2836 2837
2838 2833 2835
2833 2838 2836
2839 2836 2838
2839 2838 2840
2841 2840 2838
2841 2838 2842
2838 2835 2842
2843 2840 2841
2843 2844 2840
2843 2845 2844
2843 2846 2845
2847 2844 2845
2847 2839 2840
2847 2840 2844
2847 2845 2848
2849 2847 2848
2849 2848 2850
2851 2849 2850
2851 2850 2852
2851 2852 2853
2851 2853 2854
2855 2854 2853
2855 2856 2854
2855 2857 2856
2855 2858 2857
2859 2857 2858
2859 2860 2857
2861 2850 2848
2861 2848 2862
2863 2852 2850
2863 2850 2861
2853 2852 2863
2853 2863 2864
2853 2864 2865
2853 2865 2855
2866 2858 2855
2866 2855 2865
2859 2858 2866
2859 2866 2867
2861 2862 2868
2861 2868 2869
2861 2869 2870
2861 2870 2863
2871 2864 2863
2871 2863 2870
2864 2871 2872
2864 2872 2865
2865 2872 2873
2865 2873 2866
2874 2867 2866
2874 2866 2873
2875 2868 2862
2875 2862 2876
2845 2876 2862
2845 2877 2876
2875 2876 2877
2845 2846 2877
2875 2877 2878
2869 2868 2879
2875 2879 2868
2869 2879 2880
2881 2880 2879
2881 2879 2882
2883 2880 2881
2883 2884 2880
2885 2884 2883
2885 2886 2884
2885 2887 2886
2885 2888 2887
2889 2887 2888
2889 2888 2890
2890 2891 2889
2890 2892 2891
2882 2879 2893
2882 2893 2894
2893 2895 2894
2893 2896 2895
2883 2881 2897
2897 2898 2882
2897 2882 2899
2899 2882 2894
2900 2888 2885
2890 2888 2900
2900 2885 2901
2885 2902 2901
2883 2897 2902
2885 2883 2902
2890 2900 2903
2895 2904 2894
2899 2894 2904
2895 2905 2904
2875 2896 2893
2875 2878 2896
2875 2893 2879
2902 2906 2901
2900 2901 2906
2902 2907 2906
2907 2902 2908
2908 2899 2909
2908 2909 2910
2907 2908 2910
2904 2905 2911
2904 2911 2912
2899 2904 2912
2899 2912 2909
2909 2913 2910
2913 2907 2910
2909 2914 2913
2914 2915 2913
2916 2915 2914
2916 2912 2911
2916 2914 2909
2916 2909 2912
2917 2915 2916
2916 2911 2917
2913 2918 2907
2918 2906 2907
2913 2919 2918
2918 2919 2920
2918 2920 2906
2920 2919 2921
2921 2919 2922
2922 2919 2923
2921 2906 2920
2921 2924 2906
2900 2906 2924
2900 2924 2925
2925 2924 2921
2925 2921 2922
2900 2925 2903
2926 2903 2925
2890 2903 2926
2890 2926 2927
2926 2925 2928
2922 2923 2928
2922 2928 2925
2929 2930 2830
2929 2830 2931
2932 2929 2931
2932 2933 2929
2934 2933 2932
2934 2932 2935
2934 2935 2936
2934 2936 2937
2938 2937 2936
2938 2939 2937
2931 2940 2932
2931 2941 2940
2942 2940 2941
2942 2941 2943
2944 2940 2942
2944 2945 2940
2935 2932 2945
2945 2932 2940
2945 2944 2946
2945 2946 2947
2947 2936 2935
2947 2935 2945
2947 2946 2948
2947 2948 2949
2949 2938 2936
2949 2936 2947
2942 2943 2851
2849 2851 2943
2849 2943 2950
2950 2943 2951
2950 2951 2837
2837 2951 2931
2950 2847 2849
2950 2952 2847
2950 2836 2952
2950 2837 2836
2946 2944 2856
2856 2944 2942
2942 2851 2854
2856 2942 2854
2946 2856 2857
2857 2860 2948
2857 2948 2946
2837 2931 2830
2831 2830 2930
2845 2862 2848
2884 2870 2869
2884 2869 2880
2884 2871 2870
2884 2886 2871
2872 2871 2886
2872 2886 2887
2873 2872 2887
2873 2887 2889
2891 2873 2889
2891 2874 2873
2953 2954 2955
2956 2954 2953
2956 2953 2957
2958 2956 2957
2958 2957 2959
2955 2960 2953
2957 2953 2960
2955 2961 2960
2962 2959 2957
2957 2960 2962
2963 2962 2960
2963 2964 2962
2965 2962 2964
2965 2966 2962
2962 2966 2959
2967 2965 2964
2967 2964 2968
2967 2968 2969
2967 2969 2970
2971 2969 2968
2971 2968 2964
2971 2964 2963
2971 2972 2969
2973 2972 2971
2973 2974 2972
2975 2974 2973
2975 2976 2974
2975 2977 2976
2975 2978 2977
2979 2977 2978
2979 2978 2980
2979 2980 2981
2979 2981 2982
2983 2982 2981
2983 2981 2984
2985 2972 2974
2985 2986 2972
2987 2985 2974
2987 2974 2976
2977 2987 2976
2977 2988 2987
2977 2979 2989
2977 2989 2988
2990 2989 2979
2990 2979 2982
2983 2990 2982
2983 2991 2990
2985 2992 2986
2985 2993 2992
2985 2987 2994
2985 2994 2993
2995 2994 2987
2995 2987 2988
2988 2989 2996
2988 2996 2995
2989 2990 2997
2989 2997 2996
2998 2997 2990
2998 2990 2991
2999 2986 2992
2999 3000 2986
2969 2986 3000
2969 3000 3001
2999 3001 3000
2969 3001 2970
2999 3002 3001
2993 3003 2992
2999 2992 3003
2993 3004 3003
3005 3003 3004
3005 3006 3003
3007 3005 3004
3007 3004 3008
3009 3007 3008
3009 3008 3010
3009 3010 3011
3009 3011 3012
3013 3012 3011
3013 3014 3012
3014 3013 3015
3014 3015 3016
3006 3017 3003
3006 3018 3017
3017 3018 3019
3017 3019 3020
3021 3006 3005
3007 3021 3005
3007 3022 3021
3009 3023 3022
3009 3022 3007
3014 3024 3012
3024 3023 3009
3024 3009 3012
3014 3025 3024
3014 3026 3025
3014 3027 3026
3019 3018 3028
3019 3028 3029
3030 3028 3018
3021 3030 3006
3030 3018 3006
3022 3023 3031
3024 3031 3023
3022 3031 3032
3032 3033 3022
3033 3034 3030
3033 3035 3034
3032 3035 3033
3024 3036 3031
3024 3025 3037
3026 3037 3025
3024 3037 3036
3026 3038 3037
3028 3039 3029
3028 3040 3039
3030 3034 3040
3030 3040 3028
3034 3035 3041
3041 3035 3032
3034 3041 3042
3042 3041 3043
3044 3042 3043
3044 3039 3040
3044 3040 3034
3044 3034 3042
3045 3044 3043
3044 3045 3039
3041 3032 3046
3041 3046 3047
3046 3048 3047
3048 3049 3047
3037 3049 3036
3049 3050 3047
3037 3050 3049
3050 3037 3038
3050 3051 3047
3050 3038 3051
3046 3031 3048
3049 3048 3031
3046 3032 3031
3049 3031 3036
3052 3053 2955
3052 2955 3054
3055 3053 3052
3055 3052 3056
3057 3055 3056
3057 3058 3055
3057 3059 3058
3057 3060 3059
3061 3059 3060
3061 3060 3062
3053 3055 3063
3053 3063 3064
3065 3064 3063
3065 3066 3064
3067 3064 3066
3067 2961 3064
3068 3065 3063
3068 3063 3069
3058 3069 3055
3069 3063 3055
3069 3070 3068
3069 3071 3070
3071 3069 3058
3071 3058 3059
3071 3072 3070
3071 3073 3072
3073 3071 3059
3073 3059 3061
2961 3053 3064
2973 3067 3066
3067 2973 2971
3067 2971 3074
3067 3074 2960
3067 2960 2961
2973 3066 2975
3065 2975 3066
3065 2978 2975
3070 2980 3068
2980 2978 3065
2980 3065 3068
3070 2981 2980
2981 3070 3072
2981 3072 2984
2961 2955 3053
2954 3054 2955
2969 2972 2986
3008 3004 2993
3008 2993 2994
3008 2994 2995
3008 2995 3010
2996 3010 2995
2996 3011 3010
2997 3011 2996
2997 3013 3011
3015 3013 2997
3015 2997 2998
2999 3017 3020
2999 3020 3002
2999 3003 3017
3075 3076 3077
3078 3077 3076
3078 3079 3077
3079 3080 3077
3081 3077 3080
3079 3082 3080
3079 3078 3083
3084 3082 3079
3084 3079 3085
3079 3083 3085
3085 3083 3086
3085 3086 3087
3084 3085 3087
3084 3087 3088
3089 3087 3086
3089 3088 3087
3089 3086 3090
3089 3091 3088
3090 3092 3089
3092 3091 3089
3090 3093 3092
3092 3094 3091
3092 3093 3095
3092 3095 3096
3097 3094 3092
3097 3092 3096
3096 3095 3098
3096 3098 3099
3096 3099 3100
3096 3100 3097
3101 3099 3098
3101 3100 3099
3101 3098 3102
3101 3103 3100
3104 3101 3102
3104 3103 3101
3105 3104 3102
3106 3104 3105
3104 3107 3103
3108 3107 3104
3109 3110 3111
3112 3111 3110
3112 3113 3111
3112 3110 3114
3114 3110 3115
3112 3114 3116
3113 3112 3117
3113 3117 3118
3119 3117 3112
3119 3112 3116
3118 3117 3120
3118 3120 3121
3122 3120 3117
3122 3117 3119
3123 3121 3120
3123 3120 3124
3125 3124 3120
3125 3120 3122
3124 3126 3123
3124 3127 3126
3127 3124 3125
3127 3125 3128
3127 3129 3126
3127 3130 3129
3127 3128 3131
3127 3131 3130
3129 3130 3132
3129 3132 3133
3130 3131 3134
3130 3134 3132
3133 3132 3135
3134 3135 3132
3133 3135 3136
3134 3137 3135
3138 3135 3137
3138 3139 3135
3135 3139 3140
3135 3140 3136
3140 3139 3141
3142 3139 3138
3143 3144 3145
3145 3146 3143
3146 3147 3143
3147 3148 3143
3148 3149 3143
3149 3150 3143
3150 3151 3143
3151 3152 3143
3152 3153 3143
3153 3154 3143
3154 3155 3143
3155 3156 3143
3156 3157 3143
3157 3158 3143
3158 3159 3143
3159 3160 3143
3160 3161 3143
3161 3144 3143
3162 3163 3164
3163 3162 3165
3165 3162 3166
3166 3162 3167
3167 3162 3168
3168 3162 3169
3169 3162 3170
3170 3162 3171
3171 3162 3172
3172 3162 3173
3173 3162 3174
3174 3162 3175
3175 3162 3176
3176 3162 3177
3177 3162 3178
3178 3162 3179
3179 3162 3180
3180 3162 3164
3181 3182 3183
3183 3184 3181
3184 3185 3181
3185 3186 3181
3186 3187 3181
3187 3188 3181
3188 3189 3181
3189 3190 3181
3190 3191 3181
3191 3192 3181
3192 3193 3181
3193 3194 3181
3194 3195 3181
3195 3196 3181
3196 3197 3181
3197 3198 3181
3198 3199 3181
3199 3182 3181
3200 3201 3202
3200 3202 3203
3200 3203 3204
3200 3204 3205
3200 3205 3206
3200 3206 3207
3200 3207 3208
3200 3208 3209
3200 3209 3210
3200 3210 3211
3200 3211 3212
3200 3212 3213
3200 3213 3214
3200 3215 3201
3200 3216 3215
3217 3202 3201
3217 3201 3215
3218 3204 3203
3218 3203 3219
3203 3220 3219
3217 3220 3202
3203 3202 3220
3221 3211 3210
3221 3212 3211
3221 3210 3222
3221 3223 3212
3213 3212 3223
3213 3223 3224
3225 3214 3213
3225 3213 3224
3226 3214 3225
3226 3227 3214
3226 3228 3227
3200 3227 3228
3200 3214 3227
3200 3228 3229
3200 3229 3230
3200 3230 3216
3226 3231 3228
3229 3228 3231
3229 3231 3232
3229 3232 3233
3229 3233 3230
3216 3230 3234
3216 3234 3235
3216 3235 3236
3216 3236 3215
3217 3215 3236
3204 3218 3237
3204 3237 3238
3239 3238 3237
3239 3237 3240
3239 3240 3241
3239 3241 3207
3208 3207 3242
3208 3242 3243
3244 3245 3243
3244 3243 3246
3247 3248 3209
3247 3209 3249
