byte offset: 0
first index: 0
index count: 9036
topology: trianglelist
format: DXGI_FORMAT_R16_UINT

0 1 2
0 2 3
3 4 5
3 5 6
6 7 8
6 8 9
9 8 10
9 10 11
12 13 0
12 14 13
15 14 12
15 16 14
17 18 19
17 19 20
21 19 22
21 22 23
24 25 26
27 25 28
29 25 30
31 25 32
33 34 35
36 34 37
38 34 39
40 34 41
42 43 44
45 43 46
47 43 48
49 43 50
51 52 53
54 52 55
56 52 57
58 52 59
60 61 62
60 62 63
64 61 60
64 65 61
65 66 61
61 67 62
68 62 67
62 68 69
63 62 69
70 68 67
70 71 68
66 72 61
72 73 61
72 66 74
75 74 70
76 74 66
77 76 66
78 76 77
76 79 74
76 80 79
79 80 81
82 80 76
78 82 76
82 83 80
80 83 84
79 84 85
84 83 86
79 85 87
87 85 88
88 85 89
85 84 89
74 90 87
89 71 88
71 91 88
92 91 87
87 91 70
70 93 87
70 91 94
89 68 71
95 89 84
95 96 97
97 96 82
98 99 82
99 98 95
98 82 100
101 98 100
101 100 102
102 100 103
101 102 104
101 104 105
103 106 102
106 104 102
106 103 65
106 65 107
105 106 107
108 105 107
105 109 106
103 110 65
111 110 103
100 112 111
113 112 100
100 111 114
111 112 115
107 65 64
108 107 64
116 117 115
77 117 111
118 117 66
119 120 75
67 73 119
121 120 67
122 123 124
122 124 125
125 126 122
125 127 126
125 128 127
125 129 128
124 123 130
124 130 131
124 131 132
124 132 133
133 129 125
133 125 124
130 134 131
134 132 131
130 135 134
126 127 136
127 128 136
134 137 132
138 137 134
138 134 139
134 135 140
134 140 139
141 142 143
141 143 144
145 141 144
145 144 146
147 145 146
147 146 148
149 150 151
149 151 152
153 149 152
153 152 154
155 149 153
155 156 149
156 150 149
156 157 150
157 158 150
157 159 158
159 160 158
159 161 160
161 162 160
161 163 162
164 155 153
164 153 165
166 167 168
166 168 169
170 167 166
171 169 168
171 168 172
171 172 173
171 173 174
170 175 176
175 177 176
175 178 177
179 180 177
179 177 181
180 182 183
180 183 184
185 186 174
185 187 186
188 189 183
188 190 189
191 192 188
191 193 192
194 195 196
194 196 197
196 198 197
199 197 198
199 200 197
201 202 203
201 203 204
205 206 207
205 207 208
206 209 207
206 210 209
209 211 207
209 212 211
211 212 213
211 213 214
214 215 211
214 216 215
207 211 217
207 217 208
218 214 213
218 213 219
214 218 220
214 220 216
221 222 220
221 220 223
221 224 222
221 225 224
221 226 225
227 226 221
227 221 228
223 229 221
223 230 229
205 231 232
232 231 210
233 234 235
233 236 234
233 237 236
233 238 237
233 239 238
233 240 239
233 241 240
233 242 241
233 243 242
233 244 243
233 245 244
233 246 245
233 247 246
233 248 247
233 249 248
250 235 234
250 234 251
234 252 251
234 236 252
240 241 253
240 253 254
243 244 255
243 255 256
257 243 256
257 256 258
259 258 253
259 242 258
248 249 260
249 261 260
236 237 262
236 262 263
237 264 262
237 238 264
238 265 264
238 266 265
239 254 265
239 267 254
248 260 268
247 248 268
247 268 269
246 247 269
246 269 270
245 246 270
245 270 271
244 245 271
244 271 255
233 272 249
233 273 272
233 274 273
233 275 274
233 235 275
249 272 261
273 274 276
273 276 277
278 273 277
278 277 261
274 275 279
274 279 276
275 235 250
275 250 279
280 281 282
283 280 282
284 283 282
285 284 282
286 285 282
287 286 282
288 287 282
289 288 282
290 289 282
281 290 282
291 292 293
294 295 296
297 298 299
300 301 302
303 304 305
306 307 308
309 310 311
309 311 312
313 314 315
313 315 316
317 318 319
320 321 322
323 324 325
326 327 328
329 330 331
329 332 330
333 334 335
333 336 334
337 338 339
340 341 342
343 344 345
345 344 346
345 346 347
348 349 350
351 350 349
351 352 350
353 354 355
353 355 356
356 355 357
356 357 358
359 355 354
359 360 355
360 357 355
360 361 357
362 357 361
358 357 362
362 361 363
362 364 358
363 364 362
365 353 356
365 356 366
366 356 358
358 367 366
358 368 367
366 367 369
366 369 370
365 366 370
370 369 371
370 371 372
373 370 372
365 370 373
373 372 374
372 371 375
372 375 376
377 374 372
377 372 376
376 375 378
376 378 379
377 376 379
377 379 380
381 368 358
381 358 364
382 381 364
382 383 381
363 382 364
384 385 386
384 386 387
384 387 388
384 388 389
390 384 389
390 385 384
390 389 391
390 392 385
389 388 393
391 389 393
391 393 394
388 395 393
395 394 393
396 395 388
397 396 388
388 387 397
397 398 396
398 399 396
398 400 399
396 401 395
399 401 396
399 402 401
398 397 403
398 403 404
400 398 404
404 403 405
404 405 406
407 404 406
400 404 407
407 406 408
409 408 406
409 410 408
411 409 406
411 406 405
409 411 412
409 412 413
410 409 413
410 413 414
415 410 414
408 410 415
415 414 416
408 415 417
418 407 408
418 408 417
419 407 418
419 400 407
399 400 419
399 419 420
412 411 421
421 411 405
421 405 422
405 423 422
405 403 423
403 424 423
403 397 424
387 424 397
387 386 424
399 420 425
399 425 402
426 402 425
426 425 427
402 426 428
402 428 401
401 428 429
401 429 395
395 429 394
430 431 432
430 432 433
431 434 432
431 435 434
435 436 434
433 437 438
433 438 439
432 440 438
432 441 440
441 436 440
439 438 442
438 443 442
438 444 443
444 445 443
439 442 446
447 448 449
447 449 450
450 449 451
450 451 452
452 451 453
452 453 454
448 455 449
448 456 455
449 457 451
449 458 457
451 457 459
451 459 453
456 460 455
458 460 457
457 461 459
462 463 464
462 464 465
462 466 463
463 466 467
466 468 467
466 469 468
470 469 466
462 470 466
470 471 469
472 471 470
472 473 471
474 473 472
474 475 473
463 467 476
464 463 476
477 472 470
477 470 462
465 477 462
478 474 472
478 472 477
473 479 471
473 480 479
475 480 473
475 481 480
469 482 468
469 483 482
471 479 483
471 483 469
480 484 479
480 485 484
479 484 486
479 486 483
487 485 480
487 480 481
488 482 483
488 483 486
484 489 486
489 488 486
484 490 489
485 490 484
491 489 490
491 492 489
490 493 491
490 494 493
485 494 490
494 495 493
494 496 495
496 494 485
496 485 487
492 497 489
489 497 488
492 498 497
499 491 493
499 500 491
500 492 491
500 501 492
493 495 502
493 502 499
502 503 499
502 504 503
505 498 492
505 492 501
506 501 500
506 500 507
508 506 507
504 508 503
508 509 503
509 500 499
509 499 503
510 505 501
510 501 506
511 510 506
512 465 513
512 513 514
512 514 515
512 515 516
517 514 513
518 517 513
518 513 519
465 519 513
518 519 520
518 520 521
517 522 514
522 515 514
522 523 515
519 524 520
519 464 524
465 464 519
465 512 477
516 477 512
516 478 477
464 476 524
525 526 527
525 527 528
529 525 528
529 528 530
531 528 527
531 532 528
532 530 528
532 533 530
525 534 526
525 535 534
529 535 525
535 536 534
535 537 536
537 538 536
537 539 538
540 539 537
540 541 539
542 540 537
542 537 535
529 542 535
539 543 538
539 544 543
541 544 539
541 545 544
544 546 543
544 547 546
548 547 544
548 544 545
547 549 546
547 550 549
549 550 551
552 551 550
552 550 553
553 550 547
553 547 548
549 551 554
551 555 554
551 556 555
552 556 551
556 557 555
556 558 557
552 559 556
559 560 556
559 561 560
558 562 557
561 562 560
412 421 563
564 565 566
564 566 567
568 564 567
568 567 569
567 566 570
567 570 571
569 567 571
569 571 572
571 570 573
571 573 574
572 571 574
572 574 575
566 565 576
570 566 576
573 570 576
577 568 578
577 578 579
579 578 580
579 580 581
581 580 575
581 575 582
582 575 583
582 583 584
585 577 586
585 586 587
587 586 588
587 588 589
589 588 582
589 582 590
590 582 591
590 591 592
593 577 585
593 594 577
595 594 593
595 596 594
597 585 598
597 598 599
599 598 600
599 600 601
601 600 590
601 590 602
602 590 603
602 603 604
605 597 606
605 606 607
607 606 608
607 608 609
609 608 602
609 602 610
611 597 605
611 612 597
613 612 611
613 614 612
615 605 616
615 616 617
617 616 618
617 618 619
619 618 610
619 610 620
621 605 615
621 622 605
623 622 621
623 624 622
625 615 626
625 626 627
627 626 628
627 628 629
629 628 620
629 620 630
630 620 631
630 631 632
633 625 634
633 634 635
635 634 636
635 636 637
637 636 630
637 630 638
638 630 639
638 639 640
641 633 642
641 642 643
643 642 644
643 644 645
645 644 638
645 638 646
646 638 647
646 647 648
649 633 641
649 650 633
651 650 649
651 652 650
653 641 643
653 654 641
655 653 643
655 643 645
656 655 645
656 645 646
657 646 648
657 658 646
659 651 649
659 660 651
661 659 649
661 649 641
654 653 662
653 655 662
655 656 662
658 657 663
660 659 664
659 661 664
665 666 667
665 667 668
575 665 669
575 669 670
667 671 672
673 602 674
673 674 675
620 673 676
620 676 677
678 679 680
678 680 681
681 680 682
681 682 683
680 679 684
682 680 684
685 678 686
685 686 687
687 686 683
687 683 568
688 689 568
690 689 688
690 691 689
688 568 577
692 693 694
692 694 695
695 694 585
695 585 597
696 697 698
696 698 699
699 698 615
699 615 700
701 702 700
703 702 701
703 704 702
701 700 633
705 706 707
705 707 708
709 705 708
710 707 706
710 706 711
710 711 712
710 712 713
713 712 714
713 714 715
716 715 714
716 714 717
718 719 720
718 720 721
722 718 721
723 722 721
723 721 720
722 724 718
724 725 718
725 719 718
724 726 725
727 725 726
727 728 725
728 729 725
725 729 719
728 730 729
731 728 727
731 732 728
732 730 728
731 733 732
731 734 733
735 732 733
735 736 732
732 736 730
737 738 739
737 739 740
737 740 741
737 741 742
737 742 743
737 743 744
737 744 745
737 745 746
747 748 749
747 749 750
747 750 751
749 752 750
749 753 752
754 747 751
753 755 752
753 756 755
756 757 755
756 758 757
750 759 751
759 750 752
754 751 760
759 760 751
755 757 761
755 761 762
752 755 762
752 762 763
759 752 763
762 761 764
762 764 765
763 762 765
763 765 766
759 763 766
759 766 767
759 767 760
757 758 768
757 768 769
761 757 769
761 769 770
764 761 770
764 770 771
772 769 768
773 774 775
776 774 773
776 777 774
778 777 776
778 776 779
780 778 779
780 781 778
782 783 775
784 783 782
784 785 783
786 785 784
786 784 787
788 786 787
788 789 786
788 790 789
791 792 793
791 794 792
791 795 794
792 794 796
792 796 797
798 795 791
797 796 799
797 799 800
800 799 801
800 801 802
794 795 803
803 796 794
798 804 795
803 795 804
799 805 801
799 806 805
796 806 799
796 807 806
803 807 796
806 808 805
806 809 808
807 809 806
807 810 809
803 810 807
803 811 810
803 804 811
801 812 802
801 813 812
805 813 801
805 814 813
808 814 805
808 815 814
812 813 816
817 818 819
820 817 819
820 819 821
822 820 821
822 823 820
824 823 822
824 822 825
826 827 828
829 826 828
829 828 830
831 829 830
831 832 829
833 832 831
833 831 834
833 834 835
836 837 838
836 839 837
836 840 839
839 840 841
839 841 842
841 843 842
844 845 846
847 848 844
847 849 848
850 849 847
850 851 849
852 851 850
853 851 852
853 852 854
854 852 855
854 855 856
856 855 857
856 857 858
858 857 859
858 859 860
851 853 861
851 861 849
849 861 862
849 862 848
848 862 863
864 865 866
867 865 864
867 868 865
869 868 867
869 870 868
870 869 871
870 871 872
872 871 873
872 873 874
874 873 875
874 875 876
876 875 877
876 877 878
879 880 881
879 881 882
883 879 882
883 882 884
885 883 884
880 886 881
880 887 886
888 886 887
888 887 889
890 888 889
890 889 891
892 890 891
892 893 890
894 893 892
894 895 893
896 895 894
896 897 895
898 897 896
898 899 897
900 899 898
900 901 899
902 903 904
902 904 905
906 903 902
906 907 903
908 907 906
905 904 909
905 909 910
911 910 909
911 912 910
913 912 911
913 914 912
914 913 915
914 915 916
916 915 917
916 917 918
918 917 919
918 919 920
920 919 921
920 921 922
922 921 923
922 923 924
925 926 927
925 927 928
928 927 929
928 929 930
931 926 925
930 932 933
930 933 934
934 933 935
936 937 938
936 938 939
937 940 941
937 941 942
943 944 941
943 945 944
945 946 944
947 948 949
950 949 948
948 951 950
948 952 951
952 953 951
954 955 956
957 956 955
957 955 958
958 959 957
959 958 960
959 960 961
962 963 964
962 964 965
963 962 966
962 965 967
968 969 970
971 969 968
972 971 973
972 973 974
975 976 977
978 976 975
978 979 976
980 981 978
980 982 981
980 983 982
983 984 982
983 985 984
986 987 988
986 988 989
990 987 986
990 991 987
992 991 990
988 993 989
988 994 993
992 995 996
996 995 997
996 997 998
998 997 999
998 999 1000
1001 1002 1003
1001 1004 1002
1001 1003 1005
1005 1003 1006
1005 1006 1007
1007 1006 1008
1007 1008 1009
1009 1008 1010
1011 1012 1013
1014 1012 1011
1014 1011 1015
1011 1016 1015
1017 1018 1019
1017 1019 1020
1020 1021 1022
1023 1022 1021
1021 1018 1024
1025 1026 1027
1025 1028 1026
1027 1029 1025
1029 1027 1030
1029 1030 1031
1031 1030 1032
1033 1034 1035
1036 1033 1035
1036 1037 1033
1038 1039 1040
1041 1038 1040
1041 1040 1042
1043 1039 1044
1045 1043 1046
1044 1047 1048
1047 1049 1048
1047 1050 1049
1050 1051 1049
1052 1051 1053
1054 1052 1053
1054 1053 1055
1056 1054 1055
1056 1055 1057
1057 1058 1056
1058 1057 1059
1060 1061 1062
1062 1063 1064
1064 1063 1065
1061 1066 1063
1067 1063 1062
1068 1069 1070
1068 1070 1071
1071 1070 1072
1071 1072 1073
1073 1072 1074
1073 1074 1075
1075 1074 1076
1077 1078 1079
1077 1080 1078
1080 1081 1078
1079 1078 1082
1083 1077 1079
1084 1085 1086
1084 1087 1085
1084 1088 1087
1084 1089 1088
1089 1090 1088
1091 1090 1089
1092 1091 1089
1092 1089 1084
1093 1094 1095
1094 1096 1095
1096 1097 1095
1096 1098 1097
1098 1099 1097
1100 1101 1102
1103 1104 1105
1106 1107 1108
1106 1109 1107
1109 1110 1111
1110 1112 1111
1113 1114 1112
1113 1115 1114
1116 1117 1118
1116 1119 1117
1116 1120 1119
1120 1121 1119
1122 1123 1124
1123 1125 1124
1123 1126 1125
1127 1122 1128
1129 1127 1128
1129 1128 1130
1131 1132 1133
1131 1133 1134
1132 1135 1133
1136 1135 1137
1138 1136 1137
1138 1137 1139
1140 1141 1142
1143 1140 1142
1143 1144 1140
1145 1146 1143
1147 1148 1149
1148 1147 1150
1147 1151 1150
1147 1152 1151
1150 1151 1153
1154 1155 1156
1154 1156 1157
1157 1156 1158
1159 1160 1161
1162 1160 1163
1162 1163 1164
1165 1166 1164
1167 1168 1169
1167 1169 1170
1167 1171 1168
1170 1169 1172
1170 1172 1173
1174 1175 1176
1177 1174 1176
1178 1174 1177
1179 1178 1177
1178 1179 1180
1181 1182 1183
1183 1184 1185
1184 1186 1185
1183 1185 1187
1188 1186 1189
1188 1189 1190
1191 1192 1193
1194 1193 1192
1191 1193 1195
1191 1195 1196
1195 1197 1196
1198 1199 1200
1198 1200 1201
1202 1199 1198
1202 1203 1199
1199 1203 1204
1205 1202 1198
1201 1205 1198
1206 1207 1208
1209 1206 1208
1209 1208 1210
1211 1209 1210
1211 1210 1212
1213 1207 1214
1215 1216 1214
1215 1214 1217
1218 1215 1217
1218 1217 1219
1218 1219 1220
1221 1222 1223
1221 1223 1224
1225 1223 1222
1225 1222 1226
1227 1225 1226
1228 1221 1224
1228 1224 1229
1229 1230 1228
1229 1231 1230
1231 1232 1230
1233 1231 1229
1232 1231 1233
1233 1229 1234
1235 1236 1237
1238 1235 1237
1238 1239 1235
1238 1240 1239
1239 1240 1241
1239 1241 1242
1238 1243 1240
1240 1244 1241
1243 1244 1240
1245 1246 1247
1245 1247 1248
1247 1249 1248
1249 1250 1248
1251 1248 1250
1250 1249 1252
1250 1252 1253
1253 1251 1250
1253 1252 1254
1253 1254 1255
1254 1256 1255
1254 1257 1256
1258 1256 1257
1258 1257 1259
1260 1258 1259
1260 1261 1258
1262 1261 1260
1262 1263 1261
1264 1263 1262
1264 1265 1263
1264 1266 1265
1264 1267 1266
1261 1268 1258
1261 1269 1268
1256 1270 1255
1256 1271 1270
1258 1268 1271
1258 1271 1256
1272 1269 1261
1272 1261 1263
1273 1272 1263
1273 1263 1265
1265 1266 1274
1265 1274 1273
1259 1275 1260
1276 1260 1275
1276 1275 1277
1276 1277 1278
1276 1278 1279
1280 1277 1275
1278 1277 1280
1280 1275 1281
1275 1282 1281
1275 1283 1282
1283 1284 1282
1283 1285 1284
1285 1286 1284
1285 1287 1286
1286 1287 1252
1278 1280 1288
1287 1254 1252
1257 1254 1287
1257 1287 1285
1257 1285 1283
1257 1283 1259
1259 1283 1275
1289 1288 1280
1281 1289 1280
1289 1290 1288
1281 1291 1289
1291 1281 1282
1290 1289 1292
1291 1292 1289
1290 1292 1293
1294 1293 1292
1292 1295 1294
1292 1296 1295
1291 1296 1292
1297 1290 1293
1297 1298 1290
1298 1297 1299
1298 1299 1300
1299 1301 1300
1302 1290 1298
1302 1298 1303
1298 1304 1303
1305 1301 1304
1298 1305 1304
1296 1291 1306
1291 1282 1306
1282 1307 1306
1282 1284 1307
1308 1307 1284
1308 1284 1286
1296 1306 1309
1306 1310 1309
1311 1309 1310
1311 1296 1309
1311 1295 1296
1307 1308 1312
1306 1307 1312
1306 1312 1310
1313 1311 1310
1286 1252 1308
1302 1314 1315
1302 1315 1278
1314 1316 1315
1314 1317 1316
1317 1318 1316
1302 1278 1288
1290 1302 1288
1279 1278 1315
1319 1279 1315
1315 1320 1319
1315 1321 1320
1321 1322 1320
1253 1255 1270
1253 1270 1323
1253 1323 1251
1324 1325 1326
1326 1325 1327
1326 1267 1324
1326 1266 1267
1274 1266 1326
1274 1326 1327
1294 1328 1293
1293 1328 1329
1293 1329 1297
1330 1331 1301
1332 1331 1330
1332 1333 1331
1334 1335 1336
1334 1336 1337
1336 1335 1338
1335 1339 1338
1335 1340 1339
1336 1338 1341
1342 1341 1338
1343 1341 1342
1343 1342 1344
1345 1344 1342
1345 1342 1346
1343 1344 1347
1346 1348 1345
1346 1349 1348
1349 1350 1348
1349 1351 1350
1344 1345 1352
1344 1352 1347
1345 1348 1353
1345 1353 1352
1350 1353 1348
1342 1338 1354
1346 1342 1354
1346 1354 1355
1346 1355 1356
1346 1356 1349
1349 1356 1357
1349 1357 1351
1351 1357 1358
1351 1358 1359
1350 1351 1359
1350 1360 1353
1350 1361 1360
1350 1362 1361
1350 1359 1362
1362 1363 1361
1362 1364 1363
1364 1359 1358
1359 1364 1362
1353 1360 1365
1361 1365 1360
1353 1365 1366
1353 1366 1352
1364 1358 1367
1364 1367 1368
1368 1367 1369
1369 1367 1358
1361 1370 1365
1370 1371 1365
1372 1370 1361
1372 1361 1363
1372 1373 1370
1370 1373 1371
1372 1374 1373
1375 1372 1363
1372 1375 1376
1375 1377 1376
1375 1378 1377
1378 1379 1377
1378 1380 1379
1380 1381 1379
1382 1381 1380
1372 1376 1383
1374 1372 1383
1380 1378 1384
1384 1378 1375
1382 1380 1384
1384 1385 1382
1384 1386 1385
1387 1386 1384
1387 1384 1375
1375 1363 1387
1385 1388 1382
1389 1387 1363
1389 1363 1364
1390 1386 1387
1390 1387 1389
1386 1390 1391
1386 1391 1392
1388 1392 1391
1393 1394 1339
1393 1339 1395
1394 1393 1396
1394 1396 1397
1396 1398 1397
1396 1399 1398
1398 1399 1400
1398 1400 1401
1400 1402 1401
1400 1403 1402
1402 1403 1404
1402 1404 1405
1339 1340 1395
1398 1406 1397
1398 1356 1406
1401 1356 1398
1401 1357 1356
1358 1357 1401
1358 1401 1402
1369 1358 1402
1404 1407 1369
1405 1407 1368
1397 1406 1354
1397 1354 1394
1394 1354 1338
1394 1338 1339
1408 1343 1409
1343 1347 1409
1409 1347 1410
1411 1410 1347
1411 1347 1352
1411 1412 1410
1411 1413 1412
1341 1343 1408
1341 1408 1336
1336 1408 1337
1413 1414 1412
1411 1352 1415
1411 1415 1413
1416 1417 1414
1418 1417 1416
1419 1416 1414
1420 1416 1419
1420 1421 1416
1334 1422 1423
1334 1423 1335
1424 1425 1426
1424 1426 1427
1425 1428 1426
1425 1429 1428
1429 1430 1428
1430 1429 1431
1424 1427 1432
1424 1432 1433
1433 1432 1434
1432 1435 1434
1436 1434 1435
1435 1437 1436
1438 1437 1435
1438 1439 1437
1440 1439 1438
1440 1441 1439
1442 1441 1440
1437 1443 1436
1443 1437 1444
1444 1445 1443
1446 1436 1443
1446 1447 1436
1448 1447 1446
1448 1449 1447
1449 1450 1447
1436 1447 1450
1449 1451 1450
1436 1450 1434
1452 1451 1449
1452 1453 1451
1454 1453 1452
1455 1454 1452
1455 1452 1456
1456 1452 1449
1456 1449 1448
1455 1456 1457
1455 1457 1458
1459 1455 1458
1459 1458 1460
1461 1459 1460
1461 1462 1459
1455 1459 1463
1455 1463 1454
1463 1459 1462
1463 1464 1454
1454 1464 1453
1463 1462 1465
1466 1462 1461
1466 1461 1467
1467 1461 1468
1460 1468 1461
1467 1468 1469
1470 1467 1469
1470 1471 1467
1471 1466 1467
1471 1472 1466
1472 1471 1473
1474 1465 1462
1474 1462 1466
1474 1475 1465
1474 1476 1475
1477 1476 1474
1477 1474 1466
1472 1477 1466
1472 1473 1477
1473 1478 1477
1479 1465 1475
1477 1478 1480
1477 1480 1476
1481 1480 1478
1482 1481 1478
1481 1483 1480
1481 1484 1483
1484 1485 1483
1484 1486 1485
1484 1487 1486
1488 1486 1487
1488 1487 1489
1490 1488 1489
1490 1491 1488
1490 1492 1491
1490 1493 1492
1490 1494 1493
1490 1495 1494
1495 1490 1489
1495 1496 1494
1495 1497 1496
1495 1498 1497
1495 1499 1498
1495 1489 1499
1499 1500 1498
1499 1501 1500
1501 1499 1489
1501 1489 1487
1502 1500 1501
1502 1503 1500
1504 1503 1502
1504 1502 1505
1505 1502 1506
1506 1502 1501
1505 1506 1507
1506 1501 1487
1507 1482 1505
1484 1506 1487
1481 1506 1484
1507 1506 1481
1507 1481 1482
1508 1504 1505
1482 1508 1505
1509 1510 1511
1509 1511 1512
1513 1509 1512
1513 1512 1431
1510 1514 1511
1510 1433 1514
1514 1433 1515
1514 1515 1516
1517 1516 1515
1517 1518 1516
1519 1518 1517
1519 1520 1518
1521 1520 1519
1521 1522 1520
1523 1522 1521
1523 1524 1522
1525 1522 1524
1525 1526 1522
1527 1526 1525
1527 1525 1528
1529 1528 1525
1529 1525 1530
1530 1525 1524
1529 1530 1485
1529 1485 1486
1526 1527 1531
1526 1531 1532
1532 1531 1533
1532 1533 1534
1534 1533 1535
1534 1535 1536
1526 1532 1537
1526 1537 1522
1532 1534 1538
1532 1538 1520
1534 1536 1516
1534 1516 1538
1536 1539 1516
1485 1530 1540
1530 1524 1540
1485 1540 1541
1542 1535 1533
1542 1543 1535
1544 1542 1533
1545 1542 1544
1545 1546 1542
1547 1546 1545
1547 1548 1546
1549 1548 1547
1493 1545 1544
1493 1544 1492
1494 1547 1545
1494 1545 1493
1496 1549 1547
1496 1547 1494
1492 1544 1531
1544 1533 1531
1492 1531 1527
1491 1492 1527
1491 1527 1528
1488 1491 1528
1488 1528 1529
1488 1529 1486
1550 1546 1548
1551 1552 1553
1553 1552 1554
1553 1554 1555
1552 1556 1554
1552 1557 1556
1558 1557 1552
1554 1556 1559
1555 1554 1559
1555 1559 1444
1556 1445 1559
1559 1445 1444
1556 1560 1445
1445 1560 1561
1560 1562 1561
1562 1563 1561
1561 1563 1443
1445 1561 1443
1443 1563 1446
1446 1563 1448
1564 1448 1563
1562 1564 1563
1564 1456 1448
1564 1457 1456
1565 1457 1564
1457 1565 1566
1457 1566 1458
1458 1566 1567
1458 1567 1460
1460 1567 1468
1568 1569 1570
1568 1570 1571
1444 1569 1568
1572 1571 1570
1444 1437 1569
1480 1483 1573
1573 1483 1485
1573 1485 1541
1480 1573 1476
1573 1541 1475
1573 1475 1476
1475 1541 1540
1475 1540 1479
1479 1540 1524
1479 1524 1523
1463 1479 1523
1463 1465 1479
1463 1523 1464
1464 1523 1521
1464 1521 1453
1453 1521 1519
1453 1519 1451
1451 1519 1517
1451 1517 1450
1450 1517 1515
1450 1515 1434
1433 1434 1515
1574 1471 1470
1473 1471 1574
1514 1516 1539
1575 1576 1577
1575 1577 1578
1577 1576 1579
1577 1579 1580
1581 1578 1577
1581 1582 1578
1581 1583 1582
1584 1583 1581
1577 1580 1584
1577 1584 1581
1584 1585 1583
1586 1582 1583
1587 1584 1580
1584 1587 1588
1584 1588 1585
1588 1587 1589
1588 1589 1590
1587 1580 1591
1591 1589 1587
1579 1591 1580
1592 1590 1589
1592 1593 1590
1593 1592 1594
1593 1594 1595
1595 1594 1596
1586 1597 1582
1598 1582 1597
1598 1578 1582
1598 1599 1578
1575 1578 1599
1575 1599 1600
1599 1601 1600
1599 1602 1601
1603 1598 1597
1599 1598 1603
1599 1603 1602
1603 1597 1604
1601 1602 1605
1601 1605 1606
1606 1605 1607
1605 1608 1607
1605 1609 1608
1609 1602 1603
1609 1605 1602
1603 1604 1610
1603 1610 1611
1610 1608 1611
1610 1612 1608
1613 1608 1612
1613 1612 1614
1615 1607 1608
1615 1608 1613
1614 1616 1613
1614 1617 1616
1613 1616 1618
1613 1618 1615
1617 1619 1616
1616 1619 1618
1591 1620 1589
1621 1589 1620
1621 1592 1589
1592 1621 1622
1592 1622 1623
1623 1622 1624
1625 1626 1627
1625 1627 1628
1629 1628 1627
1629 1627 1630
1630 1631 1629
1630 1632 1631
1631 1632 1633
1631 1633 1634
1635 1629 1631
1635 1631 1634
1628 1636 1625
1628 1637 1636
1629 1635 1637
1629 1637 1628
1637 1638 1636
1637 1639 1638
1635 1639 1637
1635 1640 1639
1641 1640 1635
1641 1635 1634
1642 1641 1634
1638 1643 1636
1643 1625 1636
1643 1644 1625
1645 1644 1643
1646 1645 1643
1646 1643 1647
1638 1647 1643
1645 1648 1644
1649 1644 1648
1649 1650 1644
1651 1649 1648
1651 1648 1652
1653 1651 1652
1654 1653 1652
1654 1655 1653
1654 1656 1655
1657 1655 1656
1652 1658 1654
1652 1659 1658
1659 1652 1648
1659 1648 1645
1646 1659 1645
1659 1660 1658
1661 1660 1659
1660 1661 1662
1661 1663 1662
1664 1662 1663
1664 1665 1662
1665 1664 1666
1665 1666 1667
1667 1666 1668
1667 1668 1669
1669 1668 1670
1669 1670 1671
1671 1670 1672
1671 1672 1673
1672 1674 1673
1672 1675 1674
1674 1675 1676
1664 1677 1666
1678 1677 1664
1678 1664 1663
1679 1678 1663
1679 1680 1678
1680 1679 1681
1661 1679 1663
1681 1679 1661
1681 1661 1659
1682 1681 1659
1646 1682 1659
1644 1650 1626
1644 1626 1625
1683 1684 1685
1685 1684 1686
1687 1683 1685
1687 1685 1688
1689 1688 1685
1689 1685 1690
1690 1685 1686
1687 1688 1691
1687 1691 1692
1693 1687 1692
1692 1691 1694
1694 1691 1695
1694 1695 1696
1697 1694 1696
1692 1694 1697
1698 1692 1697
1697 1696 1699
1696 1700 1699
1696 1701 1700
1695 1701 1696
1695 1702 1701
1699 1703 1697
1701 1704 1700
1702 1704 1701
1704 1705 1700
1705 1699 1700
1705 1706 1699
1707 1691 1688
1707 1688 1689
1689 1708 1707
1689 1709 1708
1690 1709 1689
1690 1710 1709
1711 1710 1690
1711 1712 1710
1709 1713 1708
1710 1713 1709
1712 1713 1710
1690 1686 1714
1715 1683 1716
1717 1718 1719
1717 1719 1720
1717 1720 1721
1717 1721 1722
1723 1721 1720
1721 1724 1722
1725 1721 1723
1721 1725 1724
1725 1726 1724
1725 1727 1726
1726 1727 1728
1726 1728 1729
1730 1729 1728
1730 1731 1729
1732 1731 1730
1732 1730 1733
1734 1732 1733
1734 1733 1735
1736 1734 1735
1736 1735 1737
1738 1735 1733
1737 1735 1738
1738 1733 1739
1740 1737 1738
1725 1741 1727
1728 1727 1741
1728 1741 1742
1730 1728 1742
1730 1742 1743
1733 1730 1743
1733 1743 1739
1743 1744 1739
1737 1740 1745
1746 1737 1745
1746 1745 1747
1740 1748 1745
1749 1747 1745
1748 1749 1745
1749 1750 1747
1750 1749 1751
1749 1752 1751
1748 1752 1749
1725 1753 1741
1725 1723 1753
1754 1755 1756
1755 1757 1756
1754 1758 1755
1758 1759 1755
1758 1754 1760
1754 1761 1760
1761 1754 1756
1758 1760 1762
1761 1756 1763
1756 1764 1763
1756 1757 1765
1756 1765 1764
1766 1759 1758
1767 1766 1758
1767 1758 1762
1767 1762 1768
1767 1768 1769
1757 1755 1770
1765 1757 1770
1755 1759 1770
1771 1768 1762
1771 1762 1760
1771 1760 1761
1771 1772 1768
1771 1773 1772
1771 1761 1774
1775 1774 1761
1775 1761 1763
1776 1775 1763
1763 1777 1776
1776 1777 1778
1771 1774 1779
1780 1771 1779
1771 1780 1773
1777 1781 1778
1777 1782 1781
1781 1783 1778
1781 1784 1783
1785 1782 1777
1786 1785 1777
1784 1781 1787
1773 1780 1788
1773 1788 1789
1788 1790 1789
1790 1791 1789
1792 1786 1793
1794 1786 1792
1794 1792 1795
1795 1792 1796
1796 1792 1797
1795 1798 1794
1799 1798 1795
1795 1796 1799
1799 1800 1798
1799 1796 1801
1792 1793 1802
1792 1802 1797
1803 1799 1801
1804 1799 1803
1804 1800 1799
1804 1805 1800
1804 1806 1805
1797 1807 1796
1802 1807 1797
1796 1807 1801
1806 1804 1808
1806 1808 1809
1808 1810 1803
1808 1803 1811
1812 1808 1811
1813 1812 1811
1813 1814 1812
1814 1815 1812
1808 1812 1815
1814 1816 1815
1815 1816 1817
1815 1817 1818
1814 1819 1816
1814 1820 1819
1814 1813 1820
1806 1809 1821
1822 1815 1818
1822 1818 1821
1808 1815 1822
1803 1823 1811
1803 1824 1823
1825 1823 1824
1825 1826 1823
1825 1827 1826
1825 1828 1827
1828 1829 1827
1827 1829 1830
1805 1831 1832
1800 1805 1832
1798 1800 1832
1794 1798 1832
1794 1832 1833
1786 1794 1833
1786 1833 1834
1785 1763 1834
1785 1834 1835
1836 1837 1838
1836 1838 1839
1840 1839 1838
1840 1838 1813
1836 1841 1837
1836 1842 1841
1843 1844 1845
1846 1847 1848
1846 1848 1849
1847 1846 1850
1851 1849 1848
1852 1853 1854
1852 1854 1855
1853 1852 1856
1853 1856 1857
1857 1856 1858
1857 1858 1859
1860 1859 1858
1860 1861 1859
1859 1861 1862
1859 1862 1863
1864 1862 1861
1860 1864 1861
1859 1863 1865
1859 1865 1857
1855 1854 1866
1853 1867 1868
1869 1870 1867
1871 1870 1869
1871 1872 1870
1873 1874 1875
1873 1876 1874
1873 1877 1876
1877 1873 1878
1877 1878 1879
1877 1880 1876
1880 1877 1879
1881 1873 1875
1878 1873 1881
1875 1882 1881
1882 1883 1881
1882 1884 1883
1882 1885 1884
1885 1886 1884
1885 1887 1886
1887 1888 1886
1887 1889 1888
1889 1890 1888
1889 1891 1890
1892 1887 1885
1892 1885 1893
1882 1893 1885
1887 1892 1894
1882 1875 1893
1895 1892 1893
1892 1895 1896
1892 1896 1894
1897 1895 1893
1889 1898 1891
1889 1899 1898
1887 1899 1889
1887 1900 1899
1901 1891 1898
1891 1902 1890
1891 1903 1902
1901 1903 1891
1902 1904 1890
1905 1904 1902
1905 1906 1904
1905 1907 1906
1907 1908 1906
1907 1909 1908
1905 1910 1907
1909 1907 1910
1905 1911 1910
1890 1904 1906
1890 1906 1888
1886 1888 1906
1886 1906 1908
1886 1908 1912
1908 1909 1912
1909 1913 1912
1914 1912 1913
1909 1915 1913
1912 1914 1883
1912 1883 1884
1886 1912 1884
1881 1883 1914
1916 1881 1914
1916 1917 1881
1878 1881 1917
1918 1919 1920
1899 1918 1920
1900 1918 1899
1919 1921 1920
1921 1922 1920
1923 1924 1925
1923 1925 1926
1927 1924 1923
1927 1928 1924
1924 1928 1929
1924 1929 1930
1927 1931 1928
1931 1932 1928
1928 1932 1933
1928 1933 1934
1931 1935 1932
1935 1936 1932
1932 1936 1937
1927 1923 1938
1939 1938 1923
1940 1939 1923
1926 1940 1923
1941 1942 1943
1941 1943 1944
1943 1942 1945
1943 1945 1946
1947 1942 1941
1947 1948 1942
1949 1947 1941
1949 1941 1950
1951 1949 1950
1951 1950 1952
1953 1952 1950
1953 1950 1941
1953 1941 1944
1953 1954 1952
1955 1951 1952
1954 1955 1952
1946 1956 1957
1958 1946 1957
1959 1960 1961
1960 1962 1961
1959 1961 1963
1964 1963 1961
1962 1965 1961
1965 1964 1961
1966 1964 1965
1966 1965 1967
1962 1967 1965
1962 1968 1967
1968 1969 1967
1967 1969 1966
1970 1971 1972
1973 1971 1970
1973 1970 1974
1971 1975 1972
1971 1976 1975
1977 1976 1971
1977 1971 1978
1979 1977 1978
1979 1980 1977
1981 1973 1974
1981 1982 1973
1983 1980 1979
1983 1979 1984
1985 1983 1984
1981 1986 1982
1987 1985 1986
1981 1987 1986
1988 1989 1990
1989 1991 1990
1992 1991 1989
1992 1993 1991
1992 1989 1994
1992 1994 1995
1996 1994 1989
1996 1989 1988
1996 1997 1994
1995 1994 1997
1996 1998 1997
1999 1998 1996
1998 2000 1997
2000 2001 1997
2000 2002 2001
2003 2002 2000
1998 2003 2000
2004 2003 1998
2003 2005 2002
2002 2005 2006
2002 2006 2007
2001 2002 2007
2001 2007 2008
2003 2009 2005
2007 2006 2010
2010 2006 2011
2011 2006 2005
2012 2007 2010
2011 2005 2013
2014 2015 2016
2015 2017 2016
2018 2017 2015
2018 2015 2019
2019 2015 2020
2015 2014 2020
2019 2020 2021
1995 2021 2020
2019 2021 2022
2019 2022 2023
2019 2023 2018
2017 2018 2024
2017 2024 2025
2026 2025 2024
2027 2025 2026
2027 2028 2025
2026 2024 2029
2030 2017 2025
2016 2017 2030
2030 2025 2031
2027 2026 2032
2027 2032 2033
2033 2032 2034
2026 2035 2032
2026 2036 2035
2037 2035 2038
2039 2040 1988
2039 1988 2041
2041 2042 2039
2040 2039 2043
1990 2044 2042
1991 2044 1990
1991 2045 2044
2046 2045 1991
2046 1991 1993
2046 1993 2047
2046 2047 2048
2047 1993 1992
2047 1992 2014
2046 2048 2049
2014 1992 2020
1992 1995 2020
2048 2050 2049
2047 2050 2048
2050 2051 2049
2051 2052 2014
2052 2051 2050
2047 2052 2050
2052 2047 2014
2053 2014 2016
2053 2016 2054
2016 2055 2054
2056 2057 2058
2056 2058 2059
2059 2060 2056
2059 2061 2060
2061 2062 2060
2061 2063 2062
2064 2062 2063
2064 2063 2065
2063 2066 2065
2063 2067 2066
2068 2065 2066
2064 2065 2068
2063 2061 2069
2063 2069 2067
2057 2070 2058
2059 2071 2072
2073 2072 2074
2075 2073 2074
2075 2074 2076
2077 2078 2079
2077 2079 2080
2081 2077 2080
2079 2078 2082
2083 2084 2085
2083 2085 2086
2086 2085 2087
2086 2087 2088
2088 2087 2089
2083 2090 2084
2084 2090 2091
2084 2091 2092
2093 2084 2092
2093 2094 2084
2085 2084 2094
2091 2095 2092
2093 2092 2095
2091 2096 2095
2095 2096 2097
2095 2097 2098
2098 2097 2099
2098 2099 2100
2100 2099 2101
2100 2101 2102
2101 2103 2102
2104 2094 2093
2104 2093 2105
2106 2105 2093
2093 2095 2106
2106 2095 2098
2104 2107 2094
2094 2107 2108
2108 2109 2094
2109 2108 2110
2109 2110 2111
2111 2110 2112
2102 2103 2113
2100 2102 2113
2114 2100 2113
2107 2104 2115
2107 2115 2116
2116 2115 2117
2118 2116 2117
2117 2119 2118
2118 2119 2120
2118 2120 2121
2121 2120 2122
2121 2122 2123
2123 2124 2121
2124 2116 2118
2124 2118 2121
2125 2116 2124
2126 2116 2125
2126 2127 2116
2126 2128 2127
2126 2129 2128
2127 2128 2130
2127 2130 2131
2116 2127 2131
2132 2131 2130
2132 2133 2131
2108 2131 2133
2108 2107 2131
2134 2132 2130
2134 2130 2135
2128 2135 2130
2135 2136 2134
2135 2137 2136
2138 2136 2137
2138 2139 2136
2139 2138 2140
2139 2140 2141
2140 2142 2141
2140 2143 2142
2144 2143 2140
2144 2140 2138
2137 2135 2145
2137 2145 2146
2138 2137 2146
2138 2146 2144
2147 2143 2144
2142 2143 2147
2147 2144 2148
2144 2149 2148
2144 2150 2149
2150 2151 2149
2150 2152 2151
2151 2152 2128
2128 2145 2135
2151 2128 2129
2153 2098 2100
2153 2106 2098
2114 2153 2100
2154 2091 2090
2154 2090 2155
2096 2091 2154
2096 2154 2156
2155 2157 2154
2156 2154 2157
2155 2158 2157
2159 2157 2158
2157 2159 2160
2157 2160 2161
2156 2157 2161
2162 2158 2155
2162 2155 2163
2163 2164 2162
2163 2165 2164
2164 2165 2166
2083 2163 2155
2155 2090 2083
2083 2167 2163
2156 2097 2096
2156 2168 2097
2161 2168 2156
2097 2168 2169
2097 2169 2099
2170 2099 2169
2170 2101 2099
2101 2170 2171
2101 2171 2103
2172 2103 2171
2171 2170 2173
2168 2174 2169
2170 2169 2174
2170 2174 2173
2168 2175 2174
2168 2176 2175
2177 2175 2176
2161 2176 2168
2177 2176 2161
2177 2161 2178
2179 2175 2177
2180 2181 2166
2182 2181 2180
2182 2167 2181
2183 2166 2184
2162 2183 2184
2162 2184 2185
2158 2162 2185
2158 2185 2186
2159 2158 2186
2116 2131 2107
2187 2188 2189
2190 2187 2189
2190 2119 2187
2190 2120 2119
2122 2120 2190
2122 2190 2191
2192 2193 2194
2192 2194 2195
2196 2193 2192
2196 2197 2193
2193 2198 2194
2193 2199 2198
2197 2199 2193
2197 2200 2199
2199 2201 2198
2199 2202 2201
2200 2202 2199
2200 2203 2202
2194 2204 2195
2198 2204 2194
2201 2204 2198
2205 2206 2196
2205 2207 2206
2207 2208 2206
2207 2209 2208
2209 2203 2208
2209 2210 2203
2210 2211 2203
2210 2212 2211
2213 2214 2205
2213 2215 2214
2215 2216 2214
2215 2217 2216
2217 2210 2216
2217 2218 2210
2218 2219 2210
2218 2220 2219
2221 2213 2205
2221 2205 2222
2223 2221 2222
2223 2222 2224
2225 2226 2213
2225 2227 2226
2227 2228 2226
2227 2229 2228
2229 2218 2228
2229 2230 2218
2231 2232 2225
2231 2233 2232
2233 2234 2232
2233 2235 2234
2235 2230 2234
2235 2236 2230
2237 2231 2225
2237 2225 2238
2239 2237 2238
2239 2238 2240
2241 2242 2231
2241 2243 2242
2243 2244 2242
2243 2245 2244
2245 2236 2244
2245 2246 2236
2247 2241 2231
2247 2231 2248
2249 2247 2248
2249 2248 2250
2251 2252 2241
2251 2253 2252
2253 2254 2252
2253 2255 2254
2255 2246 2254
2255 2256 2246
2257 2258 2251
2257 2259 2258
2259 2260 2258
2259 2261 2260
2261 2256 2260
2261 2262 2256
2263 2257 2251
2263 2251 2264
2265 2263 2264
2265 2264 2266
2267 2268 2257
2267 2269 2268
2269 2270 2268
2269 2271 2270
2271 2262 2270
2271 2272 2262
2272 2273 2262
2272 2274 2273
2275 2269 2267
2275 2267 2276
2277 2271 2269
2277 2269 2275
2278 2272 2271
2278 2271 2277
2279 2274 2272
2279 2272 2280
2276 2281 2275
2275 2281 2277
2277 2281 2278
2280 2282 2279
2283 2267 2257
2283 2257 2284
2285 2283 2284
2285 2284 2286
2287 2283 2285
2287 2285 2288
2289 2267 2283
2289 2283 2287
2288 2290 2287
2287 2290 2289
2291 2292 2293
2291 2293 2294
2203 2295 2291
2203 2296 2295
2293 2297 2298
2299 2300 2301
2299 2301 2218
2302 2303 2299
2302 2304 2303
2246 2305 2302
2246 2306 2305
2307 2308 2246
2307 2309 2308
2262 2310 2307
2262 2311 2310
2312 2313 2314
2312 2314 2315
2313 2316 2314
2313 2317 2316
2314 2318 2315
2316 2318 2314
2319 2320 2312
2319 2321 2320
2321 2317 2320
2321 2196 2317
2322 2205 2196
2322 2196 2323
2324 2322 2323
2324 2323 2325
2326 2327 2328
2326 2328 2329
2327 2213 2328
2327 2225 2213
2330 2331 2332
2330 2332 2333
2331 2241 2332
2331 2251 2241
2334 2335 2336
2334 2336 2337
2335 2334 2338
2335 2338 2339
2335 2339 2340
2335 2340 2341
2336 2342 2337
2336 2343 2342
2336 2344 2343
2336 2345 2344
2345 2336 2335
2345 2335 2341
2342 2343 2346
2346 2343 2344
2342 2346 2347
2338 2348 2339
2339 2348 2340
2346 2344 2349
2350 2346 2349
2350 2351 2346
2346 2351 2352
2346 2352 2347
2353 2354 2355
2353 2355 2356
2357 2354 2353
2357 2358 2354
2359 2358 2357
2359 2360 2358
2361 2362 2363
2361 2363 2364
2365 2362 2361
2365 2366 2362
2367 2365 2361
2367 2361 2368
2368 2361 2364
2368 2364 2369
2369 2364 2370
2369 2370 2371
2371 2370 2372
2371 2372 2373
2373 2372 2374
2373 2374 2375
2376 2365 2367
2376 2377 2365
2378 2379 2380
2378 2380 2381
2381 2380 2382
2381 2382 2383
2380 2384 2382
2380 2385 2384
2386 2385 2380
2386 2387 2385
2383 2382 2388
2383 2388 2389
2382 2384 2390
2382 2390 2388
2391 2389 2388
2391 2388 2392
2388 2390 2393
2388 2393 2392
2394 2379 2378
2395 2387 2386
2394 2395 2379
2395 2396 2387
2397 2398 2399
2397 2399 2400
2398 2401 2399
2398 2402 2401
2399 2401 2403
2399 2403 2404
2405 2399 2404
2405 2404 2406
2402 2407 2401
2402 2408 2407
2401 2407 2409
2401 2409 2403
2410 2407 2408
2410 2411 2407
2407 2411 2412
2407 2412 2409
2413 2397 2400
2413 2400 2414
2415 2405 2416
2415 2416 2417
2418 2419 2420
2418 2420 2421
2422 2418 2421
2422 2421 2423
2423 2421 2424
2421 2420 2425
2426 2425 2420
2420 2427 2426
2419 2427 2420
2428 2425 2426
2428 2426 2429
2424 2421 2430
2430 2421 2431
2430 2432 2424
2433 2428 2432
2434 2424 2432
2435 2424 2434
2436 2435 2434
2434 2432 2437
2434 2437 2438
2437 2439 2438
2440 2434 2438
2436 2434 2440
2440 2438 2441
2438 2442 2441
2437 2443 2442
2442 2444 2441
2437 2445 2443
2445 2446 2443
2446 2447 2443
2443 2447 2442
2432 2445 2448
2447 2446 2429
2429 2446 2449
2450 2445 2449
2445 2428 2449
2428 2445 2451
2428 2452 2449
2447 2429 2426
2453 2442 2447
2453 2454 2455
2454 2440 2455
2456 2440 2457
2457 2453 2456
2456 2458 2440
2459 2458 2456
2459 2460 2458
2460 2461 2458
2459 2462 2460
2459 2463 2462
2461 2460 2464
2464 2460 2462
2464 2423 2461
2464 2465 2423
2463 2465 2464
2466 2465 2463
2463 2464 2467
2461 2423 2468
2469 2461 2468
2458 2469 2470
2471 2458 2470
2458 2472 2469
2469 2473 2470
2465 2422 2423
2466 2422 2465
2474 2473 2475
2435 2469 2475
2476 2424 2475
2477 2433 2478
2425 2477 2431
2479 2425 2478
2480 2481 2482
2480 2482 2483
2483 2482 2484
2483 2484 2485
2485 2484 2486
2485 2486 2487
2487 2486 2488
2487 2488 2489
2489 2488 2490
2489 2490 2491
2491 2490 2492
2491 2492 2493
2493 2492 2494
2493 2494 2495
2490 2496 2492
2490 2497 2496
2488 2497 2490
2497 2498 2496
2496 2498 2499
2496 2499 2500
2497 2501 2498
2502 2501 2497
2488 2502 2497
2502 2503 2501
2504 2503 2502
2504 2505 2503
2506 2505 2504
2506 2507 2505
2508 2507 2506
2508 2509 2507
2510 2509 2508
2510 2511 2509
2496 2500 2512
2486 2504 2502
2486 2502 2488
2484 2506 2504
2484 2504 2486
2482 2508 2506
2482 2506 2484
2481 2508 2482
2481 2513 2508
2513 2510 2508
2505 2514 2503
2503 2514 2515
2516 2515 2514
2517 2516 2514
2517 2514 2518
2519 2517 2518
2519 2518 2520
2519 2520 2521
2516 2522 2515
2516 2523 2522
2523 2524 2522
2519 2525 2517
2519 2526 2525
2517 2525 2527
2517 2527 2516
2516 2527 2528
2516 2528 2523
2523 2528 2529
2501 2515 2522
2501 2522 2498
2498 2522 2530
2498 2530 2499
2507 2520 2518
2507 2518 2505
2505 2518 2514
2523 2529 2531
2526 2532 2525
2525 2532 2527
2527 2532 2528
2528 2532 2533
2528 2533 2529
2534 2532 2526
2535 2534 2526
2535 2526 2536
2526 2519 2536
2519 2537 2536
2538 2537 2519
2538 2519 2539
2519 2521 2539
2521 2540 2539
2541 2540 2521
2542 2541 2521
2542 2521 2509
2509 2521 2520
2509 2520 2507
2543 2542 2509
2511 2543 2509
2503 2515 2501
2544 2530 2522
2524 2544 2522
2492 2496 2512
2492 2512 2494
2545 2546 2547
2545 2547 2548
2549 2546 2545
2550 2549 2545
2551 2550 2545
2550 2551 2552
2550 2552 2553
2551 2545 2554
2554 2545 2555
2550 2556 2549
2550 2557 2556
2557 2550 2558
2550 2553 2559
2550 2559 2558
2553 2560 2559
2561 2560 2553
2562 2561 2553
2562 2563 2561
2563 2562 2564
2562 2565 2564
2562 2566 2565
2562 2567 2566
2562 2568 2567
2562 2569 2568
2570 2569 2562
2570 2562 2571
2572 2567 2568
2572 2568 2573
2574 2566 2567
2574 2567 2572
2570 2553 2552
2575 2576 2577
2578 2579 2576
2545 2548 2580
2545 2580 2555
2548 2581 2580
2548 2582 2581
2547 2582 2548
2547 2583 2582
2584 2585 2586
2585 2584 2587
2585 2587 2588
2585 2589 2590
2585 2591 2589
2585 2592 2591
2585 2593 2594
2585 2595 2593
2596 2597 2598
2596 2598 2599
2597 2600 2598
2597 2601 2600
2601 2602 2600
2601 2603 2602
2603 2604 2602
2603 2605 2604
2605 2606 2604
2605 2607 2606
2607 2608 2606
2607 2609 2608
2609 2610 2608
2609 2611 2610
2606 2608 2612
2606 2612 2613
2604 2606 2613
2613 2612 2614
2612 2615 2614
2612 2616 2615
2613 2614 2617
2618 2613 2617
2604 2613 2618
2618 2617 2619
2620 2618 2619
2620 2619 2621
2622 2620 2621
2622 2621 2623
2624 2622 2623
2624 2623 2625
2626 2624 2625
2626 2625 2627
2612 2628 2616
2602 2618 2620
2602 2604 2618
2600 2602 2620
2600 2620 2622
2598 2600 2622
2598 2622 2624
2599 2598 2624
2599 2624 2629
2629 2624 2626
2621 2619 2630
2621 2630 2631
2623 2621 2631
2632 2631 2630
2633 2631 2632
2633 2634 2631
2633 2635 2634
2625 2634 2635
2632 2630 2636
2636 2630 2637
2636 2637 2638
2636 2638 2639
2639 2638 2640
2633 2632 2641
2633 2641 2642
2632 2636 2643
2632 2643 2641
2636 2639 2644
2636 2644 2643
2639 2645 2644
2617 2638 2637
2617 2614 2638
2614 2646 2638
2614 2615 2646
2619 2617 2637
2619 2637 2630
2639 2647 2645
2648 2638 2646
2640 2638 2648
2642 2641 2649
2641 2643 2649
2643 2644 2649
2644 2650 2649
2644 2645 2650
2651 2642 2649
2652 2642 2651
2652 2653 2642
2642 2653 2633
2633 2653 2654
2655 2633 2654
2655 2656 2633
2633 2656 2635
2635 2656 2657
2658 2635 2657
2659 2635 2658
2659 2625 2635
2660 2625 2659
2627 2625 2660
2625 2623 2634
2623 2631 2634
2608 2610 2628
2608 2628 2612
2661 2662 2663
2661 2663 2664
2665 2661 2664
2666 2661 2665
2667 2661 2666
2666 2668 2667
2666 2669 2668
2667 2670 2661
2670 2671 2661
2666 2665 2672
2666 2672 2673
2673 2674 2666
2666 2674 2675
2666 2675 2669
2669 2675 2676
2677 2669 2676
2678 2669 2677
2678 2677 2679
2679 2680 2678
2678 2680 2681
2678 2681 2682
2678 2682 2683
2678 2683 2684
2678 2684 2685
2686 2678 2685
2686 2687 2678
2688 2684 2683
2688 2689 2684
2690 2688 2683
2690 2683 2682
2686 2668 2669
2691 2692 2693
2694 2693 2695
2661 2671 2696
2661 2696 2662
2662 2696 2697
2662 2697 2698
2663 2662 2698
2663 2698 2699
2700 2701 2702
2703 2700 2702
2704 2703 2702
2705 2704 2702
2706 2705 2702
2707 2706 2702
2708 2707 2702
2709 2708 2702
2710 2709 2702
2701 2710 2702
2711 2712 2713
2711 2713 2714
2711 2714 2715
2711 2715 2716
2711 2716 2717
2711 2717 2718
2711 2718 2719
2711 2719 2720
2711 2720 2721
2711 2721 2722
2711 2722 2723
2711 2723 2724
2711 2724 2725
2711 2725 2726
2711 2726 2727
2728 2713 2712
2714 2729 2715
2715 2729 2730
2715 2730 2716
2716 2730 2731
2716 2731 2732
2721 2733 2722
2721 2734 2733
2722 2733 2735
2722 2735 2723
2723 2735 2736
2723 2736 2724
2724 2736 2737
2724 2737 2725
2725 2737 2738
2725 2738 2726
2726 2738 2739
2726 2739 2727
2727 2739 2740
2727 2740 2741
2711 2727 2742
2711 2742 2743
2711 2743 2744
2711 2744 2745
2711 2745 2712
2742 2740 2746
2742 2746 2743
2743 2746 2747
2743 2747 2744
2744 2747 2748
2744 2748 2745
2745 2748 2728
2745 2728 2712
2728 2749 2713
2713 2749 2750
2713 2750 2714
2714 2751 2729
2717 2731 2752
2717 2752 2753
2718 2752 2754
2718 2754 2719
2755 2754 2756
2755 2756 2720
2757 2756 2734
2757 2734 2721
