byte offset: 0
first index: 0
index count: 7779
topology: trianglelist
format: DXGI_FORMAT_R16_UINT

0 1 2
0 2 3
0 3 4
4 3 5
4 5 6
3 2 7
3 7 8
6 5 9
9 5 10
10 5 3
10 3 8
9 10 11
12 9 11
13 9 12
6 9 13
13 12 14
14 12 15
14 15 16
16 15 17
16 17 18
18 17 19
18 19 20
20 19 21
20 21 22
19 23 21
15 12 24
12 11 24
15 24 25
25 17 15
19 17 26
25 26 17
26 25 27
26 27 28
19 26 28
19 28 29
19 29 23
29 30 23
29 31 30
31 29 28
31 28 27
27 32 31
27 33 32
25 24 33
25 33 27
23 30 34
23 34 35
21 23 35
30 36 34
30 37 36
31 32 37
31 37 30
37 38 36
37 39 38
32 39 37
39 40 38
39 41 40
33 42 32
32 42 39
42 41 39
33 43 42
40 41 44
40 44 45
44 46 45
44 47 46
48 42 43
48 49 42
49 44 41
42 49 41
48 50 49
49 50 44
50 47 44
48 51 50
51 52 50
50 52 47
51 53 52
53 54 52
53 55 54
10 48 43
56 48 10
56 10 8
10 43 11
8 57 56
8 7 57
7 58 57
7 59 58
2 59 7
2 1 59
52 54 60
60 54 61
61 54 55
62 60 61
47 60 62
47 62 46
46 62 63
63 62 61
46 63 64
64 63 65
65 63 61
64 65 66
67 64 66
67 66 68
69 68 66
69 66 70
71 69 70
71 72 69
72 73 69
72 74 73
74 75 73
74 76 75
76 77 75
76 78 77
78 79 77
78 80 79
81 79 80
81 82 79
83 67 68
83 68 84
85 83 84
83 85 38
83 38 40
40 67 83
85 84 86
38 85 87
87 85 86
38 87 36
81 80 88
89 81 88
89 88 90
90 88 91
90 91 92
93 90 92
93 92 94
95 93 94
95 96 93
96 97 93
90 93 97
90 97 89
96 98 97
98 99 97
99 89 97
98 100 99
100 21 99
100 101 21
102 95 94
102 94 103
99 21 104
99 104 82
94 92 105
94 105 103
103 105 106
103 106 107
21 35 104
104 35 34
104 34 108
109 102 103
109 103 107
110 109 107
110 107 111
106 111 107
112 110 111
112 111 113
112 113 114
111 115 113
111 116 115
106 116 111
117 116 106
117 106 118
106 105 119
106 119 118
116 117 120
116 120 115
115 120 121
115 121 122
113 115 122
113 122 114
87 108 34
87 34 36
92 91 119
92 119 105
123 119 91
80 123 91
80 78 123
78 124 123
123 124 119
78 76 124
76 125 124
76 74 125
72 125 74
72 126 125
72 127 126
72 71 127
128 127 71
128 129 127
128 130 129
128 131 130
127 129 132
127 132 133
126 127 133
124 125 134
124 134 119
125 126 135
125 135 134
126 133 135
129 130 136
129 136 132
130 131 137
136 130 137
70 128 71
70 138 128
66 138 70
66 65 138
138 65 139
65 61 139
139 61 140
139 140 141
141 140 142
143 139 141
142 143 141
144 143 142
145 143 144
145 146 143
143 146 139
138 139 146
128 138 146
128 146 145
24 11 43
24 43 33
99 81 89
99 82 81
79 82 104
79 104 108
77 79 108
77 108 87
75 77 87
75 87 86
73 75 86
73 86 84
69 73 84
69 84 68
40 45 67
45 64 67
45 46 64
80 91 88
147 148 149
147 150 148
149 148 151
149 151 152
149 152 153
149 153 154
154 153 155
154 155 156
152 151 157
152 157 158
153 152 158
158 157 159
158 159 160
161 158 160
153 158 161
161 160 162
163 159 157
163 164 159
165 164 163
165 166 164
156 155 167
167 155 168
168 155 153
168 153 161
162 168 161
167 168 169
170 167 169
171 167 170
156 167 171
171 170 172
172 170 173
172 173 174
174 173 175
174 175 176
176 175 177
176 177 178
177 175 179
177 179 180
180 179 181
180 181 182
183 180 182
183 182 184
185 180 183
178 186 185
185 186 180
178 185 187
175 173 188
175 188 179
173 189 188
190 188 189
191 190 189
190 191 192
191 193 192
191 194 193
190 192 195
196 190 195
190 196 188
196 195 197
193 194 162
193 162 198
162 199 198
162 160 199
160 200 199
160 159 200
159 201 200
159 164 201
162 194 168
194 191 169
194 169 168
201 202 200
164 203 201
164 166 203
203 166 204
203 204 205
205 204 206
205 206 207
204 166 165
207 206 208
208 206 209
209 206 204
208 209 210
210 211 208
210 212 211
207 208 213
209 214 210
214 212 210
209 215 214
209 204 216
204 165 216
217 216 165
218 217 165
219 217 218
219 218 220
221 220 218
219 222 217
222 215 209
222 209 216
217 222 216
219 223 222
223 215 222
223 224 215
214 215 224
221 218 163
221 163 157
218 165 163
214 224 225
225 226 214
225 227 226
226 227 228
226 228 229
228 230 229
229 230 231
229 231 232
232 231 233
232 233 234
228 235 230
231 236 233
231 237 236
230 237 231
230 238 237
235 238 230
235 239 238
234 233 240
234 240 241
233 236 242
233 242 240
243 234 241
243 211 234
211 232 234
208 211 243
208 243 213
211 212 232
212 229 232
212 226 229
214 226 212
236 237 244
237 238 245
245 246 244
244 246 247
244 247 248
245 249 246
250 249 245
250 251 249
246 252 247
246 253 252
249 253 246
249 254 253
251 254 249
251 255 254
247 256 248
247 257 256
252 257 247
236 244 248
237 245 244
238 250 245
238 239 250
242 236 248
242 248 256
252 253 258
252 258 259
259 258 260
259 260 261
261 260 262
260 263 262
258 263 260
263 264 262
258 265 263
266 264 263
266 267 264
261 268 259
259 268 269
259 269 252
261 270 268
262 271 261
253 266 258
253 254 266
254 267 266
254 255 267
252 269 257
181 272 197
181 197 273
182 181 273
182 273 274
184 182 274
184 274 275
196 181 179
196 179 188
173 170 189
170 169 189
191 189 169
151 276 277
151 277 278
277 276 279
277 279 280
276 281 279
276 150 281
280 279 282
280 282 283
283 282 284
283 284 285
282 286 284
282 287 286
279 281 287
279 287 282
285 284 288
284 286 288
148 150 276
148 276 151
289 290 291
289 291 292
293 290 289
293 294 290
291 290 295
291 295 296
290 294 297
290 297 295
298 297 294
298 294 299
299 294 293
299 293 300
301 299 300
301 302 299
299 302 303
299 303 298
304 303 302
305 302 301
304 302 305
305 306 304
305 307 306
306 307 308
309 310 311
309 311 312
313 311 310
313 310 314
315 313 314
315 314 316
312 317 309
312 318 317
319 317 318
319 318 320
320 321 319
320 322 321
321 322 323
324 325 326
324 326 327
325 328 326
325 329 328
329 330 328
329 331 330
326 332 327
326 333 332
328 333 326
333 334 332
333 335 334
336 335 333
328 336 333
336 337 335
327 332 338
327 338 339
324 327 339
324 339 340
338 341 339
338 342 341
342 343 341
342 344 343
341 343 345
341 345 346
339 341 346
339 346 340
335 347 334
335 348 347
337 348 335
337 349 348
350 349 337
350 337 351
352 350 351
352 353 350
354 353 352
354 355 353
356 355 354
356 357 355
358 357 356
358 359 357
351 360 352
351 361 360
362 360 361
362 361 330
363 360 362
364 363 362
364 365 363
365 366 363
365 367 366
367 368 366
367 369 368
369 370 368
369 371 370
371 372 370
371 373 372
370 374 368
370 375 374
375 358 374
375 376 358
377 376 375
377 378 376
185 377 375
185 375 370
368 374 379
368 379 366
366 379 380
354 380 379
352 380 354
352 360 380
363 380 360
366 380 363
354 379 356
356 379 374
356 374 358
378 381 376
378 382 381
376 381 359
376 359 358
383 384 385
383 385 386
384 387 385
384 388 387
385 389 386
389 390 386
390 383 386
389 391 390
391 332 390
390 392 383
388 393 387
393 394 387
394 385 387
393 395 394
395 393 396
395 396 397
388 398 393
394 395 399
397 399 395
394 399 400
401 332 391
401 391 402
403 391 389
403 389 404
405 403 404
405 406 403
406 401 403
405 404 407
407 394 400
405 407 408
408 407 400
408 400 409
399 409 400
407 410 394
404 410 407
394 410 385
404 389 410
385 410 389
399 411 409
399 412 411
399 413 412
397 413 399
397 414 413
397 415 414
414 415 416
415 417 416
415 418 417
414 416 419
420 414 419
413 414 420
413 420 412
420 419 421
416 417 422
416 422 423
419 416 423
419 423 424
421 419 424
421 424 425
418 426 417
418 427 426
417 426 428
417 428 422
429 427 418
429 418 396
396 418 415
393 429 396
393 398 429
423 422 430
423 430 431
424 423 431
431 430 432
431 432 433
434 431 433
424 431 434
425 424 434
434 433 435
436 434 435
425 434 436
436 435 437
435 433 438
437 435 438
438 433 432
437 438 439
438 440 439
438 441 440
442 441 438
438 432 442
442 443 441
444 443 442
444 445 443
432 430 446
432 446 447
442 432 447
442 447 444
440 441 448
441 449 448
449 450 448
451 450 449
448 450 452
440 448 452
453 445 451
453 451 449
441 453 449
422 428 446
422 446 430
454 455 456
456 455 457
343 454 456
343 344 454
345 343 456
345 456 457
458 459 460
458 460 461
462 458 461
462 461 463
463 461 464
463 464 465
466 463 465
466 467 463
468 467 466
469 467 468
469 470 467
463 467 470
463 470 462
468 466 471
472 468 471
472 473 468
468 473 474
468 474 469
474 473 475
461 476 464
461 477 476
478 473 472
475 473 478
478 479 475
480 481 482
480 482 483
484 483 482
484 485 483
481 480 486
481 486 487
488 487 486
488 489 487
489 488 490
489 490 491
490 492 491
493 485 484
493 494 485
331 364 362
331 362 330
361 328 330
361 336 328
337 336 361
337 361 351
495 347 496
334 347 495
334 495 497
497 495 498
497 498 499
390 497 499
390 334 497
390 499 392
392 499 500
392 500 501
499 498 502
499 502 500
501 500 503
500 502 503
390 332 334
396 415 397
504 505 506
504 506 507
508 505 504
508 509 505
508 510 509
508 511 510
511 512 510
511 513 512
513 514 512
513 515 514
515 516 514
515 517 516
517 518 516
517 519 518
519 520 518
519 521 520
521 522 520
521 523 522
522 523 524
522 524 525
524 526 525
527 528 529
527 529 530
528 531 529
528 532 531
532 533 531
532 534 533
534 535 533
534 536 535
536 537 535
536 538 537
538 539 537
538 540 539
540 541 539
540 542 541
542 543 541
542 544 543
544 545 543
544 546 545
545 546 547
545 547 548
547 549 548
550 551 552
550 552 553
553 552 554
553 554 555
555 554 556
555 556 557
557 556 558
557 558 559
560 551 550
560 561 551
562 561 560
562 563 561
562 564 563
562 565 564
565 566 564
565 567 566
567 568 566
567 569 568
556 554 570
556 570 571
558 556 571
558 571 572
563 564 573
563 573 574
575 563 574
575 574 576
551 561 576
551 576 577
552 551 577
552 577 578
554 552 578
554 578 570
579 569 567
580 579 567
581 579 580
581 580 582
582 580 583
582 583 584
584 583 585
584 585 586
586 585 587
586 587 588
588 587 589
588 589 590
590 589 591
590 591 592
592 591 593
592 593 594
594 593 595
594 595 596
596 595 597
596 597 598
598 597 599
598 599 600
600 599 601
600 601 602
602 601 603
593 591 604
593 604 605
595 593 605
595 605 606
597 595 606
597 606 607
599 597 607
599 607 608
601 599 608
601 608 609
603 601 609
591 610 604
591 589 610
589 611 610
589 587 611
587 612 611
587 585 612
585 562 612
585 583 562
583 565 562
583 580 565
580 567 565
613 614 615
615 614 616
559 614 613
559 558 614
558 616 614
558 572 616
617 618 579
617 579 581
579 618 569
618 619 569
618 620 619
617 620 618
569 619 621
569 621 568
568 621 622
568 622 623
566 568 623
566 623 624
564 566 624
564 624 573
617 625 620
626 620 625
627 626 625
628 626 627
628 627 629
628 630 626
626 630 620
628 631 630
632 630 631
632 633 630
629 627 634
627 625 635
634 627 635
630 633 620
620 633 636
620 636 619
619 636 621
621 636 637
621 637 622
638 639 640
640 639 641
640 641 642
640 642 643
643 642 644
643 644 645
645 644 646
645 646 647
647 646 648
649 650 651
652 650 649
652 653 650
654 653 652
654 655 653
656 655 654
656 657 655
656 658 657
656 659 658
660 659 656
657 658 661
662 663 664
662 664 665
666 662 665
666 665 667
668 666 667
668 667 669
663 670 664
663 671 670
672 668 669
671 673 670
671 674 673
674 675 673
674 676 675
530 677 678
530 678 527
677 679 678
680 681 682
683 684 685
683 685 686
687 688 689
687 689 690
691 692 693
691 693 694
695 696 697
695 697 698
699 700 701
699 701 702
703 704 705
703 705 706
707 708 709
707 709 710
711 712 713
711 713 714
715 716 717
715 717 718
719 720 721
719 721 722
723 724 725
723 725 726
727 728 729
727 729 730
731 732 733
731 733 734
735 736 737
735 737 738
739 740 741
739 741 742
743 744 745
746 747 748
746 748 749
750 751 752
752 753 750
753 754 750
755 756 757
755 757 758
759 760 761
762 763 764
762 764 765
766 767 768
766 768 769
770 771 772
770 772 773
774 775 776
774 776 777
778 779 780
778 780 781
782 783 784
785 786 787
785 787 788
789 790 791
789 791 792
793 794 795
793 795 796
797 798 799
797 799 800
801 802 803
801 803 804
805 806 807
805 807 808
809 810 811
809 811 812
813 814 815
813 815 816
817 818 819
817 819 820
821 822 823
821 823 824
825 826 827
825 827 828
829 830 831
829 831 832
830 833 831
830 834 833
835 836 837
835 837 838
839 840 841
842 843 844
842 844 845
846 847 848
846 848 849
850 847 846
850 851 847
852 851 850
849 853 854
849 854 855
855 854 856
855 856 857
858 859 860
861 859 858
861 862 859
863 862 861
863 864 862
865 864 863
865 866 864
865 867 866
865 868 867
52 60 47
869 870 871
869 871 872
870 873 871
870 874 873
875 869 872
875 872 876
877 875 876
877 876 878
879 877 878
879 878 880
881 879 880
881 880 882
883 881 882
883 882 884
885 883 884
885 884 886
887 885 886
887 886 888
889 887 888
889 888 890
891 889 890
891 890 892
893 891 892
893 892 894
895 896 897
895 897 898
898 897 899
897 900 899
897 901 900
896 901 897
901 902 900
901 903 902
898 899 904
902 905 900
902 906 905
907 906 902
903 907 902
907 908 906
900 905 909
900 909 899
899 909 910
899 910 904
906 911 905
906 912 911
908 912 906
905 911 913
905 913 909
909 913 914
909 914 910
910 914 915
910 915 916
916 904 910
912 917 911
912 918 917
911 917 919
911 919 913
913 919 920
913 920 914
914 920 921
914 921 922
908 923 912
923 918 912
923 924 918
921 920 925
921 925 926
925 927 926
925 928 927
929 928 925
920 919 929
920 929 925
929 930 928
919 917 931
919 931 929
918 931 917
931 932 929
929 932 930
931 933 932
918 924 934
930 935 928
930 936 935
932 936 930
928 935 937
928 937 927
933 938 932
932 938 936
933 939 938
937 935 940
937 940 941
936 938 942
936 942 943
943 940 935
943 935 936
940 943 944
940 944 945
941 940 945
944 946 945
944 947 946
948 947 944
943 942 948
943 948 944
948 949 947
941 945 950
951 949 948
942 951 948
951 952 949
953 952 951
953 954 952
945 946 955
945 955 950
953 956 954
953 957 956
942 958 951
958 953 951
958 959 953
959 957 953
960 959 958
960 961 959
959 961 957
960 962 961
960 958 963
958 938 963
958 942 938
963 938 964
964 938 939
964 939 965
966 965 939
967 966 939
968 966 967
968 969 966
968 970 969
970 962 969
968 971 970
934 971 968
934 968 967
934 972 971
971 972 973
974 973 972
974 972 934
974 975 973
976 975 974
923 976 974
908 976 923
908 977 976
923 974 924
974 934 924
977 978 976
976 978 975
978 979 975
979 973 975
978 980 979
981 980 978
977 981 978
982 981 977
982 983 981
983 984 981
981 984 980
983 985 984
986 985 983
986 983 987
987 983 982
987 982 907
977 908 907
977 907 982
987 907 903
988 985 986
988 989 985
990 989 988
990 991 989
985 989 992
985 992 984
989 991 993
989 993 992
984 992 994
984 994 980
992 993 995
992 995 994
993 996 995
993 997 996
997 993 991
997 991 990
995 996 998
995 998 999
980 994 1000
980 1000 979
994 995 1001
994 1001 1002
998 1003 1001
998 1004 1003
1003 1004 1005
1003 1005 1006
1007 1003 1006
1001 1003 1007
1001 1007 1002
1007 1006 1008
1009 1007 1008
1000 1007 1009
1000 1009 979
1009 1008 1010
973 1009 1010
979 1009 973
973 1010 1011
1011 1010 1012
1011 1012 1013
1008 1006 1014
1008 1014 1015
1010 1008 1015
1006 1005 1016
1006 1016 1014
1010 1017 1012
1010 1015 1017
1012 1018 1013
1013 1018 1019
1013 1019 970
970 1011 1013
1012 1020 1018
1016 1021 1014
1016 1022 1021
1015 1023 1017
1023 1020 1012
1023 1012 1017
1015 1024 1023
1024 1015 1014
1024 1014 1021
1021 1025 1024
1021 1026 1025
1018 1027 1019
1018 1028 1027
1020 1028 1018
1020 1029 1028
1024 1025 1030
1024 1030 1023
1030 1029 1020
1030 1020 1023
1031 1029 1030
1031 1032 1029
1028 1029 1032
970 1019 962
1027 962 1019
1027 1028 1033
1028 1032 1033
1033 1032 1034
1033 1034 1035
1027 1033 1036
1035 1036 1033
1027 961 962
957 961 1027
957 1027 1036
1025 1026 1037
1038 1037 1026
1038 1039 1037
1037 1039 1040
1037 1040 1041
1042 1037 1041
1042 1041 1043
1031 1042 1043
1031 1043 1044
1044 1034 1032
1034 1044 1045
1044 1046 1045
1044 1047 1046
1034 1045 1048
1049 1048 1045
1050 1048 1049
1050 1049 1051
1052 1050 1051
1052 1051 1053
1051 1054 1053
1053 1054 1055
1053 1055 1056
1056 1052 1053
1051 1057 1054
1054 1057 1058
1057 1059 1058
1057 1060 1059
1054 1058 1061
1058 1059 1062
1058 1062 1063
1061 1058 1063
1061 1063 1064
1065 1061 1064
1065 1055 1054
1065 1054 1061
1066 1055 1065
1056 1055 1066
1066 1065 1067
1066 1067 1068
1066 1068 1069
1069 1068 1070
1069 1070 1071
1068 1072 1070
1068 1073 1072
1067 1073 1068
1067 1074 1073
1073 1075 1072
1073 1076 1075
1074 1076 1073
1074 1077 1076
1067 1065 1078
1067 1078 1074
1065 1064 1078
1074 1078 1079
1074 1079 1077
1078 1064 1080
1078 1080 1079
1069 1081 1066
1056 1066 1081
1082 1056 1081
1082 1081 1083
1082 1083 1084
1084 1083 1085
1084 1085 1086
1086 1085 1087
1086 1087 1088
1088 1087 1089
1088 1089 1090
1085 1091 1087
1085 1092 1091
1087 1091 1093
1087 1093 1089
1089 1093 1094
1089 1094 1095
1090 1089 1095
1090 1095 1096
1071 1085 1083
1071 1083 1069
1069 1083 1081
1091 1092 1097
1091 1097 1098
1093 1091 1098
1098 1097 1099
1099 1100 1098
1094 1093 1100
1093 1098 1100
1101 1100 1099
1094 1100 1101
955 1090 1096
955 946 1090
946 1088 1090
946 947 1088
947 1086 1088
947 949 1086
949 1084 1086
949 952 1084
952 1082 1084
952 954 1082
954 1102 1082
1082 1102 1056
1056 1102 1052
1102 1103 1052
1052 1103 1035
1052 1035 1050
1102 956 1103
954 956 1102
1035 1103 1036
1103 956 957
1103 957 1036
1035 1048 1050
1035 1034 1048
1104 1105 1106
1104 1106 1107
1105 1108 1106
1105 1109 1108
1110 1105 1104
1110 1111 1105
1111 1109 1105
1108 1109 1112
1108 1112 1113
1112 1114 1113
1112 1115 1114
1115 1116 1114
1115 1117 1116
1116 1117 1118
1116 1118 1119
1118 1120 1119
1118 1121 1120
1121 1122 1120
1121 1123 1122
1124 1123 1121
1117 1125 1118
1117 1126 1125
1127 1115 1112
1128 1127 1112
1127 1128 1129
1127 1129 1130
1130 1131 1127
1131 1126 1117
1130 1132 1131
1132 1126 1131
1132 1133 1126
1134 1129 1128
1134 1128 1111
1110 1134 1111
1111 1128 1109
1128 1112 1109
1127 1131 1115
1131 1117 1115
1135 1125 1126
1135 1126 1133
1136 1125 1135
1136 1135 1137
1137 1138 1136
1137 1139 1138
1136 1138 1118
1118 1125 1136
1138 1139 1140
1138 1140 1124
1140 1141 1124
1124 1141 1142
1124 1142 1123
1123 1142 1143
1142 1144 1143
1123 1143 1145
1143 1146 1145
1143 1147 1146
1122 1123 1145
1122 1145 1148
1145 1149 1148
1145 1150 1149
1150 1151 1149
1150 1152 1151
1147 1152 1150
1147 1153 1152
1152 1154 1151
1152 1155 1154
1153 1155 1152
1153 1156 1155
1157 1148 1149
1122 1148 1157
1157 1149 1158
1158 1149 1151
1159 1157 1158
1159 1158 1160
1158 1151 1161
1160 1158 1161
1161 1151 1154
1160 1161 1162
1161 1154 1163
1162 1161 1163
1162 1163 1164
1165 1157 1159
1122 1157 1165
1166 1122 1165
1166 1120 1122
1167 1120 1166
1167 1119 1120
1168 1167 1166
1168 1166 1169
1169 1166 1165
1116 1119 1167
1116 1167 1170
1171 1116 1170
1171 1114 1116
1172 1114 1171
1172 1113 1114
1108 1113 1172
1108 1172 1173
1174 1108 1173
1174 1106 1108
1175 1106 1174
1175 1107 1106
1176 1175 1174
1176 1174 1177
1177 1174 1173
1176 1177 1178
1178 1177 1179
1177 1173 1179
1179 1173 1172
1178 1179 1180
1181 1180 1179
1179 1172 1181
1181 1172 1171
1181 1182 1180
1182 1181 1183
1182 1183 1184
1184 1183 1185
1184 1185 1186
1181 1171 1183
1183 1171 1170
1183 1170 1185
1170 1187 1185
1187 1186 1185
1170 1167 1187
1167 1168 1187
1168 1188 1187
1168 1189 1188
1189 1168 1190
1189 1190 1191
1188 1192 1187
1187 1192 1186
1190 1168 1169
1193 1190 1169
1193 1169 1194
1169 1165 1194
1165 1159 1194
1193 1194 1195
1193 1195 1196
1195 1197 1196
1195 1198 1197
1199 1198 1195
1200 1199 1195
1200 1201 1199
1199 1202 1198
1198 1202 1203
1198 1203 1204
1197 1198 1204
1204 1203 1205
1206 1204 1205
1197 1204 1206
918 934 1207
934 967 1207
1207 967 933
967 939 933
1207 933 931
918 1207 931
1208 1209 1210
1208 1210 1211
1212 1209 1208
1212 1213 1209
1210 1209 1214
1209 1213 1215
1216 1211 1210
1216 1210 1217
1210 1215 1217
1218 1216 1217
1218 1217 1219
1217 1214 1219
1154 1208 1211
1154 1155 1208
1155 1212 1208
1155 1156 1212
1163 1154 1211
1163 1211 1216
1164 1163 1216
1164 1216 1218
1220 1221 1222
1220 1222 1223
1222 1221 1224
1221 1225 1224
1226 1224 1225
1227 1226 1225
1227 1225 1228
1227 1228 1220
1227 1229 1226
1229 1230 1226
1229 1231 1230
1231 1232 1230
1231 1233 1232
1233 1234 1232
1233 1235 1234
1230 1236 1226
1234 1236 1232
1232 1236 1230
1077 1229 1227
1076 1077 1227
1076 1227 1220
1075 1076 1220
1075 1220 1223
1077 1079 1229
1079 1231 1229
1079 1080 1231
1080 1233 1231
1237 1235 1233
1080 1237 1233
1064 1237 1080
1064 1063 1237
1063 1238 1237
1237 1238 1235
1063 1062 1238
1142 1239 1240
1142 1240 1144
1141 1239 1142
1141 1241 1239
1239 1241 1242
1239 1242 1243
1243 1242 1244
1245 1243 1244
1246 1239 1243
1246 1243 1245
1247 1248 1249
1249 1248 1250
1248 1251 1250
1248 1252 1251
1252 1253 1251
1252 1254 1253
1250 1251 1255
1250 1255 1256
1256 1255 1257
1258 1256 1257
1259 1258 1257
1255 1260 1257
1251 1253 1260
1251 1260 1255
1260 1253 1261
1261 1253 1254
1260 1261 1262
1263 1260 1262
1264 1259 1263
1265 1250 1256
1265 1256 1258
1266 1259 1264
1266 1267 1259
1267 1265 1258
1267 1258 1259
1261 1254 1268
1269 1267 1266
1269 1270 1267
1270 1265 1267
1271 1270 1269
1271 1272 1270
1272 1249 1270
1270 1249 1265
1272 1273 1249
1249 1250 1265
1268 1254 1274
1275 1276 987
1276 986 987
1276 1277 986
986 1277 988
1277 990 988
1277 1278 990
990 1278 1279
990 1279 997
1275 987 903
1280 903 1281
1281 903 901
1281 901 896
1282 1107 1283
1282 1284 1107
1175 1283 1107
1175 1285 1283
1176 1285 1175
1284 1104 1107
1286 1104 1284
1286 1110 1104
1287 1060 1057
1287 1057 1051
1051 1049 1288
1051 1288 1289
1288 1290 1289
1288 1291 1290
1290 1291 1292
1293 1292 1291
1294 1292 1293
1295 1292 1294
1290 1292 1295
1293 1291 1296
1296 1291 1288
1296 1297 1293
1293 1297 1298
1296 1299 1297
1300 1299 1296
1300 1296 1301
1296 1288 1301
1049 1301 1288
1049 1302 1301
1302 1300 1301
1049 1045 1302
1045 1303 1302
1302 1303 1300
1045 1304 1303
1305 1306 1307
1307 1306 1191
1307 1191 1190
1308 1307 1190
1309 1307 1308
1308 1190 1310
971 973 1011
970 971 1011
969 962 1311
969 1311 966
966 1311 965
1025 1037 1042
1030 1025 1042
1030 1042 1312
1044 1032 1312
1044 1043 1313
1044 1313 1047
1047 1313 1314
1046 1047 1314
1315 1313 1043
1316 1313 1315
1315 1317 1316
1041 1317 1315
1315 1043 1041
1041 1040 1317
1021 1022 1038
1021 1038 1026
1121 1138 1124
1118 1138 1121
895 898 916
895 916 1318
916 898 904
1319 1320 1321
1319 1321 1322
1320 1323 1321
1320 1324 1323
1324 1325 1323
1324 1326 1325
1326 1327 1325
1326 1328 1327
1328 1329 1327
1328 1330 1329
1330 1331 1329
1330 1332 1331
1332 1333 1331
1332 1334 1333
1322 1321 1335
1322 1335 1336
1321 1323 1337
1321 1337 1335
1323 1325 1338
1323 1338 1337
1325 1327 1339
1325 1339 1338
1327 1329 1340
1327 1340 1339
1329 1331 1341
1329 1341 1340
1331 1333 1342
1331 1342 1341
1335 1337 1343
1335 1343 1344
1337 1338 1345
1337 1345 1343
1338 1339 1346
1338 1346 1345
1339 1340 1347
1339 1347 1346
1340 1341 1348
1340 1348 1347
1341 1342 1349
1341 1349 1350
1341 1350 1348
1345 1346 1351
1345 1351 1352
1353 1351 1346
1353 1346 1347
1347 1348 1354
1347 1354 1353
1348 1350 1355
1348 1355 1354
1355 1350 1349
1349 1342 1356
1349 1356 1357
1356 1358 1357
1356 1359 1358
1360 1359 1356
1360 1361 1359
1362 1361 1360
1362 1363 1361
1363 1364 1361
1363 1365 1364
1365 1366 1364
1365 1367 1366
1367 1368 1366
1367 1369 1368
1369 1370 1368
1369 1371 1370
1361 1364 1372
1361 1372 1359
1364 1366 1373
1364 1373 1372
1366 1368 1374
1366 1374 1373
1368 1370 1375
1368 1375 1374
1372 1373 1376
1372 1376 1377
1359 1372 1377
1359 1377 1358
1373 1374 1378
1373 1378 1376
1374 1375 1379
1374 1379 1378
1358 1377 1380
1358 1380 1381
1357 1358 1381
1357 1381 1382
1377 1376 1383
1377 1383 1380
1376 1378 1384
1376 1384 1383
1378 1379 1385
1382 1381 1386
1382 1386 1387
1381 1380 1388
1381 1388 1386
1380 1383 1389
1380 1389 1388
1383 1384 1390
1383 1390 1391
1387 1386 1392
1387 1392 1393
1388 1389 1394
1395 1390 1384
1395 1385 1396
1395 1396 1397
1397 1396 1398
1397 1398 1399
1399 1398 1400
1399 1400 1401
1398 1396 1402
1396 1403 1402
1396 1385 1403
1398 1402 1404
1378 1385 1395
1385 1379 1403
1384 1378 1395
1401 1400 1405
1401 1405 1406
1407 1398 1404
1407 1408 1398
1409 1410 1407
1409 1407 1411
1412 1410 1409
1412 1409 1405
1398 1410 1412
1413 1354 1414
1354 1413 1415
1354 1415 1353
1351 1353 1415
1351 1415 1416
1351 1416 1417
1351 1417 1352
1352 1417 1418
1352 1418 1419
1345 1352 1419
1345 1419 1343
1343 1419 1420
1343 1420 1344
1344 1420 1421
1344 1421 1422
1335 1344 1422
1335 1422 1336
1420 1423 1421
1420 1424 1423
1419 1418 1424
1419 1424 1420
1414 1425 1426
1426 1425 1427
1427 1425 1428
1427 1428 1429
1429 1428 1430
1429 1430 1393
1425 1431 1428
1425 1355 1431
1355 1349 1431
1425 1414 1354
1425 1354 1355
1413 1414 1426
1393 1392 1432
1392 1433 1432
1392 1434 1433
1435 1434 1392
1434 1436 1433
1436 1434 1437
1436 1437 1438
1437 1439 1438
1437 1440 1439
1439 1440 1441
1439 1441 1442
1443 1441 1440
1443 1440 1394
1440 1437 1444
1440 1444 1394
1434 1435 1444
1434 1444 1437
1388 1394 1444
1444 1435 1388
1394 1389 1443
1388 1435 1386
1386 1435 1392
1445 1446 1447
1445 1447 1448
1449 1447 1446
1450 1449 1446
1450 1446 1390
1445 1390 1446
1395 1450 1390
1449 1451 1447
1448 1447 1452
1448 1452 1453
1447 1451 1454
1447 1454 1452
1445 1391 1390
1455 1456 1457
1458 1455 1457
1458 1457 1459
1460 1458 1459
1460 1461 1458
1462 1461 1460
1462 1460 1463
1464 1465 1466
1464 1466 1467
1465 1468 1466
1465 1469 1468
1469 1470 1468
1469 1471 1470
1472 1470 1471
1473 1474 1382
1473 1382 1430
1474 1357 1382
1474 1349 1357
1342 1333 1360
1342 1360 1356
1333 1362 1360
1333 1334 1362
1475 1362 1334
1475 1363 1362
1476 1475 1334
1476 1334 1332
1476 1332 1330
1477 1476 1330
1477 1330 1328
1477 1328 1326
1477 1326 1324
1478 1477 1324
1478 1324 1320
1479 1478 1320
1479 1320 1319
1480 1365 1363
1480 1481 1365
1481 1367 1365
1481 1369 1367
1481 1371 1369
1481 1482 1371
1483 1484 1485
1483 1485 1486
1486 1485 1487
1486 1487 1488
1488 1487 1489
1488 1489 1490
1490 1489 1491
1490 1491 1492
1492 1491 1493
1492 1493 1494
1494 1493 1495
1494 1495 1496
1496 1495 1497
1496 1497 1498
1484 1499 1485
1484 1500 1499
1485 1499 1501
1485 1501 1487
1487 1501 1502
1487 1502 1489
1489 1502 1503
1489 1503 1491
1491 1503 1504
1491 1504 1493
1493 1504 1505
1493 1505 1495
1495 1505 1506
1495 1506 1497
1499 1507 1501
1499 1508 1507
1501 1507 1509
1501 1509 1502
1502 1509 1510
1502 1510 1503
1503 1510 1511
1503 1511 1504
1504 1511 1512
1504 1512 1505
1505 1513 1506
1505 1514 1513
1505 1512 1514
1509 1515 1510
1509 1516 1515
1517 1511 1510
1517 1510 1515
1511 1517 1518
1511 1518 1512
1512 1518 1519
1512 1519 1514
1519 1513 1514
1513 1520 1506
1513 1521 1520
1520 1521 1522
1520 1522 1523
1524 1520 1523
1524 1523 1525
1526 1524 1525
1526 1525 1527
1527 1525 1528
1527 1528 1529
1529 1528 1530
1529 1530 1531
1531 1530 1532
1531 1532 1533
1533 1532 1534
1533 1534 1535
1525 1523 1536
1525 1536 1528
1528 1536 1537
1528 1537 1530
1530 1537 1538
1530 1538 1532
1532 1538 1539
1532 1539 1534
1536 1540 1537
1536 1541 1540
1523 1541 1536
1523 1522 1541
1537 1540 1542
1537 1542 1538
1538 1542 1543
1538 1543 1539
1522 1544 1541
1522 1545 1544
1521 1545 1522
1521 1546 1545
1541 1544 1547
1541 1547 1540
1540 1548 1542
1540 1547 1548
1542 1549 1543
1546 1550 1545
1546 1551 1550
1545 1550 1552
1545 1552 1544
1544 1552 1553
1544 1553 1547
1547 1554 1548
1547 1555 1554
1551 1556 1550
1551 1557 1556
1552 1558 1553
1559 1548 1554
1559 1560 1549
1559 1561 1560
1561 1562 1560
1561 1563 1562
1563 1564 1562
1563 1565 1564
1562 1566 1560
1560 1566 1567
1560 1567 1549
1562 1568 1566
1542 1559 1549
1549 1567 1543
1548 1559 1542
1565 1569 1564
1565 1570 1569
1571 1568 1562
1571 1562 1572
1573 1574 1571
1573 1571 1575
1576 1569 1573
1576 1573 1575
1562 1576 1575
1577 1578 1518
1518 1579 1577
1518 1517 1579
1515 1579 1517
1515 1580 1579
1515 1581 1580
1515 1516 1581
1516 1582 1581
1516 1583 1582
1509 1583 1516
1509 1507 1583
1507 1584 1583
1507 1508 1584
1508 1585 1584
1508 1586 1585
1499 1586 1508
1499 1500 1586
1584 1585 1587
1584 1587 1588
1583 1584 1588
1583 1588 1582
1578 1589 1590
1589 1591 1590
1591 1592 1590
1591 1593 1592
1590 1518 1578
1590 1519 1518
1590 1594 1519
1590 1595 1594
1593 1596 1595
1593 1557 1596
1519 1594 1513
1577 1589 1578
1557 1597 1556
1556 1597 1598
1556 1598 1599
1600 1556 1599
1599 1598 1601
1601 1602 1599
1601 1603 1602
1602 1603 1604
1602 1604 1605
1604 1606 1605
1604 1607 1606
1608 1605 1606
1608 1558 1605
1605 1558 1609
1605 1609 1602
1599 1602 1609
1599 1609 1600
1552 1609 1558
1609 1552 1600
1558 1608 1553
1552 1550 1600
1550 1556 1600
1610 1611 1612
1610 1612 1613
1614 1613 1612
1615 1613 1614
1615 1554 1613
1610 1613 1554
1559 1554 1615
1614 1612 1616
1611 1617 1612
1611 1618 1617
1612 1617 1619
1612 1619 1616
1610 1554 1555
1620 1621 1622
1623 1621 1620
1623 1624 1621
1625 1624 1623
1625 1623 1626
1627 1625 1626
1627 1628 1625
1629 1630 1631
1629 1631 1632
1632 1631 1633
1632 1633 1634
1634 1633 1635
1634 1635 1636
1637 1636 1635
1592 1551 1546
1592 1546 1638
1638 1546 1521
1638 1521 1513
1506 1520 1524
1506 1524 1497
1497 1524 1526
1497 1526 1498
1639 1498 1526
1639 1526 1527
1640 1498 1639
1640 1496 1498
1640 1494 1496
1641 1494 1640
1641 1492 1494
1641 1490 1492
1641 1488 1490
1642 1488 1641
1642 1486 1488
1643 1486 1642
1643 1483 1486
1644 1527 1529
1644 1529 1645
1645 1529 1531
1645 1531 1533
1645 1533 1535
1645 1535 1646
1647 1648 1649
1647 1649 1650
1651 1649 1648
1651 1648 1652
1652 1648 1653
1652 1653 1654
1654 1653 1655
1654 1655 1656
1657 1648 1647
1657 1658 1653
1657 1659 1658
1657 1660 1648
1657 1661 1659
1657 1662 1661
1647 1662 1657
1647 1663 1662
1661 1662 1664
1661 1664 1665
1666 1665 1664
1666 1664 1667
1668 1667 1664
1668 1664 1669
1662 1663 1669
1662 1669 1664
1670 1668 1669
1670 1669 1671
1663 1672 1669
1663 1673 1672
1674 1673 1663
1674 1663 1647
1675 1670 1676
1675 1676 1677
1667 1675 1677
1667 1677 1678
1679 1667 1678
1679 1678 1680
1681 1682 1683
1681 1683 1684
1683 1682 1685
1683 1685 1686
1687 1683 1686
1687 1686 1688
1689 1683 1690
1689 1690 1691
1692 1693 1694
1694 1693 1695
1696 1694 1697
1696 1697 1698
1694 1696 1699
1694 1699 1700
1701 1694 1702
1703 1704 1705
1703 1705 1706
1705 1704 1707
1707 1704 1708
1707 1708 1709
1708 1710 1709
1708 1711 1710
1708 1712 1711
1712 1708 1704
1712 1704 1703
1705 1707 1713
1707 1709 1714
1714 1709 1710
1707 1714 1715
1716 1707 1715
1716 1717 1707
1714 1710 1718
1719 1720 1721
1719 1721 1722
1720 1723 1721
1720 1724 1723
1725 1723 1724
1725 1724 1726
1726 1724 1727
1727 1724 1720
1726 1727 1728
1726 1728 1729
1727 1720 1730
1728 1727 1730
1730 1720 1731
1730 1731 1732
1728 1730 1733
1730 1734 1733
1730 1735 1734
1736 1737 1738
1736 1738 1739
1739 1738 1740
1739 1740 1741
1741 1740 1742
1741 1742 1743
1744 1745 1746
1744 1746 1747
1748 1745 1744
1748 1749 1745
1750 1749 1748
1750 1751 1749
1752 1753 1747
1752 1747 1754
1755 1756 1757
1755 1757 1758
1759 1760 1761
1759 1761 1762
1763 1764 1765
1763 1765 1766
1767 1766 1765
1767 1768 1766
1768 1769 1766
1768 1770 1769
1770 1771 1769
1770 1772 1771
1773 1763 1766
1773 1769 1774
1773 1774 1775
1773 1766 1776
1773 1775 1777
1773 1777 1778
1763 1773 1778
1763 1778 1779
1777 1780 1778
1777 1781 1780
1782 1780 1781
1782 1783 1780
1784 1780 1783
1784 1785 1780
1778 1780 1785
1778 1785 1779
1786 1785 1784
1786 1787 1785
1779 1785 1788
1779 1788 1789
1790 1779 1789
1790 1763 1779
1791 1792 1786
1791 1793 1792
1783 1793 1791
1783 1794 1793
1795 1794 1783
1795 1796 1794
1797 1798 1799
1797 1799 1800
1799 1801 1800
1799 1802 1801
1803 1802 1799
1803 1804 1802
1805 1806 1799
1805 1807 1806
1808 1809 1810
1809 1811 1810
1812 1813 1809
1812 1814 1813
1809 1815 1812
1809 1816 1815
1817 1818 1809
1819 1820 1821
1819 1821 1822
1821 1823 1822
1823 1824 1822
1823 1825 1824
1824 1825 1826
1824 1826 1827
1824 1827 1828
1828 1819 1822
1828 1822 1824
1821 1829 1823
1823 1830 1825
1830 1826 1825
1823 1831 1830
1832 1831 1823
1832 1823 1833
1830 1834 1826
1835 1836 1837
1835 1837 1838
1838 1837 1839
1838 1839 1840
1841 1840 1839
1841 1842 1840
1842 1843 1840
1843 1838 1840
1842 1844 1843
1842 1845 1844
1843 1846 1838
1844 1846 1843
1846 1847 1838
1846 1848 1847
1844 1849 1846
1846 1849 1850
1846 1850 1851
1852 1853 1854
1852 1854 1855
1853 1856 1854
1853 1857 1856
1857 1858 1856
1857 1859 1858
1860 1861 1862
1860 1862 1863
1864 1860 1863
1864 1863 1865
1866 1864 1865
1866 1865 1867
1868 1869 1861
1868 1861 1870
1871 1872 1873
1871 1873 1874
1875 1876 1877
1875 1877 1878
1879 1880 1881
1882 1883 1884
1882 1885 1883
1886 1887 1885
1886 1888 1887
1886 1889 1888
1890 1891 1889
1892 1893 1891
1894 1895 1896
1897 1898 1899
1900 1901 1902
1903 1904 1905
1906 1907 1908
1906 1909 1907
1910 1911 1909
1910 1912 1911
1910 1913 1912
1910 1914 1913
1915 1916 1914
1917 1918 1919
1920 1921 1922
1920 1922 1923
1924 1925 1926
1924 1926 1927
1928 1929 1930
1928 1930 1931
1932 1933 1934
1932 1934 1935
1936 1937 1938
1936 1938 1939
1940 1941 1942
1940 1942 1943
1944 1945 1946
1944 1946 1947
1948 1949 1950
1948 1950 1951
1952 1953 1954
1952 1954 1955
1956 1957 1958
1956 1958 1959
1960 1961 1962
1960 1962 1963
1964 1965 1966
1964 1966 1967
1968 1969 1970
1968 1970 1971
1972 1973 1974
1972 1974 1975
1976 1977 1978
1976 1978 1979
1980 1981 1982
1980 1982 1983
1984 1985 1986
1984 1986 1987
1988 1989 1990
1988 1990 1991
1992 1993 1994
1992 1994 1995
1996 1997 1998
1996 1998 1999
2000 2001 2002
2003 2004 2005
2003 2005 2006
2007 2006 2008
2007 2008 2009
2007 2009 2010
2011 2010 2012
2013 2012 2014
2015 2016 2017
2018 2019 2020
2021 2022 2023
2024 2025 2026
2027 2028 2029
2027 2029 2030
2031 2030 2032
2031 2032 2033
2031 2033 2034
2031 2034 2035
2036 2035 2037
2038 2039 2040
2041 2042 2043
2041 2043 2044
2045 2046 2047
2045 2047 2048
2049 2050 2051
2049 2051 2052
2053 2054 2055
2053 2055 2056
2057 2058 2059
2057 2059 2060
2061 2062 2063
2061 2063 2064
2065 2066 2067
2065 2067 2068
2069 2070 2071
2069 2071 2072
2073 2074 2075
2073 2075 2076
2077 2078 2079
2077 2079 2080
2081 2082 2083
2081 2083 2084
2085 2086 2087
2085 2087 2088
2089 2090 2091
2089 2091 2092
2093 2094 2095
2093 2095 2096
2097 2098 2099
2097 2099 2100
2101 2102 2103
2101 2103 2104
2105 2106 2107
2105 2107 2108
2109 2110 2111
2109 2111 2112
2113 2114 2115
2113 2115 2116
2117 2118 2119
2117 2119 2120
2121 2122 2123
2124 2125 2126
2127 2128 2126
2129 2130 2131
2132 2133 2131
2134 2135 2136
2137 2138 2139
2140 2141 2139
2142 2143 2144
2145 2146 2147
2148 2149 2150
2151 2152 2150
2153 2154 2155
2156 2157 2155
2158 2159 2160
2161 2162 2160
2163 2164 2165
2166 2167 2165
2168 2169 2170
2171 2172 2173
2174 2175 2176
2177 2178 2179
2180 2178 2181
2182 2183 2184
2185 2183 2186
2187 2188 2189
2190 2191 2192
2193 2191 2194
2195 2196 2197
2198 2199 2200
2201 2202 2203
2204 2202 2205
2206 2207 2208
2209 2207 2210
2211 2212 2213
2214 2212 2215
2216 2217 2218
2219 2217 2220
2221 2222 2223
2224 2225 2226
2227 2228 2229
2229 2230 2231
2229 2232 2233
2234 2235 2236
2237 2238 2239
2240 2241 2242
2243 2244 2245
2243 2246 2247
2248 2249 2250
2248 2251 2252
2253 2254 2255
2253 2256 2257
2258 2259 2260
2261 2262 2263
2264 2265 2266
2264 2267 2268
2269 2270 2271
2269 2272 2273
2274 2275 2276
2275 2277 2278
2275 2279 2280
2281 2282 2283
2284 2285 2286
2287 2288 2289
2290 2291 2292
2290 2293 2294
2295 2296 2297
2295 2298 2299
2300 2301 2302
2300 2303 2304
2305 2306 2307
2308 2309 2310
2311 2312 2313
2311 2314 2315
2316 2317 2318
2316 2319 2320
