byte offset: 0
first index: 46248
index count: 2703
topology: trianglelist
format: DXGI_FORMAT_R16_UINT

11706 11707 11708
11707 11706 11709
11710 11708 11707
11708 11710 11711
11710 11712 11711
11710 11713 11712
11713 11710 11714
11715 11714 11710
11710 11716 11715
11717 11715 11716
11715 11717 11718
11714 11715 11719
11714 11719 11720
11719 11721 11720
11721 11719 11722
11715 11722 11719
11722 11715 11718
11723 11713 11714
11724 11723 11714
11723 11724 11725
11726 11725 11724
11725 11726 11727
11728 11713 11723
11723 11729 11728
11730 11728 11729
11729 11731 11730
11731 11729 11732
11729 11723 11733
11733 11732 11729
11733 11723 11734
11735 11733 11734
11733 11735 11736
11732 11733 11736
11737 11738 11728
11738 11737 11739
11740 11739 11737
11739 11740 11741
11738 11742 11728
11743 11742 11738
11738 11744 11743
11743 11744 11745
11744 11746 11745
11746 11744 11747
11748 11747 11744
11744 11738 11748
11738 11749 11748
11750 11748 11749
11748 11750 11751
11747 11748 11751
11742 11743 11752
11753 11752 11743
11754 11753 11743
11753 11754 11755
11754 11756 11755
11756 11754 11757
11753 11758 11752
11758 11753 11759
11760 11759 11753
11761 11759 11760
11762 11761 11760
11761 11762 11763
11760 11764 11762
11764 11760 11765
11760 11753 11765
11766 11752 11758
11766 11767 11752
11767 11742 11752
11768 11767 11766
11769 11768 11766
11767 11770 11742
11770 11713 11742
11713 11728 11742
11770 11771 11713
11771 11712 11713
11772 11771 11770
11773 11772 11770
11768 11773 11767
11773 11770 11767
11771 11774 11712
11774 11775 11712
11775 11711 11712
11711 11775 11776
11777 11711 11776
11777 11776 11778
11779 11777 11778
11777 11779 11780
11711 11777 11781
11780 11781 11777
11782 11711 11781
11781 11783 11782
11783 11781 11784
11781 11780 11784
11776 11775 11785
11786 11776 11785
11776 11786 11787
11786 11788 11787
11788 11786 11789
11775 11790 11785
11791 11785 11790
11791 11790 11792
11793 11791 11792
11791 11793 11794
11785 11791 11795
11794 11795 11791
11796 11785 11795
11795 11797 11796
11797 11795 11798
11795 11794 11798
11799 11790 11800
11790 11799 11801
11799 11802 11801
11802 11799 11803
11790 11804 11800
11790 11775 11804
11805 11800 11804
11800 11805 11806
11806 11807 11800
11808 11800 11807
11807 11809 11808
11809 11807 11810
11807 11806 11811
11811 11810 11807
11811 11806 11812
11813 11811 11812
11811 11813 11814
11810 11811 11814
11806 11805 11815
11815 11816 11806
11816 11815 11817
11817 11818 11816
11818 11817 11819
11805 11820 11815
11820 11821 11815
11815 11821 11822
11821 11823 11822
11823 11821 11824
11821 11820 11825
11825 11824 11821
11820 11826 11825
11827 11825 11826
11825 11827 11828
11824 11825 11828
11829 11830 11820
11830 11829 11831
11831 11832 11830
11832 11831 11833
11820 11834 11829
11834 11835 11829
11835 11836 11829
11837 11829 11836
11836 11838 11837
11838 11836 11839
11836 11835 11840
11840 11835 11841
11842 11840 11841
11840 11842 11843
11843 11836 11840
11836 11843 11839
11835 11834 11844
11835 11844 11845
11845 11846 11835
11846 11845 11847
11848 11846 11847
11846 11848 11849
11850 11845 11844
11845 11850 11851
11852 11845 11851
11852 11851 11853
11854 11852 11853
11852 11854 11855
11845 11852 11856
11857 11845 11856
11856 11858 11857
11858 11856 11859
11852 11859 11856
11859 11852 11855
11851 11850 11860
11860 11861 11851
11861 11860 11862
11863 11861 11862
11861 11863 11864
11865 11860 11850
11860 11865 11866
11867 11860 11866
11868 11860 11867
11867 11869 11868
11869 11867 11870
11867 11871 11870
11871 11867 11872
11867 11866 11872
11873 11865 11850
11874 11873 11850
11875 11874 11850
11844 11875 11850
11876 11875 11844
11834 11876 11844
11877 11875 11876
11876 11878 11877
11877 11879 11875
11879 11874 11875
11880 11876 11834
11878 11876 11880
11805 11880 11834
11820 11805 11834
11880 11805 11804
11881 11880 11804
11881 11804 11775
11774 11881 11775
11882 11881 11774
11883 11882 11774
11882 11884 11881
11884 11880 11881
11880 11884 11878
11883 11774 11771
11772 11883 11771
11879 11885 11874
11885 11873 11874
11886 11887 11888
11887 11886 11889
11889 11886 11890
11891 11892 11893
11892 11894 11893
11894 11892 11895
11896 11897 11898
11897 11896 11899
11899 11896 11900
11901 11902 11903
11902 11901 11904
11904 11901 11905
11906 11907 11908
11907 11909 11908
11909 11907 11910
11911 11912 11913
11912 11911 11914
11914 11911 11915
11916 11917 11918
11917 11919 11918
11919 11917 11920
11921 11922 11923
11922 11921 11924
11924 11921 11925
11926 11927 11928
11927 11929 11928
11929 11927 11930
11931 11932 11933
11932 11934 11933
11934 11932 11935
11936 11937 11938
11937 11936 11939
11939 11936 11940
11941 11942 11943
11942 11941 11944
11945 11942 11944
11946 11947 11948
11947 11946 11949
11949 11946 11950
11951 11952 11953
11952 11951 11954
11955 11952 11954
11956 11957 11958
11957 11956 11959
11959 11956 11960
11961 11962 11963
11962 11961 11964
11964 11961 11965
11966 11967 11968
11967 11969 11968
11969 11967 11970
11971 11972 11973
11972 11974 11973
11974 11972 11975
11976 11977 11978
11977 11976 11979
11979 11976 11980
11981 11982 11983
11982 11984 11983
11984 11982 11985
11986 11766 11758
11769 11766 11986
11987 11769 11986
11986 11758 11988
11758 11989 11988
11758 11990 11989
11990 11991 11989
11990 11992 11991
11992 11990 11993
11994 11992 11993
11992 11994 11995
11991 11996 11989
11996 11991 11997
11998 11997 11991
11991 11999 11998
12000 11998 11999
11998 12000 12001
12001 12002 11998
11997 11998 12002
11997 12002 12003
12002 12004 12003
12004 12002 12005
12002 12001 12005
11997 12006 11996
11997 12007 12006
12007 11997 12008
12008 12009 12007
12009 12008 12010
12006 12011 11996
12011 12006 12012
12013 12012 12006
12014 12013 12006
12015 12013 12014
12013 12015 12016
12012 12013 12017
12016 12017 12013
12017 12018 12012
12017 12019 12018
12019 12017 12020
12017 12016 12020
12012 12021 12011
12012 12022 12021
12022 12012 12023
12023 12024 12022
12024 12023 12025
12026 12011 12021
12021 12027 12026
12026 12027 12028
12027 12029 12028
12029 12027 12030
12027 12021 12031
12021 12032 12031
12033 12031 12032
12031 12033 12034
12027 12034 12030
12034 12027 12031
12035 12026 12036
12036 12037 12035
12037 12036 12038
12026 12035 12039
12026 12039 12040
12011 12026 12040
12039 12041 12040
12041 12039 12042
12039 12043 12042
12043 12044 12042
12043 12045 12044
12045 12043 12046
12043 12039 12047
12047 12046 12043
12048 12047 12039
12049 12047 12048
12047 12049 12050
12046 12047 12050
12042 12051 12041
12042 12052 12051
12052 12042 12053
12054 12052 12053
12052 12054 12055
12056 12041 12051
12051 12057 12056
12057 12058 12056
12057 12059 12058
12059 12057 12060
12057 12051 12061
12061 12060 12057
12062 12061 12051
12063 12061 12062
12061 12063 12064
12060 12061 12064
12056 12065 12066
12065 12056 12067
12068 12065 12067
12065 12068 12069
12056 12066 12070
12041 12056 12070
12066 12071 12070
12071 12066 12072
12073 12072 12066
12074 12073 12066
12075 12073 12074
12073 12075 12076
12072 12073 12077
12076 12077 12073
12077 12078 12072
12077 12079 12078
12079 12077 12080
12077 12076 12080
12072 12081 12071
12082 12081 12072
12081 12082 12083
12084 12083 12082
12083 12084 12085
12086 12071 12081
12087 12086 12081
12081 12088 12087
12089 12087 12088
12087 12089 12090
12086 12087 12091
12090 12091 12087
12086 12091 12092
12091 12093 12092
12093 12091 12094
12091 12090 12094
12095 12096 12086
12096 12095 12097
12098 12097 12095
12097 12098 12099
12086 12096 12100
12101 12100 12096
12102 12101 12096
12103 12102 12096
12104 12102 12103
12102 12104 12105
12101 12102 12106
12106 12107 12101
12106 12108 12107
12108 12106 12109
12102 12109 12106
12109 12102 12105
12100 12101 12110
12101 12111 12110
12112 12111 12101
12111 12112 12113
12112 12114 12113
12114 12112 12115
12111 12116 12110
12116 12111 12117
12111 12118 12117
12118 12119 12117
12118 12120 12119
12120 12118 12121
12118 12111 12122
12123 12122 12111
12124 12122 12123
12122 12124 12125
12118 12125 12121
12125 12118 12122
12117 12126 12116
12127 12126 12117
12126 12127 12128
12127 12129 12128
12129 12127 12130
12126 12131 12116
12131 12126 12132
12133 12132 12126
12134 12133 12126
12135 12133 12134
12133 12135 12136
12137 12133 12136
12133 12137 12138
12133 12138 12132
12116 12131 12139
12140 12116 12139
12110 12116 12140
12140 12141 12110
12100 12110 12141
12141 12142 12100
12142 12141 12143
12143 12144 12142
12143 12141 12145
12141 12140 12145
12071 12100 12142
12071 12086 12100
12142 12146 12071
12146 12142 12144
12070 12071 12146
12147 12070 12146
12041 12070 12147
12148 12041 12147
12148 12147 12149
12150 12148 12149
12149 12147 12151
12147 12146 12151
12144 12151 12146
12040 12041 12148
12152 12040 12148
12152 12148 12150
12011 12040 12152
12153 12011 12152
12153 12152 12154
12154 12152 12150
12155 12153 12154
11996 12011 12153
12156 11996 12153
12156 12153 12155
11989 11996 12156
11988 11989 12156
11988 12156 12157
12157 12156 12155
12158 11988 12157
11986 11988 12158
11987 11986 12158
11761 12159 12160
12159 11761 11763
11761 12160 11759
12161 12160 12159
12160 12161 12162
12160 11990 11759
12160 12162 11990
11990 11758 11759
12163 12164 12165
12164 12163 12166
12165 12167 12163
12168 12169 12170
12171 12170 12169
12170 12171 12172
12173 12174 12175
12174 12173 12176
12175 12177 12173
12178 12179 12180
12179 12178 12181
12180 12182 12178
12183 12184 12185
12186 12185 12184
12185 12186 12187
12188 12189 12190
12189 12188 12191
12190 12192 12188
12193 12194 12195
12196 12195 12194
12195 12196 12197
12198 12199 12200
12199 12198 12201
12200 12202 12198
12203 12204 12205
12206 12205 12204
12205 12206 12207
12208 12209 12210
12211 12210 12209
12210 12211 12212
12213 12214 12215
12214 12213 12216
12215 12217 12213
12218 12219 12220
12219 12218 12221
12222 12221 12218
12223 12224 12225
12224 12223 12226
12225 12227 12223
12228 12229 12230
12229 12228 12231
12232 12231 12228
12233 12234 12235
12234 12233 12236
12235 12237 12233
12238 12239 12240
12239 12238 12241
12240 12242 12238
12243 12244 12245
12246 12245 12244
12245 12246 12247
12248 12249 12250
12251 12250 12249
12250 12251 12252
12253 12254 12255
12254 12253 12256
12255 12257 12253
12258 12259 12260
12261 12260 12259
12260 12261 12262
12145 12140 12263
12140 12139 12263
12264 12265 12266
12265 12264 12267
12267 12268 12265
12268 12267 12269
12269 12270 12268
12270 12269 12271
12271 12272 12270
12272 12271 12273
12274 12264 12266
12264 12274 12275
12276 12275 12274
12275 12276 12277
12278 12277 12276
12277 12278 12279
12280 12279 12278
12279 12280 12281
12282 12281 12280
12281 12282 12283
12284 12268 12270
12268 12284 12285
12285 12265 12268
12265 12285 12286
12287 12265 12286
12265 12287 12266
12280 12288 12282
12288 12280 12289
12278 12289 12280
12289 12278 12290
12276 12290 12278
12290 12276 12291
12274 12291 12276
12291 12274 12292
12292 12266 12287
12266 12292 12274
12286 12293 12287
12293 12286 12294
12295 12286 12285
12286 12295 12294
12285 12296 12295
12289 12297 12288
12297 12289 12298
12290 12298 12289
12298 12290 12299
12291 12299 12290
12299 12291 12300
12292 12300 12291
12300 12292 12301
12301 12287 12293
12287 12301 12292
12294 12302 12293
12302 12294 12303
12303 12304 12302
12304 12303 12305
12303 12306 12305
12306 12303 12307
12307 12294 12295
12294 12307 12303
12307 12308 12306
12308 12307 12309
12309 12295 12296
12295 12309 12307
12309 12310 12308
12310 12309 12311
12311 12312 12310
12312 12311 12313
12314 12302 12304
12302 12314 12315
12316 12315 12314
12315 12316 12317
12318 12317 12316
12317 12318 12319
12320 12319 12318
12319 12320 12321
12322 12321 12320
12321 12322 12323
12296 12311 12309
12311 12296 12324
12324 12313 12311
12284 12324 12296
12296 12285 12284
12324 12284 12325
12270 12325 12284
12325 12270 12272
12272 12326 12325
12326 12272 12327
12328 12325 12326
12325 12328 12324
12313 12324 12328
12323 12298 12321
12298 12323 12297
12299 12321 12298
12321 12299 12319
12300 12319 12299
12319 12300 12317
12301 12317 12300
12317 12301 12315
12293 12315 12301
12315 12293 12302
12273 12327 12272
12327 12273 12329
12330 12313 12328
12328 12331 12330
12331 12328 12326
12326 12332 12331
12332 12326 12327
12327 12333 12332
12333 12327 12329
12313 12330 12334
12334 12312 12313
12312 12334 12335
12336 12337 12338
12337 12339 12338
12337 12340 12339
12340 12341 12339
12341 12340 12342
12342 12343 12341
12343 12342 12344
12344 12345 12343
12344 12346 12345
12346 12347 12345
12336 12338 12348
12349 12336 12348
12349 12348 12350
12351 12349 12350
12351 12350 12352
12353 12351 12352
12353 12352 12354
12355 12353 12354
12355 12354 12356
12357 12355 12356
12347 12346 12358
12359 12347 12358
12356 12354 12360
12354 12361 12360
12354 12352 12361
12352 12362 12361
12362 12352 12363
12352 12350 12363
12350 12348 12364
12360 12361 12365
12361 12362 12366
12365 12361 12366
12362 12367 12366
12357 12356 12368
12356 12369 12368
12356 12360 12369
12368 12369 12370
12369 12371 12370
12370 12371 12372
12371 12373 12372
12372 12373 12374
12373 12375 12374
12374 12375 12376
12375 12377 12376
12376 12377 12378
12377 12379 12378
12378 12379 12380
12379 12381 12380
12382 12380 12381
12381 12383 12382
12384 12382 12383
12383 12385 12384
12384 12385 12386
12385 12387 12386
12386 12387 12388
12387 12389 12388
12375 12390 12377
12391 12390 12375
12373 12391 12375
12392 12391 12373
12371 12392 12373
12393 12392 12371
12369 12393 12371
12360 12393 12369
12391 12392 12394
12390 12391 12394
12392 12395 12394
12389 12387 12396
12389 12396 12397
12392 12398 12395
12398 12392 12393
12398 12399 12395
12360 12400 12393
12393 12400 12398
12360 12401 12400
12360 12365 12401
12400 12401 12402
12403 12365 12366
12404 12396 12405
12396 12387 12405
12406 12405 12387
12387 12385 12406
12406 12385 12407
12385 12383 12407
12407 12383 12408
12383 12381 12408
12409 12408 12381
12379 12409 12381
12410 12409 12379
12377 12410 12379
12390 12410 12377
12348 12338 12411
12348 12411 12364
12411 12338 12412
12338 12413 12412
12338 12339 12413
12413 12339 12414
12339 12415 12414
12415 12339 12416
12339 12341 12416
12416 12341 12417
12417 12341 12343
12418 12417 12343
12343 12419 12418
12419 12343 12345
12420 12419 12345
12345 12421 12420
12419 12422 12418
12423 12416 12417
12345 12424 12421
12347 12424 12345
12425 12424 12347
12347 12426 12425
12359 12426 12347
12426 12427 12425
12428 12429 12430
12429 12428 12431
12432 12431 12428
12431 12432 12433
12434 12433 12432
12433 12434 12435
12436 12435 12434
12435 12436 12437
12429 12438 12430
12438 12429 12439
12439 12440 12438
12440 12439 12441
12441 12442 12440
12442 12441 12443
12443 12444 12442
12444 12443 12445
12445 12282 12444
12282 12445 12283
12432 12446 12434
12447 12434 12446
12434 12447 12436
12448 12436 12447
12436 12448 12449
12449 12437 12436
12288 12444 12282
12444 12288 12450
12450 12442 12444
12442 12450 12451
12451 12440 12442
12440 12451 12452
12452 12438 12440
12438 12452 12453
12453 12430 12438
12430 12453 12454
12454 12428 12430
12428 12454 12455
12456 12428 12455
12428 12456 12432
12446 12432 12456
12457 12455 12454
12455 12457 12458
12459 12455 12458
12455 12459 12456
12460 12456 12459
12456 12460 12446
12461 12446 12460
12446 12461 12447
12462 12447 12461
12447 12462 12448
12454 12463 12457
12463 12454 12453
12453 12464 12463
12464 12453 12452
12452 12465 12464
12465 12452 12451
12451 12466 12465
12466 12451 12450
12450 12297 12466
12297 12450 12288
12459 12467 12460
12468 12460 12467
12467 12469 12468
12469 12467 12470
12471 12470 12467
12470 12471 12472
12473 12472 12471
12472 12473 12474
12473 12475 12474
12475 12473 12476
12477 12468 12469
12468 12477 12478
12476 12479 12475
12479 12476 12480
12480 12481 12479
12481 12480 12482
12482 12483 12481
12483 12482 12484
12484 12485 12483
12485 12484 12486
12486 12322 12485
12322 12486 12323
12458 12476 12473
12476 12458 12457
12457 12480 12476
12471 12458 12473
12458 12471 12459
12467 12459 12471
12466 12323 12486
12323 12466 12297
12465 12486 12484
12486 12465 12466
12464 12484 12482
12484 12464 12465
12482 12463 12464
12463 12482 12480
12480 12457 12463
12449 12487 12488
12487 12449 12489
12437 12449 12488
12448 12489 12449
12489 12448 12490
12462 12490 12448
12490 12462 12491
12478 12491 12462
12461 12478 12462
12478 12461 12468
12460 12468 12461
12491 12478 12492
12477 12492 12478
12492 12477 12493
12350 12364 12494
12364 12495 12494
12363 12350 12494
12362 12363 12496
12367 12362 12496
12411 12412 12497
