byte offset: 0
first index: 0
index count: 12015
topology: trianglelist
format: DXGI_FORMAT_R16_UINT

0 1 2
1 0 3
4 2 1
2 4 5
6 3 0
3 6 7
8 7 6
7 8 9
10 8 6
0 10 6
8 10 11
12 11 10
10 0 12
2 12 0
11 12 13
14 13 12
12 2 14
5 14 2
13 14 15
16 15 14
14 5 16
15 16 17
18 17 16
17 18 19
18 20 19
20 18 21
16 22 18
22 21 18
22 16 5
21 22 23
23 24 21
24 23 25
5 26 22
26 23 22
26 5 4
23 26 27
27 25 23
25 27 28
29 25 28
25 29 30
30 24 25
31 21 24
21 31 20
24 30 31
32 31 30
31 32 33
33 20 31
34 29 28
27 34 28
29 34 35
36 35 34
37 36 34
26 37 27
34 27 37
36 37 38
35 36 39
38 39 36
40 38 37
37 26 40
38 40 41
41 42 38
39 38 42
42 41 43
41 44 43
44 41 45
40 45 41
45 46 44
46 45 47
47 48 46
48 47 49
49 50 48
50 49 51
51 52 50
52 51 53
7 52 53
52 7 9
53 3 7
3 53 54
51 54 53
54 51 49
54 1 3
1 54 55
55 49 47
49 55 54
55 4 1
4 55 56
47 56 55
56 47 45
45 40 56
56 26 4
26 56 40
9 57 52
57 50 52
57 9 58
58 59 57
59 58 60
60 61 59
61 60 62
60 63 62
63 60 64
58 64 60
65 63 64
63 65 66
67 66 65
66 67 68
69 68 67
68 69 70
71 68 70
68 71 72
72 66 68
71 73 72
74 72 73
72 74 75
75 63 66
66 72 75
74 76 75
63 75 76
76 74 77
77 78 76
78 63 76
78 77 79
73 71 80
81 80 71
80 81 82
83 82 81
82 83 84
85 84 83
84 85 86
87 86 85
86 87 88
89 88 87
88 89 90
91 90 89
90 91 92
93 79 77
79 93 94
77 95 93
95 77 74
74 96 95
96 74 73
80 96 73
96 80 97
80 98 97
98 80 82
82 99 98
99 82 84
86 99 84
99 86 100
88 100 86
100 88 101
90 101 88
101 90 102
92 102 90
102 92 103
92 104 103
104 92 105
91 105 92
105 91 106
106 107 105
107 106 108
108 109 107
109 108 110
110 111 109
111 110 112
112 113 111
113 112 114
114 115 113
115 114 116
116 117 115
117 116 118
118 119 117
119 118 120
121 119 120
119 121 122
78 122 121
122 78 79
116 123 118
123 116 124
125 123 124
123 125 126
126 127 123
118 127 120
127 118 123
127 126 128
128 61 127
61 78 121
120 61 121
61 120 127
61 128 59
124 129 125
129 124 130
130 131 129
131 130 132
132 133 131
133 132 134
134 135 133
135 134 136
137 135 136
135 137 138
139 138 137
138 139 140
139 141 140
141 139 142
142 143 141
143 142 144
145 143 144
143 145 146
147 146 145
146 147 148
149 148 147
148 149 150
70 150 149
150 70 69
149 71 70
71 149 81
147 81 149
81 147 83
145 83 147
83 145 85
144 85 145
85 144 87
89 144 142
144 89 87
142 91 89
91 142 139
137 91 139
91 137 106
136 106 137
106 136 108
136 110 108
110 136 134
134 112 110
112 134 132
132 114 112
114 132 130
130 116 114
116 130 124
151 79 94
79 151 122
152 122 151
122 152 119
153 119 152
119 153 117
153 115 117
115 153 154
155 115 154
115 155 113
156 113 155
113 156 111
156 109 111
109 156 157
157 107 109
107 157 158
158 105 107
105 158 104
63 78 62
78 61 62
64 58 159
160 64 159
64 160 65
161 65 160
65 161 67
162 67 161
67 162 69
163 69 162
69 163 150
164 150 163
150 164 148
165 148 164
148 165 146
165 143 146
143 165 33
33 141 143
141 33 32
32 140 141
140 32 166
167 140 166
140 167 138
168 138 167
138 168 135
169 135 168
135 169 133
169 131 133
131 169 170
170 129 131
129 170 171
171 125 129
125 171 172
172 126 125
126 172 173
173 128 126
128 173 174
174 59 128
59 174 57
50 57 174
174 48 50
48 174 173
173 46 48
46 173 172
172 44 46
44 172 171
171 43 44
43 171 170
169 43 170
43 169 42
168 42 169
42 168 39
167 39 168
39 167 35
166 35 167
35 166 29
166 30 29
30 166 32
159 9 8
9 159 58
11 159 8
159 11 160
13 160 11
160 13 161
15 161 13
161 15 162
17 162 15
162 17 163
19 163 17
163 19 164
19 165 164
165 19 20
20 33 165
175 176 177
176 175 178
175 179 178
179 180 178
175 177 181
181 177 182
177 176 183
183 176 184
177 183 185
182 177 185
184 186 183
184 176 187
187 188 184
188 189 184
184 189 186
176 190 187
190 191 187
176 178 192
178 193 192
178 180 193
190 194 191
195 194 190
190 196 195
176 196 190
197 176 192
192 198 197
198 199 197
197 199 200
201 176 197
201 197 200
202 203 176
204 176 203
204 203 205
196 205 206
206 205 207
207 208 206
208 209 206
205 210 207
205 211 210
211 205 212
211 213 210
213 214 210
211 212 215
215 212 216
212 205 217
217 205 218
212 217 219
216 212 219
218 220 217
210 221 207
210 214 221
206 209 222
218 223 220
224 223 218
225 224 218
218 205 225
205 226 225
226 227 225
226 228 227
229 228 226
205 230 226
226 230 229
230 231 232
232 231 233
233 234 232
234 235 232
231 236 233
231 237 236
237 231 238
237 239 236
239 240 236
237 238 241
241 238 242
238 231 243
243 231 244
238 243 245
242 238 245
244 246 243
236 247 233
236 240 247
232 235 248
244 249 246
250 249 244
251 250 244
244 231 251
231 252 251
252 253 251
252 254 253
255 254 252
231 256 252
252 256 255
256 257 258
258 257 259
259 260 258
260 261 258
257 262 259
257 263 262
263 257 264
263 265 262
265 266 262
263 264 267
267 264 268
264 257 269
269 257 270
264 269 271
268 264 271
270 272 269
262 273 259
262 266 273
258 261 274
270 275 272
276 275 270
277 276 270
270 257 277
257 278 277
278 279 277
278 280 279
281 280 278
257 282 278
278 282 281
282 283 284
284 283 285
285 286 284
286 287 284
283 288 285
283 289 288
289 283 290
289 291 288
291 292 288
289 290 293
293 290 294
290 283 295
295 283 296
290 295 297
294 290 297
296 298 295
288 299 285
288 292 299
284 287 300
296 301 298
302 301 296
303 302 296
296 283 303
283 304 303
304 305 303
304 306 305
307 306 304
283 201 304
304 201 307
308 203 283
202 283 203
308 257 203
309 203 257
309 231 203
310 203 231
205 203 310
282 284 300
256 258 274
230 232 248
196 206 222
311 312 313
313 314 311
314 315 311
311 315 312
316 312 315
315 314 317
317 314 318
317 318 319
320 319 318
321 320 318
322 317 319
323 317 322
317 323 324
325 323 322
326 325 322
324 323 327
324 327 328
317 324 329
317 329 330
329 324 331
324 328 331
332 330 329
333 322 319
326 322 333
321 318 334
335 330 332
335 336 330
336 337 330
317 330 337
338 317 337
339 338 337
340 338 339
340 341 338
342 317 338
342 338 341
342 315 317
315 342 316
342 343 316
343 342 344
344 342 345
344 345 346
347 346 345
348 347 345
349 344 346
350 344 349
344 350 351
352 350 349
353 352 349
351 350 354
351 354 355
344 351 356
344 356 357
356 351 358
351 355 358
359 357 356
360 349 346
353 349 360
348 345 361
362 357 359
362 363 357
363 364 357
344 357 364
365 344 364
366 365 364
367 365 366
367 368 365
369 344 365
369 365 368
369 343 344
343 369 370
369 371 370
371 369 372
372 369 373
372 373 374
375 374 373
376 375 373
377 372 374
378 372 377
372 378 379
380 378 377
381 380 377
379 378 382
379 382 383
372 379 384
372 384 385
384 379 386
379 383 386
387 385 384
388 377 374
381 377 388
376 373 389
390 385 387
390 391 385
391 392 385
372 385 392
393 372 392
394 393 392
395 393 394
395 396 393
397 372 393
397 393 396
397 371 372
371 397 398
397 399 398
399 397 400
400 397 401
400 401 402
403 402 401
404 403 401
405 400 402
406 400 405
400 406 407
408 406 405
409 408 405
407 406 410
407 410 411
400 407 412
400 412 413
412 407 414
407 411 414
415 413 412
416 405 402
409 405 416
404 401 417
418 413 415
418 419 413
419 420 413
400 413 420
421 400 420
422 421 420
423 421 422
423 424 421
425 400 421
425 421 424
425 399 400
399 425 426
425 313 426
313 425 427
427 425 428
427 428 429
430 429 428
431 430 428
432 427 429
433 427 432
427 433 434
435 433 432
436 435 432
434 433 437
434 437 438
427 434 439
427 439 440
439 434 441
434 438 441
442 440 439
443 432 429
436 432 443
431 428 444
445 440 442
445 446 440
446 447 440
427 440 447
448 427 447
449 448 447
450 448 449
450 451 448
314 427 448
314 448 451
314 313 427
426 313 312
426 312 399
398 399 312
398 312 371
370 371 312
370 312 343
316 343 312
318 314 334
428 425 444
401 397 417
373 369 389
345 342 361
452 453 454
453 455 454
453 456 455
453 452 457
458 459 456
458 460 459
458 461 460
462 463 461
462 464 463
465 466 464
465 467 466
465 468 467
469 470 468
469 471 470
469 472 471
469 473 472
474 475 473
474 457 475
476 477 478
477 479 478
477 480 479
477 476 481
482 483 480
482 484 483
482 485 484
486 487 485
486 488 487
489 490 488
489 491 490
489 492 491
493 494 492
493 495 494
493 496 495
493 497 496
498 499 497
498 481 499
500 501 502
503 500 502
504 503 502
505 504 502
506 505 502
507 506 502
508 507 502
509 508 502
510 509 502
511 510 502
512 511 502
513 512 502
514 513 502
515 514 502
516 515 502
517 516 502
518 517 502
519 518 502
520 519 502
501 520 502
521 522 523
521 524 522
521 525 524
521 526 525
521 527 526
521 528 527
521 529 528
521 530 529
521 531 530
521 532 531
521 533 532
521 534 533
521 535 534
521 536 535
521 537 536
538 523 522
539 522 524
522 539 538
524 540 539
540 524 525
525 541 540
541 525 526
526 542 541
542 526 527
527 543 542
543 527 528
528 544 543
544 528 529
530 544 529
544 530 545
531 545 530
545 531 546
532 546 531
546 532 547
533 547 532
547 533 548
533 549 548
549 533 534
534 550 549
550 534 535
535 551 550
551 535 536
537 551 536
551 537 552
553 552 537
521 553 537
521 554 553
521 555 554
521 556 555
521 523 556
552 553 557
554 557 553
557 554 558
555 558 554
558 555 559
556 559 555
559 556 560
523 560 556
560 523 561
523 538 561
538 562 561
562 538 563
539 563 538
563 539 564
539 565 564
565 539 540
540 566 565
566 540 541
542 566 541
566 542 567
543 567 542
567 543 568
544 568 543
568 544 569
545 569 544
569 545 570
545 571 570
571 545 546
546 572 571
572 546 547
547 573 572
573 547 548
548 574 573
574 548 549
549 575 574
575 549 550
569 570 576
577 571 572
571 577 578
578 570 571
579 578 577
578 579 580
580 581 578
577 582 579
582 577 583
572 583 577
583 572 573
583 584 582
584 583 585
573 585 583
585 573 574
585 586 584
586 585 587
574 587 585
587 574 575
587 588 586
588 587 589
575 589 587
589 590 588
590 589 591
591 592 590
592 591 593
593 594 592
594 593 595
595 596 594
596 595 597
598 596 597
596 598 599
600 599 598
599 600 601
602 601 600
601 602 603
604 603 602
603 604 605
603 606 601
606 603 607
605 607 603
607 605 608
609 594 596
594 609 610
611 596 599
596 611 609
601 611 599
611 601 606
608 612 607
612 608 613
614 613 608
613 614 615
616 610 609
610 616 617
617 618 610
592 610 618
618 590 592
590 618 619
619 588 590
588 619 620
588 620 621
610 592 594
618 617 622
622 619 618
619 622 623
623 620 619
620 624 621
624 625 621
625 626 621
626 586 621
586 588 621
586 626 584
626 582 584
582 626 627
627 579 582
579 627 628
628 580 579
580 628 629
630 627 626
626 625 630
627 630 631
631 628 627
625 624 632
633 630 625
632 633 625
630 633 634
634 631 630
631 634 635
636 631 635
631 636 637
628 631 637
633 632 638
639 634 633
638 639 633
634 639 640
640 635 634
635 640 641
639 638 642
643 635 641
635 643 636
644 637 636
645 644 636
645 636 643
646 645 643
637 644 647
643 641 648
649 640 639
642 649 639
640 649 650
640 651 641
651 640 650
648 641 651
649 642 652
647 628 637
628 647 629
647 644 653
551 654 575
552 654 551
654 552 655
557 655 552
655 557 656
558 656 557
656 558 657
559 657 558
657 559 658
560 658 559
658 560 659
561 659 560
659 561 562
589 575 654
654 591 589
591 654 655
655 593 591
593 655 656
656 595 593
595 656 657
658 595 657
595 658 597
659 597 658
597 659 598
562 598 659
598 562 600
563 600 562
600 563 602
564 602 563
602 564 604
565 604 564
604 565 660
661 660 565
661 662 660
662 661 663
664 663 661
665 663 664
666 663 665
666 667 663
668 667 666
661 669 664
670 669 661
614 663 667
663 614 662
668 671 667
671 668 672
670 661 566
661 565 566
667 615 614
615 667 671
608 662 614
662 608 605
605 660 662
660 605 604
566 673 670
566 674 673
674 566 567
567 675 674
676 674 675
677 676 675
675 567 568
569 675 568
675 569 678
677 675 678
678 679 677
678 680 679
576 680 678
569 576 678
680 576 681
682 681 576
681 682 581
581 683 681
681 683 680
682 578 581
570 578 682
576 570 682
684 609 611
609 684 616
611 685 684
685 611 606
607 685 606
685 607 612
684 686 616
687 616 686
686 688 687
689 687 688
688 690 689
691 689 690
689 691 692
693 692 691
692 693 694
695 694 693
694 695 696
697 696 695
696 697 698
699 698 697
698 699 700
701 700 699
700 701 702
703 702 701
702 703 704
704 703 705
704 706 702
702 707 700
707 702 708
706 708 702
709 700 707
700 709 698
709 696 698
696 709 710
696 710 694
707 711 709
711 707 712
708 712 707
713 709 711
709 713 710
713 714 710
714 713 715
711 716 713
716 715 713
716 711 717
712 717 711
717 712 718
712 719 718
719 712 720
712 708 720
714 721 710
710 721 694
722 694 721
694 722 692
723 692 722
692 723 689
687 689 723
723 617 687
617 723 622
722 622 723
616 687 617
622 722 724
721 724 722
715 716 725
724 721 726
721 714 726
727 718 719
718 727 728
729 718 728
718 729 717
730 717 729
717 730 716
730 725 716
725 730 731
727 732 728
733 727 719
734 727 733
733 719 735
720 735 719
735 720 736
729 737 730
737 731 730
737 729 738
729 739 738
739 729 728
732 739 728
731 737 740
708 736 720
736 708 706
736 741 735
624 620 742
620 623 742
743 744 745
743 745 746
743 746 747
743 747 748
743 748 749
743 749 750
743 750 751
743 751 752
743 752 753
743 753 754
743 754 755
743 755 756
743 756 757
743 757 758
743 758 759
744 760 745
761 745 760
745 761 746
762 746 761
746 762 747
763 747 762
747 763 748
764 748 763
748 764 749
765 749 764
749 765 750
766 750 765
750 766 751
766 752 751
752 766 767
767 753 752
753 767 768
768 754 753
754 768 769
769 755 754
755 769 770
771 755 770
755 771 756
772 756 771
756 772 757
773 757 772
757 773 758
773 759 758
759 773 774
774 775 759
743 759 775
743 775 776
743 776 777
743 777 778
743 778 744
775 774 779
779 776 775
776 779 780
780 777 776
777 780 781
781 778 777
778 781 782
782 744 778
744 782 783
760 744 783
784 760 783
760 784 785
785 761 760
761 785 786
787 761 786
761 787 762
788 762 787
762 788 763
788 764 763
764 788 789
789 765 764
765 789 790
790 766 765
766 790 791
791 767 766
767 791 792
793 767 792
767 793 768
794 768 793
768 794 769
795 769 794
769 795 770
796 770 795
770 796 771
797 771 796
771 797 772
772 797 773
791 798 792
793 701 794
701 793 703
703 793 792
794 699 795
699 794 701
795 697 796
697 795 699
796 695 797
695 796 697
693 797 695
797 693 799
797 799 773
799 774 773
774 799 800
800 779 774
779 800 801
801 780 779
780 801 802
802 781 780
781 802 803
803 782 781
782 803 804
804 783 782
783 804 784
799 691 800
691 799 693
800 690 801
690 800 691
801 805 802
805 801 690
805 803 802
690 688 805
806 805 688
805 806 807
803 805 807
807 804 803
806 808 807
804 807 808
808 784 804
808 806 809
809 810 808
784 808 810
810 809 811
811 812 810
812 811 813
813 814 812
814 813 815
816 813 811
813 816 817
817 815 813
815 817 818
688 686 806
819 806 686
806 819 809
819 811 809
811 819 816
820 818 817
818 820 821
821 822 818
822 821 823
686 684 819
785 810 812
810 785 784
823 824 822
825 822 824
826 825 824
827 826 824
826 828 825
828 829 825
829 830 825
830 829 831
832 830 831
822 825 833
830 833 825
834 827 824
824 823 834
827 834 835
833 830 836
830 787 836
787 814 836
814 787 786
786 812 814
812 786 785
832 788 830
830 788 787
815 836 814
836 815 833
818 833 815
833 818 822
788 832 837
838 788 837
788 838 789
839 789 838
840 839 838
841 839 840
789 839 790
839 791 790
791 839 842
841 842 839
842 841 843
842 843 844
844 798 842
791 842 798
798 844 845
845 846 798
846 845 705
705 845 847
845 844 847
846 705 703
792 846 703
792 798 846
848 819 684
819 848 816
848 817 816
817 848 820
550 551 575
849 850 851
850 849 852
853 852 849
852 853 854
855 854 853
854 855 856
854 857 852
857 854 858
856 858 854
849 859 853
859 849 860
851 860 849
858 856 861
862 855 853
855 862 863
864 861 856
861 864 865
852 866 850
866 852 857
859 867 853
867 859 868
868 869 867
869 868 870
868 871 870
871 868 872
859 872 868
862 873 863
873 862 874
874 875 873
876 875 874
875 876 877
874 878 876
878 874 879
880 877 876
877 880 881
879 882 872
882 879 874
883 881 880
880 884 883
884 880 885
876 885 880
885 876 878
878 886 885
886 878 860
879 860 878
860 851 886
887 886 851
886 887 888
888 885 886
885 888 884
889 888 887
890 889 887
851 890 887
889 890 891
888 889 892
892 884 888
884 892 893
893 883 884
894 891 890
891 894 895
890 851 850
850 894 890
894 850 866
889 891 896
892 889 896
891 895 896
896 893 892
897 893 896
898 897 896
899 897 898
897 899 883
883 893 897
881 883 899
900 901 902
901 903 902
903 901 904
905 902 903
902 905 906
907 902 906
907 900 902
908 907 906
907 908 909
910 909 908
909 910 911
912 911 910
911 912 913
914 913 912
913 914 915
916 915 914
915 916 917
918 917 916
917 918 919
909 920 907
921 907 920
907 921 900
920 909 922
911 922 909
922 911 923
911 924 923
915 924 913
911 913 924
910 925 912
914 912 925
924 915 926
914 925 927
915 917 928
915 928 926
929 914 927
914 929 916
930 917 919
917 930 928
931 930 919
930 931 932
919 933 931
934 931 933
931 934 935
935 932 931
933 936 934
936 933 937
938 934 936
934 938 939
940 934 939
940 935 934
940 939 941
942 939 938
939 942 941
943 941 942
941 943 944
945 941 944
946 945 944
945 946 947
948 947 946
947 948 949
950 949 948
949 950 951
952 951 950
951 952 953
954 953 952
953 954 955
956 955 954
955 956 957
945 947 958
959 944 943
944 959 946
947 960 958
947 949 960
949 951 961
949 961 960
948 962 950
952 950 962
951 953 963
951 963 961
953 955 964
953 964 963
956 954 965
965 954 952
952 966 965
966 962 967
968 967 962
968 946 959
946 968 948
962 948 968
968 959 969
959 970 969
959 943 970
971 969 970
970 972 971
972 970 973
969 971 974
969 974 975
967 968 975
968 969 975
976 967 975
975 974 976
967 976 977
977 978 967
965 966 978
966 967 978
978 977 979
979 980 978
980 979 981
981 982 980
982 981 983
983 984 982
984 983 985
986 984 985
984 986 987
988 980 982
982 989 988
989 982 984
965 978 980
988 965 980
987 986 990
990 991 987
984 991 989
991 984 987
990 992 991
992 989 991
993 992 990
993 994 992
989 992 994
994 988 989
994 993 995
995 956 994
994 956 988
956 965 988
995 957 956
996 997 998
997 996 999
999 1000 997
1001 997 1000
997 1001 1002
1002 998 997
1000 999 1003
998 1004 996
1004 998 1005
1005 1006 1004
1006 1005 1007
1008 1005 998
998 1002 1008
1005 1008 1009
1009 1007 1005
1007 1009 1010
1011 1007 1010
1012 1007 1011
1013 1012 1011
1013 1011 1014
1015 1014 1011
1014 1015 1016
1014 1017 1013
1017 1014 1018
1019 1018 1014
1016 1019 1014
1018 1019 1020
1018 1021 1017
1021 1018 1022
1022 1018 1023
1018 1020 1023
1022 1024 1021
1024 1022 1025
1026 1025 1022
1022 1023 1026
1027 1026 1023
1027 1028 1026
1028 1029 1026
1025 1026 1029
1029 1028 1030
1030 1031 1029
1031 1030 1032
1028 1027 1033
1034 1033 1027
1023 1034 1027
1033 1034 1035
1036 1035 1034
1035 1036 1037
1034 1023 1038
1032 1039 1031
1039 1032 1040
1040 1041 1039
1041 1040 1042
1042 1043 1041
1043 1042 1044
1044 1045 1043
1046 1043 1045
1045 1047 1046
1047 1045 1048
1043 1046 1049
1049 1041 1043
1050 1048 1045
1045 1044 1050
1048 1050 1051
1051 1052 1048
1052 1051 1053
1053 1054 1052
1054 1053 1055
1055 1056 1054
1056 1055 1057
1057 1058 1056
1058 1057 1059
1059 1060 1058
1060 1059 1061
1061 1062 1060
1062 1061 1063
1063 1064 1062
1064 1063 1065
1066 1064 1065
1064 1066 1067
1068 1052 1054
1052 1068 1069
1070 1069 1068
1069 1070 1071
1068 1072 1070
1072 1068 1073
1073 1074 1072
1074 1073 1075
1075 1076 1074
1076 1075 1077
1077 1078 1076
1078 1077 1079
1079 1080 1078
1080 1079 1081
1081 1082 1080
1082 1081 1083
1083 1084 1082
1084 1083 1085
1086 1084 1085
1084 1086 1087
1056 1075 1073
1073 1054 1056
1075 1056 1058
1058 1077 1075
1077 1058 1060
1060 1079 1077
1079 1060 1062
1062 1081 1079
1081 1062 1064
1064 1083 1081
1083 1064 1067
1085 1083 1067
1087 1086 1088
1088 1086 1089
1085 1089 1086
1089 1085 1090
1085 1067 1090
1054 1073 1068
1066 1091 1067
1092 1093 1094
1093 1092 1095
1094 1096 1092
1096 1094 1097
1097 1098 1096
1098 1097 1099
1100 1098 1099
1098 1100 1101
1100 1102 1101
1102 1100 1103
1103 1104 1102
1104 1103 1105
1105 1106 1104
1106 1105 1107
1107 1108 1106
1108 1107 1109
1109 1110 1108
1110 1109 1111
1110 1111 1112
925 1098 1101
927 1101 1102
1104 927 1102
927 925 1101
927 1104 929
1106 929 1104
929 1106 1113
1108 1113 1106
1113 916 929
916 1113 918
937 918 1113
1110 937 1108
1113 1108 937
918 937 933
933 919 918
937 1110 936
938 1110 1112
938 936 1110
942 938 1112
1112 1111 1114
1112 1114 973
942 1112 973
970 942 973
942 970 943
973 1114 972
1115 1116 1117
1116 1115 1118
1117 1119 1115
1119 1117 1049
1039 1117 1116
1116 1031 1039
1031 1116 1120
1118 1120 1116
1117 1039 1041
1041 1049 1117
1049 1121 1119
1121 1049 1046
1046 1122 1121
1122 1046 1047
1120 1118 1123
1123 1025 1120
1025 1123 1024
1029 1120 1025
1120 1029 1031
1048 1069 1047
1069 1048 1052
1124 1125 1126
1125 1124 1127
1128 906 905
906 1128 908
1129 908 1128
908 1129 910
925 910 1129
1128 905 1092
903 1092 905
1092 903 1095
903 1130 1095
1130 903 904
1128 1092 1096
1129 1128 1096
1129 1096 1098
925 1129 1098
904 873 1130
873 1131 1130
873 904 863
904 855 863
855 904 901
901 856 855
856 901 864
1130 1093 1095
1130 1131 1093
900 864 901
900 865 864
865 900 921
875 1131 873
940 1132 1133
940 1134 1132
935 940 1133
935 1133 1135
932 935 1135
1134 940 941
1134 1136 1132
1134 945 1136
945 1134 941
945 958 1136
1137 1138 1139
1138 1140 1139
1140 1138 1141
1140 1141 1142
1142 1143 1140
1144 1140 1143
1140 1144 1139
1144 1145 1139
1137 1139 1145
1145 1144 1146
1145 1147 1137
1036 1148 1149
1036 1150 1148
1150 1036 1151
1152 1149 1148
1148 1150 1152
1150 1153 1152
1149 1152 1154
1155 1154 1152
1155 1152 1153
1154 1155 1156
1157 1156 1155
1156 1157 1158
1159 1158 1157
1158 1159 1160
1161 1160 1159
1160 1161 1162
1016 1153 1150
1151 1016 1150
1153 1016 1015
1015 1163 1153
1163 1157 1155
1155 1153 1163
1163 1015 1164
1164 1165 1163
1157 1163 1165
1165 1159 1157
1165 1164 1166
1166 1167 1165
1159 1165 1167
1167 1161 1159
1167 1166 1168
1011 1164 1015
1168 1169 1167
1161 1167 1169
1169 1170 1161
1170 1162 1161
1170 1169 1171
1172 1171 1169
1169 1168 1172
1171 1172 1173
1008 1172 1168
1172 1008 1002
1002 1173 1172
1171 1173 1174
1174 1170 1171
1175 1170 1174
1173 1001 1174
1173 1002 1001
1162 1170 1175
1168 1009 1008
1009 1168 1166
1166 1010 1009
1011 1010 1164
1010 1166 1164
1174 1001 1000
1000 1003 1174
1176 1177 1178
1177 1176 1179
1180 1178 1177
1178 1180 1181
1182 1181 1180
1183 1184 1185
1184 1183 1186
1186 1187 1184
1187 1186 1188
1183 1185 1189
1007 1190 1006
1007 1012 1190
1012 1191 1190
1012 1013 1191
952 962 966
1192 1193 1194
1193 1192 1195
1193 1196 1194
963 964 1197
1198 1199 1200
1201 1202 1203
1201 1203 1204
1205 1206 1207
860 879 859
872 859 879
872 1208 871
1209 871 1208
870 871 1209
869 870 1209
1208 872 882
1016 1151 1019
1038 1019 1151
1151 1034 1038
1034 1151 1036
1019 1038 1020
1023 1020 1038
1037 1036 1149
1210 1211 1212
1213 1211 1210
1214 1213 1210
1210 1212 1214
1215 1214 1212
1213 1214 1216
1216 1217 1213
1216 1218 1217
1219 1217 1218
1220 1217 1219
1221 1218 1216
1222 1221 1216
1216 1223 1222
1224 1221 1222
1225 1221 1224
1223 1226 1222
1223 1227 1226
1216 1228 1223
1216 1229 1228
1228 1230 1223
1223 1230 1227
1231 1228 1229
1232 1218 1221
1225 1232 1221
1220 1233 1217
1234 1231 1229
1234 1229 1235
1235 1229 1236
1216 1236 1229
1237 1236 1216
1238 1236 1237
1239 1238 1237
1239 1237 1240
1241 1237 1216
1241 1240 1237
1214 1241 1216
1241 1214 1215
1242 1241 1215
1241 1242 1243
1243 1244 1241
1243 1245 1244
1246 1244 1245
1247 1244 1246
1248 1245 1243
1249 1248 1243
1243 1250 1249
1251 1248 1249
1252 1248 1251
1250 1253 1249
1250 1254 1253
1243 1255 1250
1243 1256 1255
1255 1257 1250
1250 1257 1254
1258 1255 1256
1259 1245 1248
1252 1259 1248
1247 1260 1244
1261 1258 1256
1261 1256 1262
1262 1256 1263
1243 1263 1256
1264 1263 1243
1265 1263 1264
1266 1265 1264
1266 1264 1267
1268 1264 1243
1268 1267 1264
1242 1268 1243
1268 1242 1269
1270 1268 1269
1268 1270 1271
1271 1272 1268
1271 1273 1272
1274 1272 1273
1275 1272 1274
1276 1273 1271
1277 1276 1271
1271 1278 1277
1279 1276 1277
1280 1276 1279
1278 1281 1277
1278 1282 1281
1271 1283 1278
1271 1284 1283
1283 1285 1278
1278 1285 1282
1286 1283 1284
1287 1273 1276
1280 1287 1276
1275 1288 1272
1289 1286 1284
1289 1284 1290
1290 1284 1291
1271 1291 1284
1292 1291 1271
1293 1291 1292
1294 1293 1292
1294 1292 1295
1296 1292 1271
1296 1295 1292
1270 1296 1271
1296 1270 1297
1298 1296 1297
1296 1298 1299
1299 1300 1296
1299 1301 1300
1302 1300 1301
1303 1300 1302
1304 1301 1299
1305 1304 1299
1299 1306 1305
1307 1304 1305
1308 1304 1307
1306 1309 1305
1306 1310 1309
1299 1311 1306
1299 1312 1311
1311 1313 1306
1306 1313 1310
1314 1311 1312
1315 1301 1304
1308 1315 1304
1303 1316 1300
1317 1314 1312
1317 1312 1318
1318 1312 1319
1299 1319 1312
1320 1319 1299
1321 1319 1320
1322 1321 1320
1322 1320 1323
1324 1320 1299
1324 1323 1320
1298 1324 1299
1324 1298 1325
1211 1324 1325
1324 1211 1326
1326 1327 1324
1326 1328 1327
1329 1327 1328
1330 1327 1329
1331 1328 1326
1332 1331 1326
1326 1333 1332
1334 1331 1332
1335 1331 1334
1333 1336 1332
1333 1337 1336
1326 1338 1333
1326 1339 1338
1338 1340 1333
1333 1340 1337
1341 1338 1339
1342 1328 1331
1335 1342 1331
1330 1343 1327
1344 1341 1339
1344 1339 1345
1345 1339 1346
1326 1346 1339
1347 1346 1326
1348 1346 1347
1349 1348 1347
1349 1347 1350
1213 1347 1326
1213 1350 1347
1211 1213 1326
1327 1343 1324
1325 1212 1211
1325 1298 1212
1297 1212 1298
1297 1270 1212
1269 1212 1270
1269 1242 1212
1215 1212 1242
1217 1233 1213
1300 1316 1296
1272 1288 1268
1244 1260 1241
1351 1352 1353
1353 1354 1351
1351 1354 1355
1355 1354 1356
1351 1357 1352
1357 1358 1352
1352 1359 1353
1359 1360 1353
1352 1361 1359
1358 1361 1352
1360 1359 1362
1360 1363 1353
1363 1360 1364
1364 1360 1365
1360 1362 1365
1353 1363 1366
1366 1363 1367
1353 1368 1354
1354 1368 1369
1354 1369 1356
1366 1367 1370
1371 1366 1370
1366 1371 1372
1353 1366 1372
1373 1368 1353
1368 1373 1374
1374 1373 1375
1373 1376 1375
1377 1373 1353
1377 1376 1373
1378 1353 1379
1380 1379 1353
1380 1381 1379
1372 1382 1381
1382 1383 1381
1383 1382 1384
1384 1382 1385
1381 1383 1386
1381 1386 1387
1387 1388 1381
1387 1386 1389
1389 1386 1390
1387 1391 1388
1391 1392 1388
1388 1393 1381
1393 1394 1381
1388 1395 1393
1392 1395 1388
1394 1393 1396
1386 1383 1397
1386 1397 1390
1382 1398 1385
1394 1396 1399
1400 1394 1399
1401 1394 1400
1394 1401 1381
1381 1401 1402
1402 1401 1403
1402 1403 1404
1405 1402 1404
1381 1402 1406
1402 1405 1406
1406 1407 1408
1407 1409 1408
1409 1407 1410
1410 1407 1411
1408 1409 1412
1408 1412 1413
1413 1414 1408
1413 1412 1415
1415 1412 1416
1413 1417 1414
1417 1418 1414
1414 1419 1408
1419 1420 1408
1414 1421 1419
1418 1421 1414
1420 1419 1422
1412 1409 1423
1412 1423 1416
1420 1424 1408
1424 1420 1425
1425 1420 1426
1420 1422 1426
1408 1424 1427
1427 1424 1428
1427 1428 1429
1430 1427 1429
1408 1427 1431
1427 1430 1431
1431 1432 1433
1432 1434 1433
1434 1432 1435
1435 1432 1436
1433 1434 1437
1433 1437 1438
1438 1439 1433
1438 1437 1440
1440 1437 1441
1438 1442 1439
1442 1443 1439
1439 1444 1433
1444 1445 1433
1439 1446 1444
1443 1446 1439
1445 1444 1447
1437 1434 1448
1437 1448 1441
1445 1449 1433
1449 1445 1450
1450 1445 1451
1445 1447 1451
1433 1449 1452
1452 1449 1453
1452 1453 1454
1455 1452 1454
1433 1452 1456
1452 1455 1456
1456 1457 1458
1457 1459 1458
1459 1457 1460
1460 1457 1461
1458 1459 1462
1458 1462 1463
1463 1464 1458
1463 1462 1465
1465 1462 1466
1463 1467 1464
1467 1468 1464
1464 1469 1458
1469 1470 1458
1464 1471 1469
1468 1471 1464
1470 1469 1472
1462 1459 1473
1462 1473 1466
1470 1474 1458
1474 1470 1475
1475 1470 1476
1470 1472 1476
1458 1474 1477
1477 1474 1478
1477 1478 1479
1480 1477 1479
1458 1477 1377
1477 1480 1377
1481 1458 1379
1378 1379 1458
1481 1379 1433
1482 1433 1379
1482 1379 1408
1483 1408 1379
1381 1483 1379
1457 1484 1461
1456 1484 1457
1432 1485 1436
1431 1485 1432
1407 1486 1411
1406 1486 1407
1372 1398 1382
1487 1488 1489
1488 1487 1490
1490 1491 1488
1491 1490 1492
1492 1493 1491
1493 1492 1494
1495 1492 1490
1492 1495 1496
1496 1494 1492
1497 1488 1491
1488 1497 1498
1498 1489 1488
1494 1496 1499
1493 1500 1491
1500 1493 1501
1499 1502 1494
1502 1499 1503
1490 1504 1495
1504 1490 1487
1505 1497 1491
1497 1505 1506
1507 1506 1505
1506 1507 1508
1509 1506 1508
1506 1509 1510
1510 1497 1506
1511 1500 1501
1500 1511 1512
1487 1513 1504
1513 1487 1514
1515 1513 1514
1514 1516 1515
1516 1514 1517
1518 1516 1517
1517 1519 1518
1519 1517 1489
1514 1489 1517
1516 1518 1520
1521 1520 1518
1520 1521 1522
1513 1515 1523
1489 1514 1487
1489 1498 1519
1524 1519 1498
1524 1512 1525
1519 1524 1526
1525 1526 1524
1526 1518 1519
1518 1526 1521
1527 1521 1526
1526 1525 1527
1528 1527 1525
1525 1529 1528
1529 1525 1512
1512 1524 1530
1498 1530 1524
1527 1528 1531
1530 1532 1512
1532 1530 1510
1521 1527 1533
1531 1533 1527
1533 1531 1534
1534 1535 1533
1535 1534 1536
1536 1537 1535
1535 1537 1522
1522 1533 1535
1533 1522 1521
1497 1510 1530
1530 1498 1497
1537 1520 1522
1520 1537 1516
1516 1537 1515
1515 1537 1523
1510 1538 1532
1538 1510 1509
1539 1538 1509
1508 1539 1509
1507 1539 1508
1540 1541 1542
1543 1541 1540
1544 1542 1541
1542 1544 1545
1546 1543 1540
1543 1546 1547
1541 1548 1544
1548 1541 1549
1543 1549 1541
1543 1550 1549
1550 1543 1551
1547 1551 1543
1551 1552 1550
1552 1551 1553
1553 1554 1552
1554 1553 1555
1555 1556 1554
1556 1555 1557
1557 1558 1556
1558 1557 1559
1559 1560 1558
1560 1559 1561
1551 1547 1562
1562 1553 1551
1549 1563 1548
1563 1549 1550
1553 1562 1564
1550 1565 1563
1565 1550 1552
1553 1564 1566
1566 1557 1555
1553 1566 1555
1552 1567 1565
1567 1552 1554
1556 1567 1554
1557 1566 1568
1556 1569 1567
1557 1568 1570
1557 1570 1559
1556 1571 1569
1571 1556 1558
1572 1559 1570
1559 1572 1561
1558 1573 1571
1573 1558 1560
1572 1574 1561
1574 1572 1575
1561 1576 1560
1574 1577 1576
1577 1574 1578
1575 1578 1574
1579 1577 1578
1580 1576 1577
1576 1580 1581
1560 1581 1573
1581 1560 1576
1577 1582 1580
1582 1577 1583
1579 1583 1577
1583 1584 1582
1584 1583 1585
1585 1583 1579
1586 1585 1579
1587 1585 1586
1585 1588 1584
1588 1585 1589
1587 1589 1585
1587 1590 1589
1590 1587 1591
1591 1592 1590
1592 1591 1593
1593 1594 1592
1594 1593 1595
1595 1596 1594
1596 1595 1597
1597 1598 1596
1598 1597 1599
1599 1600 1598
1600 1599 1601
1602 1600 1601
1589 1603 1588
1603 1589 1590
1590 1604 1603
1604 1590 1592
1592 1605 1604
1605 1592 1594
1596 1605 1594
1597 1606 1599
1604 1607 1603
1603 1607 1608
1607 1609 1608
1610 1608 1609
1608 1610 1611
1609 1607 1612
1607 1613 1612
1604 1613 1607
1584 1608 1611
1608 1584 1588
1603 1608 1588
1604 1614 1613
1614 1604 1605
1614 1615 1613
1613 1615 1612
1615 1614 1616
1617 1616 1614
1616 1617 1618
1619 1618 1617
1618 1619 1620
1621 1620 1619
1620 1621 1622
1623 1622 1621
1622 1623 1624
1623 1625 1624
1625 1623 1626
1621 1627 1623
1627 1621 1628
1628 1621 1619
1629 1627 1628
1628 1619 1630
1630 1619 1617
1600 1628 1630
1629 1628 1600
1630 1617 1631
1630 1631 1596
1596 1598 1630
1600 1630 1598
1596 1631 1605
1631 1614 1605
1631 1617 1614
1632 1627 1629
1629 1633 1632
1633 1629 1602
1602 1629 1600
1633 1634 1632
1634 1635 1632
1627 1632 1635
1634 1626 1635
1626 1634 1625
1623 1635 1626
1635 1623 1627
1636 1637 1638
1637 1636 1639
1640 1639 1636
1636 1641 1640
1641 1636 1642
1638 1642 1636
1639 1640 1643
1644 1638 1637
1638 1644 1645
1646 1645 1644
1645 1646 1647
1645 1648 1638
1642 1638 1648
1648 1645 1649
1647 1649 1645
1649 1647 1650
1651 1650 1647
1652 1651 1647
1653 1651 1652
1653 1654 1651
1654 1655 1651
1655 1654 1656
1657 1654 1653
1654 1657 1658
1658 1659 1654
1656 1654 1659
1659 1658 1660
1661 1658 1657
1658 1661 1662
1662 1663 1658
1658 1663 1660
1664 1662 1661
1662 1664 1665
1665 1666 1662
1662 1666 1663
1667 1663 1666
1668 1667 1666
1669 1668 1666
1666 1665 1669
1668 1669 1670
1671 1670 1669
1670 1671 1672
1667 1668 1673
1673 1674 1667
1674 1663 1667
1674 1673 1675
1675 1676 1674
1676 1675 1677
1677 1678 1676
1663 1674 1679
1680 1672 1671
1672 1680 1681
1682 1681 1680
1681 1682 1683
1684 1683 1682
1683 1684 1685
1686 1685 1684
1684 1687 1686
1688 1686 1687
1686 1688 1689
1687 1684 1690
1682 1690 1684
1689 1691 1686
1685 1686 1691
1691 1689 1692
1693 1692 1689
1692 1693 1694
1695 1694 1693
1694 1695 1696
1697 1696 1695
1696 1697 1698
1699 1698 1697
1698 1699 1700
1701 1700 1699
1700 1701 1702
1703 1702 1701
1702 1703 1704
1705 1704 1703
1704 1705 1706
1705 1707 1706
1707 1705 1708
1693 1709 1695
1695 1710 1697
1710 1695 1709
1709 1711 1710
1711 1709 1712
1713 1712 1709
1712 1713 1714
1715 1710 1711
1710 1715 1716
1717 1716 1715
1716 1717 1718
1719 1718 1717
1718 1719 1720
1721 1720 1719
1720 1721 1722
1723 1722 1721
1722 1723 1724
1725 1724 1723
1724 1725 1726
1725 1727 1726
1727 1725 1728
1718 1699 1716
1697 1716 1699
1716 1697 1710
1699 1718 1701
1720 1701 1718
1701 1720 1703
1722 1703 1720
1703 1722 1705
1724 1705 1722
1705 1724 1708
1726 1708 1724
1728 1729 1727
1729 1730 1727
1730 1726 1727
1726 1730 1731
1726 1731 1708
1707 1708 1732
1733 1734 1735
1734 1733 1736
1737 1736 1733
1736 1737 1738
1739 1738 1737
1738 1739 1740
1739 1741 1740
1741 1739 1742
1743 1741 1742
1741 1743 1744
1745 1744 1743
1744 1745 1746
1747 1746 1745
1746 1747 1748
1749 1748 1747
1748 1749 1750
1751 1750 1749
1750 1751 1752
1751 1753 1752
1569 1745 1743
1569 1743 1742
1569 1742 1567
1745 1569 1571
1571 1747 1745
1747 1571 1573
1573 1749 1747
1581 1751 1749
1749 1573 1581
1751 1581 1580
1582 1751 1580
1582 1753 1751
1584 1753 1582
1753 1754 1752
1753 1611 1754
1584 1611 1753
1611 1610 1754
1567 1739 1565
1565 1739 1737
1565 1737 1563
1563 1737 1733
1563 1733 1548
1733 1544 1548
1544 1733 1735
1755 1544 1735
1544 1755 1545
1511 1545 1755
1511 1755 1756
1511 1756 1529
1545 1511 1501
1493 1545 1501
1545 1493 1542
1494 1542 1493
1542 1494 1502
1755 1734 1756
1755 1735 1734
1540 1542 1502
1503 1540 1502
1540 1503 1546
1512 1511 1529
1757 1758 1759
1758 1757 1760
1761 1759 1758
1759 1761 1690
1759 1680 1757
1671 1757 1680
1757 1671 1762
1762 1760 1757
1680 1759 1682
1690 1682 1759
1763 1690 1761
1690 1763 1687
1764 1687 1763
1687 1764 1688
1760 1762 1765
1665 1765 1762
1765 1665 1664
1669 1762 1671
1762 1669 1665
1713 1689 1688
1689 1713 1693
1709 1693 1713
1766 1767 1768
1767 1766 1769
1579 1770 1771
1579 1771 1586
1586 1771 1772
1578 1770 1579
1578 1773 1770
1578 1575 1773
1586 1772 1587
1587 1772 1774
1587 1774 1591
1591 1774 1775
1591 1775 1593
1593 1775 1776
1593 1776 1595
1595 1776 1777
1595 1777 1597
1597 1777 1606
1777 1778 1606
1779 1780 1781
1780 1782 1781
1782 1783 1781
1783 1784 1781
1779 1781 1784
1784 1783 1785
1783 1786 1785
1786 1783 1787
1783 1782 1787
1782 1780 1788
1780 1779 1789
1576 1561 1574
1790 1791 1792
1791 1790 1793
1792 1794 1790
1794 1792 1795
1795 1796 1794
1796 1795 1797
1797 1798 1796
1798 1797 1799
1793 1678 1791
1678 1793 1800
1800 1793 1801
1801 1676 1800
1678 1800 1676
1676 1801 1802
1656 1802 1801
1803 1656 1801
1793 1803 1801
1656 1803 1655
1804 1655 1803
1655 1804 1805
1806 1805 1804
1805 1806 1807
1808 1807 1806
1807 1808 1809
1651 1655 1805
1810 1809 1808
1809 1810 1811
1812 1811 1810
1810 1813 1812
1813 1810 1798
1808 1798 1810
1811 1812 1814
1811 1648 1809
1648 1811 1642
1814 1642 1811
1812 1815 1814
1815 1812 1813
1816 1815 1813
1814 1815 1641
1642 1814 1641
1806 1796 1808
1798 1808 1796
1813 1799 1816
1799 1813 1798
1649 1809 1648
1809 1649 1807
1650 1807 1649
1807 1650 1805
1651 1805 1650
1815 1640 1641
1640 1815 1643
1796 1806 1794
1804 1794 1806
1794 1804 1790
1790 1804 1803
1790 1803 1793
1817 1818 1819
1818 1817 1820
1819 1821 1817
1821 1819 1822
1823 1821 1822
1824 1825 1826
1825 1824 1827
1828 1827 1824
1827 1828 1829
1825 1830 1826
1647 1831 1652
1652 1831 1832
1652 1832 1653
1647 1646 1831
1833 1834 1835
1834 1833 1836
1833 1835 1837
1838 1839 1840
1841 1842 1843
1841 1844 1842
1845 1846 1847
1802 1656 1659
1659 1679 1802
1674 1802 1679
1802 1674 1676
1679 1659 1660
1663 1679 1660
1567 1742 1739
1848 1849 1850
1848 1850 1851
1848 1851 1852
1848 1852 1853
1848 1853 1854
1848 1854 1855
1848 1855 1856
1848 1856 1857
1848 1857 1858
1848 1858 1859
1848 1859 1860
1848 1860 1861
1848 1861 1862
1848 1862 1863
1848 1863 1864
1848 1864 1865
1848 1865 1866
1848 1866 1867
1848 1867 1868
1848 1868 1849
1869 1870 1871
1870 1869 1872
1873 1871 1870
1871 1873 1874
1875 1874 1873
1874 1875 1876
1877 1876 1875
1876 1877 1878
1879 1878 1877
1878 1879 1880
1881 1880 1879
1880 1881 1882
1881 1883 1882
1883 1881 1884
1884 1885 1883
1885 1884 1886
1886 1887 1885
1887 1886 1888
1888 1889 1887
1889 1888 1890
1890 1891 1889
1891 1890 1892
1892 1893 1891
1893 1892 1894
1894 1895 1893
1895 1894 1896
1896 1897 1895
1897 1896 1898
1898 1899 1897
1899 1898 1900
1901 1899 1900
1899 1901 1902
1903 1902 1901
1902 1903 1904
1903 1905 1904
1905 1903 1906
1906 1907 1905
1907 1906 1908
1872 1907 1908
1907 1872 1869
1909 1910 1911
1909 1912 1910
1909 1913 1912
1909 1914 1913
1909 1915 1914
1909 1916 1915
1909 1917 1916
1909 1918 1917
1909 1919 1918
1909 1920 1919
1909 1921 1920
1909 1922 1921
1909 1923 1922
1909 1924 1923
1909 1925 1924
1909 1926 1925
1909 1927 1926
1909 1928 1927
1909 1929 1928
1909 1911 1929
1930 1931 1932
1931 1930 1933
1932 1934 1930
1934 1932 1935
1935 1936 1934
1936 1935 1937
1937 1938 1936
1938 1937 1939
1939 1940 1938
1940 1939 1941
1941 1942 1940
1942 1941 1943
1944 1942 1943
1942 1944 1945
1946 1945 1944
1945 1946 1947
1948 1947 1946
1947 1948 1949
1950 1949 1948
1949 1950 1951
1952 1951 1950
1951 1952 1953
1954 1953 1952
1953 1954 1955
1956 1955 1954
1955 1956 1957
1958 1957 1956
1957 1958 1959
1960 1959 1958
1959 1960 1961
1960 1962 1961
1962 1960 1963
1963 1964 1962
1964 1963 1965
1966 1964 1965
1964 1966 1967
1968 1967 1966
1967 1968 1969
1968 1933 1969
1933 1968 1931
1970 1971 1972
1973 1971 1970
1974 1971 1973
1975 1971 1974
1976 1971 1975
1977 1971 1976
1978 1971 1977
1979 1971 1978
1980 1971 1979
1981 1971 1980
1982 1971 1981
1983 1971 1982
1984 1971 1983
1985 1971 1984
1986 1971 1985
1987 1971 1986
1988 1971 1987
1989 1971 1988
1990 1971 1989
1972 1971 1990
1991 1992 1993
1992 1991 1994
1995 1991 1993
1991 1995 1996
1994 1997 1992
1997 1994 1998
1999 1997 1998
2000 2001 2002
2001 2000 2003
2004 2003 2000
2003 2004 2005
2006 2002 2001
2007 2008 2009
2008 2007 2010
2011 2009 2008
2009 2011 2012
2011 2013 2012
2013 2014 2012
2014 2013 2015
2016 2014 2015
2014 2016 2017
2018 2010 2007
2010 2018 2019
2020 2017 2016
2017 2020 2021
2021 2020 2022
2023 2019 2018
2019 2023 2024
2025 2024 2023
2024 2025 2026
2027 2026 2025
2026 2027 2028
2029 2030 2031
2030 2029 2032
2031 2033 2029
2033 2031 2034
2034 2035 2033
2035 2036 2033
2036 2035 2037
2038 2036 2037
2036 2038 2039
2040 2039 2038
2039 2040 2041
2042 2041 2040
2032 2043 2030
2044 2043 2032
2045 2043 2044
2046 2043 2045
2046 2047 2043
2043 2047 2030
2046 2048 2047
2044 2049 2045
2050 2051 2052
2051 2050 2053
2054 2050 2052
2050 2054 2055
2056 2055 2054
2055 2056 2057
2054 2052 2058
2052 2059 2058
2052 2051 2059
2060 2061 2062
2061 2060 2063
2062 2064 2060
2064 2062 2065
2066 2067 2068
2067 2069 2068
2068 2069 2070
2069 2071 2070
2071 2069 2072
2073 2070 2071
2070 2073 2074
2073 2075 2074
2075 2073 2076
2077 2075 2076
2075 2077 2078
2079 2077 2076
2077 2079 2080
2079 2081 2080
2081 2079 2082
2082 2083 2081
2083 2082 2084
2083 2084 2085
2086 2072 2087
2072 2086 2088
2089 2088 2086
2088 2089 2090
2089 2091 2090
2091 2089 2092
2093 2089 2086
2089 2093 2094
2089 2095 2092
2095 2089 2094
2086 2096 2093
2096 2086 2087
2069 2096 2087
2069 2087 2072
2069 2097 2096
2097 2069 2098
2099 2098 2069
2067 2099 2069
2100 2099 2067
2098 2101 2097
2101 2098 2102
2103 2101 2102
2101 2103 2104
2103 2105 2104
2105 2103 2106
2105 2107 2104
2107 2105 2108
2109 2107 2108
2107 2109 2110
2111 2110 2109
2110 2111 2112
2111 2113 2112
2114 2115 2116
2117 2115 2114
2117 2118 2115
2118 2119 2115
2120 2121 2122
2121 2120 2123
2121 2124 2122
2124 2121 2125
2126 2123 2120
2123 2126 2127
2128 2127 2126
2129 2130 2131
2130 2129 2132
2131 2133 2129
2133 2131 2134
2135 2130 2132
2136 2137 2138
2137 2136 2139
2138 2140 2136
2140 2138 2141
2140 2141 2142
2143 2142 2141
2142 2143 2144
2143 2145 2144
2145 2143 2146
2139 2147 2137
2147 2139 2148
2146 2149 2145
2149 2146 2150
2150 2151 2149
2148 2152 2147
2152 2148 2153
2153 2154 2152
2154 2153 2155
2155 2156 2154
2156 2155 2157
2158 2159 2160
2159 2158 2161
2162 2161 2158
2161 2162 2163
2163 2162 2164
2165 2164 2162
2164 2165 2166
2165 2167 2166
2167 2165 2168
2168 2169 2167
2169 2168 2170
2171 2169 2170
2160 2159 2172
2173 2160 2172
2174 2173 2172
2175 2174 2172
2175 2172 2176
2172 2159 2176
2175 2176 2177
2173 2174 2178
2179 2180 2181
2180 2179 2182
2180 2183 2181
2183 2180 2184
2184 2185 2183
2185 2184 2186
2183 2187 2181
2181 2187 2188
2181 2188 2179
2189 2190 2191
2190 2189 2192
2193 2192 2189
2192 2193 2194
2195 2196 2197
2196 2195 2198
2197 2199 2195
2199 2197 2200
2200 2201 2199
2201 2200 2202
2202 2203 2201
2203 2202 2204
2204 2205 2203
2205 2204 2206
2206 2207 2205
2207 2206 2208
2209 2207 2208
2207 2209 2210
2211 2210 2209
2210 2211 2212
2213 2212 2211
2212 2213 2214
2215 2214 2213
2214 2215 2216
2217 2216 2215
2216 2217 2218
2219 2218 2217
2218 2219 2220
2221 2222 2223
2222 2221 2224
2225 2223 2222
2223 2225 2226
2227 2226 2225
2226 2227 2228
2229 2228 2227
2228 2229 2230
2231 2230 2229
2230 2231 2232
2233 2232 2231
2232 2233 2234
2233 2235 2234
2235 2233 2236
2236 2237 2235
2237 2236 2238
2238 2239 2237
2239 2238 2240
2240 2241 2239
2241 2240 2242
2242 2243 2241
2243 2242 2244
2244 2245 2243
2245 2244 2246
2247 2248 2249
2248 2247 2250
2251 2252 2253
2252 2251 2254
2255 2252 2254
2252 2255 2256
2255 2257 2256
2257 2255 2258
2259 2257 2258
2257 2259 2260
2261 2260 2259
2260 2261 2262
2261 2263 2262
2263 2261 2264
2265 2263 2264
2263 2265 2266
2265 2267 2266
2267 2265 2268
2268 2269 2267
2269 2268 2270
2271 2269 2270
2269 2271 2272
2271 2273 2272
2273 2271 2274
2275 2273 2274
2273 2275 2276
2277 2278 2279
2278 2277 2280
2281 2282 2283
2282 2281 2284
2285 2283 2282
2283 2285 2286
2287 2286 2285
2286 2287 2288
2287 2289 2288
2281 2290 2284
2290 2281 2291
2292 2290 2291
2290 2292 2293
2294 2293 2292
2293 2294 2295
2296 2284 2290
2297 2296 2290
2297 2298 2296
2298 2297 2299
2299 2300 2298
2300 2299 2301
2302 2300 2301
2300 2302 2303
2304 2303 2302
2303 2304 2305
2306 2300 2303
2300 2306 2307
2307 2298 2300
2303 2308 2306
2308 2303 2305
2309 2308 2305
2298 2307 2310
2310 2296 2298
2296 2310 2284
2311 2312 2313
2313 2314 2311
2314 2313 2315
2315 2316 2314
2316 2315 2317
2318 2315 2313
2312 2318 2313
2315 2318 2319
2319 2317 2315
2317 2319 2320
2320 2321 2322
2321 2320 2323
2324 2325 2316
2325 2324 2326
2327 2328 2329
2330 2331 2332
2333 2331 2330
2334 2335 2336
2335 2334 2337
2338 2339 2340
2339 2338 2341
2342 2343 2344
2343 2342 2345
2346 2347 2348
2349 2350 2351
2352 2353 2354
2353 2352 2355
2356 2357 2358
2359 2360 2361
2360 2359 2362
2363 2364 2365
2364 2363 2366
2367 2368 2369
2370 2371 2372
2370 2373 2371
2373 2370 2374
2375 2376 2377
2378 2379 2380
2379 2378 2381
2382 2383 2384
2382 2384 2385
2386 2387 2388
2387 2386 2389
2390 2391 2392
2393 2394 2395
2394 2393 2396
2397 2398 2399
2398 2397 2400
2401 2402 2403
2402 2401 2404
2405 2406 2407
2408 2409 2410
2409 2408 2411
2412 2413 2414
2413 2412 2415
2416 2417 2418
2419 2420 2421
2420 2419 2422
2423 2424 2425
2424 2423 2426
2427 2428 2429
2430 2431 2432
2431 2430 2433
2434 2435 2436
2435 2434 2437
2436 2438 2434
2438 2436 2439
2439 2440 2438
2440 2439 2441
2440 2441 2442
2443 2435 2437
2435 2443 2444
2443 2445 2444
2445 2443 2446
2446 2447 2445
2447 2446 2448
2449 2443 2437
2450 2443 2449
2451 2450 2449
2450 2451 2452
2453 2452 2451
2452 2453 2454
2453 2455 2454
2455 2453 2456
2456 2457 2455
2457 2456 2458
2453 2459 2456
2459 2453 2460
2451 2460 2453
2461 2456 2459
2456 2461 2458
2462 2458 2461
2460 2451 2463
2449 2463 2451
2463 2449 2437
2464 2465 2466
2467 2465 2464
2465 2467 2468
2469 2468 2467
2468 2469 2470
2468 2471 2465
2466 2465 2471
2471 2468 2472
2470 2472 2468
2472 2470 2473
2473 2474 2475
2474 2473 2476
2477 2478 2469
2478 2477 2479
2480 2481 2482
2483 2484 2485
2486 2483 2485
2487 2488 2489
2488 2487 2490
2491 2492 2493
2492 2491 2494
2495 2496 2497
2496 2495 2498
2499 2500 2501
2502 2503 2504
2505 2506 2507
2506 2505 2508
2509 2510 2511
2512 2513 2514
2513 2512 2515
2516 2517 2518
2517 2516 2519
2520 2521 2522
2523 2524 2525
2526 2523 2525
2523 2526 2527
2528 2529 2530
2531 2532 2533
2532 2531 2534
2535 2536 2537
2535 2537 2538
2539 2540 2541
2540 2539 2542
2543 2544 2545
2546 2547 2548
2547 2546 2549
2550 2551 2552
2551 2550 2553
2554 2555 2556
2555 2554 2557
2558 2559 2560
2561 2562 2563
2562 2561 2564
2565 2566 2567
2566 2565 2568
2569 2570 2571
2572 2573 2574
2573 2572 2575
2576 2577 2578
2577 2576 2579
2580 2581 2582
2583 2584 2585
2584 2583 2586
2587 2588 2589
2588 2587 2590
2587 2591 2590
2591 2587 2592
2592 2593 2591
2593 2592 2594
2595 2592 2587
2587 2596 2595
2587 2589 2596
2592 2595 2597
2597 2594 2592
2595 2598 2597
2598 2595 2599
2595 2600 2599
2588 2601 2589
2601 2588 2602
2602 2603 2601
2604 2601 2603
2603 2605 2604
2605 2603 2606
2607 2606 2603
2603 2602 2607
2606 2607 2608
2601 2604 2609
2594 2597 2610
2599 2611 2598
2612 2598 2611
2598 2612 2613
2612 2614 2613
2614 2612 2615
2615 2616 2614
2616 2615 2617
2617 2618 2616
2618 2617 2619
2620 2618 2619
2618 2620 2621
2597 2613 2610
2613 2597 2598
2622 2613 2614
2613 2622 2610
2623 2610 2622
2610 2623 2594
2622 2624 2623
2625 2623 2624
2624 2626 2625
2626 2624 2627
2627 2628 2626
2628 2627 2629
2629 2630 2628
2630 2629 2631
2631 2632 2630
2632 2631 2633
2623 2625 2634
2634 2594 2623
2635 2633 2631
2633 2635 2636
2637 2636 2635
2636 2637 2638
2639 2631 2629
2631 2639 2635
2635 2639 2637
2639 2621 2637
2640 2629 2627
2629 2640 2639
2621 2639 2640
2627 2641 2640
2641 2627 2624
2624 2622 2641
2614 2641 2622
2641 2614 2616
2616 2640 2641
2640 2616 2618
2618 2621 2640
2642 2638 2637
2621 2642 2637
2638 2642 2643
2642 2621 2620
2644 2636 2638
2636 2644 2645
2645 2644 2646
2646 2647 2645
2633 2645 2647
2647 2632 2633
2632 2647 2648
2649 2648 2647
2647 2646 2649
2648 2649 2650
2651 2650 2649
2650 2651 2652
2653 2652 2651
2652 2653 2654
2655 2654 2653
2654 2655 2656
2645 2633 2636
2657 2649 2646
2649 2657 2651
2658 2651 2657
2651 2658 2653
2659 2653 2658
2653 2659 2655
2660 2655 2659
2655 2660 2661
2661 2656 2655
2656 2661 2662
2663 2662 2661
2662 2663 2664
2665 2664 2663
2664 2665 2666
2665 2667 2666
2667 2665 2668
2663 2669 2665
2665 2669 2670
2665 2670 2668
2669 2663 2671
2661 2671 2663
2671 2661 2660
2672 2669 2671
2669 2672 2673
2669 2673 2674
2675 2667 2668
2667 2675 2676
2677 2676 2675
2675 2678 2677
2679 2677 2678
2677 2679 2680
2680 2681 2677
2676 2677 2681
2681 2680 2682
2678 2675 2683
2668 2683 2675
2684 2673 2672
2672 2685 2684
2685 2672 2686
2671 2686 2672
2687 2685 2686
2685 2687 2688
2689 2688 2687
2688 2689 2690
2691 2690 2689
2690 2691 2692
2691 2693 2692
2693 2691 2694
2686 2659 2687
2659 2686 2660
2686 2671 2660
2658 2687 2659
2687 2658 2689
2657 2689 2658
2689 2657 2691
2691 2657 2694
2657 2646 2694
2694 2695 2693
2695 2694 2644
2644 2694 2646
2638 2695 2644
2695 2638 2643
2643 2696 2695
2696 2643 2697
2643 2698 2697
2698 2643 2642
2642 2699 2698
2699 2642 2620
2620 2700 2699
2700 2620 2619
2619 2701 2700
2701 2619 2617
2617 2702 2701
2702 2617 2615
2698 2703 2697
2704 2700 2701
2700 2704 2705
2705 2699 2700
2706 2701 2702
2701 2706 2704
2702 2707 2706
2707 2702 2708
2615 2708 2702
2698 2699 2709
2699 2705 2709
2710 2709 2705
2709 2710 2711
2708 2615 2612
2612 2712 2708
2712 2612 2611
2611 2713 2712
2713 2611 2714
2611 2599 2714
2715 2714 2599
2714 2715 2716
2714 2716 2713
2717 2716 2715
2716 2717 2718
2719 2718 2717
2718 2719 2720
2721 2720 2719
2720 2721 2722
2721 2723 2722
2600 2715 2599
2717 2724 2719
2724 2717 2725
2715 2725 2717
2725 2715 2600
2726 2724 2725
2726 2725 2600
2600 2727 2726
2727 2600 2728
2729 2726 2727
2726 2729 2730
2731 2730 2729
2730 2731 2732
2732 2733 2730
2733 2732 2734
2735 2734 2732
2734 2735 2736
2737 2730 2733
2730 2737 2726
2724 2726 2737
2738 2736 2735
2735 2739 2738
2739 2740 2738
2739 2735 2741
2732 2741 2735
2741 2732 2731
2736 2738 2742
2738 2740 2742
2741 2743 2739
2740 2739 2743
2743 2741 2744
2744 2741 2745
2741 2731 2745
2729 2745 2731
2745 2729 2746
2746 2747 2745
2747 2746 2748
2749 2747 2748
2748 2609 2749
2609 2748 2750
2747 2749 2751
2751 2752 2747
2752 2745 2747
2752 2751 2753
2754 2748 2746
2748 2754 2750
2596 2750 2754
2750 2596 2589
2750 2589 2609
2745 2752 2755
2589 2601 2609
2727 2746 2729
2746 2727 2754
2728 2754 2727
2754 2728 2596
2596 2728 2595
2595 2728 2600
2753 2756 2752
2756 2755 2752
2756 2753 2757
2756 2757 2758
2756 2758 2759
2755 2756 2759
2760 2761 2762
2761 2763 2762
2760 2606 2761
2606 2763 2761
2606 2760 2605
2763 2606 2608
2762 2763 2764
2608 2764 2763
2764 2608 2765
2607 2765 2608
2765 2607 2766
2602 2766 2607
2766 2602 2767
2602 2768 2767
2768 2602 2588
2588 2769 2768
2769 2588 2590
2590 2770 2769
2770 2590 2591
2591 2771 2770
2771 2591 2593
2593 2772 2771
2772 2593 2634
2594 2634 2593
2634 2773 2772
2773 2634 2625
2625 2774 2773
2774 2625 2626
2626 2775 2774
2775 2626 2628
2628 2776 2775
2776 2628 2630
2632 2776 2630
2776 2632 2777
2632 2778 2777
2778 2632 2648
2650 2778 2648
2778 2650 2779
2652 2779 2650
2779 2652 2780
2654 2780 2652
2780 2654 2781
2656 2781 2654
2781 2656 2782
2662 2782 2656
2782 2662 2783
2664 2783 2662
2783 2664 2784
2666 2784 2664
2784 2666 2785
2667 2785 2666
2785 2667 2786
2676 2786 2667
2786 2676 2787
2676 2788 2787
2788 2676 2681
2681 2789 2788
2789 2681 2682
2682 2790 2789
2790 2682 2791
2680 2791 2682
2791 2680 2792
2792 2793 2791
2793 2790 2791
2794 2793 2792
2680 2794 2792
2794 2680 2679
2795 2737 2796
2737 2795 2724
2796 2723 2795
2795 2719 2724
2719 2795 2721
2723 2721 2795
2797 2798 2799
2798 2797 2800
2799 2801 2797
2801 2799 2802
2803 2800 2797
2800 2803 2804
2804 2805 2800
2805 2804 2806
2806 2674 2805
2674 2806 2807
2800 2808 2798
2808 2800 2805
2802 2809 2801
2810 2801 2809
2810 2809 2811
2801 2810 2812
2809 2802 2813
2809 2813 2811
2814 2812 2810
2811 2814 2810
2812 2814 2815
2797 2812 2803
2812 2797 2801
2805 2816 2808
2816 2805 2817
2805 2674 2817
2818 2808 2816
2808 2818 2819
2819 2818 2820
2815 2821 2812
2822 2816 2817
2816 2822 2823
2823 2818 2816
2824 2823 2822
2823 2824 2825
2825 2826 2823
2818 2823 2826
2820 2818 2826
2826 2825 2827
2826 2827 2820
2822 2828 2824
2828 2822 2829
2817 2829 2822
2829 2830 2828
2830 2829 2673
2673 2684 2830
2674 2673 2829
2829 2817 2674
2830 2831 2828
2684 2831 2830
2831 2684 2832
2685 2832 2684
2832 2685 2833
2832 2834 2831
2834 2832 2835
2833 2835 2832
2688 2833 2685
2833 2688 2836
2690 2836 2688
2836 2690 2837
2692 2837 2690
2837 2692 2838
2693 2838 2692
2838 2693 2839
2695 2839 2693
2839 2695 2696
2836 2840 2833
2835 2833 2840
2840 2836 2841
2837 2841 2836
2838 2842 2837
2841 2837 2842
2842 2838 2843
2839 2843 2838
2696 2844 2839
2843 2839 2844
2844 2845 2843
2845 2844 2846
2696 2846 2844
2847 2843 2845
2843 2847 2842
2848 2842 2847
2842 2848 2841
2846 2849 2845
2849 2847 2845
2850 2849 2846
2696 2850 2846
2696 2851 2850
2849 2850 2852
2851 2852 2850
2852 2853 2849
2847 2849 2853
2853 2848 2847
2853 2852 2854
2696 2697 2851
2854 2855 2853
2848 2853 2855
2855 2854 2856
2697 2857 2851
2697 2703 2857
2703 2858 2857
2858 2703 2859
2860 2859 2703
2859 2860 2861
2859 2862 2858
2862 2859 2863
2861 2863 2859
2863 2864 2862
2864 2863 2865
2866 2864 2865
2864 2866 2867
2868 2867 2866
2867 2868 2869
2867 2870 2864
2870 2862 2864
2870 2867 2871
2869 2871 2867
2872 2857 2858
2857 2872 2851
2862 2870 2873
2871 2869 2874
2858 2873 2872
2873 2858 2862
2852 2851 2872
2872 2854 2852
2854 2872 2873
2873 2856 2854
2856 2873 2870
2871 2856 2870
2856 2871 2875
2874 2875 2871
2875 2855 2856
2855 2875 2876
2877 2876 2875
2875 2874 2877
2876 2877 2878
2877 2874 2879
2879 2880 2877
2880 2879 2881
2882 2855 2876
2855 2882 2848
2883 2848 2882
2884 2876 2878
2876 2884 2882
2885 2880 2881
2881 2886 2885
2886 2881 2887
2880 2885 2888
2878 2889 2884
2877 2889 2878
2888 2889 2880
2877 2880 2889
2885 2886 2890
2890 2888 2885
2891 2888 2890
2889 2888 2891
2892 2886 2887
2887 2893 2892
2893 2887 2894
2881 2894 2887
2894 2895 2893
2895 2894 2896
2897 2895 2896
2869 2897 2896
2897 2898 2895
2897 2899 2898
2899 2897 2900
2900 2901 2899
2901 2900 2902
2903 2902 2900
2902 2903 2904
2905 2904 2903
2904 2905 2906
2900 2868 2903
2868 2900 2897
2868 2897 2869
2905 2907 2906
2907 2905 2908
2908 2909 2907
2909 2908 2910
2910 2710 2909
2710 2910 2861
2705 2909 2710
2909 2705 2704
2704 2907 2909
2907 2704 2706
2706 2911 2907
2907 2911 2906
2911 2912 2906
2912 2911 2913
2911 2706 2707
2707 2913 2911
2913 2914 2912
2914 2913 2915
2916 2915 2913
2913 2707 2916
2708 2916 2707
2916 2708 2712
2712 2917 2916
2915 2916 2917
2917 2712 2713
2915 2918 2914
2918 2915 2919
2917 2919 2915
2917 2920 2919
2920 2918 2919
2713 2920 2917
2713 2716 2920
2918 2920 2921
2920 2716 2921
2922 2683 2923
2683 2922 2924
2925 2924 2922
2924 2925 2926
2927 2926 2925
2926 2927 2928
2929 2922 2923
2923 2670 2929
2670 2923 2668
2923 2683 2668
2922 2929 2930
2930 2925 2922
2925 2930 2821
2821 2927 2925
2927 2821 2931
2804 2821 2930
2821 2804 2803
2806 2930 2929
2930 2806 2804
2807 2929 2670
2929 2807 2806
2670 2669 2807
2669 2674 2807
2932 2928 2927
2931 2932 2927
2928 2932 2933
2932 2934 2933
2932 2935 2934
2932 2931 2935
2812 2821 2803
2698 2711 2860
2698 2709 2711
2710 2860 2711
2860 2710 2861
2698 2860 2703
2863 2861 2910
2910 2865 2863
2865 2910 2908
2908 2866 2865
2866 2908 2905
2903 2866 2905
2866 2903 2868
2840 2936 2835
2936 2840 2883
2937 2835 2936
2835 2937 2834
2834 2937 2938
2831 2834 2938
2939 2938 2937
2936 2939 2937
2938 2939 2940
2938 2940 2828
2831 2938 2828
2939 2936 2941
2883 2941 2936
2841 2883 2840
2883 2841 2848
2941 2883 2882
2942 2899 2943
2899 2942 2898
2944 2898 2942
2898 2944 2895
2899 2945 2943
2945 2899 2901
2946 2942 2943
2942 2946 2947
2947 2944 2942
2947 2946 2948
2948 2946 2949
2943 2949 2946
2949 2943 2945
2950 2947 2948
2944 2947 2950
2869 2896 2874
2896 2879 2874
2879 2896 2894
2894 2881 2879
2886 2892 2951
2890 2886 2951
2952 2953 2954
2955 2954 2953
2954 2955 2956
2956 2957 2954
2957 2956 2958
2959 2958 2956
2958 2959 2960
2961 2956 2955
2956 2961 2959
2952 2954 2962
2962 2954 2963
2963 2954 2957
2964 2959 2961
2959 2964 2965
2965 2960 2959
2960 2965 2966
2967 2968 2969
2968 2967 2970
2969 2971 2967
2971 2969 2972
2972 2973 2971
2973 2972 2974
2974 2975 2973
2975 2974 2976
2976 2977 2975
2977 2976 2978
2977 2978 2979
2980 2969 2968
2969 2980 2981
2981 2972 2969
2972 2981 2982
2982 2974 2972
2974 2983 2976
2983 2978 2976
2983 2974 2984
2974 2982 2984
2978 2983 2985
2979 2978 2985
2968 2986 2980
2986 2968 2987
2968 2988 2987
2988 2968 2970
2989 2990 2991
2990 2989 2992
2991 2993 2989
2993 2991 2994
2993 2994 2995
2996 2991 2990
2991 2996 2997
2997 2994 2991
2994 2997 2998
2995 2994 2999
2999 2994 2998
2992 3000 2990
3000 2992 3001
3002 2990 3000
2990 3002 2996
3003 3004 3005
3006 3004 3003
3004 3006 3007
3008 3007 3006
3009 3004 3007
3004 3009 3010
3005 3004 3010
3007 3011 3009
3008 3011 3007
3012 3011 3008
3012 3013 3011
3013 3014 3011
3014 3013 3015
3015 3016 3014
3016 3015 3017
3016 3018 3014
3018 3011 3014
3009 3011 3018
3018 3016 3019
3020 3016 3017
3016 3020 3021
3022 3016 3021
3016 3022 3019
3023 3024 3025
3024 3023 3026
3026 3027 3024
3024 3027 3028
3029 3027 3026
3027 3029 3030
3026 3023 3031
