byte offset: 0
first index: 0
index count: 11565
topology: trianglelist
format: DXGI_FORMAT_R16_UINT

0 1 2
1 0 3
4 2 1
2 4 5
4 6 5
6 4 7
7 8 6
8 7 9
9 10 8
10 9 11
12 10 11
10 12 13
2 14 0
14 2 15
5 15 2
16 10 13
10 16 17
18 10 17
10 18 8
8 19 6
19 8 20
8 18 20
21 6 19
6 21 5
15 5 21
15 22 14
22 15 23
21 23 15
24 17 16
17 24 25
25 18 17
18 26 20
26 19 20
26 18 27
18 25 27
19 26 28
29 19 28
19 29 21
23 21 29
30 22 23
22 30 31
24 32 25
32 24 33
34 25 32
25 34 27
34 26 27
35 28 26
26 34 35
28 35 36
36 29 28
29 36 37
23 37 30
37 23 29
38 31 30
31 38 39
33 40 32
40 33 41
42 32 40
32 42 34
42 35 34
43 36 35
35 42 43
36 43 44
44 37 36
37 44 45
30 45 38
45 30 37
46 39 38
39 46 47
48 47 46
47 48 49
48 50 49
50 48 51
52 51 48
51 53 50
48 54 52
54 48 46
52 55 51
55 56 51
51 56 53
56 57 53
56 58 57
58 59 57
59 58 60
60 61 59
61 60 62
63 62 60
62 63 64
65 64 63
64 65 66
67 66 65
68 67 65
67 68 69
70 67 69
71 70 69
72 70 71
71 73 72
74 72 73
73 75 74
75 73 76
76 77 75
77 76 78
79 78 76
78 79 80
81 80 79
80 81 82
83 76 73
76 83 79
73 71 83
84 79 83
79 84 81
72 74 85
86 83 71
83 86 84
85 87 72
87 85 88
88 89 87
89 88 90
91 87 89
87 91 70
70 72 87
67 70 91
90 92 89
92 90 93
94 89 92
89 94 91
95 91 94
91 95 67
66 67 95
96 92 93
92 96 97
97 94 92
94 97 98
99 94 98
94 99 95
100 95 99
95 100 66
101 66 100
66 101 64
102 64 101
64 102 62
103 62 102
62 103 61
104 97 96
97 104 105
105 98 97
98 105 106
106 99 98
99 106 107
108 99 107
99 108 100
109 100 108
100 109 101
110 101 109
101 110 102
111 102 110
102 111 103
104 112 105
112 106 105
112 104 113
106 112 114
114 107 106
107 114 115
115 108 107
108 115 116
116 109 108
109 116 117
118 109 117
109 118 110
119 110 118
110 119 111
113 120 112
120 114 112
120 113 121
114 120 122
122 115 114
115 122 123
123 116 115
116 123 124
124 117 116
117 124 125
125 118 117
118 125 126
127 118 126
118 127 119
121 128 120
128 122 120
128 121 129
122 128 130
130 123 122
123 130 131
131 124 123
124 131 132
132 125 124
125 132 133
125 133 126
133 127 126
127 133 134
129 135 128
135 130 128
135 129 136
130 135 137
137 131 130
131 137 138
138 132 131
132 138 139
139 133 132
133 139 140
133 140 141
141 134 133
134 141 142
136 143 135
144 135 143
135 144 137
145 137 144
137 145 138
146 138 145
138 146 139
146 140 139
140 146 147
140 147 141
147 142 141
142 147 148
143 149 144
149 143 150
151 144 149
144 151 145
152 145 151
145 152 146
153 146 152
146 153 147
153 148 147
148 153 154
150 155 149
149 155 151
151 155 152
152 155 153
153 155 154
156 157 158
157 156 159
160 159 156
159 160 161
158 162 156
162 158 163
164 162 163
162 164 165
166 165 164
165 166 167
168 165 167
165 168 169
169 162 165
170 167 166
167 170 171
172 167 171
167 172 168
173 169 168
169 173 174
174 175 169
162 169 175
175 174 176
177 168 172
168 177 173
178 176 174
176 178 179
179 160 176
176 160 175
160 179 180
181 180 179
180 181 182
182 183 180
183 182 184
185 179 178
179 185 181
178 186 185
186 178 187
187 174 173
174 187 178
187 188 186
188 187 189
175 160 156
189 173 177
173 189 187
180 161 160
161 180 183
189 190 188
190 189 191
191 192 190
192 191 193
193 194 192
194 193 195
196 195 193
195 196 197
198 195 197
195 198 199
200 195 199
195 200 194
201 199 198
199 201 202
202 200 199
200 202 203
204 197 196
196 205 204
206 204 205
204 206 207
208 207 206
207 208 209
207 210 204
197 204 210
210 207 211
209 211 207
211 212 210
212 211 213
214 213 211
211 209 214
213 214 215
215 216 213
216 215 217
218 213 216
213 218 212
219 212 218
212 219 220
210 212 220
221 217 215
214 221 215
217 221 222
223 219 218
219 223 224
222 225 217
225 222 226
227 217 225
217 227 216
218 227 223
227 218 216
219 198 220
198 219 201
224 201 219
201 224 228
201 228 229
197 220 198
220 197 210
224 230 228
230 224 231
223 231 224
232 225 226
225 232 233
234 225 233
225 234 227
234 223 227
223 234 235
231 223 235
236 232 226
232 236 237
236 238 237
238 236 239
240 233 232
233 240 241
241 234 233
234 241 242
243 234 242
234 243 235
244 235 243
235 244 231
232 245 240
245 232 237
237 246 245
246 237 238
247 241 240
241 247 248
249 241 248
241 249 242
250 242 249
242 250 243
240 251 247
251 240 245
245 252 251
252 245 246
253 243 250
243 253 244
254 244 253
244 254 255
255 231 244
231 255 230
256 230 255
230 256 257
258 257 256
257 258 259
259 229 257
229 259 260
261 260 259
258 261 259
260 261 262
203 260 262
260 203 202
202 229 260
261 258 263
264 255 254
255 264 256
265 256 264
256 265 258
265 263 258
263 265 266
265 264 267
228 257 229
257 228 230
201 229 202
265 268 266
268 265 269
267 269 265
267 270 269
270 267 271
272 271 267
273 272 267
267 264 273
272 273 274
275 274 273
274 275 276
277 276 275
276 277 278
279 278 277
278 279 280
281 280 279
280 281 282
281 283 282
283 281 284
284 285 283
285 284 286
286 287 285
287 286 288
288 289 287
289 288 290
291 283 285
283 291 292
292 282 283
282 292 293
294 282 293
282 294 280
285 295 291
295 285 287
287 296 295
296 287 289
289 297 296
297 289 298
248 286 284
286 248 247
247 288 286
288 247 251
251 290 288
251 252 290
299 296 297
296 299 300
300 295 296
301 300 299
300 301 302
302 303 300
295 300 303
303 302 304
304 305 303
305 304 306
306 307 305
307 306 308
309 307 308
307 309 310
311 310 309
310 311 312
313 312 311
312 313 314
315 314 313
314 315 316
317 316 315
316 317 318
319 318 317
318 319 320
315 321 317
322 317 321
317 322 319
323 309 308
308 324 323
309 323 325
313 326 315
311 326 313
315 326 321
326 311 327
327 309 325
309 327 311
318 328 316
328 318 329
329 276 328
276 329 274
330 274 329
274 330 272
278 328 276
328 278 331
280 331 278
331 280 294
318 330 329
330 318 320
331 316 328
316 331 314
294 314 331
314 294 312
293 312 294
312 293 310
292 310 293
310 292 307
292 305 307
305 292 291
291 303 305
303 291 295
332 333 334
333 332 335
334 336 332
336 334 337
337 338 336
338 337 339
340 334 333
334 340 341
341 337 334
337 341 342
342 339 337
339 342 343
344 341 340
341 344 345
345 342 341
342 345 346
346 343 342
343 346 347
344 348 345
348 346 345
348 344 349
346 348 350
350 347 346
347 350 351
349 352 348
352 349 353
354 348 352
348 354 350
355 350 354
350 355 351
353 78 352
78 353 77
80 352 78
352 80 354
82 354 80
354 82 355
356 357 358
357 356 359
358 360 356
360 358 361
362 360 361
360 362 363
364 363 362
363 364 365
366 358 357
358 366 367
367 361 358
361 367 368
368 362 361
362 368 369
369 364 362
370 367 366
367 370 371
371 368 367
368 371 372
372 369 368
369 372 373
370 374 371
374 370 375
376 371 374
371 376 372
377 372 376
372 377 373
375 378 374
378 375 379
380 374 378
374 380 376
381 376 380
376 381 377
382 377 381
377 382 383
383 373 377
382 384 383
385 383 384
383 385 386
373 383 386
385 387 386
387 385 388
364 387 388
384 382 389
369 386 387
364 369 387
386 369 373
379 390 378
390 379 391
391 392 390
392 391 393
394 390 392
390 394 395
396 395 394
395 396 397
398 397 396
397 398 399
393 400 392
400 393 401
402 392 400
392 402 394
402 396 394
396 402 403
404 396 403
396 404 398
401 405 400
405 401 406
407 400 405
400 407 402
407 403 402
403 407 408
409 403 408
403 409 404
406 410 405
410 406 411
412 405 410
405 412 407
408 413 409
413 408 414
414 407 412
407 414 408
409 415 404
416 404 415
404 416 398
416 399 398
399 416 417
415 409 418
419 409 413
409 419 418
420 410 411
410 420 421
412 422 414
422 412 423
423 410 421
410 423 412
413 424 419
424 413 425
425 414 422
414 425 413
426 421 420
421 426 427
427 423 421
428 422 423
423 427 428
422 428 429
425 430 424
430 425 431
431 422 429
422 431 425
432 427 426
427 432 433
433 428 427
434 429 428
428 433 434
429 434 435
435 431 429
431 436 430
436 431 437
431 435 437
438 433 432
433 438 439
434 440 435
440 434 441
441 433 439
433 441 434
437 442 436
442 437 443
443 435 440
435 443 437
444 439 438
439 444 445
441 446 440
446 441 447
447 439 445
439 447 441
443 448 442
448 443 449
449 440 446
440 449 443
444 450 445
447 450 446
449 450 448
446 450 449
445 450 447
451 452 453
452 451 454
455 454 451
454 455 456
453 457 451
457 453 458
459 451 457
451 459 455
458 460 457
457 460 459
460 458 461
461 58 460
456 455 462
463 462 455
455 459 463
462 463 464
52 464 463
464 52 54
55 463 459
463 55 52
56 459 460
459 56 55
460 58 56
461 465 58
465 60 58
465 63 60
466 63 465
63 466 65
65 466 68
44 462 464
462 44 43
464 45 44
45 464 54
54 38 45
38 54 46
456 43 42
42 454 456
454 42 40
41 454 40
454 41 452
43 456 462
205 196 467
193 467 196
467 193 191
467 172 205
172 206 205
206 172 171
171 208 206
208 171 170
172 467 177
191 177 467
177 191 189
175 156 162
273 254 275
254 273 264
253 275 254
275 253 277
250 277 253
277 250 279
249 279 250
279 249 281
249 284 281
284 249 248
468 301 469
301 468 302
468 304 302
304 468 470
470 306 304
306 470 324
324 308 306
469 471 468
471 470 468
471 469 472
473 324 470
470 471 473
324 473 474
474 323 324
323 474 475
475 325 323
325 475 476
476 327 325
327 476 477
478 327 477
327 478 326
479 326 478
326 479 321
480 321 479
321 480 322
479 481 480
481 479 482
474 483 475
483 476 475
483 474 484
476 483 485
485 477 476
477 485 486
486 478 477
479 487 482
487 479 478
478 486 487
482 488 481
488 482 489
487 489 482
484 490 483
490 485 483
490 484 491
485 490 492
492 486 485
486 492 493
493 487 486
489 487 494
487 493 494
495 491 484
484 473 495
473 484 474
473 496 495
496 473 471
472 496 471
496 472 497
497 498 496
498 495 496
498 497 499
491 495 500
495 498 500
499 501 498
501 500 498
501 499 502
492 503 493
503 494 493
503 492 504
500 501 505
506 500 505
500 506 491
506 490 491
490 506 507
504 490 507
490 504 492
508 501 502
501 508 509
510 507 506
507 510 511
512 507 511
507 512 504
513 504 512
504 513 503
506 514 510
514 506 505
514 501 509
501 514 505
515 503 513
503 515 516
494 503 516
516 489 494
489 516 517
515 517 516
517 488 489
488 517 518
519 518 517
517 515 519
518 519 520
521 520 519
520 521 522
512 523 513
519 524 521
524 519 515
524 513 523
513 524 515
525 522 521
522 525 526
521 527 525
527 521 524
523 527 524
527 523 528
529 528 523
523 512 529
511 529 512
529 511 530
511 531 530
531 511 510
510 532 531
532 510 514
509 532 514
532 509 533
509 534 533
534 509 508
535 533 534
533 535 536
537 530 531
530 537 538
539 530 538
530 539 529
528 529 539
531 540 537
540 531 532
540 533 536
533 540 532
541 536 535
536 541 542
541 543 542
542 543 544
544 536 542
536 544 540
544 543 545
545 540 544
540 545 537
545 543 546
546 537 545
537 546 538
546 539 538
546 543 547
539 546 547
547 528 539
547 543 548
528 547 548
548 543 549
549 543 550
550 543 551
526 550 551
550 526 525
525 549 550
549 525 527
548 527 528
527 548 549
552 553 554
553 552 555
555 556 553
556 555 557
553 558 554
558 553 559
553 560 559
560 553 556
559 561 558
561 559 562
559 563 562
563 559 560
562 564 561
564 562 565
563 565 562
565 563 566
565 567 564
567 565 568
566 568 565
568 566 569
568 570 567
570 568 571
568 572 571
572 568 569
571 573 570
573 571 574
571 575 574
575 571 572
574 576 573
576 574 577
574 578 577
578 574 575
579 576 577
576 579 580
577 581 579
581 577 578
579 582 580
581 582 579
290 583 289
290 584 583
584 290 585
252 585 290
586 289 583
289 586 587
583 588 586
588 583 584
589 587 586
587 589 590
586 591 589
591 586 588
592 590 589
590 592 593
589 594 592
594 589 591
595 593 592
593 595 596
592 597 595
597 592 594
598 596 595
596 598 599
595 600 598
600 595 597
601 599 598
599 601 602
598 603 601
603 598 600
601 604 602
603 604 601
605 269 270
269 605 268
606 605 270
605 606 607
271 606 270
606 271 608
272 608 271
608 272 609
610 609 272
609 610 611
611 612 609
612 611 613
606 614 607
614 606 615
608 615 606
616 609 612
609 616 608
615 608 616
617 612 613
612 617 618
615 619 614
619 615 620
616 620 615
621 612 618
612 621 616
620 616 621
622 618 617
618 622 623
620 624 619
624 620 625
621 625 620
626 618 623
618 626 621
625 621 626
627 623 622
623 627 628
625 629 624
629 625 630
626 630 625
631 623 628
623 631 626
630 626 631
632 628 627
628 632 633
630 634 629
634 630 635
631 635 630
636 628 633
628 636 631
635 631 636
632 637 633
635 637 634
633 637 636
636 637 635
638 639 640
639 638 641
642 638 640
638 642 643
641 644 639
644 641 645
639 646 640
646 642 640
646 639 647
642 646 648
639 649 647
649 639 644
647 650 646
650 647 651
649 651 647
652 646 650
646 652 648
651 649 653
654 650 651
650 654 655
655 652 650
652 655 656
651 657 654
657 651 653
658 655 654
655 658 659
659 656 655
656 659 660
654 661 658
661 654 657
658 662 659
659 662 660
661 662 658
71 69 86
395 378 390
378 395 380
397 380 395
380 397 381
399 381 397
381 399 382
399 389 382
389 399 417
663 664 665
665 666 663
663 666 667
663 667 668
668 669 663
668 670 669
671 670 668
667 671 668
670 671 672
672 673 670
673 672 674
674 675 673
675 674 676
670 677 669
670 673 677
671 667 678
679 667 666
667 679 678
673 680 677
673 675 680
675 681 680
681 675 682
683 675 676
682 675 683
683 684 682
684 683 685
686 684 685
684 686 687
666 688 679
688 666 665
665 664 688
663 689 664
690 689 663
690 691 689
691 690 692
692 693 691
693 692 694
694 695 693
695 694 696
690 697 692
698 692 697
692 698 699
700 699 698
699 700 701
697 690 702
690 703 702
703 690 663
704 695 696
695 704 705
706 705 704
705 706 707
708 707 706
707 708 709
708 710 709
711 708 706
706 712 711
712 706 713
713 714 712
714 713 715
708 711 716
717 708 716
708 717 710
710 718 709
710 719 718
719 710 720
710 721 720
710 722 721
722 710 723
722 723 724
724 725 722
725 721 722
725 724 726
727 726 724
726 727 728
729 728 727
728 729 730
724 723 731
724 731 727
721 725 732
733 721 732
721 733 720
727 731 734
727 734 729
729 734 735
735 736 729
737 730 729
736 737 729
738 737 736
737 738 739
738 740 739
740 738 741
742 720 733
720 742 719
719 742 718
743 744 745
746 745 744
745 746 747
748 747 746
747 748 749
750 749 748
749 750 751
752 751 750
751 752 753
745 754 743
745 755 754
756 755 745
756 745 757
757 758 756
759 758 757
760 758 759
760 759 761
762 760 761
762 761 763
764 762 763
762 764 765
766 765 764
765 766 767
766 768 767
768 766 769
770 771 772
771 770 773
773 774 771
774 773 775
775 776 774
776 775 777
777 778 776
778 777 779
779 780 778
780 779 781
772 782 770
782 772 783
784 782 783
782 784 785
786 785 784
785 786 787
786 788 787
788 786 789
790 788 789
788 790 791
790 792 791
792 790 793
794 792 793
792 794 795
796 795 794
795 796 797
798 797 796
797 798 799
800 799 798
799 800 801
800 802 801
802 800 803
804 802 803
802 804 805
806 805 804
805 806 807
806 808 807
808 806 809
809 810 808
810 809 811
811 812 810
812 811 813
813 814 812
814 813 815
816 817 818
817 819 818
819 817 820
820 821 819
821 820 822
822 823 821
823 822 824
824 825 823
825 824 826
817 816 827
817 827 828
829 817 828
829 830 817
830 829 831
832 830 831
833 832 831
833 834 832
835 834 833
835 836 834
835 837 836
837 835 838
838 839 837
839 838 840
841 839 840
839 841 842
843 844 845
844 843 846
847 846 843
846 847 848
849 848 847
848 849 850
851 850 849
850 851 852
780 852 851
852 780 781
853 845 844
845 853 854
853 855 854
855 853 856
856 857 855
857 856 858
859 857 858
857 859 860
859 861 860
861 859 862
863 861 862
861 863 864
863 865 864
865 863 866
866 867 865
867 866 868
868 869 867
869 868 870
870 871 869
871 870 872
873 871 872
871 873 874
873 875 874
875 873 876
876 877 875
877 876 878
879 877 878
877 879 880
881 880 879
880 881 882
883 882 881
882 883 884
885 884 883
884 885 886
887 888 889
888 887 890
888 891 889
891 888 892
893 889 891
889 893 894
895 890 887
887 896 895
896 887 897
889 897 887
897 889 894
890 895 898
892 899 891
899 892 900
901 891 899
891 901 893
900 902 899
902 900 903
899 902 904
899 904 901
905 902 903
902 905 906
906 904 902
904 906 907
908 906 905
906 908 909
909 907 906
910 909 908
909 910 911
911 912 909
907 909 912
912 911 913
914 911 910
911 914 915
915 913 911
916 915 914
915 916 917
917 918 915
913 915 918
918 917 919
920 917 916
917 920 921
921 919 917
919 921 922
923 921 920
921 923 924
924 922 921
925 924 923
924 925 926
913 927 912
927 913 928
918 928 913
928 929 927
929 928 930
931 930 928
919 931 918
928 918 931
930 931 932
933 932 931
931 919 933
922 933 919
932 933 934
935 927 929
927 935 936
937 936 935
936 937 938
938 937 901
938 907 936
907 938 904
901 904 938
936 912 927
912 936 907
934 933 939
933 922 939
922 940 939
922 924 940
926 940 924
940 926 941
942 941 926
926 943 942
943 944 942
944 943 945
943 926 925
944 946 942
941 942 946
946 944 947
940 941 948
940 948 939
939 948 949
950 946 947
951 946 950
941 951 948
951 941 946
952 948 951
948 952 949
951 953 952
951 950 953
950 954 953
950 955 954
950 947 955
955 956 954
949 934 939
957 898 895
898 957 958
895 959 957
957 960 958
960 957 961
959 961 957
961 959 962
961 963 960
963 961 964
962 964 961
964 965 963
965 964 966
967 966 964
964 962 967
966 967 968
966 969 965
969 966 970
968 970 966
970 971 969
971 970 972
973 972 970
970 968 973
972 973 974
972 975 971
975 972 976
974 976 972
976 974 977
976 978 975
978 976 979
977 979 976
979 980 978
980 979 981
982 968 967
968 982 983
983 973 968
984 983 982
983 984 985
985 986 983
986 974 973
973 983 986
986 985 987
987 988 986
974 986 988
988 977 974
988 987 989
982 990 984
990 982 991
991 992 990
992 991 993
993 896 992
962 993 991
993 962 959
896 993 959
991 967 962
967 991 982
895 896 959
994 988 989
977 988 994
994 989 995
996 994 995
994 996 997
994 997 977
979 977 997
997 981 979
981 997 998
996 998 997
996 999 998
999 1000 998
1001 998 1000
998 1001 981
1000 1002 1001
1002 1003 1001
1003 981 1001
1003 1002 1004
1002 1000 1005
981 1003 980
996 995 1006
996 1006 999
1006 1007 999
1008 999 1007
999 1008 1000
1008 1005 1000
1008 1009 1005
1009 1008 1010
1010 1008 1007
1011 1009 1010
1012 1013 1014
1012 1014 1015
1014 1016 1015
1016 1014 1017
1017 1018 1016
1018 1017 1019
1020 1018 1019
1018 1020 1021
1022 1021 1020
1021 1022 1023
1024 1023 1022
1023 1024 1025
1014 1026 1017
1026 1014 1027
1014 1013 1027
1028 1027 1013
1027 1028 1029
1029 1030 1027
1027 1030 1026
1030 1029 1031
1032 1031 1029
1028 1032 1029
1028 1033 1032
1031 1032 1034
1035 1030 1031
1034 1035 1031
1030 1035 1036
1035 1037 1036
1037 1035 1038
1039 1038 1035
1035 1034 1039
1038 1039 1040
1038 1041 1037
1041 1038 1042
1040 1042 1038
1042 1043 1041
1043 1042 1044
1045 1044 1042
1042 1040 1045
1044 1045 1046
1044 1047 1043
1047 1044 1048
1046 1048 1044
1048 1046 1049
1050 1048 1049
1048 1050 1051
1052 1040 1039
1040 1052 1053
1053 1045 1040
1045 1053 1054
1039 1055 1052
1056 1041 1043
1041 1056 1057
1056 1058 1057
1058 1056 1059
1060 1059 1056
1059 1060 1061
1062 1061 1060
1061 1062 1063
1064 1063 1062
1063 1064 1065
1058 1066 1057
1037 1057 1066
1066 1036 1037
1036 1066 1067
1020 1067 1066
1058 1020 1066
1067 1020 1019
1017 1067 1019
1067 1017 1026
1067 1030 1036
1030 1067 1026
1061 1024 1059
1022 1059 1024
1020 1058 1022
1059 1022 1058
1065 1068 1063
1069 1063 1068
1070 1024 1069
1024 1070 1025
1071 1069 1068
1069 1071 1070
1068 1072 1071
1072 1068 1073
1024 1061 1069
1063 1069 1061
1068 1065 1073
1074 1072 1073
1072 1074 1075
1076 1073 1065
1073 1076 1074
1065 1064 1076
1077 1078 1079
1078 1077 1080
1081 1077 1079
1077 1081 1082
1081 1083 1082
1083 1081 1084
1084 1085 1083
1085 1084 1086
1086 1087 1085
1087 1086 1088
896 1078 1080
1012 1078 896
897 1012 896
897 1013 1012
1013 897 1028
1028 897 894
1028 894 1033
1033 894 1089
1033 1089 1090
1033 1090 1091
1032 1033 1091
1091 1034 1032
1034 1091 1055
1055 1039 1034
1091 1090 1092
1091 1092 1055
1093 1055 1092
1092 1094 1093
1095 1093 1094
1093 1095 1096
1053 1093 1096
1093 1053 1052
1055 1093 1052
1096 1054 1053
1054 1096 1097
1054 1097 1098
1099 1096 1095
1096 1099 1097
1100 1097 1099
1097 1100 1101
1098 1097 1101
1102 1101 1100
1101 1102 1103
1094 1092 1104
1092 1105 1104
1106 1103 1102
1103 1106 1107
1101 1103 1108
1109 1101 1108
1109 1098 1101
1110 1109 1108
1109 1110 1111
1112 1111 1110
1111 1112 1113
1114 1103 1107
1103 1114 1108
1115 1114 1107
1106 1115 1107
1114 1115 1116
1111 1117 1109
1098 1109 1117
1117 1111 1118
1113 1118 1111
1118 1113 1119
1115 1106 1120
1120 1121 1115
1116 1115 1121
1121 1120 1122
1120 1123 1122
1123 1120 1124
1120 1125 1124
1126 1124 1125
1124 1126 1127
1124 1127 1123
1128 1126 1125
1126 1128 1129
1128 1130 1129
1130 1128 1131
1128 1100 1131
1099 1131 1100
1131 1099 1132
1133 1131 1132
1131 1133 1134
1134 1135 1131
1135 1130 1131
1135 1134 1136
1136 1137 1135
1137 1136 1138
1132 1139 1133
1139 1132 1140
1140 1141 1139
1141 1140 1142
1142 1143 1141
1143 1142 1144
1145 1136 1134
1133 1145 1134
1136 1145 1146
1146 1138 1136
1138 1146 1147
1143 1148 1141
1148 1143 1149
1150 1141 1148
1141 1150 1139
1143 1151 1149
1105 1143 1144
1105 1152 1143
1143 1152 1151
1147 1153 1138
1154 1138 1153
1153 1155 1154
1155 1153 1156
1157 1156 1153
1153 1147 1157
1156 1157 1158
1138 1154 1137
1159 1137 1154
1155 1159 1154
1137 1159 1160
1157 1161 1158
1160 1135 1137
1135 1160 1162
1130 1135 1162
1157 1163 1161
1163 1157 1147
1146 1163 1147
1163 1146 1164
1145 1164 1146
1164 1145 1165
1166 1165 1145
1145 1133 1166
1139 1166 1133
1166 1139 1150
1150 1167 1166
1165 1166 1167
1168 1167 1150
1168 1169 1167
1169 1168 1170
1170 1171 1169
1171 1170 1172
1173 1172 1170
1172 1173 1174
1175 1168 1150
1168 1175 1176
1170 1176 1173
1176 1170 1168
1150 1177 1175
1177 1150 1148
1148 1178 1177
1178 1148 1149
1149 1179 1178
1179 1149 1151
1180 1179 1151
1181 1179 1180
1152 1180 1151
1089 1180 1152
1089 1152 1105
1090 1089 1105
1092 1090 1105
1180 893 1181
1089 893 1180
1181 893 901
1182 1181 901
1181 1182 1183
1184 1183 1182
1183 1184 1185
1186 1185 1184
1185 1186 1187
1188 1187 1186
1187 1188 1189
1190 1189 1188
1189 1190 1191
1192 1191 1190
1191 1192 1193
1194 1193 1192
1193 1194 1195
1196 1195 1194
1195 1196 1197
1196 1198 1197
1198 1196 1199
1196 1200 1199
1200 1201 1199
1200 1196 1202
1203 1202 1196
1202 1203 1204
1203 1205 1204
1206 1199 1201
1199 1206 1198
1057 1037 1041
1207 1043 1047
1043 1207 1056
1047 1208 1207
1208 1047 1209
1048 1209 1047
1209 1048 1051
1210 1208 1209
1208 1210 1211
1209 1212 1210
1212 1209 1051
1051 1213 1212
1214 1212 1213
1212 1214 1215
1215 1210 1212
1213 1051 1050
1050 1216 1213
1216 1050 1217
1049 1217 1050
1217 1049 1218
1046 1218 1049
1218 1046 1219
1213 1220 1214
1220 1213 1216
1045 1219 1046
1054 1219 1045
1098 1219 1054
1117 1219 1098
1219 1117 1221
1118 1221 1117
1221 1118 1222
1118 1223 1222
1223 1118 1119
1119 1224 1223
1224 1119 1225
1113 1225 1119
1225 1113 1226
1113 1112 1226
1140 1094 1142
1094 1140 1095
1132 1095 1140
1095 1132 1099
1104 1142 1094
1142 1104 1144
1104 1105 1144
1100 1128 1102
1125 1102 1128
1102 1125 1106
1125 1120 1106
1089 894 893
1227 1228 1229
1228 1227 1230
1229 1228 1231
1232 1229 1231
1229 1232 1233
1229 1234 1227
1234 1229 1233
1235 1236 1234
1236 1235 1237
1237 1088 1236
1088 1237 1087
1235 1232 1238
1237 1235 1238
1239 1237 1238
1240 1241 1242
1241 1240 1243
1171 1243 1240
1243 1171 1172
1174 1243 1172
1243 1174 1244
1244 1241 1243
1241 1244 1245
1245 1246 1241
1241 1246 1242
1246 1245 1247
1210 1215 1248
1210 1248 1211
1249 1250 1251
1250 1249 1252
1253 1250 1252
1250 1253 1254
1251 1255 1249
1255 1251 1256
1257 1254 1253
1254 1257 1258
1259 1258 1257
1258 1259 1260
1259 1261 1260
1261 1259 1262
1262 1263 1261
1263 1262 1264
1256 1265 1255
1265 1256 1266
1252 1267 1253
1267 1252 1268
1269 1267 1268
1270 1269 1268
1269 1270 1271
1267 1269 1272
1273 1271 1270
1271 1273 1274
1272 1275 1267
1275 1272 1276
1276 1277 1275
1277 1276 1278
1279 1277 1278
1277 1279 1280
1279 1281 1280
1281 1279 1282
1273 1283 1274
1283 1273 1284
1277 1257 1275
1257 1277 1259
1280 1259 1277
1264 1280 1281
1280 1264 1262
1259 1280 1262
1253 1275 1257
1275 1253 1267
1255 1284 1273
1273 1249 1255
1249 1273 1270
1270 1252 1249
1252 1270 1268
1284 1255 1265
1285 1286 1287
1286 1288 1287
1288 1289 1287
1289 1290 1287
1290 1291 1287
1291 1292 1287
1292 1293 1287
1293 1285 1287
1294 1295 1296
1295 1294 1297
1295 1298 1296
1298 1295 1299
1300 1297 1294
1297 1300 1301
1299 1302 1298
1302 1299 1303
1303 1304 1302
1304 1303 1305
1306 1304 1305
1304 1306 1307
1308 1307 1306
1307 1308 1309
1310 1301 1300
1301 1310 1311
1312 1296 1298
1296 1312 1313
1312 1314 1313
1314 1315 1313
1315 1296 1313
1315 1314 1316
1314 1312 1317
1316 1318 1315
1318 1316 1319
1320 1317 1312
1317 1320 1321
1322 1321 1320
1321 1322 1323
1322 1324 1323
1324 1322 1325
1326 1324 1325
1324 1326 1327
1328 1318 1319
1318 1328 1329
1302 1322 1320
1322 1302 1304
1304 1325 1322
1325 1309 1326
1309 1325 1307
1325 1304 1307
1320 1298 1302
1298 1320 1312
1329 1300 1318
1294 1318 1300
1318 1294 1315
1296 1315 1294
1300 1329 1310
1330 1331 1332
1332 1331 1333
1333 1331 1334
1334 1331 1335
1335 1331 1336
1336 1331 1337
1337 1331 1338
1338 1331 1330
1339 1340 1341
1339 1342 1340
1339 1343 1342
1339 1344 1343
1339 1345 1344
1339 1346 1345
1347 1341 1340
1341 1347 1348
1349 1340 1342
1340 1349 1347
1350 1342 1343
1342 1350 1349
1351 1343 1344
1343 1351 1350
1352 1344 1345
1344 1352 1351
1353 1345 1346
1345 1353 1352
1354 1353 1346
1339 1354 1346
1339 1355 1354
1353 1354 1356
1355 1356 1354
1357 1348 1347
1348 1357 1358
1359 1347 1349
1347 1359 1357
1360 1349 1350
1349 1360 1359
1361 1350 1351
1350 1361 1360
1362 1351 1352
1351 1362 1361
1353 1362 1352
1362 1353 1363
1356 1363 1353
1363 1356 1364
1357 1359 1365
1366 1357 1365
1366 1358 1357
1359 1360 1367
1365 1359 1367
1368 1360 1361
1360 1368 1369
1367 1360 1369
1370 1361 1362
1361 1370 1368
1371 1362 1363
1362 1371 1370
1364 1372 1363
1363 1372 1371
1372 1364 1373
1369 1368 1374
1371 1375 1370
1376 1370 1375
1370 1376 1368
1368 1376 1374
1375 1371 1377
1372 1377 1371
1377 1372 1378
1373 1378 1372
1375 1377 1379
1378 1380 1377
1379 1377 1380
1380 1378 1381
1382 1379 1380
1379 1382 1383
1384 1380 1381
1380 1384 1382
1384 1385 1382
1386 1382 1385
1382 1386 1383
1387 1385 1384
1385 1387 1388
1387 1389 1388
1387 1390 1389
1390 1387 1391
1387 1392 1391
1392 1393 1391
1393 1392 1394
1392 1395 1394
1395 1392 1396
1396 1397 1395
1397 1396 1398
1398 1399 1397
1399 1398 1400
1400 1401 1399
1401 1400 1402
1402 1403 1401
1403 1402 1355
1339 1403 1355
1339 1404 1403
1404 1401 1403
1339 1405 1404
1339 1406 1405
1339 1407 1406
1401 1404 1408
1405 1408 1404
1408 1399 1401
1408 1405 1409
1406 1409 1405
1409 1406 1410
1407 1410 1406
1410 1407 1411
1399 1408 1412
1409 1412 1408
1412 1409 1413
1410 1413 1409
1413 1410 1414
1411 1414 1410
1414 1411 1415
1413 1416 1412
1397 1412 1416
1412 1397 1399
1416 1413 1417
1414 1417 1413
1417 1414 1418
1415 1418 1414
1418 1415 1419
1416 1395 1397
1395 1416 1420
1417 1420 1416
1420 1417 1421
1417 1418 1422
1417 1422 1421
1418 1419 1423
1420 1394 1395
1394 1420 1424
1421 1424 1420
1424 1421 1425
1422 1426 1421
1426 1422 1427
1424 1425 1428
1418 1423 1429
1422 1418 1429
1429 1427 1422
1423 1430 1429
1430 1423 1431
1431 1432 1430
1432 1431 1433
1433 1434 1432
1434 1433 1435
1436 1431 1423
1431 1436 1437
1437 1433 1431
1433 1437 1438
1427 1429 1439
1440 1427 1439
1427 1440 1441
1441 1426 1427
1440 1442 1441
1443 1441 1442
1441 1443 1444
1442 1440 1445
1442 1446 1443
1446 1442 1447
1445 1447 1442
1435 1448 1434
1448 1435 1449
1447 1445 1450
1426 1441 1444
1436 1451 1437
1437 1452 1438
1451 1453 1452
1453 1451 1454
1455 1454 1451
1454 1455 1456
1457 1452 1453
1452 1457 1458
1451 1436 1455
1452 1437 1451
1459 1456 1455
1459 1455 1419
1455 1436 1419
1423 1419 1436
1415 1459 1419
1459 1415 1460
1411 1460 1415
1460 1411 1461
1407 1461 1411
1461 1407 1462
1339 1462 1407
1339 1463 1462
1339 1464 1463
1339 1465 1464
1339 1466 1465
1339 1467 1466
1468 1465 1466
1465 1468 1469
1469 1464 1465
1464 1469 1470
1470 1463 1464
1463 1470 1471
1462 1471 1461
1471 1462 1463
1472 1469 1468
1469 1472 1473
1473 1470 1469
1470 1473 1474
1474 1471 1470
1471 1474 1475
1475 1461 1471
1461 1475 1460
1476 1473 1472
1473 1476 1477
1477 1474 1473
1474 1477 1478
1478 1475 1474
1475 1478 1479
1479 1460 1475
1460 1479 1459
1480 1477 1476
1477 1480 1481
1481 1478 1477
1478 1481 1482
1482 1479 1478
1479 1482 1483
1479 1484 1459
1479 1483 1484
1485 1481 1480
1481 1485 1486
1486 1482 1481
1482 1486 1487
1487 1483 1482
1483 1487 1488
1489 1484 1483
1484 1489 1490
1485 1491 1486
1491 1485 1492
1487 1493 1488
1484 1456 1459
1490 1456 1484
1456 1490 1494
1490 1495 1494
1495 1490 1496
1489 1496 1490
1497 1495 1496
1496 1498 1497
1498 1496 1499
1496 1489 1499
1495 1497 1500
1501 1497 1498
1497 1501 1502
1502 1500 1497
1500 1502 1503
1492 1504 1491
1504 1505 1491
1505 1504 1506
1505 1506 1507
1507 1508 1505
1508 1507 1509
1509 1510 1508
1510 1509 1511
1511 1512 1510
1512 1511 1513
1514 1510 1512
1510 1514 1493
1493 1508 1510
1508 1493 1515
1515 1505 1508
1487 1515 1493
1493 1514 1488
1515 1487 1516
1505 1515 1516
1516 1491 1505
1487 1486 1516
1486 1491 1516
1517 1518 1519
1517 1519 1520
1519 1518 1521
1518 1522 1521
1518 1523 1522
1522 1523 1524
1523 1525 1524
1523 1526 1525
1525 1526 1527
1526 1528 1527
1526 1529 1528
1528 1529 1530
1529 1531 1530
1529 1375 1531
1379 1530 1531
1531 1375 1379
1530 1379 1383
1517 1520 1532
1517 1532 1533
1532 1534 1533
1533 1534 1535
1533 1535 1536
1535 1537 1536
1536 1537 1538
1536 1538 1539
1538 1540 1539
1539 1540 1541
1539 1541 1542
1541 1543 1542
1542 1543 1544
1542 1544 1545
1543 1546 1544
1544 1546 1545
1545 1546 1547
1548 1545 1547
1545 1548 1549
1548 1550 1549
1551 1549 1550
1550 1552 1551
1553 1551 1552
1552 1554 1553
1555 1553 1554
1339 1555 1554
1339 1556 1555
1339 1341 1556
1339 1554 1557
1554 1552 1557
1339 1557 1558
1339 1558 1559
1341 1560 1556
1560 1341 1348
1561 1556 1560
1556 1561 1555
1553 1555 1561
1562 1557 1552
1557 1562 1558
1552 1550 1562
1563 1558 1562
1558 1563 1559
1563 1467 1559
1339 1559 1467
1467 1563 1564
1348 1565 1560
1565 1348 1358
1566 1560 1565
1560 1566 1561
1567 1561 1566
1561 1567 1553
1551 1553 1567
1550 1563 1562
1563 1550 1568
1568 1564 1563
1564 1568 1569
1565 1570 1566
1571 1570 1565
1358 1571 1565
1566 1572 1567
1570 1572 1566
1567 1573 1551
1573 1567 1574
1572 1574 1567
1549 1551 1573
1550 1548 1568
1575 1569 1568
1568 1548 1575
1569 1575 1576
1574 1577 1573
1547 1575 1548
1575 1547 1578
1578 1576 1575
1579 1578 1547
1578 1579 1580
1579 1581 1580
1581 1579 1582
1546 1582 1579
1546 1579 1547
1582 1546 1583
1581 1582 1584
1585 1584 1582
1582 1583 1585
1584 1586 1581
1586 1584 1587
1586 1587 1588
1586 1588 1589
1589 1492 1586
1485 1586 1492
1586 1485 1590
1590 1581 1586
1581 1590 1580
1480 1590 1485
1590 1480 1591
1591 1580 1590
1480 1576 1591
1576 1480 1476
1472 1576 1476
1576 1472 1569
1468 1569 1472
1569 1468 1564
1466 1564 1468
1564 1466 1467
1576 1578 1591
1580 1591 1578
1592 1593 1594
1593 1592 1393
1595 1593 1393
1391 1393 1592
1593 1596 1594
1597 1596 1593
1596 1597 1598
1599 1598 1597
1598 1599 1600
1601 1600 1599
1600 1601 1602
1599 1603 1601
1603 1599 1428
1597 1428 1599
1428 1597 1604
1604 1593 1595
1593 1604 1597
1424 1428 1604
1604 1595 1424
1428 1425 1603
1424 1595 1394
1394 1595 1393
1605 1606 1607
1608 1605 1607
1605 1608 1609
1610 1609 1608
1609 1610 1611
1612 1611 1610
1611 1612 1613
1614 1615 1616
1615 1614 1617
1616 1438 1614
1438 1616 1433
1433 1616 1618
1615 1618 1616
1618 1615 1619
1614 1620 1617
1620 1614 1621
1438 1621 1614
1621 1438 1452
1452 1622 1621
1622 1620 1621
1620 1622 1623
1624 1625 1626
1625 1624 1627
1628 1626 1625
1626 1628 1629
1630 1629 1628
1629 1630 1631
1632 1631 1630
1392 1387 1633
1633 1396 1392
1396 1633 1634
1373 1396 1634
1396 1373 1398
1373 1400 1398
1400 1373 1364
1364 1402 1400
1402 1364 1356
1356 1355 1402
1384 1633 1387
1633 1384 1381
1381 1634 1633
1634 1381 1378
1378 1373 1634
1358 1366 1635
1571 1358 1635
1636 1545 1549
1549 1573 1636
1573 1577 1636
1637 1638 1639
1637 1640 1638
1640 1637 1641
1641 1642 1640
1642 1641 1643
1643 1644 1642
1644 1643 1645
1458 1646 1647
1646 1458 1457
1648 1649 1650
1649 1648 1651
1650 1652 1648
1652 1650 1653
1653 1654 1652
1654 1653 1655
1656 1654 1655
1546 1543 1583
1657 1658 1659
1658 1657 1660
1661 1660 1657
1660 1661 1662
1658 1663 1659
1663 1658 1664
1664 1665 1663
1665 1664 1666
1661 1667 1662
1667 1661 1668
1668 1669 1667
1669 1668 1670
1671 1669 1670
1669 1671 1672
1659 1673 1657
1673 1661 1657
1673 1659 1674
1661 1673 1675
1675 1668 1661
1668 1676 1670
1676 1668 1677
1668 1675 1677
1678 1670 1676
1670 1678 1671
1679 1672 1671
1678 1679 1671
1672 1679 1680
1679 1678 1681
1682 1673 1674
1673 1682 1683
1684 1673 1683
1673 1684 1675
1677 1685 1676
1685 1678 1676
1685 1677 1686
1686 1675 1684
1675 1686 1677
1678 1685 1687
1674 1688 1682
1688 1674 1689
1674 1663 1689
1663 1690 1689
1690 1688 1689
1690 1663 1691
1688 1690 1692
1693 1678 1687
1678 1693 1681
1663 1674 1659
1694 1695 1696
1695 1694 1697
1694 1698 1697
1698 1694 1699
1700 1696 1695
1696 1700 1701
1700 1702 1701
1702 1700 1703
1699 1704 1698
1704 1699 1705
1706 1704 1705
1704 1706 1707
1708 1707 1706
1707 1708 1709
1708 1710 1709
1710 1708 1711
1712 1713 1714
1713 1712 1715
1716 1713 1715
1713 1716 1717
1718 1712 1714
1712 1718 1719
1720 1719 1718
1719 1720 1721
1717 1722 1713
1722 1723 1713
1723 1722 1724
1722 1717 1725
1724 1726 1723
1726 1724 1727
1728 1726 1727
1726 1728 1729
1730 1725 1717
1717 1731 1730
1732 1730 1731
1730 1732 1733
1732 1734 1733
1734 1732 1735
1736 1730 1733
1730 1736 1737
1725 1730 1737
1722 1738 1724
1739 1737 1736
1737 1739 1740
1740 1725 1737
1741 1728 1727
1728 1741 1742
1743 1739 1736
1744 1743 1736
1743 1744 1745
1746 1743 1745
1745 1747 1746
1747 1745 1748
1743 1746 1749
1739 1743 1750
1741 1724 1738
1724 1741 1727
1751 1743 1749
1743 1751 1752
1725 1740 1753
1753 1722 1725
1722 1753 1754
1738 1722 1754
1731 1717 1755
1756 1757 1758
1757 1756 1759
1760 1757 1759
1757 1760 1761
1758 1762 1756
1762 1758 1763
1764 1762 1763
1762 1764 1765
1766 1761 1760
1761 1766 1767
1766 1768 1767
1768 1766 1769
1769 1770 1768
1770 1769 1771
1772 1770 1771
1770 1772 1773
1774 1775 1776
1775 1774 1777
1774 1778 1777
1777 1778 1779
1778 1780 1779
1780 1778 1781
1781 1782 1780
1782 1781 1783
1784 1782 1783
1778 1774 1785
1786 1776 1775
1776 1786 1787
1788 1789 1790
1789 1788 1791
1792 1793 1794
1793 1792 1795
1796 1797 1798
1797 1796 1799
1800 1801 1802
1801 1800 1803
1804 1805 1806
1805 1804 1807
1808 1809 1810
1809 1808 1811
1812 1813 1814
1813 1812 1815
1814 1816 1817
1816 1814 1818
1819 1820 1821
1820 1819 1822
1823 1824 1825
1824 1823 1826
1827 1828 1829
1828 1827 1830
1831 1832 1833
1834 1832 1835
1836 1837 1838
1837 1836 1839
1840 1841 1842
1843 1844 1845
1846 1847 1848
1847 1846 1849
1850 1846 1848
1848 1851 1850
1852 1850 1851
1850 1852 1853
1854 1853 1852
1853 1854 1855
1856 1855 1854
1846 1850 1857
1849 1858 1847
1858 1849 1859
1860 1861 1862
1861 1860 1863
1864 1865 1866
1865 1864 1867
1868 1869 1870
1869 1868 1871
1872 1873 1874
1873 1872 1875
1876 1877 1878
1877 1876 1879
1880 1881 1882
1881 1880 1883
1884 1885 1886
1885 1884 1887
1887 1888 1889
1888 1887 1890
1891 1892 1893
1892 1891 1894
1895 1896 1897
1896 1895 1898
1899 1900 1901
1900 1899 1902
1903 1904 1905
1906 1907 1905
1908 1909 1910
1909 1908 1911
1912 1913 1914
1915 1916 1917
1918 1919 1920
1919 1918 1921
1920 1919 1922
1923 1921 1918
1921 1923 1924
1924 1923 1925
1926 1927 1928
1927 1926 1929
1928 1930 1926
1930 1928 1931
1931 1932 1930
1932 1931 1933
1933 1934 1932
1934 1933 1935
1935 1936 1934
1936 1935 1937
1937 1938 1936
1938 1937 1939
1940 1927 1929
1941 1940 1929
1940 1941 1942
1942 1941 1943
1944 1938 1939
1938 1944 1945
1946 1945 1944
1945 1946 1947
1948 1947 1946
1947 1948 1949
1950 1949 1948
1949 1950 1951
1952 1951 1950
1951 1952 1953
1954 1953 1952
1953 1954 1955
1956 1955 1954
1956 1957 1955
1957 1956 1958
1958 1959 1957
1960 1961 1962
1961 1960 1963
1961 1964 1962
1963 1960 1965
1966 1967 1968
1967 1969 1968
1969 1967 1970
1970 1971 1969
1971 1970 1972
1971 1972 1973
1974 1966 1968
1966 1974 1975
1974 1976 1975
1976 1974 1977
1977 1978 1976
1978 1977 1979
1979 1980 1978
1980 1979 1981
1981 1982 1980
1982 1981 1983
1983 1984 1982
1984 1983 1985
1986 1984 1985
1984 1986 1987
1988 1987 1986
1987 1988 1989
1990 1989 1988
1989 1990 1991
1992 1991 1990
1991 1992 1993
1994 1993 1992
1993 1994 1995
1994 1996 1995
1996 1994 1997
1996 1997 1998
1999 1998 1997
1998 1999 2000
2001 2000 1999
2000 2001 2002
2001 2003 2002
2004 2005 2006
2005 2004 2007
2006 2008 2004
2007 2009 2005
2009 2007 2010
2010 2011 2009
2012 2013 2014
2013 2012 2015
2016 2014 2013
2014 2016 2017
2018 2017 2016
2017 2018 2019
2020 2019 2018
2019 2020 2021
2022 2021 2020
2021 2022 2023
2024 2023 2022
2023 2024 2025
2026 2015 2012
2026 2027 2015
2027 2026 2028
2028 2029 2027
2024 2030 2025
2030 2024 2031
2031 2032 2030
2032 2031 2033
2033 2034 2032
2034 2033 2035
2035 2036 2034
2036 2035 2037
2037 2038 2036
2038 2037 2039
2039 2040 2038
2040 2039 2041
2042 2040 2041
2043 2042 2041
2042 2043 2044
2044 2043 2045
2046 2047 2048
2047 2046 2049
2047 2049 2050
2048 2051 2046
2052 2053 2054
2055 2054 2053
2054 2055 2056
2057 2056 2055
2056 2057 2058
2057 2059 2058
2052 2060 2053
2060 2052 2061
2062 2060 2061
2060 2062 2063
2064 2063 2062
2063 2064 2065
2066 2065 2064
2065 2066 2067
2068 2067 2066
2067 2068 2069
2070 2069 2068
2069 2070 2071
2070 2072 2071
2072 2070 2073
2073 2074 2072
2074 2073 2075
2075 2076 2074
2076 2075 2077
2077 2078 2076
2078 2077 2079
2079 2080 2078
2080 2079 2081
2082 2080 2081
2080 2082 2083
2082 2084 2083
2084 2085 2083
2085 2084 2086
2086 2087 2085
2087 2086 2088
2087 2088 2089
2090 2091 2092
2091 2090 2093
2092 2094 2090
2093 2095 2091
2095 2093 2096
2096 2097 2095
2098 2099 2100
2099 2098 2101
2099 2101 2102
2100 2103 2098
2104 2105 2106
2105 2104 2107
2106 2105 2108
2109 2107 2104
2107 2109 2110
2110 2109 2111
2112 2113 2114
2113 2112 2115
2113 2116 2114
2115 2112 2117
2118 2119 2120
2119 2118 2121
2120 2122 2118
2122 2120 2123
2124 2121 2118
2121 2124 2125
2118 2126 2124
2126 2118 2122
2127 2125 2124
2125 2127 2128
2124 2129 2127
2129 2124 2126
2130 2128 2127
2129 2130 2127
2128 2130 2131
2132 2120 2119
2120 2132 2133
2133 2123 2120
2132 2134 2133
2134 2132 2135
2135 2136 2134
2136 2135 2137
2136 2138 2134
2138 2136 2139
2140 2139 2136
2137 2140 2136
2139 2140 2141
2134 2142 2133
2142 2134 2138
2123 2133 2142
2130 2129 2143
2140 2137 2144
2145 2144 2137
2144 2145 2146
2137 2147 2145
2147 2137 2135
2139 2148 2138
2148 2139 2149
2141 2149 2139
2135 2150 2147
2151 2138 2148
2138 2151 2142
2152 2142 2151
2142 2152 2123
2152 2122 2123
2122 2152 2153
2153 2126 2122
2126 2153 2154
2154 2129 2126
2129 2154 2155
2155 2143 2129
2143 2155 2156
2150 2135 2132
2132 2157 2150
2157 2132 2119
2119 2158 2157
2158 2119 2121
2121 2159 2158
2159 2121 2125
2125 2160 2159
2160 2125 2128
2131 2160 2128
2160 2131 2161
2149 2141 2162
2163 2164 2165
2164 2163 2166
2164 2167 2165
2167 2164 2168
2169 2166 2163
2166 2169 2170
2169 2171 2170
2171 2169 2172
2173 2163 2165
2163 2173 2174
2163 2175 2169
2175 2163 2174
2175 2172 2169
2172 2175 2176
2177 2165 2167
2165 2177 2173
2178 2174 2173
2174 2178 2179
2179 2178 2180
2180 2181 2179
2174 2181 2175
2181 2174 2179
2180 2182 2181
2175 2182 2176
2182 2175 2181
2183 2180 2178
2183 2173 2177
2173 2183 2178
2184 2185 2186
2185 2184 2187
2188 2184 2186
2184 2188 2189
2185 2190 2186
2190 2188 2186
2190 2185 2191
2188 2190 2192
2190 2193 2192
2193 2190 2194
2195 2193 2194
2196 2195 2194
2196 2190 2191
2190 2196 2194
2195 2196 2197
2193 2195 2198
2199 2188 2192
2188 2199 2189
2193 2199 2192
2199 2193 2198
2185 2200 2191
2200 2185 2187
2200 2196 2191
2196 2200 2197
2201 2202 2203
2202 2201 2204
2202 2205 2203
2205 2202 2206
2207 2205 2206
2205 2207 2208
2207 2209 2208
2209 2207 2210
2211 2209 2210
2209 2211 2212
2211 2213 2212
2213 2211 2214
2215 2205 2208
2205 2215 2203
2215 2201 2203
2213 2215 2212
2209 2215 2208
2215 2209 2212
2201 2215 2216
2215 2213 2216
2217 2201 2216
2201 2217 2204
2213 2217 2216
2217 2213 2214
2218 2219 2220
2219 2218 2221
2220 2222 2218
2222 2220 2223
2224 2221 2218
2221 2224 2225
2218 2226 2224
2226 2218 2222
2227 2225 2224
2226 2227 2224
2225 2227 2228
2229 2220 2219
2220 2229 2230
2229 2231 2230
2231 2229 2232
2232 2233 2231
2233 2232 2234
2233 2235 2231
2235 2233 2236
2237 2236 2233
2234 2237 2233
2236 2237 2238
2231 2239 2230
2239 2231 2235
2239 2220 2230
2220 2239 2223
2227 2226 2240
2237 2234 2241
2242 2241 2234
2241 2242 2243
2234 2244 2242
2244 2234 2232
2236 2245 2235
2245 2236 2246
2238 2246 2236
2247 2235 2245
2235 2247 2239
2247 2223 2239
2223 2247 2248
2248 2222 2223
2222 2248 2249
2249 2226 2222
2226 2249 2250
2250 2240 2226
2240 2250 2251
2252 2240 2251
2240 2252 2253
2253 2227 2240
2227 2253 2254
2255 2254 2253
2254 2255 2256
2255 2257 2256
2258 2256 2257
2257 2259 2258
2259 2257 2260
2261 2260 2257
2257 2255 2261
2260 2261 2262
2256 2258 2263
2263 2254 2256
2254 2263 2264
2264 2227 2254
2227 2264 2228
2260 2265 2259
2265 2260 2266
2262 2266 2260
2267 2265 2266
2265 2267 2268
2269 2267 2266
2266 2262 2269
2267 2269 2270
2270 2237 2267
2237 2268 2267
2237 2270 2238
2268 2237 2241
2261 2271 2262
2271 2269 2262
2271 2261 2272
2255 2272 2261
2272 2255 2273
2253 2273 2255
2273 2253 2252
2241 2274 2268
2274 2241 2243
2275 2268 2274
2268 2275 2265
2276 2270 2269
2269 2271 2276
2277 2265 2275
2265 2277 2259
2278 2259 2277
2259 2278 2258
2279 2258 2278
2258 2279 2263
2279 2264 2263
2264 2279 2280
2280 2228 2264
2228 2280 2281
2282 2228 2281
2228 2282 2225
2283 2225 2282
2225 2283 2221
2283 2219 2221
2219 2283 2284
2284 2229 2219
2229 2284 2285
2285 2232 2229
2232 2285 2244
2246 2238 2286
2238 2287 2286
2287 2238 2270
2270 2276 2287
2288 2289 2290
2289 2288 2291
2291 2288 2292
2292 2293 2291
2293 2292 2294
2295 2292 2288
2292 2295 2296
2297 2296 2295
2296 2297 2298
2291 2299 2289
2299 2291 2300
2290 2301 2288
2301 2290 2302
2292 2303 2294
2303 2292 2304
2305 2297 2295
2306 2305 2301
2305 2306 2307
2307 2308 2305
2297 2305 2308
2308 2307 2309
2298 2310 2296
2310 2298 2311
2292 2310 2304
2310 2292 2296
2305 2288 2301
2288 2305 2295
2309 2312 2308
2312 2309 2313
2314 2312 2313
2312 2314 2315
2316 2315 2314
2315 2316 2317
2318 2315 2317
2315 2318 2319
2319 2312 2315
2320 2319 2318
2319 2320 2321
2321 2322 2319
2312 2319 2322
2322 2321 2323
2324 2320 2318
2320 2324 2325
2326 2321 2320
2321 2326 2327
2328 2321 2327
2321 2328 2323
2298 2322 2323
2322 2298 2297
2308 2322 2297
2322 2308 2312
2323 2311 2298
2311 2323 2328
2329 2330 2331
2330 2329 2332
2330 2332 2333
2334 2332 2329
2332 2334 2335
2336 2333 2332
2333 2336 2337
2336 2338 2337
2338 2336 2339
2339 2340 2338
2340 2339 2341
2342 2343 2344
2343 2342 2345
2345 2346 2343
2346 2345 2347
2348 2345 2342
2345 2348 2293
2293 2347 2345
2349 2346 2347
2346 2349 2350
2346 2351 2343
2343 2351 2344
2344 2351 2352
2352 2351 2346
2347 2293 2294
2347 2303 2349
2303 2347 2294
2353 2293 2348
2293 2353 2291
2291 2353 2300
2354 2355 2356
2356 2355 2357
2358 2357 2355
2357 2358 2359
2358 2360 2359
2359 2360 2361
2362 2359 2361
2359 2362 2363
2361 2360 2364
2365 2361 2364
2361 2365 2366
2356 2357 2367
2363 2362 2368
2368 2362 2369
2363 2368 2370
2366 2365 2371
2366 2371 2372
2360 2373 2364
2373 2360 2374
2374 2375 2373
2375 2376 2373
2374 2377 2375
2365 2378 2371
2379 2380 2381
2380 2382 2381
2382 2358 2381
2358 2382 2360
2380 2383 2382
2384 2385 2386
2387 2384 2386
2387 2386 2388
2389 2390 2391
2390 2389 2392
2391 2393 2389
2393 2391 2394
2395 2393 2394
2393 2395 2396
2395 2397 2396
2397 2395 2398
2399 2397 2398
2397 2399 2400
2399 2401 2400
2401 2399 2402
2403 2401 2402
2401 2403 2404
2403 2405 2404
2405 2403 2406
2406 2407 2405
2408 2392 2407
2407 2406 2408
2392 2408 2390
2409 2410 2411
2409 2412 2410
2410 2412 2413
2414 2415 2416
2417 2415 2414
2418 2417 2414
2419 2420 2421
2419 2421 2422
2423 2419 2422
2424 2425 2426
2425 2427 2426
2428 2427 2425
2429 2430 2431
2432 2433 2434
2433 2435 2434
2435 2433 2436
2437 2438 2439
2438 2437 2440
2440 2437 2441
2442 2443 2444
2443 2442 2445
2446 2447 2448
2447 2446 2449
2449 2450 2447
2451 2452 2453
2452 2451 2454
2454 2451 2455
2456 2457 2458
2459 2460 2461
2462 2463 2464
2465 2466 2467
2468 2469 2470
2471 2472 2473
2474 2472 2471
2472 2474 2475
2476 2477 2478
2479 2480 2481
2480 2479 2482
2483 2484 2485
2484 2483 2486
2486 2487 2484
2488 2489 2490
2489 2488 2491
2491 2488 2492
2493 2494 2495
2494 2493 2496
2496 2497 2494
2498 2499 2500
2501 2502 2503
2504 2505 2506
2507 2508 2509
2510 2511 2512
2513 2514 2515
2516 2517 2518
2519 2520 2521
2522 2523 2524
2525 2526 2527
2528 2529 2530
2530 2529 2531
2531 2529 2532
2532 2529 2533
2533 2529 2534
2534 2529 2535
2535 2529 2536
2536 2529 2537
2537 2529 2538
2538 2529 2528
2539 2540 2541
2540 2539 2542
2541 2543 2539
2541 2544 2543
2544 2541 2545
2543 2546 2539
2546 2543 2547
2547 2548 2546
2548 2547 2549
2550 2541 2540
2541 2550 2551
2552 2542 2539
2542 2552 2553
2544 2554 2543
2554 2544 2555
2548 2556 2546
2556 2557 2552
2557 2556 2558
2559 2558 2556
2556 2548 2559
2558 2559 2560
2561 2549 2547
2549 2561 2562
2561 2543 2554
2543 2561 2547
2539 2556 2552
2556 2539 2546
2563 2560 2559
2560 2563 2564
2563 2565 2564
2565 2563 2566
2566 2567 2565
2567 2566 2568
2566 2569 2568
2569 2566 2570
2563 2570 2566
2570 2571 2569
2571 2570 2572
2573 2572 2570
2570 2563 2573
2572 2573 2574
2571 2575 2569
2575 2571 2576
2572 2577 2571
2577 2572 2578
2579 2572 2574
2572 2579 2578
2573 2549 2574
2549 2573 2548
2573 2559 2548
2559 2573 2563
2574 2562 2579
2562 2574 2549
2580 2581 2582
2581 2580 2583
2581 2584 2582
2582 2585 2580
2585 2582 2586
2587 2582 2584
2582 2587 2588
2589 2588 2587
2588 2589 2590
2591 2592 2545
2592 2591 2593
2594 2545 2592
2545 2594 2544
2545 2595 2591
2595 2545 2541
2541 2551 2595
2594 2555 2544
2555 2594 2596
2594 2592 2597
2592 2593 2597
2593 2598 2597
2598 2594 2597
2599 2600 2601
2602 2600 2599
2603 2600 2602
2604 2600 2603
2605 2600 2604
2606 2600 2605
2607 2600 2606
2608 2600 2607
2609 2600 2608
2610 2600 2609
2611 2600 2610
2612 2600 2611
2613 2600 2612
2614 2600 2613
2615 2600 2614
2616 2600 2615
2617 2600 2616
2618 2600 2617
2619 2600 2618
2601 2600 2619
2620 2621 2622
2621 2620 2623
2624 2621 2623
2621 2624 2625
2622 2626 2620
2626 2622 2627
2628 2626 2627
2626 2628 2629
2620 2630 2623
2630 2620 2631
2631 2632 2630
2632 2631 2633
2631 2634 2633
2634 2631 2635
2635 2620 2626
2620 2635 2631
2629 2635 2626
2635 2636 2634
2636 2635 2637
2635 2629 2637
2638 2630 2632
2630 2638 2639
2639 2623 2630
2623 2639 2624
2633 2640 2632
2640 2633 2634
2640 2634 2636
2632 2640 2638
2641 2642 2643
2642 2641 2644
2645 2642 2644
2642 2645 2646
2643 2647 2641
2647 2643 2648
2649 2647 2648
2647 2649 2650
2641 2651 2644
2651 2641 2652
2652 2653 2651
2653 2652 2654
2652 2655 2654
2655 2652 2656
2656 2641 2647
2641 2656 2652
2650 2656 2647
2656 2657 2655
2657 2656 2658
2656 2650 2658
2659 2651 2653
2651 2659 2660
2660 2644 2651
2644 2660 2645
2654 2661 2653
2661 2654 2655
2661 2655 2657
2653 2661 2659
2662 2663 2664
2663 2662 2665
2666 2664 2663
2664 2666 2667
2665 2668 2663
2668 2665 2669
2670 2663 2668
2663 2670 2666
2669 2671 2668
2671 2669 2672
2673 2668 2671
2668 2673 2670
2672 2674 2671
2674 2673 2671
2674 2672 2675
2664 2676 2662
2676 2664 2677
2667 2677 2664
2678 2676 2677
2676 2678 2679
2680 2679 2678
2679 2680 2681
2682 2680 2678
2680 2682 2683
2683 2684 2680
2684 2681 2680
2684 2683 2685
2686 2678 2677
2678 2686 2682
2677 2667 2686
2673 2674 2687
2681 2684 2688
2688 2689 2681
2689 2688 2690
2691 2681 2689
2681 2691 2679
2692 2683 2682
2683 2692 2693
2693 2685 2683
2694 2679 2691
2679 2694 2676
2695 2682 2686
2682 2695 2692
2696 2676 2694
2676 2696 2662
2697 2662 2696
2662 2697 2665
2698 2665 2697
2665 2698 2669
2699 2669 2698
2669 2699 2672
2699 2675 2672
2675 2699 2700
2686 2701 2695
2701 2686 2667
2666 2701 2667
2701 2666 2702
2670 2702 2666
2702 2670 2703
2673 2703 2670
2703 2673 2704
2687 2704 2673
2704 2687 2705
2685 2693 2706
2707 2708 2709
2708 2707 2710
2708 2711 2709
2711 2708 2712
2713 2710 2707
2710 2713 2714
2713 2715 2714
2715 2713 2716
2717 2707 2709
2707 2717 2718
2707 2719 2713
2719 2707 2718
2719 2716 2713
2716 2719 2720
2721 2709 2711
2709 2721 2717
2722 2718 2717
2718 2722 2723
2723 2722 2724
2724 2725 2723
2718 2725 2719
2725 2718 2723
2724 2726 2725
2719 2726 2720
2726 2719 2725
2727 2724 2722
2727 2717 2721
2717 2727 2722
2728 2729 2730
2729 2728 2731
2732 2730 2729
2730 2732 2733
2731 2734 2729
2734 2731 2735
2736 2729 2734
2729 2736 2732
2735 2737 2734
2737 2736 2734
2737 2735 2738
2730 2739 2728
2739 2730 2740
2741 2739 2740
2739 2741 2742
2743 2742 2741
2742 2743 2744
2745 2743 2741
2743 2745 2746
2746 2747 2743
2747 2744 2743
2747 2746 2748
2749 2741 2740
2741 2749 2745
2730 2749 2740
2749 2730 2733
2736 2737 2750
2744 2747 2751
2751 2752 2744
2752 2751 2753
2754 2744 2752
2744 2754 2742
2755 2746 2745
2746 2755 2756
2756 2748 2746
2757 2745 2749
2745 2757 2755
2733 2757 2749
2757 2733 2758
2732 2758 2733
2758 2732 2759
2736 2759 2732
2759 2736 2760
2750 2760 2736
2760 2750 2761
2750 2762 2761
2762 2750 2763
2737 2763 2750
2763 2737 2764
2764 2765 2763
2765 2764 2766
2767 2765 2766
2766 2768 2767
2769 2767 2768
2767 2769 2770
2770 2771 2767
2765 2767 2771
2771 2770 2772
2768 2766 2773
2764 2773 2766
2773 2764 2774
2737 2774 2764
2774 2737 2738
2775 2770 2769
2770 2775 2776
2776 2772 2770
2775 2777 2776
2777 2775 2778
2777 2779 2776
2772 2776 2779
2779 2777 2780
2747 2780 2777
2778 2747 2777
2780 2747 2748
2747 2778 2751
2781 2771 2772
2779 2781 2772
2771 2781 2782
2782 2765 2771
2765 2782 2783
2783 2763 2765
2763 2783 2762
2784 2751 2778
2751 2784 2753
2778 2785 2784
2785 2778 2775
2780 2786 2779
2781 2779 2786
2775 2787 2785
2787 2775 2769
2769 2788 2787
2788 2769 2768
2768 2789 2788
2789 2768 2773
2774 2789 2773
2789 2774 2790
2738 2790 2774
2790 2738 2791
2738 2792 2791
2792 2738 2735
2735 2793 2792
2793 2735 2731
2728 2793 2731
2793 2728 2794
2739 2794 2728
2794 2739 2795
2742 2795 2739
2795 2742 2754
2748 2756 2796
2797 2748 2796
2748 2797 2780
2786 2780 2797
2798 2799 2800
2799 2798 2801
2798 2802 2801
2802 2798 2803
2804 2799 2801
2802 2804 2801
2799 2804 2805
2804 2802 2806
2807 2804 2806
2804 2807 2808
2807 2809 2808
2809 2810 2808
2804 2810 2805
2810 2804 2808
2810 2809 2811
2809 2807 2812
2813 2802 2803
2802 2813 2806
2813 2807 2806
2807 2813 2812
2814 2799 2805
2799 2814 2800
2814 2810 2811
2810 2814 2805
2815 2816 2817
2816 2815 2818
2819 2815 2817
2815 2819 2820
2819 2821 2820
2821 2819 2822
2823 2821 2822
2821 2823 2824
2823 2825 2824
2825 2823 2826
2827 2825 2826
2825 2827 2828
2829 2819 2817
2819 2829 2822
2816 2829 2817
2829 2827 2826
2829 2823 2822
2823 2829 2826
2829 2816 2830
2827 2829 2830
2831 2816 2818
2816 2831 2830
2831 2827 2830
2827 2831 2828
2832 2833 2834
2832 2835 2833
2832 2836 2835
2832 2837 2836
2832 2838 2837
2832 2839 2838
2832 2840 2839
2832 2841 2840
2832 2842 2841
2832 2843 2842
2832 2844 2843
2832 2845 2844
2832 2846 2845
2832 2847 2846
2832 2848 2847
2849 2834 2833
2850 2833 2835
2833 2850 2849
2835 2851 2850
2851 2835 2836
2836 2852 2851
2852 2836 2837
2837 2853 2852
2853 2837 2838
2838 2854 2853
2854 2838 2839
2839 2855 2854
2855 2839 2840
2841 2855 2840
2855 2841 2856
2842 2856 2841
2856 2842 2857
2843 2857 2842
2857 2843 2858
2844 2858 2843
2858 2844 2859
2845 2859 2844
2859 2845 2860
2846 2860 2845
2860 2846 2861
2847 2861 2846
2861 2847 2862
2848 2862 2847
2862 2848 2863
2864 2863 2848
2832 2864 2848
2832 2865 2864
2832 2866 2865
2832 2867 2866
2832 2834 2867
2863 2864 2868
2865 2868 2864
2868 2865 2869
2866 2869 2865
2869 2866 2870
2867 2870 2866
2870 2867 2871
2872 2867 2834
2867 2872 2871
2834 2849 2872
2873 2874 2875
2876 2873 2875
2877 2876 2875
2878 2877 2875
2879 2878 2875
2880 2879 2875
2881 2880 2875
2882 2881 2875
2883 2882 2875
2884 2883 2875
2885 2884 2875
2886 2885 2875
2887 2886 2875
2888 2887 2875
2889 2888 2875
2890 2889 2875
2891 2890 2875
2892 2891 2875
2893 2892 2875
2874 2893 2875
2894 2895 2896
2895 2897 2896
2895 2898 2897
2895 2899 2898
2895 2900 2899
2895 2901 2900
2895 2902 2901
2895 2903 2902
2895 2904 2903
2895 2905 2904
2895 2906 2905
2895 2907 2906
2895 2908 2907
2895 2909 2908
2895 2910 2909
2895 2911 2910
2895 2912 2911
2895 2894 2912
2913 2914 2915
2915 2916 2913
2916 2917 2913
2917 2918 2913
2918 2919 2913
2919 2920 2913
2920 2921 2913
2921 2922 2913
2922 2923 2913
2923 2924 2913
2924 2925 2913
2925 2926 2913
2926 2927 2913
2927 2928 2913
2928 2929 2913
2929 2930 2913
2930 2931 2913
2931 2914 2913
2932 2933 2934
2932 2934 2935
2932 2935 2936
2932 2936 2937
2932 2937 2938
2932 2938 2939
2932 2939 2940
2932 2940 2941
2932 2941 2942
2932 2942 2943
2932 2943 2944
2932 2944 2945
2932 2945 2946
2932 2946 2947
2932 2947 2948
2933 2949 2934
2950 2934 2949
2934 2950 2935
2951 2935 2950
2935 2951 2936
2952 2936 2951
2936 2952 2937
2953 2937 2952
2937 2953 2938
2954 2938 2953
2938 2954 2939
2955 2939 2954
2939 2955 2940
2955 2941 2940
2941 2955 2956
2956 2942 2941
2942 2956 2957
2957 2943 2942
2943 2957 2958
2958 2944 2943
2944 2958 2959
2959 2945 2944
2945 2959 2960
2960 2946 2945
2946 2960 2961
2961 2947 2946
2947 2961 2962
2962 2948 2947
2948 2962 2963
2963 2964 2948
2932 2948 2964
2932 2964 2965
2932 2965 2966
2932 2966 2967
2932 2967 2933
2964 2963 2968
2968 2965 2964
2965 2968 2969
2969 2966 2965
2966 2969 2970
2970 2967 2966
2967 2970 2971
2972 2967 2971
2967 2972 2933
2949 2933 2972
