byte offset: 0
first index: 58209
index count: 3168
topology: trianglelist
format: DXGI_FORMAT_R16_UINT

14792 14793 14794
14793 14792 14795
14792 14796 14795
14796 14792 14797
14797 14798 14796
14798 14797 14799
14800 14794 14793
14794 14800 14801
14802 14801 14800
14801 14802 14803
14804 14803 14802
14803 14804 14805
14806 14792 14794
14792 14806 14807
14797 14808 14799
14808 14797 14809
14792 14809 14797
14809 14792 14807
14810 14803 14805
14803 14810 14811
14811 14801 14803
14801 14811 14812
14812 14794 14801
14794 14812 14806
14813 14799 14808
14799 14813 14814
14815 14814 14813
14814 14815 14816
14817 14818 14816
14818 14817 14819
14819 14799 14818
14799 14819 14798
14820 14821 14822
14821 14820 14823
14823 14824 14821
14824 14823 14825
14822 14826 14820
14826 14822 14827
14828 14826 14827
14826 14828 14829
14825 14830 14824
14830 14825 14831
14832 14823 14820
14823 14832 14833
14833 14825 14823
14834 14833 14832
14833 14834 14835
14836 14822 14821
14822 14836 14837
14837 14827 14822
14838 14837 14836
14837 14838 14839
14840 14839 14838
14839 14840 14841
14835 14842 14833
14842 14835 14843
14825 14833 14842
14842 14831 14825
14838 14844 14840
14844 14838 14845
14836 14845 14838
14845 14836 14846
14821 14846 14836
14846 14821 14824
14841 14847 14839
14847 14841 14848
14849 14847 14848
14847 14849 14850
14850 14851 14847
14851 14839 14847
14851 14850 14852
14852 14827 14851
14827 14852 14828
14827 14837 14851
14839 14851 14837
14845 14853 14844
14853 14845 14854
14846 14854 14845
14854 14846 14855
14824 14855 14846
14855 14824 14830
14856 14857 14858
14857 14856 14859
14859 14860 14857
14860 14859 14861
14861 14862 14860
14862 14861 14863
14864 14859 14856
14859 14864 14865
14865 14861 14859
14866 14865 14864
14865 14866 14867
14868 14858 14857
14858 14868 14869
14870 14869 14868
14869 14870 14871
14872 14871 14870
14871 14872 14873
14874 14863 14861
14867 14874 14865
14861 14865 14874
14863 14874 14875
14876 14875 14874
14874 14867 14876
14875 14876 14877
14870 14878 14872
14878 14870 14879
14868 14879 14870
14879 14880 14878
14880 14879 14881
14882 14881 14879
14879 14868 14882
14881 14882 14883
14860 14883 14882
14883 14860 14862
14882 14857 14860
14857 14882 14868
14884 14877 14876
14877 14884 14885
14886 14885 14884
14885 14886 14887
14888 14889 14886
14889 14888 14890
14876 14890 14888
14890 14876 14867
14889 14891 14892
14891 14889 14893
14893 14866 14891
14866 14893 14867
14894 14895 14896
14895 14894 14897
14896 14898 14894
14898 14896 14899
14899 14900 14898
14900 14899 14901
14897 14902 14895
14902 14897 14903
14903 14904 14902
14904 14903 14905
14905 14906 14904
14906 14905 14907
14901 14908 14900
14908 14901 14909
14909 14910 14908
14910 14909 14911
14912 14913 14914
14913 14912 14915
14915 14916 14913
14916 14915 14917
14914 14918 14912
14918 14914 14919
14920 14916 14917
14916 14920 14921
14922 14915 14912
14918 14922 14912
14915 14922 14923
14923 14917 14915
14924 14923 14922
14923 14924 14925
14926 14914 14913
14914 14926 14927
14927 14919 14914
14928 14927 14926
14927 14928 14929
14930 14929 14928
14929 14930 14931
14925 14932 14923
14917 14923 14932
14932 14925 14933
14928 14934 14930
14934 14928 14935
14926 14935 14928
14935 14926 14936
14913 14936 14926
14936 14913 14916
14931 14937 14929
14937 14931 14938
14929 14939 14927
14939 14929 14937
14919 14927 14939
14940 14932 14933
14932 14940 14941
14941 14917 14932
14917 14941 14920
14942 14934 14935
14934 14942 14943
14935 14944 14942
14944 14935 14936
14936 14921 14944
14921 14936 14916
14933 14945 14940
14945 14933 14946
14947 14945 14946
14948 14947 14946
14947 14948 14949
14948 14950 14949
14950 14948 14951
14952 14950 14951
14950 14952 14953
14945 14947 14954
14951 14955 14952
14955 14951 14924
14924 14956 14955
14956 14924 14922
14922 14918 14956
14951 14925 14924
14925 14951 14948
14946 14925 14948
14925 14946 14933
14957 14958 14959
14958 14957 14960
14961 14960 14957
14960 14961 14962
14963 14962 14961
14962 14963 14964
14965 14959 14958
14959 14965 14966
14967 14966 14965
14966 14967 14968
14969 14968 14967
14968 14969 14970
14963 14971 14964
14971 14963 14972
14972 14973 14971
14973 14972 14974
14975 14976 14977
14976 14975 14978
14979 14978 14975
14978 14979 14980
14981 14980 14979
14980 14981 14982
14983 14977 14976
14977 14983 14984
14985 14984 14983
14984 14985 14986
14987 14986 14985
14986 14987 14988
14989 14982 14981
14982 14989 14990
14991 14990 14989
14990 14991 14992
14993 14994 14995
14994 14993 14996
14997 14996 14993
14996 14997 14998
14999 14998 14997
14998 14999 15000
15001 14995 14994
14995 15001 15002
15003 15002 15001
15002 15003 15004
15005 15004 15003
15004 15005 15006
15007 15000 14999
15000 15007 15008
15009 15008 15007
15008 15009 15010
15011 15012 15013
15012 15011 15014
15015 15011 15013
15011 15015 15016
15017 15016 15015
15016 15017 15018
15019 15018 15017
15018 15019 15020
15011 15021 15014
15021 15011 15022
15016 15022 15011
15022 15023 15021
15023 15022 15024
15025 15013 15012
15013 15025 15026
15027 15026 15025
15026 15027 15028
15029 15028 15027
15028 15029 15030
15018 15031 15016
15031 15024 15022
15022 15016 15031
15031 15018 15032
15020 15032 15018
15032 15033 15031
15024 15031 15033
15033 15032 15034
15035 15034 15032
15032 15020 15035
15034 15035 15036
15037 15028 15030
15028 15037 15038
15038 15026 15028
15039 15038 15037
15038 15039 15040
15040 15041 15038
15026 15038 15041
15041 15040 15042
15042 15015 15041
15015 15042 15017
15043 15040 15039
15040 15043 15044
15044 15042 15040
15042 15044 15045
15045 15017 15042
15017 15045 15019
15013 15041 15015
15041 15013 15026
15046 15036 15047
15047 15048 15046
15048 15047 15049
15050 15051 15048
15051 15050 15052
15052 15034 15051
15036 15046 15034
15034 15052 15033
15050 15053 15054
15053 15050 15055
15054 15024 15033
15024 15054 15053
15055 15056 15057
15056 15055 15058
15057 15023 15024
15023 15057 15056
15059 15060 15061
15060 15059 15062
15062 15063 15060
15063 15062 15064
15065 15059 15061
15059 15065 15066
15059 15067 15062
15067 15064 15062
15067 15059 15068
15066 15068 15059
15068 15069 15067
15069 15068 15070
15060 15071 15061
15071 15060 15072
15072 15073 15071
15073 15072 15074
15074 15075 15073
15075 15074 15076
15069 15077 15067
15064 15067 15077
15077 15069 15078
15079 15076 15074
15072 15079 15074
15076 15079 15080
15079 15072 15081
15060 15081 15072
15081 15060 15063
15082 15070 15068
15070 15082 15083
15068 15066 15082
15084 15073 15075
15073 15084 15085
15085 15071 15073
15071 15085 15086
15086 15061 15071
15061 15086 15065
15087 15083 15088
15088 15089 15087
15089 15090 15087
15090 15089 15091
15092 15090 15091
15090 15092 15093
15089 15088 15094
15090 15070 15087
15083 15087 15070
15070 15090 15069
15093 15069 15090
15069 15093 15078
15095 15096 15097
15096 15095 15098
15099 15098 15095
15098 15099 15100
15101 15097 15096
15097 15101 15102
15097 15103 15095
15103 15097 15104
15102 15104 15097
15104 15105 15103
15105 15104 15106
15098 15107 15096
15107 15098 15108
15100 15108 15098
15108 15109 15107
15109 15108 15110
15110 15111 15109
15111 15110 15112
15113 15103 15105
15103 15113 15114
15114 15095 15103
15095 15114 15099
15115 15112 15110
15112 15115 15116
15110 15117 15115
15117 15110 15108
15108 15100 15117
15118 15109 15111
15109 15118 15119
15119 15107 15109
15107 15119 15120
15120 15096 15107
15096 15120 15101
15105 15121 15113
15121 15105 15122
15122 15123 15121
15123 15122 15124
15125 15124 15122
15124 15125 15126
15127 15126 15125
15126 15127 15128
15125 15129 15127
15129 15125 15106
15122 15106 15125
15106 15122 15105
15106 15130 15129
15130 15106 15104
15104 15102 15130
15131 15132 15133
15132 15131 15134
15133 15135 15131
15135 15133 15136
15136 15137 15135
15137 15136 15138
15134 15139 15132
15139 15134 15140
15140 15141 15139
15141 15140 15142
15142 15143 15141
15143 15142 15144
15138 15145 15137
15145 15138 15146
15146 15147 15145
15147 15146 15148
15149 15150 15151
15150 15149 15152
15151 15153 15149
15153 15151 15154
15154 15155 15153
15155 15154 15156
15152 15157 15150
15157 15152 15158
15158 15159 15157
15159 15158 15160
15160 15161 15159
15161 15160 15162
15156 15163 15155
15163 15156 15164
15164 15165 15163
15165 15164 15166
15167 15168 15169
15168 15167 15170
15169 15171 15167
15171 15169 15172
15172 15173 15171
15173 15172 15174
15170 15175 15168
15175 15170 15176
15176 15177 15175
15177 15176 15178
15178 15179 15177
15179 15178 15180
15174 15181 15173
15181 15174 15182
15182 15183 15181
15183 15182 15184
15185 15186 15187
15186 15185 15188
15187 15189 15185
15189 15187 15190
15190 15191 15189
15191 15190 15192
15188 15193 15186
15193 15188 15194
15194 15195 15193
15195 15194 15196
15196 15197 15195
15197 15196 15198
15192 15199 15191
15199 15192 15200
15200 15201 15199
15201 15200 15202
15203 15204 15205
15204 15203 15206
15205 15207 15203
15207 15205 15208
15208 15209 15207
15209 15208 15210
15210 15211 15209
15211 15210 15212
15206 15213 15204
15213 15206 15214
15214 15215 15213
15215 15214 15216
15216 15217 15215
15217 15216 15218
15218 15219 15217
15219 15218 15220
15221 15222 15223
15222 15221 15224
15223 15225 15221
15225 15223 15226
15226 15227 15225
15227 15226 15228
15224 15229 15222
15229 15224 15230
15230 15231 15229
15231 15230 15232
15232 15233 15231
15233 15232 15234
15228 15235 15227
15235 15228 15236
15236 15237 15235
15237 15236 15238
15239 15240 15241
15240 15239 15242
15242 15243 15240
15243 15242 15244
14835 15241 15240
15241 14835 14834
15240 14843 14835
14843 15240 15243
15245 15246 15239
15246 15245 15247
14834 15247 15245
15247 14834 15248
14834 15249 15248
15250 15248 15249
15248 15250 15251
15249 14829 15250
14829 15249 14826
15249 14834 14832
15249 14820 14826
14820 15249 14832
15251 15252 15248
15252 15253 15246
15253 15252 15254
15252 15251 15254
14843 15255 14842
14831 14842 15255
15255 14843 15256
15257 15256 14843
15256 15257 15258
15244 15258 15257
15258 15244 15259
15260 15261 15262
15261 15260 15263
15264 15262 15261
15262 15264 15265
15266 15263 15260
15263 15266 15267
15266 15268 15267
15268 15266 15269
15270 15265 15264
15265 15270 15271
15262 15272 15260
15272 15262 15273
15265 15273 15262
15273 15274 15272
15274 15273 15275
15263 15276 15261
15276 15263 15277
15267 15277 15263
15277 15278 15276
15278 15277 15279
15279 15280 15278
15280 15279 15281
15282 15275 15273
15275 15282 15283
15273 15265 15282
15271 15282 15265
15284 15278 15280
15278 15284 15285
15285 15276 15278
15276 15285 15286
15286 15261 15276
15261 15286 15264
15287 15281 15279
15281 15287 15288
15287 15289 15288
15289 15287 15290
15291 15290 15287
15279 15291 15287
15290 15291 15292
15267 15292 15291
15292 15267 15268
15277 15267 15291
15291 15279 15277
15293 15285 15284
15285 15293 15294
15294 15286 15285
15286 15294 15295
15295 15264 15286
15264 15295 15270
15296 15297 15298
15297 15296 15299
15300 15298 15297
15298 15300 15301
15302 15301 15300
15301 15302 15303
15298 15304 15296
15304 15298 15305
15301 15305 15298
15305 15306 15304
15306 15305 15307
15299 15308 15297
15308 15299 15309
15309 15310 15308
15310 15309 15311
15311 15312 15310
15312 15311 15313
15303 15314 15301
15314 15307 15305
15305 15301 15314
15314 15303 15315
15315 15316 15314
15307 15314 15316
15316 15315 15317
15318 15310 15312
15310 15318 15319
15319 15308 15310
15320 15319 15318
15319 15320 15321
15321 15322 15319
15308 15319 15322
15322 15321 15323
15323 15300 15322
15300 15323 15302
15297 15322 15300
15322 15297 15308
15317 15324 15316
15324 15317 15325
15325 15326 15324
15326 15325 15327
15328 15329 15326
15329 15328 15330
15330 15316 15329
15316 15330 15307
15331 15328 15332
15328 15331 15333
15306 15333 15331
15333 15306 15307
15334 15335 15336
15335 15334 15337
15338 15336 15335
15336 15338 15339
15340 15339 15338
15339 15340 15341
15342 15337 15334
15337 15342 15343
15344 15343 15342
15343 15344 15345
15346 15345 15344
15345 15346 15347
15348 15341 15340
15341 15348 15349
15350 15349 15348
15349 15350 15351
15352 15353 15354
15353 15352 15355
15356 15354 15353
15354 15356 15357
15358 15355 15352
15355 15358 15359
15356 15360 15357
15360 15356 15361
15354 15362 15352
15362 15358 15352
15362 15354 15363
15357 15363 15354
15363 15364 15362
15364 15363 15365
15355 15366 15353
15366 15355 15367
15359 15367 15355
15367 15368 15366
15368 15367 15369
15369 15370 15368
15370 15369 15371
15372 15365 15363
15363 15357 15372
15365 15372 15373
15374 15368 15370
15368 15374 15375
15375 15366 15368
15366 15375 15376
15376 15353 15366
15353 15376 15356
15377 15371 15369
15371 15377 15378
15369 15379 15377
15379 15369 15367
15367 15359 15379
15372 15380 15373
15380 15372 15381
15357 15381 15372
15381 15357 15360
15374 15382 15375
15382 15374 15383
15384 15375 15382
15375 15384 15376
15361 15376 15384
15376 15361 15356
15385 15373 15380
15373 15385 15386
15385 15387 15386
15387 15388 15386
15388 15387 15389
15390 15388 15389
15388 15390 15391
15390 15392 15391
15392 15390 15393
15387 15385 15394
15365 15386 15388
15386 15365 15373
15391 15365 15388
15365 15391 15364
15395 15391 15392
15391 15395 15364
15396 15364 15395
15364 15396 15362
15358 15362 15396
15397 15398 15399
15398 15397 15400
15399 15401 15397
15401 15399 15402
15402 15403 15401
15403 15402 15404
15400 15405 15398
15405 15400 15406
15406 15407 15405
15407 15406 15408
15408 15409 15407
15409 15408 15410
15411 15403 15404
15403 15411 15412
15413 15412 15411
15412 15413 15414
15415 15416 15417
15416 15415 15418
15417 15419 15415
15419 15417 15420
15420 15421 15419
15421 15420 15422
15418 15423 15416
15423 15418 15424
15424 15425 15423
15425 15424 15426
15426 15427 15425
15427 15426 15428
15422 15429 15421
15429 15422 15430
15430 15431 15429
15431 15430 15432
15433 15434 15435
15434 15433 15436
15435 15437 15433
15437 15435 15438
15438 15439 15437
15439 15438 15440
15436 15441 15434
15441 15436 15442
15442 15443 15441
15443 15442 15444
15444 15445 15443
15445 15444 15446
15440 15447 15439
15447 15440 15448
15448 15449 15447
15449 15448 15450
15451 15452 15453
15452 15451 15454
15451 15455 15454
15455 15451 15456
15456 15457 15455
15457 15456 15458
15458 15459 15457
15459 15458 15460
15461 15451 15453
15451 15461 15462
15462 15456 15451
15463 15462 15461
15462 15463 15464
15454 15465 15452
15465 15454 15466
15466 15467 15465
15467 15466 15468
15468 15469 15467
15469 15468 15470
15471 15458 15456
15464 15471 15462
15456 15462 15471
15458 15471 15472
15472 15460 15458
15473 15472 15471
15471 15464 15473
15472 15473 15474
15474 15475 15472
15460 15472 15475
15475 15474 15476
15468 15477 15470
15477 15468 15478
15466 15478 15468
15478 15479 15477
15479 15478 15480
15481 15480 15478
15478 15466 15481
15480 15481 15482
15455 15482 15481
15482 15455 15457
15480 15483 15479
15483 15480 15484
15482 15484 15480
15484 15482 15485
15457 15485 15482
15485 15457 15459
15481 15454 15455
15454 15481 15466
15476 15486 15487
15488 15487 15486
15487 15488 15489
15490 15491 15488
15491 15490 15492
15474 15492 15490
15492 15474 15473
15486 15476 15474
15491 15493 15494
15493 15491 15495
15495 15464 15493
15464 15495 15473
15494 15496 15497
15496 15494 15498
15498 15463 15496
15463 15498 15464
15499 15500 15501
15500 15499 15502
15503 15501 15500
15501 15503 15504
15499 15505 15502
15505 15499 15506
15501 15507 15499
15507 15506 15499
15507 15501 15508
15504 15508 15501
15509 15507 15508
15507 15509 15510
15511 15500 15502
15500 15511 15512
15513 15512 15511
15512 15513 15514
15515 15514 15513
15514 15515 15516
15508 15517 15509
15517 15508 15518
15508 15504 15518
15516 15519 15514
15519 15512 15514
15519 15516 15520
15512 15519 15521
15521 15500 15512
15500 15521 15503
15513 15522 15515
15522 15513 15523
15511 15523 15513
15523 15511 15524
15502 15524 15511
15524 15502 15505
15525 15509 15517
15509 15525 15526
15527 15526 15525
15526 15527 15528
15529 15526 15528
15526 15529 15530
15529 15531 15530
15531 15529 15532
15510 15526 15530
15526 15510 15509
15533 15530 15531
15530 15533 15510
15534 15510 15533
15510 15534 15507
15506 15507 15534
15535 15536 15537
15536 15535 15538
15538 15539 15536
15539 15538 15540
15537 15541 15535
15541 15537 15542
15543 15537 15536
15537 15543 15544
15544 15542 15537
15545 15544 15543
15544 15545 15546
15547 15538 15535
15538 15547 15548
15548 15540 15538
15549 15548 15547
15548 15549 15550
15551 15550 15549
15550 15551 15552
15543 15553 15545
15553 15543 15554
15536 15554 15543
15554 15536 15539
15552 15555 15550
15555 15552 15556
15557 15550 15555
15550 15557 15548
15540 15548 15557
15549 15558 15551
15558 15549 15559
15547 15559 15549
15559 15547 15560
15535 15560 15547
15560 15535 15541
15561 15545 15553
15545 15561 15562
15563 15562 15561
15562 15563 15564
15564 15565 15562
15565 15564 15566
15566 15567 15565
15567 15566 15568
15546 15562 15565
15562 15546 15545
15569 15565 15567
15565 15569 15546
15570 15546 15569
15546 15570 15544
15542 15544 15570
15571 15572 15573
15572 15571 15574
15575 15573 15572
15573 15575 15576
15577 15576 15575
15576 15577 15578
15579 15574 15571
15574 15579 15580
15581 15580 15579
15580 15581 15582
15583 15582 15581
15582 15583 15584
15585 15578 15577
15578 15585 15586
15587 15586 15585
15586 15587 15588
15589 15590 15591
15590 15589 15592
15593 15591 15590
15591 15593 15594
15595 15594 15593
15594 15595 15596
15597 15592 15589
15592 15597 15598
15599 15598 15597
15598 15599 15600
15601 15600 15599
15600 15601 15602
15603 15596 15595
15596 15603 15604
15605 15604 15603
15604 15605 15606
15607 15608 15609
15608 15607 15610
15611 15609 15608
15609 15611 15612
15613 15612 15611
15612 15613 15614
15615 15610 15607
15610 15615 15616
15617 15616 15615
15616 15617 15618
15619 15618 15617
15618 15619 15620
15621 15614 15613
15614 15621 15622
15623 15622 15621
15622 15623 15624
15625 15626 15627
15626 15625 15628
15629 15627 15626
15627 15629 15630
15631 15630 15629
15630 15631 15632
15633 15628 15625
15628 15633 15634
15635 15634 15633
15634 15635 15636
15637 15636 15635
15636 15637 15638
15639 15632 15631
15632 15639 15640
15641 15640 15639
15640 15641 15642
15643 15644 15645
15644 15643 15646
15647 15645 15644
15645 15647 15648
15649 15648 15647
15648 15649 15650
15651 15650 15649
15650 15651 15652
15653 15646 15643
15646 15653 15654
15655 15654 15653
15654 15655 15656
15657 15656 15655
15656 15657 15658
15659 15658 15657
15658 15659 15660
15661 15662 15663
15662 15661 15664
15665 15663 15662
15663 15665 15666
15667 15666 15665
15666 15667 15668
15669 15664 15661
15664 15669 15670
15671 15670 15669
15670 15671 15672
15673 15672 15671
15672 15673 15674
15675 15668 15667
15668 15675 15676
15677 15676 15675
15676 15677 15678
15679 15680 15681
15680 15679 15682
15683 15681 15680
15681 15683 15684
15680 15283 15683
15283 15680 15275
15682 15275 15680
15275 15682 15274
15685 15686 15679
15686 15685 15687
15687 15274 15686
15274 15687 15688
15689 15274 15688
15688 15690 15689
15690 15688 15691
15269 15689 15690
15689 15269 15266
15274 15689 15272
15689 15260 15272
15260 15689 15266
15692 15691 15688
15693 15692 15685
15692 15693 15694
15691 15692 15694
15684 15695 15696
15695 15684 15697
15697 15698 15695
15698 15697 15283
15283 15699 15698
15699 15283 15282
15282 15271 15699
