byte offset: 0
first index: 0
index count: 6132
topology: trianglelist
format: DXGI_FORMAT_R16_UINT

0 1 2
3 1 0
4 1 3
4 5 1
2 1 5
6 5 4
6 7 5
8 7 6
8 9 7
7 9 10
7 10 11
5 7 11
12 9 8
12 13 9
10 9 13
14 13 12
14 15 13
16 15 14
16 17 15
15 17 18
15 18 19
13 15 19
20 17 16
20 21 17
18 17 21
22 21 20
22 23 21
24 23 22
24 25 23
21 23 26
23 27 26
23 28 27
29 28 24
29 30 28
27 25 30
27 30 31
21 26 32
18 21 32
13 19 33
10 13 33
5 11 34
2 5 34
35 36 37
38 35 37
39 38 37
39 37 40
36 40 37
41 39 40
41 40 42
43 41 42
43 42 44
42 45 44
42 46 45
40 46 42
45 47 44
48 44 47
49 48 47
49 47 50
51 49 50
51 50 52
50 53 52
50 54 53
55 51 52
55 52 56
53 56 52
57 55 56
57 56 58
59 57 58
59 58 60
58 61 60
58 62 61
56 62 58
63 59 60
63 60 64
61 64 60
61 65 64
56 66 62
53 67 56
47 68 69
47 69 50
45 68 47
48 70 44
40 71 46
36 71 40
72 73 74
72 74 75
75 74 76
75 76 77
77 76 78
77 78 79
79 78 80
79 80 81
81 80 82
81 82 83
83 82 84
83 84 85
85 84 86
85 86 87
87 86 88
87 88 89
89 88 90
89 90 91
91 90 92
91 92 93
94 93 92
95 96 97
95 97 98
98 97 99
98 99 100
100 99 101
100 101 102
102 101 103
102 103 104
104 103 105
104 105 106
106 105 107
106 107 108
108 107 109
108 109 110
110 109 111
110 111 112
112 111 113
112 113 114
114 113 115
114 115 116
96 95 117
118 119 120
121 119 118
122 119 121
122 123 119
120 119 123
124 123 122
124 125 123
126 125 124
126 127 125
128 127 126
128 129 127
130 129 128
130 131 129
132 131 130
132 133 131
131 133 134
131 134 135
136 129 131
136 131 135
137 125 127
123 125 137
137 127 138
138 127 129
138 129 136
139 138 136
133 140 134
133 141 140
141 133 132
142 140 141
141 143 142
141 144 143
141 132 144
142 145 140
146 142 143
146 147 142
142 147 148
142 148 145
139 149 138
139 150 149
150 151 149
150 152 151
153 152 150
153 154 152
154 155 152
155 151 152
156 153 150
156 150 139
157 156 139
157 139 136
157 136 135
123 137 158
120 123 158
159 160 161
159 161 162
163 160 159
163 159 164
165 163 164
165 164 166
167 165 166
167 168 165
167 169 168
167 170 169
171 169 170
171 172 169
171 173 172
171 174 173
172 175 169
172 176 175
172 177 176
174 178 173
174 179 178
177 180 176
177 181 180
181 182 180
179 183 178
179 184 183
184 185 183
186 187 188
186 188 189
186 189 190
186 190 191
192 186 191
192 193 186
192 194 193
193 195 188
193 196 195
194 197 193
194 198 197
198 199 197
198 200 199
196 201 195
196 202 201
192 191 203
204 192 203
204 203 205
206 204 205
206 205 207
208 206 207
208 207 209
210 208 209
210 209 211
208 210 212
208 212 213
206 208 213
206 213 214
204 206 214
204 214 215
192 204 215
192 215 194
213 212 216
213 216 217
214 213 218
214 218 219
215 214 220
194 215 220
220 214 219
219 218 221
219 221 222
223 219 222
220 219 223
223 222 224
217 216 225
217 225 226
194 220 227
194 227 198
198 227 228
198 228 200
229 230 231
229 231 232
232 231 233
232 233 234
234 233 235
234 235 236
237 231 230
237 238 231
239 233 231
239 231 238
240 235 233
240 233 239
237 230 241
241 230 229
237 241 190
241 229 242
243 244 211
243 211 245
245 246 243
245 247 246
243 246 248
243 248 249
244 243 249
249 248 250
249 250 251
251 250 252
251 252 253
244 249 254
255 254 249
255 249 251
256 255 251
256 251 253
257 258 259
257 259 260
261 257 260
261 260 262
260 259 263
260 263 264
262 260 265
262 265 266
266 265 267
266 267 268
264 263 269
264 269 270
261 271 257
261 272 271
273 272 261
273 274 272
275 274 273
275 276 274
277 276 275
277 278 276
279 278 277
279 280 278
281 280 279
281 282 280
282 281 283
282 283 284
277 285 279
277 286 285
275 286 277
275 287 286
273 287 275
273 288 287
261 288 273
261 262 288
281 289 283
281 290 289
279 290 281
290 291 289
290 292 291
286 293 285
286 294 293
287 295 286
287 296 295
288 297 287
262 297 288
297 296 287
292 298 291
292 299 298
296 300 295
296 301 300
302 301 296
297 302 296
302 303 301
294 304 293
294 305 304
306 292 290
306 290 307
279 307 290
308 299 292
308 292 306
262 309 297
262 266 309
266 310 309
266 268 310
311 312 313
311 313 314
315 312 311
315 316 312
317 316 315
317 318 316
258 313 312
258 312 319
320 319 312
320 312 316
321 320 316
321 316 318
258 322 313
314 313 322
258 323 322
257 323 258
257 271 323
314 322 324
271 325 323
271 326 325
272 326 271
272 327 326
274 327 272
274 328 327
276 328 274
276 329 328
278 329 276
278 330 329
280 330 278
280 331 330
282 331 280
282 332 331
333 331 332
333 334 331
331 334 335
331 335 330
330 335 336
330 336 329
329 336 337
329 337 328
328 338 327
328 339 338
327 338 340
327 340 326
326 340 341
326 341 325
342 334 333
342 343 334
334 343 344
334 344 335
335 344 345
335 345 336
336 345 346
336 346 337
339 347 338
339 348 347
338 347 349
338 349 340
340 349 350
340 350 341
343 351 344
343 352 351
353 352 343
353 343 354
344 351 355
344 355 345
345 355 356
345 356 346
348 357 347
348 358 357
347 357 359
347 359 349
349 359 360
349 360 350
352 361 351
352 362 361
363 362 352
363 352 364
351 361 365
351 365 355
355 365 366
355 366 356
356 366 367
356 367 357
357 367 368
357 368 359
359 368 369
359 369 360
370 362 363
370 371 362
362 371 372
362 372 361
361 372 373
361 373 365
365 373 374
365 374 366
366 374 375
366 375 367
367 375 376
367 376 368
368 376 377
368 377 369
370 378 371
371 378 372
372 378 373
373 378 374
374 378 375
375 378 376
376 378 377
379 380 381
379 381 382
383 379 382
383 382 384
385 383 384
385 384 386
387 388 389
387 389 390
391 387 392
391 392 393
394 391 393
394 393 395
388 396 397
388 397 398
399 400 401
399 401 402
400 403 404
400 404 405
406 407 408
406 408 409
410 406 411
410 411 412
413 414 415
413 415 416
417 415 418
417 418 419
420 421 422
420 422 423
424 420 425
424 425 426
427 428 429
427 429 430
431 432 433
431 433 434
432 435 436
432 436 437
435 438 436
435 439 438
440 441 442
441 443 444
441 444 445
443 446 447
443 447 448
446 449 450
446 450 451
452 453 454
452 454 455
453 456 454
453 457 456
457 458 456
457 459 458
460 461 462
460 462 463
464 460 465
464 465 466
467 468 469
467 469 470
468 471 472
468 472 473
474 475 476
474 476 477
475 478 479
475 479 480
481 482 483
481 483 484
482 485 486
482 486 487
488 489 490
488 490 491
489 492 493
489 493 494
495 496 497
495 497 498
499 495 500
499 500 501
502 503 504
502 504 505
506 507 508
506 508 509
510 506 511
510 511 512
513 510 512
513 512 514
350 360 515
341 350 515
341 515 516
325 341 516
325 516 517
323 325 517
323 517 322
518 519 520
518 520 521
522 519 518
522 518 523
524 519 522
524 525 519
520 519 525
526 525 524
526 527 525
525 527 528
525 528 529
520 525 529
530 527 526
530 531 527
528 527 531
532 531 530
532 533 531
531 533 534
531 534 535
528 531 535
536 533 532
536 537 533
534 533 537
538 537 536
538 539 537
540 539 538
540 541 539
539 541 542
539 542 543
542 541 544
542 544 545
544 546 545
544 547 546
548 547 544
548 544 549
549 544 541
549 541 540
550 547 548
550 551 547
546 547 551
552 551 550
552 553 551
554 551 553
546 551 554
554 553 555
548 556 550
548 557 556
558 556 557
558 557 559
559 557 560
560 557 548
560 548 549
559 560 561
561 560 562
561 562 563
563 562 564
563 564 565
565 564 566
565 566 567
567 566 568
567 568 569
569 568 570
569 570 571
571 570 572
571 572 573
573 572 574
573 574 575
575 574 576
575 576 577
577 576 578
577 578 579
536 566 564
536 564 538
564 540 538
564 562 540
540 562 560
540 560 549
574 572 526
526 572 570
526 570 530
570 532 530
532 566 536
532 568 566
570 568 532
574 526 524
522 574 524
522 576 574
578 576 522
578 522 523
580 581 558
581 556 558
550 556 581
550 581 552
582 583 580
559 583 582
559 584 583
561 584 559
561 585 584
563 585 561
586 537 539
586 539 543
534 537 586
587 588 589
587 589 590
590 589 591
592 588 587
592 593 588
594 593 595
594 596 593
597 594 592
598 594 597
598 599 594
599 596 594
599 600 596
601 599 598
598 602 601
602 603 601
598 604 602
605 602 604
605 606 602
602 606 607
602 607 603
607 608 603
607 609 608
610 608 609
610 611 608
611 610 612
611 612 613
613 612 614
613 614 615
616 612 610
614 612 616
616 610 617
617 610 609
614 616 618
618 616 619
618 619 620
617 609 621
621 609 607
622 617 621
622 623 617
623 619 616
623 616 617
624 619 623
624 625 619
625 620 619
623 622 626
623 626 624
626 627 624
625 624 627
626 628 627
629 627 628
629 630 627
631 627 630
631 625 627
625 632 620
632 625 631
632 631 633
621 634 622
621 635 634
635 636 634
635 637 636
636 637 638
636 638 639
640 636 639
640 634 636
640 639 641
640 642 634
640 641 643
640 643 644
642 640 644
644 643 645
644 645 646
647 646 645
647 645 648
649 647 648
649 648 650
649 650 651
649 651 652
652 651 653
652 653 654
655 652 654
655 656 652
649 652 656
649 656 657
657 647 649
658 656 655
658 659 656
657 656 659
659 658 660
660 658 661
660 661 662
662 661 663
662 663 664
664 665 662
664 666 665
666 667 665
666 668 667
669 660 662
669 662 665
667 669 665
667 670 669
670 671 669
670 672 671
659 660 673
673 660 669
673 669 671
674 673 671
674 671 675
675 671 672
673 674 676
676 674 677
675 677 674
676 677 678
679 678 677
679 677 630
680 630 677
680 677 675
673 676 659
675 672 681
681 680 675
681 682 680
683 676 678
683 657 676
657 659 676
657 683 647
629 683 678
629 684 683
646 647 683
646 683 685
682 681 686
681 672 686
682 686 687
687 686 688
629 689 684
646 684 689
629 628 689
689 628 626
689 626 642
642 644 689
646 689 644
642 626 622
642 622 634
672 670 690
670 667 691
667 668 691
692 693 694
695 694 693
695 696 697
698 696 699
700 695 701
702 703 700
704 702 700
705 702 706
705 706 707
708 705 707
708 709 705
710 709 708
711 712 707
713 692 712
692 714 715
715 716 717
696 717 716
715 718 719
719 720 721
720 699 721
719 722 723
724 725 712
725 724 700
726 727 728
729 726 728
729 728 730
729 731 726
732 733 734
732 734 735
736 734 733
736 733 737
737 738 736
732 735 739
732 739 740
732 740 741
741 742 732
741 743 742
744 743 741
744 741 740
744 740 745
744 746 743
746 747 743
743 747 748
747 749 748
747 750 749
743 748 751
746 752 747
752 753 747
752 754 753
755 744 745
744 756 757
756 758 757
755 759 758
758 759 760
759 761 760
761 762 760
761 763 762
763 764 762
765 766 767
767 768 765
767 769 768
769 770 768
769 771 770
771 772 770
771 773 772
773 771 774
773 774 775
771 769 776
771 776 774
776 769 767
776 767 777
777 778 776
777 779 778
777 780 779
777 781 780
767 781 777
767 782 781
781 782 783
781 784 780
785 784 781
781 783 785
785 783 786
787 784 785
787 785 788
785 786 788
789 787 788
786 790 788
790 789 788
789 790 791
784 792 780
792 784 793
784 794 793
795 793 794
795 794 796
790 797 791
797 798 791
797 799 798
782 766 800
782 800 801
800 802 801
800 803 802
802 803 804
782 767 766
765 805 766
806 807 808
806 808 809
810 807 806
810 811 807
810 812 811
810 813 812
814 812 813
814 815 812
814 813 816
816 813 810
814 816 817
816 810 818
819 815 814
819 820 815
821 820 819
819 822 821
823 821 822
822 824 823
822 825 824
826 824 825
826 827 824
821 828 820
829 828 821
829 830 828
829 831 830
832 818 833
833 834 832
833 835 834
835 836 834
835 837 836
837 838 836
837 839 838
839 840 838
839 841 840
842 814 843
842 843 844
845 842 844
845 844 846
846 847 845
846 848 847
849 850 851
852 851 850
852 853 851
853 854 851
855 851 854
855 849 856
853 857 854
858 857 853
858 859 857
860 858 853
860 853 852
859 858 861
859 861 862
863 862 861
863 864 862
858 860 865
858 865 861
861 865 866
861 866 867
867 866 868
867 868 869
870 871 864
870 864 872
873 874 875
873 875 876
877 874 873
877 873 878
879 876 875
879 880 876
880 879 881
882 875 874
882 874 883
883 874 877
883 877 884
885 875 882
885 886 875
886 885 887
886 887 888
873 889 878
890 877 878
889 890 878
890 891 877
877 891 892
877 892 884
893 890 889
894 893 889
894 895 893
895 894 896
895 896 897
898 897 896
898 899 897
899 898 900
899 900 901
900 898 902
902 898 896
900 902 903
873 894 889
902 896 904
905 873 904
905 904 896
906 897 899
906 899 907
908 906 907
909 906 908
909 910 906
910 897 906
911 910 909
911 912 910
908 907 913
913 907 914
913 914 915
909 916 911
909 917 916
917 909 918
919 917 918
919 920 917
920 919 921
907 922 914
907 899 922
912 895 910
910 895 897
912 893 895
923 912 911
911 916 924
911 924 923
923 924 925
923 925 926
926 927 923
923 927 912
927 893 912
926 928 927
929 928 926
926 925 930
926 930 929
929 930 931
927 932 893
928 932 927
893 932 890
890 932 933
928 933 932
929 933 928
890 933 934
933 935 934
933 936 935
929 936 933
935 937 934
935 938 937
891 890 934
891 934 937
939 938 935
939 935 940
941 938 939
942 937 938
942 938 941
892 891 937
892 937 942
935 936 943
935 943 940
943 936 929
943 929 931
944 945 946
944 946 947
946 945 948
946 948 949
949 948 950
949 950 951
950 952 951
950 953 952
954 953 950
954 955 953
954 956 955
955 956 957
955 957 958
957 959 958
957 960 959
961 960 957
961 962 960
954 963 956
964 963 954
964 954 965
950 965 954
952 953 966
966 953 955
966 955 958
952 966 967
967 966 968
968 966 958
968 958 959
967 968 969
965 970 964
965 971 970
970 971 972
970 972 973
974 970 973
974 975 970
964 970 975
971 965 976
964 975 977
963 964 977
978 972 971
978 971 976
979 972 978
979 978 980
974 973 981
972 979 981
972 981 973
982 981 979
982 979 983
983 979 980
974 981 984
984 981 985
984 985 986
986 982 987
987 982 983
986 987 988
945 989 976
945 944 989
989 944 990
990 944 947
989 990 991
948 945 976
965 948 976
950 948 965
957 956 992
957 992 961
992 993 961
992 994 993
961 993 995
961 995 962
996 994 992
996 997 994
996 998 997
999 996 992
998 996 999
956 999 992
998 999 977
977 1000 998
977 1001 1000
963 977 999
956 963 999
1000 1001 1002
1000 1002 1003
1002 1004 1003
962 995 1005
962 1005 1006
1006 1005 1007
1006 1007 1008
1008 1007 1009
1010 1011 1009
1012 1013 1014
1012 1014 1015
1016 1013 1012
1016 1012 1017
1018 1016 1017
1018 1017 1019
1019 1017 1020
1012 1020 1017
1019 1020 1021
1021 1020 1022
1021 1022 1023
1023 1022 1024
1023 1024 1025
1026 1012 1015
1026 1027 1012
1012 1028 1020
1022 1029 1024
1022 1030 1029
1030 1022 1020
1030 1020 1028
1029 1030 1031
1031 1030 1027
1031 1027 1026
1029 1031 1032
1025 1024 1033
1025 1033 1034
1034 1033 1035
1034 1035 1036
1036 1035 1037
1036 1037 1038
1039 1023 1025
1040 1023 1039
1040 1021 1023
1041 1021 1040
1041 1019 1021
1042 1019 1041
1042 1018 1019
1043 1034 1036
1044 1034 1043
1039 1025 1044
1044 1025 1034
1043 1036 1045
1045 1036 1038
1045 1038 1046
1047 1018 1042
1047 1048 1018
1048 1016 1018
1048 1049 1016
1050 1049 1048
1050 1051 1049
1052 1051 1050
1052 1053 1051
1054 1053 1052
1054 1055 1053
1056 1055 1054
1056 1057 1055
1058 1055 1057
1058 1059 1055
1051 1053 1060
1060 1053 1055
1060 1055 1059
1051 1060 1061
1061 1049 1051
1061 1060 1062
1062 1060 1059
1061 1062 1063
1062 1059 1064
1064 1059 1058
1064 1058 1065
1066 1061 1063
1066 1067 1061
1061 1067 1049
1013 1049 1067
1013 1016 1049
1014 1013 1067
1014 1067 1066
1065 1058 1068
1069 1058 1057
1069 1057 1070
1071 1070 1057
1071 1057 1056
1072 1071 1056
1072 1056 1073
1073 1056 1054
1073 1054 1074
1074 1054 1052
1074 1052 1075
1075 1052 1050
1075 1050 1076
1076 1050 1048
1076 1048 1047
1058 1069 1068
1065 1068 1077
1078 1065 1077
1079 1065 1078
1065 1079 1064
1064 1079 1080
1080 1079 1081
1079 1078 1081
1080 1081 1082
1083 1080 1082
1083 1082 1084
1085 1083 1084
1085 1066 1083
1086 1066 1085
1086 1014 1066
1087 1014 1086
1087 1015 1014
1088 1015 1087
1088 1026 1015
1026 1088 1089
1026 1089 1031
1089 1088 1090
1090 1088 1087
1090 1087 1091
1091 1087 1086
1091 1086 1092
1092 1086 1085
1063 1083 1066
1062 1083 1063
1062 1080 1083
1064 1080 1062
1031 1089 1093
1031 1093 1032
1032 1093 1094
1095 1032 1094
1095 1029 1032
1029 1095 1096
1029 1096 1024
1097 1096 1095
1097 1095 1098
1099 1098 1095
1095 1094 1099
1097 1098 1100
1101 1097 1100
1100 1102 1101
1100 1103 1102
1098 1104 1100
1105 1104 1098
1098 1099 1105
1094 1106 1099
1106 1107 1099
1106 1108 1107
1108 1109 1107
1110 1111 1112
1110 1112 1113
1114 1112 1111
1114 1111 1115
1116 1112 1114
1116 1117 1112
1113 1112 1117
1118 1117 1116
1118 1119 1117
1120 1117 1119
1113 1117 1120
1120 1119 1121
1115 1111 1122
1115 1122 1123
1123 1122 1124
1125 1124 1122
1125 1122 1126
1126 1122 1111
1123 1124 1127
1121 1119 1128
1121 1128 1129
1130 1128 1119
1130 1119 1118
1129 1128 1131
1131 1128 1130
1129 1131 1132
1132 1131 1133
1132 1133 1134
1134 1133 1135
1134 1135 1136
1136 1135 1137
1138 1137 1135
1139 1137 1138
1139 1140 1137
1141 1137 1140
1136 1137 1141
1141 1140 1142
1138 1135 1143
1143 1135 1133
1143 1133 1144
1144 1133 1131
1131 1130 1144
1145 1129 1132
1129 1145 1146
1129 1146 1121
1121 1146 1147
1121 1147 1120
1148 1120 1147
1148 1113 1120
1113 1148 1149
1113 1149 1110
1150 1141 1142
1150 1151 1141
1152 1151 1150
1153 1151 1152
1153 1154 1151
1155 1154 1153
1155 1156 1154
1156 1155 1157
1156 1157 1158
1159 1158 1157
1159 1160 1158
1160 1161 1158
1162 1161 1160
1162 1160 1163
1164 1162 1163
1164 1165 1162
1166 1165 1164
1166 1167 1165
1168 1167 1166
1168 1166 1169
1170 1168 1169
1170 1171 1168
1172 1171 1170
1172 1173 1171
1174 1173 1172
1174 1175 1173
1176 1175 1174
1176 1174 1177
1177 1174 1178
1178 1174 1172
1177 1178 1179
1178 1172 1180
1180 1172 1170
1180 1170 1181
1181 1170 1169
1181 1169 1182
1166 1182 1169
1166 1183 1182
1183 1166 1164
1183 1164 1184
1184 1164 1163
1184 1163 1185
1160 1185 1163
1160 1159 1185
1126 1111 1110
1186 1126 1110
1126 1186 1187
1126 1187 1125
1186 1110 1188
1189 1125 1187
1190 1125 1189
1190 1124 1125
1124 1190 1191
1124 1191 1127
1189 1187 1192
1192 1193 1189
1192 1194 1193
1194 1195 1193
1194 1196 1195
1190 1197 1191
1190 1198 1197
1198 1190 1189
1197 1198 1199
1199 1198 1200
1198 1189 1200
1199 1200 1201
1197 1199 1202
1203 1204 1205
1203 1205 1206
1204 1207 1208
1204 1208 1209
1207 1210 1211
1207 1211 1212
1213 1214 1215
1213 1215 1216
1217 1213 1218
1217 1218 1219
1220 1221 1222
1220 1222 1223
1224 1220 1225
1224 1225 1226
1227 1228 1229
1227 1229 1230
1231 1232 1233
1231 1233 1234
1235 1236 1237
1235 1237 1238
1236 1239 1240
1236 1240 1241
1239 1242 1243
1239 1243 1244
1245 1246 1247
1245 1247 1248
1247 1249 1248
1250 1251 1252
1250 1252 1253
1251 1254 1252
1251 1255 1254
1255 1256 1257
1255 1257 1258
1259 1260 1261
1259 1261 1262
1260 1263 1261
1260 1264 1263
1264 1265 1263
1264 1266 1265
1266 1267 1265
1266 1268 1267
1268 1269 1267
1268 1270 1269
1270 1271 1269
1270 1272 1271
1272 1273 1271
1274 1275 1276
1274 1276 1277
1278 1274 1277
1278 1277 1279
1275 1280 1281
1275 1281 1282
1280 1283 1284
1280 1284 1285
1283 1286 1287
1288 1289 1290
1289 1291 1292
1289 1292 1293
1294 1295 1296
1294 1296 1297
1295 1298 1299
1295 1299 1300
1301 1294 1302
1301 1302 1303
1304 1305 1306
1304 1306 1307
1308 1304 1309
1308 1309 1310
1311 1312 1313
1311 1313 1314
1315 1311 1316
1315 1316 1317
1318 1319 1320
1318 1320 1321
1319 1322 1323
1319 1323 1324
1322 1325 1326
1327 1328 1329
1327 1329 1330
1331 1327 1332
1331 1332 1333
1334 1331 1335
1336 1337 1338
1336 1338 1339
1340 1336 1339
1340 1339 1341
1342 1340 1343
1342 1343 1344
1345 1346 1347
1345 1347 1348
1346 1349 1347
1350 1351 1352
1350 1352 1353
1351 1354 1355
1351 1355 1356
1354 1357 1358
1354 1358 1359
1357 1360 1361
1357 1361 1362
1363 1364 1365
1363 1365 1366
1364 1367 1368
1364 1368 1369
1367 1370 1371
1367 1371 1372
1373 1374 1375
1373 1375 1376
1375 1377 1376
1378 1379 1380
1378 1380 1381
1382 1383 1384
1382 1384 1385
1386 1382 1387
1386 1387 1388
1389 1386 1388
1389 1388 1390
1391 1389 1390
1391 1390 1392
1391 1392 1393
1391 1393 1394
1395 1394 1396
1397 1398 1399
1397 1399 1400
1401 1397 1400
1401 1400 1402
1403 1401 1402
1404 1405 1398
1404 1406 1405
1407 1406 1404
1407 1408 1406
1409 1408 1407
1409 1410 1408
1411 1410 1409
1411 1412 1410
1413 1414 1411
1413 1411 1415
1416 1417 1418
1416 1418 1419
1420 1416 1419
1420 1419 1421
1422 1420 1423
1422 1423 1424
1425 1422 1424
1425 1424 1426
1427 1425 1428
1427 1428 1429
1430 1431 1432
1430 1432 1433
1432 1434 1433
1435 1436 1437
1435 1437 1438
1436 1439 1440
1436 1440 1441
1439 1442 1440
1439 1443 1442
1443 1444 1445
1443 1445 1446
968 1447 1448
968 1448 969
959 1447 968
959 1449 1447
959 1450 1449
1449 1450 1451
1449 1451 1452
1451 1453 1452
1451 1454 1453
1455 1454 1451
1455 1456 1454
1454 1456 1457
1454 1457 1458
1453 1454 1458
1459 1458 1457
1459 1460 1458
1461 1458 1460
1453 1458 1461
1461 1460 1462
1463 1461 1462
1463 1464 1461
1465 1464 1463
1465 1463 1466
1467 1452 1453
1467 1453 1461
1467 1461 1464
1467 1468 1452
1469 1467 1464
1469 1464 1465
1470 1468 1467
1470 1467 1469
1448 1468 1470
1448 1447 1468
1468 1447 1449
1468 1449 1452
1463 1462 1471
1460 1471 1462
1463 1471 1472
1473 1466 1463
1473 1463 1472
1460 1474 1471
1475 1474 1460
1475 1460 1459
1457 1476 1459
1457 1477 1476
1456 1477 1457
1478 1475 1479
1480 1481 1479
1480 1482 1483
959 960 1450
1450 960 962
1450 962 1484
1451 1450 1484
1451 1484 1455
1092 1085 1485
1485 1085 1486
1487 1485 1486
1487 1486 1488
1487 1488 1489
1490 1489 1488
1491 1489 1490
1081 1491 1490
1081 1078 1491
1078 1492 1491
1078 1077 1492
1077 1493 1492
1068 1493 1077
1069 1493 1068
1491 1494 1489
1492 1494 1491
1493 1494 1492
1082 1081 1490
1082 1490 1488
1486 1082 1488
1486 1084 1082
1085 1084 1486
1495 1496 1497
1152 1150 1498
1499 1500 1501
1502 1500 1499
1502 1499 1503
1500 1502 1504
1500 1504 1505
1506 1500 1505
1506 1505 1507
1508 1506 1507
1508 1509 1506
1510 1506 1509
1501 1500 1510
1510 1500 1506
1510 1509 1511
1509 1508 1512
1511 1509 1512
1505 1504 1513
1505 1513 1514
1505 1514 1515
1507 1505 1515
1516 1501 663
1516 663 661
658 1516 661
658 655 1516
1517 1516 655
1517 655 654
653 1517 654
653 1518 1517
1518 1499 1517
1499 1516 1517
1518 1519 1499
1518 1520 1519
653 1520 1518
653 1521 1520
651 1521 653
1522 1521 651
650 1522 651
1523 1501 1516
1524 1525 650
648 1524 650
1526 1527 648
645 1526 648
1520 1528 1503
643 1529 645
643 1530 1529
641 1531 643
641 1532 1531
639 1533 641
639 1534 1533
638 1534 639
1535 1534 638
1536 1535 638
638 606 1536
638 637 606
606 637 635
606 635 607
621 607 635
604 1535 605
632 1537 620
633 1537 632
633 1538 1537
1538 1539 1537
620 1540 618
618 1541 614
614 1541 615
1542 1543 1544
1542 1545 1543
1546 1545 1542
1546 1542 1547
1548 1547 1542
1548 1549 1547
1548 1542 601
1542 1544 601
601 1544 599
603 1548 601
1547 1550 1546
1549 1550 1547
1545 1551 1543
1551 1552 1543
1543 1552 1553
1543 1553 600
1544 1543 600
1544 600 599
1145 1132 1554
1134 1554 1132
1134 1555 1554
1136 1555 1134
1136 1556 1555
1556 1136 1141
1556 1141 1151
1557 1558 1559
1557 1559 1560
1560 1561 1562
1563 1564 1565
1563 1565 1566
1566 1567 1568
1566 1568 1569
1570 1571 1572
1570 1572 1573
1574 1575 1576
1577 1578 1579
1577 1579 1580
1577 1580 1581
1581 1582 1583
1581 1583 1584
1585 1584 1583
1585 1583 1586
1587 1588 1589
1587 1589 1590
1587 1591 1592
1587 1592 1593
1593 1594 1595
1593 1595 1596
1596 1597 1598
1596 1598 1599
1600 1601 1599
1602 1603 1604
1605 1606 1607
1605 1607 1608
1608 1609 1605
1610 1611 1612
1610 1613 1614
1610 1614 1615
1616 1617 1618
1616 1618 1619
1620 1621 1622
1621 1623 1622
1623 1624 1622
1624 1625 1622
1625 1626 1622
1626 1627 1622
1627 1628 1622
1628 1629 1622
1629 1630 1622
1630 1631 1622
1631 1632 1622
1632 1633 1622
1633 1634 1622
1634 1635 1622
1635 1636 1622
1636 1637 1622
1637 1638 1622
1638 1639 1622
1639 1640 1622
1640 1620 1622
1641 1642 1643
1642 1644 1643
1644 1645 1643
1645 1646 1643
1646 1647 1643
1647 1648 1643
1648 1649 1643
1649 1650 1643
1650 1651 1643
1651 1652 1643
1652 1653 1643
1653 1654 1643
1654 1655 1643
1655 1656 1643
1656 1657 1643
1657 1658 1643
1658 1659 1643
1659 1660 1643
1660 1661 1643
1661 1641 1643
1648 1662 1649
1649 1662 1663
1649 1663 1650
1650 1663 1664
1650 1664 1651
1651 1664 1665
1651 1665 1652
1652 1665 1666
1652 1666 1653
1653 1666 1667
1653 1667 1654
1654 1667 1668
1654 1668 1655
1655 1668 1669
1655 1669 1656
1656 1669 1670
1656 1670 1657
1657 1670 1671
1657 1671 1658
1658 1671 1672
1658 1672 1659
1659 1672 1673
1659 1673 1660
1660 1673 1674
1660 1674 1661
1661 1674 1675
1661 1675 1641
1641 1675 1676
1641 1676 1642
1642 1676 1677
1642 1677 1644
1644 1677 1678
1644 1678 1645
1645 1678 1679
1645 1679 1646
1646 1679 1680
1646 1680 1647
1647 1680 1681
1647 1681 1648
1682 1676 1675
1682 1683 1676
1683 1677 1676
1683 1684 1677
1684 1678 1677
1684 1685 1678
1685 1679 1678
1685 1686 1679
1686 1680 1679
1686 1687 1680
1687 1681 1680
1687 1688 1681
1648 1689 1662
1688 1662 1689
1688 1690 1662
1690 1663 1662
1690 1691 1663
1691 1664 1663
1691 1692 1664
1692 1665 1664
1692 1693 1665
1693 1666 1665
1693 1694 1666
1694 1667 1666
1694 1695 1667
1695 1668 1667
1695 1696 1668
1696 1669 1668
1696 1697 1669
1697 1670 1669
1697 1698 1670
1698 1671 1670
1698 1699 1671
1699 1672 1671
1699 1700 1672
1700 1673 1672
1700 1701 1673
1701 1674 1673
1701 1702 1674
1702 1675 1674
1702 1682 1675
1703 1704 1705
1705 1704 1706
1706 1704 1707
1707 1704 1708
1708 1704 1709
1709 1704 1710
1710 1704 1711
1711 1704 1712
1712 1704 1713
1713 1704 1714
1714 1704 1715
1715 1704 1716
1716 1704 1717
1717 1704 1718
1718 1704 1719
1720 1704 1721
1721 1704 1722
1722 1704 1703
1723 1724 1725
1725 1724 1726
1726 1724 1727
1727 1724 1728
1728 1724 1729
1729 1724 1730
1730 1724 1731
1731 1724 1732
1732 1724 1733
1733 1724 1734
1734 1724 1735
1735 1724 1736
1736 1724 1737
1737 1724 1738
1738 1724 1739
1739 1724 1740
1740 1724 1741
1741 1724 1742
1742 1724 1743
1743 1724 1723
1744 1745 1746
1746 1745 1747
1747 1745 1748
1748 1745 1749
1749 1745 1750
1750 1745 1751
1751 1745 1752
1752 1745 1753
1753 1745 1754
1754 1745 1755
1755 1745 1756
1756 1745 1757
1757 1745 1758
1758 1745 1759
1759 1745 1760
1760 1745 1761
1746 1747 1762
1747 1748 1763
1747 1763 1762
1749 1750 1764
1750 1751 1765
1750 1765 1764
1752 1753 1766
1753 1754 1767
1753 1767 1766
1755 1756 1768
1756 1757 1769
1756 1769 1768
1758 1759 1770
1759 1760 1771
1759 1771 1770
1772 1762 1763
1773 1762 1772
1773 1774 1762
1746 1762 1774
1744 1746 1774
1744 1774 1775
1776 1744 1775
1776 1745 1744
1777 1745 1776
1778 1745 1777
1761 1745 1778
1761 1778 1779
1761 1779 1780
1760 1761 1780
1760 1780 1771
1778 1777 1781
1778 1781 1779
1777 1776 1782
1777 1782 1781
1776 1775 1782
1783 1775 1774
1783 1774 1773
1784 1771 1780
1785 1771 1784
1785 1770 1771
1786 1770 1785
1786 1787 1770
1758 1770 1787
1757 1758 1787
1757 1787 1769
1788 1769 1787
1788 1787 1786
1789 1769 1788
1789 1768 1769
1790 1768 1789
1790 1791 1768
1755 1768 1791
1754 1755 1791
1754 1791 1767
1792 1767 1791
1792 1791 1790
1793 1767 1792
1793 1766 1767
1794 1766 1793
1794 1795 1766
1752 1766 1795
1751 1752 1795
1751 1795 1796
1797 1796 1795
1797 1795 1794
1798 1765 1797
1798 1764 1765
1799 1764 1798
1799 1800 1764
1749 1764 1800
1748 1749 1800
1748 1800 1763
1801 1763 1800
1801 1800 1799
1772 1763 1802
1784 1780 1803
1803 1780 1779
1803 1779 1804
1804 1779 1781
1804 1781 1805
1805 1781 1782
1805 1782 1806
1806 1782 1775
1806 1775 1783
1807 1808 1809
1809 1808 1810
1810 1808 1811
1811 1808 1812
1812 1808 1813
1813 1808 1814
1814 1808 1815
1815 1808 1816
1816 1808 1817
1817 1808 1818
1818 1808 1819
1819 1808 1820
1820 1808 1821
1821 1808 1822
1822 1808 1823
1823 1808 1824
1824 1808 1825
1825 1808 1807
