byte offset: 0
first index: 66183
index count: 1446
topology: trianglelist
format: DXGI_FORMAT_R16_UINT

18293 18294 18295
18295 18294 18296
18296 18297 18295
18298 18293 18295
18293 18298 18299
18300 18301 18302
18301 18303 18302
18303 18301 18304
18305 18301 18300
18300 18306 18305
18307 18308 18309
18308 18307 18310
18308 18311 18309
18311 18308 18312
18313 18310 18307
18310 18313 18314
18315 18312 18308
18312 18315 18316
18317 18315 18308
18317 18308 18310
18310 18318 18317
18318 18310 18314
18319 18317 18318
18317 18319 18320
18320 18315 18317
18321 18314 18313
18314 18321 18322
18314 18323 18318
18323 18314 18322
18318 18324 18319
18324 18318 18323
18325 18322 18321
18322 18325 18326
18327 18326 18325
18326 18327 18328
18329 18328 18327
18328 18329 18330
18331 18328 18330
18328 18331 18332
18332 18326 18328
18333 18332 18331
18332 18333 18334
18335 18334 18333
18334 18335 18336
18335 18337 18336
18337 18335 18338
18326 18332 18339
18334 18339 18332
18339 18334 18340
18336 18340 18334
18341 18336 18337
18336 18341 18342
18340 18336 18342
18340 18323 18339
18322 18339 18323
18339 18322 18326
18323 18340 18324
18342 18324 18340
18343 18342 18341
18342 18343 18344
18324 18342 18344
18345 18344 18343
18344 18345 18346
18347 18346 18345
18346 18347 18348
18347 18349 18348
18349 18347 18350
18350 18351 18349
18351 18350 18352
18352 18353 18351
18353 18352 18354
18344 18319 18324
18319 18344 18346
18320 18346 18348
18346 18320 18319
18348 18355 18320
18355 18348 18349
18315 18320 18355
18356 18315 18355
18356 18349 18351
18356 18355 18349
18315 18356 18316
18316 18356 18357
18356 18358 18357
18351 18358 18356
18358 18351 18353
18357 18312 18316
18312 18357 18359
18360 18312 18359
18312 18360 18311
18360 18361 18311
18362 18311 18361
18311 18362 18309
18363 18309 18362
18309 18363 18307
18364 18307 18363
18307 18364 18313
18365 18313 18364
18313 18365 18321
18366 18321 18365
18321 18366 18325
18367 18325 18366
18325 18367 18327
18368 18327 18367
18327 18368 18329
18369 18329 18368
18329 18369 18370
18371 18329 18370
18370 18372 18371
18372 18370 18373
18374 18371 18372
18371 18374 18375
18376 18375 18374
18375 18376 18377
18376 18378 18377
18378 18376 18379
18329 18371 18330
18375 18330 18371
18330 18375 18331
18377 18331 18375
18331 18377 18333
18378 18333 18377
18333 18378 18335
18378 18338 18335
18338 18378 18380
18379 18380 18378
18380 18379 18381
18382 18381 18379
18381 18382 18383
18374 18384 18376
18384 18379 18376
18379 18384 18382
18384 18374 18385
18386 18383 18382
18383 18386 18387
18388 18382 18384
18382 18388 18386
18385 18388 18384
18389 18386 18388
18388 18390 18389
18390 18388 18391
18388 18385 18391
18392 18390 18391
18390 18392 18393
18394 18393 18392
18393 18394 18395
18396 18395 18394
18395 18396 18397
18386 18389 18398
18398 18387 18386
18399 18391 18385
18391 18399 18392
18385 18372 18399
18373 18399 18372
18399 18373 18400
18400 18392 18399
18392 18400 18394
18400 18396 18394
18373 18401 18400
18396 18400 18401
18401 18373 18402
18370 18402 18373
18402 18370 18369
18397 18403 18395
18403 18397 18404
18404 18405 18403
18405 18404 18406
18407 18405 18406
18405 18407 18408
18408 18409 18405
18405 18409 18403
18409 18410 18403
18411 18406 18404
18404 18412 18411
18412 18404 18397
18396 18412 18397
18401 18413 18396
18412 18396 18413
18406 18411 18414
18414 18415 18406
18415 18414 18416
18408 18417 18409
18417 18418 18409
18418 18410 18409
18418 18419 18410
18408 18420 18417
18419 18393 18410
18410 18393 18395
18393 18419 18390
18419 18389 18390
18389 18419 18421
18421 18419 18422
18419 18418 18422
18423 18422 18418
18418 18417 18423
18417 18424 18423
18417 18420 18424
18424 18425 18423
18425 18424 18426
18427 18423 18425
18423 18427 18422
18422 18428 18421
18428 18422 18427
18389 18421 18428
18428 18398 18389
18429 18398 18428
18387 18398 18429
18387 18429 18430
18429 18431 18430
18431 18432 18430
18426 18433 18425
18433 18426 18434
18435 18425 18433
18425 18435 18427
18428 18427 18435
18436 18428 18435
18429 18428 18436
18431 18429 18436
18372 18385 18374
18437 18361 18438
18361 18437 18362
18439 18362 18437
18362 18439 18363
18440 18363 18439
18363 18440 18364
18441 18364 18440
18364 18441 18365
18442 18365 18441
18365 18442 18366
18443 18366 18442
18366 18443 18367
18444 18367 18443
18367 18444 18368
18445 18368 18444
18368 18445 18369
18446 18369 18445
18369 18446 18402
18447 18402 18446
18402 18447 18401
18413 18401 18447
18410 18395 18403
18361 18360 18448
18361 18448 18449
18449 18438 18361
18450 18451 18452
18451 18450 18453
18454 18451 18453
18451 18454 18455
18452 18456 18450
18456 18452 18457
18455 18458 18451
18458 18455 18459
18460 18452 18451
18460 18451 18458
18461 18452 18460
18452 18461 18457
18460 18462 18461
18462 18460 18463
18458 18463 18460
18463 18464 18462
18464 18463 18465
18466 18464 18465
18464 18466 18467
18468 18465 18463
18463 18458 18468
18465 18468 18469
18469 18466 18465
18457 18470 18456
18470 18457 18471
18457 18472 18471
18472 18457 18461
18461 18473 18472
18473 18461 18462
18462 18474 18473
18474 18462 18464
18467 18474 18464
18471 18475 18470
18475 18471 18476
18476 18477 18475
18477 18476 18478
18478 18479 18477
18479 18478 18480
18478 18481 18480
18481 18478 18482
18476 18482 18478
18482 18483 18481
18483 18482 18484
18484 18485 18483
18485 18484 18486
18487 18485 18486
18485 18487 18488
18482 18476 18489
18489 18484 18482
18484 18489 18490
18490 18486 18484
18486 18490 18491
18471 18489 18476
18489 18471 18472
18472 18490 18489
18490 18472 18473
18473 18491 18490
18491 18473 18474
18492 18481 18483
18481 18492 18493
18494 18493 18492
18493 18494 18495
18495 18496 18493
18496 18495 18497
18497 18498 18496
18498 18497 18499
18500 18494 18492
18494 18500 18501
18479 18496 18498
18496 18479 18480
18480 18493 18496
18493 18480 18481
18483 18500 18492
18500 18483 18485
18488 18500 18485
18500 18488 18502
18502 18501 18500
18501 18502 18503
18503 18504 18501
18504 18503 18505
18506 18499 18497
18499 18506 18507
18497 18508 18506
18509 18501 18504
18495 18509 18508
18508 18497 18495
18509 18495 18494
18501 18509 18494
18505 18510 18504
18510 18505 18511
18504 18512 18509
18512 18504 18510
18512 18508 18509
18510 18513 18512
18514 18512 18513
18513 18515 18514
18515 18516 18514
18516 18515 18517
18515 18513 18518
18519 18518 18513
18520 18514 18516
18516 18521 18520
18521 18516 18522
18522 18516 18517
18523 18522 18517
18514 18520 18524
18512 18514 18524
18513 18510 18525
18511 18525 18510
18513 18525 18519
18508 18512 18524
18506 18524 18520
18524 18506 18508
18507 18520 18521
18520 18507 18506
18519 18526 18518
18518 18526 18515
18526 18527 18515
18527 18517 18515
18527 18528 18517
18523 18517 18528
18529 18523 18528
18530 18529 18528
18530 18528 18531
18528 18527 18531
18532 18531 18527
18527 18526 18532
18533 18532 18526
18532 18533 18534
18534 18535 18532
18531 18532 18535
18535 18534 18536
18531 18535 18537
18530 18531 18537
18538 18536 18534
18536 18538 18539
18526 18519 18533
18540 18533 18519
18534 18540 18538
18540 18534 18533
18540 18519 18541
18541 18519 18542
18541 18542 18543
18544 18543 18542
18544 18545 18543
18511 18544 18542
18525 18511 18542
18519 18525 18542
18466 18469 18546
18547 18546 18469
18546 18547 18548
18549 18548 18547
18547 18550 18549
18550 18547 18551
18551 18547 18469
18551 18469 18468
18458 18551 18468
18551 18458 18459
18459 18552 18551
18552 18550 18551
18455 18552 18459
18552 18455 18553
18455 18554 18553
18554 18455 18454
18555 18554 18454
18454 18556 18555
18556 18454 18453
18453 18557 18556
18557 18453 18450
18450 18558 18557
18558 18450 18456
18456 18559 18558
18559 18456 18470
18470 18560 18559
18560 18470 18475
18475 18561 18560
18561 18475 18477
18562 18555 18556
18555 18562 18563
18564 18556 18557
18556 18564 18562
18565 18557 18558
18557 18565 18564
18566 18558 18559
18558 18566 18565
18567 18560 18561
18561 18568 18567
18568 18561 18569
18477 18569 18561
18569 18570 18568
18570 18569 18571
18571 18572 18570
18572 18571 18573
18573 18574 18572
18574 18573 18575
18575 18576 18574
18576 18575 18577
18577 18578 18576
18578 18577 18579
18580 18578 18579
18578 18580 18581
18582 18581 18580
18581 18582 18583
18584 18583 18582
18583 18584 18585
18580 18529 18582
18529 18580 18523
18579 18523 18580
18523 18579 18522
18577 18522 18579
18522 18577 18521
18577 18507 18521
18507 18577 18575
18575 18499 18507
18586 18582 18529
18586 18529 18530
18586 18587 18582
18587 18584 18582
18499 18575 18573
18573 18498 18499
18498 18573 18571
18571 18479 18498
18479 18571 18569
18569 18477 18479
18560 18567 18588
18588 18559 18560
18559 18588 18566
18589 18555 18563
18589 18590 18555
18554 18555 18590
18548 18549 18591
18486 18592 18487
18592 18486 18491
18491 18593 18592
18593 18491 18474
18474 18467 18593
18406 18415 18594
18407 18406 18594
