byte offset: 0
first index: 0
index count: 17688
topology: trianglelist
format: DXGI_FORMAT_R16_UINT

0 1 2
1 0 3
4 0 2
0 4 5
6 5 4
5 6 7
3 8 1
8 3 9
10 3 0
5 10 0
3 10 11
11 9 3
10 5 12
7 12 5
12 7 13
9 11 14
15 2 1
2 15 16
16 4 2
4 16 17
17 6 4
6 17 18
15 19 16
19 15 20
21 18 17
16 21 17
21 16 19
18 21 22
23 20 15
23 1 8
1 23 15
20 23 24
13 25 12
26 12 25
27 26 25
26 27 28
28 29 26
29 28 30
31 27 25
27 31 32
30 33 29
33 30 34
35 30 28
30 35 36
36 34 30
37 28 27
28 37 35
32 37 27
37 32 38
34 36 39
40 36 35
36 40 41
41 39 36
42 35 37
35 42 40
43 37 38
37 43 42
39 41 44
45 41 40
41 45 46
46 44 41
47 40 42
40 47 45
48 42 43
42 48 47
44 46 49
49 46 50
47 48 51
51 45 47
45 51 52
52 46 45
46 52 50
50 52 53
52 51 54
53 52 54
55 56 57
56 55 58
58 59 56
59 58 60
57 61 55
61 57 62
63 61 62
61 63 64
60 65 59
65 60 66
66 67 65
67 66 68
68 69 67
69 68 70
70 71 69
71 70 72
71 72 73
74 64 63
75 76 77
76 75 78
79 77 76
77 79 80
75 81 78
81 75 82
83 81 82
81 83 84
85 80 79
80 85 86
87 86 85
86 87 88
87 89 88
89 87 90
90 91 89
91 90 92
91 92 93
94 84 83
26 11 10
11 26 29
12 26 10
29 14 11
14 29 33
25 13 31
19 95 96
21 19 96
97 21 96
22 21 97
19 20 95
24 95 20
98 99 100
98 100 101
98 101 102
98 103 99
103 104 99
105 103 98
105 98 102
106 105 102
107 105 106
105 107 108
108 103 105
103 109 104
109 103 110
103 108 110
109 111 104
112 104 111
106 113 107
114 100 99
99 115 114
116 114 115
114 116 117
118 117 116
117 118 119
120 119 118
119 120 121
120 122 121
122 120 123
123 124 122
124 123 125
125 126 124
126 125 127
128 120 118
116 128 118
120 128 129
129 123 120
128 116 130
115 130 116
130 115 131
132 127 125
127 132 133
134 125 123
125 134 132
123 129 134
128 135 129
135 128 136
130 136 128
137 135 136
135 137 138
139 137 136
136 130 139
131 139 130
137 139 140
141 140 139
139 131 141
140 141 142
143 142 141
142 143 144
145 138 137
138 145 146
147 137 140
137 147 145
148 140 142
140 148 147
149 142 144
142 149 148
141 150 143
150 141 131
131 151 150
151 131 115
115 99 151
152 147 148
147 152 153
153 145 147
154 153 152
153 154 155
155 156 153
145 153 156
156 146 145
156 155 157
157 158 156
146 156 158
158 157 159
159 160 158
160 159 161
162 160 161
160 162 163
164 163 162
163 164 165
166 165 164
165 166 167
168 159 157
159 168 169
170 157 155
157 170 168
155 171 170
164 172 166
172 164 173
162 173 164
173 162 174
161 174 162
174 161 175
161 176 175
176 161 159
177 169 168
169 177 178
179 168 170
168 179 177
180 170 171
170 180 179
173 181 172
181 173 182
174 182 173
182 174 183
175 183 174
183 175 184
185 175 176
175 185 184
186 178 177
179 186 177
178 186 187
186 179 188
180 188 179
188 180 189
190 181 182
183 190 182
181 190 191
191 192 181
192 191 193
190 183 194
184 194 183
194 184 195
196 184 185
184 196 195
197 187 186
188 197 186
187 197 198
197 188 199
189 199 188
199 189 200
201 193 191
193 201 202
191 203 201
203 191 190
194 203 190
203 194 204
195 204 194
204 195 205
196 205 195
205 196 206
207 205 206
207 204 205
207 203 204
207 201 203
207 202 201
208 199 200
208 197 199
208 198 197
209 210 211
210 209 212
213 211 210
211 213 214
213 215 214
215 213 216
211 217 209
217 211 218
214 218 211
218 214 219
215 219 214
219 215 220
212 133 210
133 213 210
133 212 221
213 133 132
132 216 213
216 132 134
134 129 216
219 165 218
165 219 163
220 163 219
167 218 165
218 167 217
222 217 167
163 220 160
146 160 220
160 146 158
221 127 133
167 223 222
223 167 166
172 223 166
223 172 224
181 224 172
224 181 192
171 155 154
225 226 227
226 225 228
229 228 225
230 228 229
228 231 226
231 228 230
226 232 227
232 226 233
233 234 232
234 233 235
233 236 235
236 233 237
226 237 233
237 226 231
237 238 236
238 237 239
239 237 231
240 232 234
232 240 241
241 227 232
239 242 238
242 243 238
243 236 238
243 242 244
236 243 245
245 235 236
235 245 246
246 234 235
234 246 247
247 240 234
240 247 248
248 249 240
249 241 240
249 248 250
239 251 242
244 252 243
252 244 253
253 254 252
254 253 255
256 252 254
252 256 257
257 243 252
243 257 245
257 246 245
256 258 257
246 257 258
258 247 246
258 256 259
259 260 258
247 258 260
260 248 247
260 259 261
261 262 260
248 260 262
262 261 263
264 262 263
262 264 265
265 248 262
248 265 250
256 110 259
110 261 259
110 256 109
254 109 256
108 263 261
261 110 108
263 108 107
113 263 107
263 113 266
109 254 111
255 111 254
111 255 112
267 268 269
268 267 270
271 269 268
269 271 272
273 272 271
272 273 274
275 274 273
274 275 276
275 277 276
277 275 278
267 279 270
279 267 280
280 281 279
281 280 282
282 283 281
283 282 284
285 270 279
270 285 286
287 286 285
286 287 288
289 286 288
286 289 290
291 290 289
290 291 292
293 292 291
292 293 294
293 295 294
295 293 296
296 297 295
297 296 298
285 299 287
299 285 300
300 301 299
301 300 302
288 303 289
303 288 304
303 304 305
306 303 305
303 306 307
308 307 306
309 307 308
307 309 310
311 310 309
310 311 312
313 312 311
314 312 313
312 314 315
307 289 303
289 307 291
310 291 307
291 310 293
296 310 312
310 296 293
315 296 312
296 315 298
316 317 318
317 316 319
320 319 316
320 321 319
321 320 322
323 321 322
304 321 323
299 317 319
317 299 301
287 319 321
319 287 299
288 321 304
321 288 287
324 148 149
148 324 152
268 292 271
292 268 290
270 290 268
290 270 286
294 271 292
271 294 273
295 273 294
273 295 275
295 278 275
278 295 325
279 300 285
300 279 281
281 302 300
302 281 283
124 326 327
326 124 126
327 122 124
122 327 328
329 122 328
122 329 121
330 121 329
121 330 119
331 119 330
119 331 117
332 117 331
117 332 114
100 114 332
330 272 331
272 330 269
274 331 272
331 274 332
276 332 274
332 276 100
328 267 329
267 330 329
330 267 269
267 328 280
328 282 280
276 101 100
101 276 277
327 284 282
284 327 326
282 328 327
333 334 335
334 333 336
333 337 336
337 333 338
338 339 337
339 338 340
341 335 334
335 341 342
335 343 333
343 338 333
343 335 344
342 344 335
338 343 345
345 340 338
340 345 346
344 342 347
336 348 334
348 336 349
337 349 336
349 337 350
339 350 337
350 339 351
352 348 349
348 352 353
351 354 350
349 354 352
354 349 350
354 351 355
353 356 348
356 334 348
334 356 341
356 353 357
358 346 345
345 359 358
359 360 358
360 359 361
362 361 359
361 362 363
360 364 358
364 360 365
366 363 362
363 366 367
363 368 361
368 363 369
367 369 363
370 361 368
361 370 360
370 365 360
365 370 371
369 367 372
369 373 368
373 369 374
372 374 369
375 368 373
368 375 370
376 370 375
370 376 371
374 372 377
374 378 373
378 374 379
377 379 374
380 373 378
373 380 375
381 375 380
375 381 376
379 377 382
382 383 379
380 384 381
378 384 380
384 378 385
385 379 383
379 385 378
383 386 385
385 387 384
386 387 385
388 389 390
389 388 391
392 391 388
391 392 393
394 390 389
390 394 395
394 396 395
396 394 397
398 393 392
393 398 399
400 399 398
399 400 401
402 401 400
401 402 403
404 403 402
403 404 405
404 406 405
407 396 397
408 409 410
409 408 411
411 412 409
412 411 413
414 408 410
408 414 415
414 416 415
416 414 417
413 418 412
418 413 419
419 420 418
420 419 421
422 420 421
420 422 423
424 423 422
423 424 425
424 426 425
427 416 417
359 344 362
344 359 343
359 345 343
347 362 344
362 347 366
346 358 364
352 428 429
354 428 352
430 428 354
355 430 354
352 429 353
357 353 429
431 432 433
431 434 432
431 435 434
431 433 436
436 433 437
438 431 436
438 435 431
439 435 438
438 440 439
440 438 441
436 441 438
442 436 437
436 442 443
441 436 443
442 437 444
445 444 437
439 440 446
432 447 433
448 433 447
447 449 448
449 447 450
450 451 449
451 450 452
452 453 451
453 452 454
455 453 454
453 455 456
457 456 455
456 457 458
459 458 457
458 459 460
453 461 451
461 449 451
461 453 462
456 462 453
449 461 463
463 448 449
448 463 464
460 465 458
465 460 466
467 458 465
458 467 456
462 456 467
468 461 462
461 468 469
469 463 461
468 470 469
470 468 471
470 472 469
463 469 472
472 464 463
472 470 473
473 474 472
464 472 474
474 473 475
475 476 474
476 475 477
471 478 470
478 471 479
480 470 478
470 480 473
481 473 480
473 481 475
482 475 481
475 482 477
483 474 476
474 483 464
484 464 483
464 484 448
433 448 484
480 485 481
485 480 486
478 486 480
486 487 485
487 486 488
489 488 486
486 478 489
479 489 478
488 489 490
491 490 489
489 479 491
490 491 492
493 492 491
492 493 494
493 495 494
495 493 496
496 497 495
497 496 498
498 499 497
499 498 500
492 501 490
501 492 502
503 490 501
490 503 488
504 488 503
488 504 487
505 497 499
497 505 506
506 495 497
495 506 507
507 494 495
494 507 508
502 509 501
509 502 510
511 501 509
501 511 503
512 503 511
503 512 504
513 506 505
506 513 514
514 507 506
507 514 515
515 508 507
508 515 516
517 508 516
508 517 518
518 494 508
494 518 492
510 519 509
519 511 509
519 510 520
511 519 521
521 512 511
512 521 522
513 523 514
523 515 514
523 513 524
525 524 513
524 525 526
515 523 527
527 516 515
516 527 528
529 516 528
516 529 517
520 530 519
530 521 519
530 520 531
521 530 532
532 522 521
522 532 533
526 534 524
534 526 535
524 536 523
536 524 534
536 527 523
527 536 537
537 528 527
528 537 538
538 529 528
529 538 539
540 539 538
540 538 537
540 537 536
540 536 534
540 534 535
541 533 532
541 532 530
541 530 531
542 543 544
543 542 545
544 546 542
546 544 547
548 546 547
546 548 549
550 544 543
544 550 551
551 547 544
547 551 552
552 548 547
548 552 553
466 545 542
546 466 542
545 466 554
466 546 465
549 465 546
465 549 467
467 549 462
498 552 551
552 498 496
496 553 552
551 500 498
500 551 550
555 500 550
553 496 493
493 479 553
479 493 491
554 466 460
556 500 555
500 556 499
556 505 499
505 556 557
557 513 505
513 557 525
558 559 560
559 558 561
562 559 561
563 562 561
561 564 563
564 561 558
565 558 560
558 565 566
567 566 565
566 567 568
569 566 568
566 569 570
558 570 564
570 558 566
571 570 569
570 571 572
572 564 570
565 573 567
573 565 574
574 565 560
572 571 575
576 575 571
569 576 571
575 576 577
576 569 578
568 578 569
578 568 579
567 579 568
579 567 580
573 580 567
580 573 581
582 581 573
582 573 574
581 582 583
572 575 584
585 577 576
577 585 586
587 586 585
586 587 588
585 589 587
589 585 590
576 590 585
590 576 578
579 590 578
591 589 590
590 579 591
580 591 579
589 591 592
593 592 591
591 580 593
581 593 580
592 593 594
595 594 593
593 581 595
594 595 596
595 597 596
597 595 598
581 598 595
598 581 583
443 589 592
594 443 592
589 443 442
442 587 589
596 441 594
443 594 441
441 596 440
596 446 440
446 596 599
587 442 444
444 588 587
588 444 445
600 601 602
601 600 603
602 604 600
604 602 605
605 606 604
606 605 607
607 608 606
608 607 609
610 608 609
608 610 611
612 601 603
601 612 613
614 613 612
613 614 615
616 615 614
615 616 617
603 618 612
618 603 619
619 620 618
620 619 621
619 622 621
622 619 623
623 624 622
624 623 625
625 626 624
626 625 627
628 626 627
626 628 629
630 629 628
629 630 631
632 618 620
618 632 633
634 633 632
633 634 635
636 621 622
621 636 637
636 638 637
636 639 638
639 636 640
641 639 640
640 642 641
642 640 643
643 644 642
644 643 645
646 644 645
645 647 646
647 645 648
622 640 636
640 622 624
624 643 640
643 624 626
629 643 626
643 629 645
629 648 645
648 629 631
649 650 651
650 649 652
653 650 652
654 653 652
653 654 655
656 655 654
637 656 654
649 632 652
632 649 634
620 652 632
652 620 654
621 654 620
654 621 637
657 481 485
481 657 482
625 600 604
600 625 623
623 603 600
603 623 619
604 627 625
627 604 606
606 628 627
628 606 608
611 628 608
628 611 658
612 633 614
633 612 618
635 614 633
614 635 616
457 659 459
659 457 660
455 660 457
660 455 661
455 662 661
662 455 454
454 663 662
663 454 452
452 664 663
664 452 450
450 665 664
665 450 447
447 432 665
605 663 664
663 605 602
664 607 605
607 664 665
665 609 607
609 665 432
661 615 660
617 660 615
660 617 659
601 663 602
663 601 662
601 661 662
615 661 613
661 601 613
434 609 432
609 434 610
666 667 668
667 666 669
670 669 666
669 670 671
670 672 671
672 670 673
674 672 673
672 674 675
676 675 674
675 676 677
678 677 676
677 678 679
680 679 678
679 680 681
682 681 680
681 682 683
684 683 682
683 684 685
682 686 684
686 682 687
680 687 682
687 680 688
678 688 680
688 678 689
676 689 678
689 676 690
674 690 676
690 674 691
674 692 691
692 674 673
693 692 673
684 694 685
694 684 695
696 694 695
694 696 697
698 697 696
697 698 699
698 700 699
700 698 701
702 701 698
701 702 703
701 704 700
704 701 705
703 705 701
705 703 706
705 707 704
707 705 708
706 708 705
708 706 709
708 710 707
710 708 711
709 711 708
711 709 712
711 713 710
713 711 714
715 711 712
711 715 714
716 714 715
717 713 714
713 717 718
717 719 718
719 717 720
720 667 719
667 720 668
721 717 714
721 714 722
717 721 723
723 724 717
724 720 717
723 725 724
720 724 726
727 720 726
727 668 720
724 728 726
729 666 668
729 730 666
666 730 731
731 730 732
731 670 666
733 670 731
733 731 734
735 670 733
670 735 673
735 736 673
737 738 739
738 737 740
739 741 737
741 739 742
743 741 742
741 743 744
743 745 744
745 743 746
746 747 745
747 746 748
748 749 747
749 748 750
750 751 749
751 750 752
752 753 751
753 752 754
754 755 753
755 754 756
757 753 755
753 757 758
758 751 753
751 758 759
759 749 751
749 759 760
760 747 749
747 760 761
761 745 747
745 761 762
763 745 762
745 763 744
744 763 764
756 765 755
755 765 766
766 757 755
767 765 756
765 767 768
765 768 769
768 770 769
770 768 771
772 770 771
770 772 773
773 774 770
774 769 770
774 773 775
776 773 772
773 776 777
777 775 773
775 777 778
779 777 776
777 779 780
780 778 777
778 780 781
782 780 779
780 782 783
783 781 780
781 783 784
785 783 782
783 785 786
783 787 784
787 783 786
787 786 788
785 789 786
789 785 790
791 789 790
789 791 792
738 792 791
792 738 740
789 793 786
794 786 793
793 789 795
789 796 795
789 792 796
796 797 795
798 796 792
798 792 799
792 740 799
798 800 796
740 737 801
737 802 801
803 802 737
804 802 803
737 741 803
803 741 805
806 803 805
741 807 805
807 741 744
744 808 807
809 810 811
812 811 810
813 814 815
816 815 814
769 774 817
817 818 769
765 769 818
818 817 819
698 820 702
820 698 696
821 820 696
821 696 695
820 821 822
823 695 684
686 823 684
823 686 824
757 766 825
826 827 828
829 827 826
828 830 826
826 831 829
832 833 834
832 834 835
835 836 832
837 838 839
839 838 840
841 837 839
839 840 842
843 844 845
845 846 843
845 847 846
848 849 850
851 849 848
848 852 851
853 854 855
856 854 853
853 857 856
858 859 860
858 861 859
858 862 861
858 863 862
858 864 863
858 865 864
858 866 865
858 867 866
858 868 867
858 869 868
858 870 869
858 860 870
871 860 859
861 871 859
860 871 872
871 861 873
862 873 861
873 862 874
862 875 874
875 862 863
864 875 863
875 864 876
865 876 864
876 865 877
865 878 877
878 865 866
867 878 866
878 867 879
868 879 867
879 868 880
868 881 880
881 868 869
870 881 869
881 870 882
860 882 870
882 860 872
873 883 871
871 883 884
884 872 871
884 885 872
883 873 886
873 887 886
874 887 873
888 887 874
889 888 874
879 890 878
890 891 878
890 879 892
879 893 892
894 893 880
895 894 880
880 893 879
895 880 881
881 896 895
882 896 881
896 882 897
882 898 897
889 874 875
875 899 889
876 899 875
899 876 900
901 900 876
872 898 882
885 898 872
877 901 876
902 901 877
891 902 877
891 877 878
903 904 905
904 903 906
906 905 904
907 906 903
908 906 907
909 906 908
910 906 909
911 906 910
912 906 911
913 906 912
914 906 913
915 906 914
916 906 915
917 906 916
918 906 917
919 906 918
920 906 919
921 906 920
922 906 921
923 906 922
924 906 923
905 906 924
925 926 927
925 928 926
928 925 929
930 931 932
931 930 933
930 934 933
935 936 937
937 938 935
936 939 937
938 940 935
937 939 941
938 937 941
942 938 941
943 944 945
944 943 946
947 944 946
948 944 947
944 948 945
949 948 947
948 950 945
951 952 953
954 951 953
951 954 955
956 957 958
957 956 959
957 959 960
961 962 963
962 961 964
963 962 965
964 961 966
962 967 965
964 967 962
968 967 964
969 970 971
971 972 969
973 972 971
974 973 971
971 970 974
975 973 974
974 970 976
977 978 979
978 977 980
981 982 983
984 985 986
985 984 987
985 987 988
989 990 991
992 991 990
991 992 993
989 994 990
994 995 990
995 996 990
996 997 990
990 997 992
997 998 992
999 1000 1001
1000 999 1002
1003 1000 1002
1003 1002 1004
1000 1003 1005
1002 1006 1004
1007 1006 1002
1008 1007 1002
1002 999 1008
1009 1010 1011
1009 1011 1012
1012 1013 1009
1013 1014 1009
1011 1015 1012
1009 1016 1010
1009 1014 1016
1017 1018 1019
1019 1020 1017
1021 1022 1023
1023 1022 1024
1024 1022 1025
1026 1025 1022
1026 1022 1027
1021 1027 1022
1028 1023 1024
1029 1030 1031
1030 1029 1032
1033 1034 1035
1036 1037 1038
1037 1036 1039
1036 1040 1039
1041 1042 1043
1042 1044 1043
1044 1042 1045
1041 1043 1046
1046 1043 1047
1047 1043 1048
1048 1043 1049
1049 1043 1044
1049 1044 1050
1051 1052 1053
1053 1054 1051
1053 1055 1054
1055 1056 1054
1055 1053 1057
1054 1056 1058
1059 1054 1058
1060 1054 1059
1051 1054 1060
1061 1062 1063
1061 1064 1062
1064 1061 1065
1065 1061 1066
1062 1064 1067
1061 1063 1068
1061 1068 1066
1069 1070 1071
1070 1069 1072
1073 1074 1075
1074 1076 1075
1076 1077 1075
1078 1075 1077
1078 1079 1075
1073 1075 1079
1080 1076 1074
1081 1082 1083
1081 1083 1084
1081 1084 1085
1081 1085 1086
1081 1086 1087
1081 1087 1088
1081 1088 1089
1081 1089 1090
1081 1090 1091
1081 1091 1092
1081 1092 1093
1081 1093 1094
1081 1094 1095
1081 1095 1096
1081 1096 1097
1082 1098 1083
1099 1083 1098
1083 1099 1084
1100 1084 1099
1084 1100 1085
1100 1086 1085
1086 1100 1101
1101 1087 1086
1087 1101 1102
1103 1087 1102
1087 1103 1088
1103 1089 1088
1089 1103 1104
1104 1090 1089
1090 1104 1105
1105 1091 1090
1091 1105 1106
1107 1091 1106
1091 1107 1092
1108 1092 1107
1092 1108 1093
1108 1094 1093
1094 1108 1109
1109 1095 1094
1095 1109 1110
1110 1096 1095
1096 1110 1111
1111 1097 1096
1097 1111 1112
1113 1097 1112
1097 1113 1114
1081 1097 1114
1081 1114 1115
1081 1115 1116
1081 1116 1117
1081 1117 1082
1118 1114 1113
1114 1118 1115
1118 1116 1115
1116 1118 1119
1119 1117 1116
1117 1119 1120
1120 1082 1117
1082 1120 1121
1098 1082 1121
1122 1123 1124
1124 1125 1122
1125 1126 1122
1126 1127 1122
1127 1128 1122
1128 1129 1122
1129 1130 1122
1130 1131 1122
1131 1132 1122
1132 1133 1122
1133 1134 1122
1134 1135 1122
1135 1136 1122
1136 1137 1122
1137 1138 1122
1138 1139 1122
1139 1140 1122
1140 1123 1122
1141 1142 1143
1144 1142 1141
1145 1142 1144
1146 1142 1145
1147 1142 1146
1148 1142 1147
1149 1142 1148
1150 1142 1149
1151 1142 1150
1152 1142 1151
1153 1142 1152
1154 1142 1153
1155 1142 1154
1156 1142 1155
1157 1142 1156
1158 1142 1157
1159 1142 1158
1160 1142 1159
1161 1142 1160
1143 1142 1161
1162 1163 1164
1162 1165 1163
1162 1166 1165
1162 1167 1166
1162 1168 1167
1162 1169 1168
1162 1170 1169
1162 1171 1170
1162 1172 1171
1162 1173 1172
1162 1174 1173
1162 1175 1174
1162 1176 1175
1162 1177 1176
1162 1178 1177
1179 1164 1163
1180 1163 1165
1163 1180 1179
1165 1181 1180
1181 1165 1166
1167 1181 1166
1181 1167 1182
1168 1182 1167
1182 1168 1183
1168 1184 1183
1184 1168 1169
1170 1184 1169
1184 1170 1185
1171 1185 1170
1185 1171 1186
1172 1186 1171
1186 1172 1187
1172 1188 1187
1188 1172 1173
1173 1189 1188
1189 1173 1174
1175 1189 1174
1189 1175 1190
1176 1190 1175
1190 1176 1191
1177 1191 1176
1191 1177 1192
1178 1192 1177
1192 1178 1193
1178 1194 1193
1194 1178 1195
1162 1195 1178
1162 1196 1195
1162 1197 1196
1162 1198 1197
1162 1164 1198
1199 1195 1196
1195 1199 1194
1197 1199 1196
1199 1197 1200
1198 1200 1197
1200 1198 1201
1164 1201 1198
1201 1164 1202
1164 1179 1202
1203 1204 1205
1204 1206 1205
1204 1207 1206
1204 1208 1207
1204 1209 1208
1204 1210 1209
1204 1211 1210
1204 1212 1211
1204 1213 1212
1204 1214 1213
1204 1215 1214
1204 1216 1215
1204 1217 1216
1204 1218 1217
1204 1219 1218
1204 1220 1219
1204 1221 1220
1204 1203 1221
1222 1223 1224
1224 1223 1225
1224 1225 1226
1224 1226 1227
1224 1227 1228
1224 1228 1229
1224 1229 1230
1224 1230 1231
1224 1231 1232
1224 1232 1233
1224 1233 1234
1224 1234 1235
1224 1235 1236
1224 1236 1237
1224 1237 1238
1224 1238 1239
1224 1239 1240
1224 1240 1222
1241 1242 1243
1244 1241 1243
1245 1244 1243
1246 1245 1243
1247 1246 1243
1248 1247 1243
1249 1248 1243
1250 1249 1243
1251 1250 1243
1252 1251 1243
1253 1252 1243
1254 1253 1243
1255 1254 1243
1256 1255 1243
1257 1256 1243
1258 1257 1243
1259 1258 1243
1260 1259 1243
1261 1260 1243
1242 1261 1243
1262 1263 1264
1263 1265 1264
1263 1266 1265
1263 1267 1266
1263 1268 1267
1263 1269 1268
1263 1270 1269
1263 1271 1270
1263 1272 1271
1263 1273 1272
1263 1274 1273
1263 1275 1274
1263 1276 1275
1263 1277 1276
1263 1278 1277
1263 1279 1278
1263 1280 1279
1263 1262 1280
1281 1282 1283
1284 1281 1283
1285 1284 1283
1284 1285 1286
1287 1288 1289
1290 1287 1289
1291 1290 1289
1290 1291 1292
1293 1294 1295
1295 1296 1293
1296 1297 1293
1297 1296 1298
1299 1300 1301
1301 1302 1299
1302 1303 1299
1303 1302 1304
1305 1306 1307
1305 1308 1306
1308 1305 1309
1305 1307 1310
1305 1311 1309
1311 1305 1312
1313 1305 1310
1305 1313 1312
1314 1315 1316
1317 1316 1315
1316 1317 1318
1314 1316 1319
1320 1316 1318
1316 1320 1321
1322 1316 1321
1316 1322 1319
1323 1324 1325
1323 1325 1326
1327 1323 1326
1323 1327 1328
1329 1323 1328
1323 1329 1330
1331 1323 1330
1323 1331 1324
1332 1333 1334
1334 1333 1335
1333 1336 1335
1336 1333 1337
1333 1338 1337
1338 1333 1339
1340 1333 1332
1333 1340 1339
1341 1342 1343
1341 1344 1342
1344 1345 1342
1345 1344 1346
1347 1348 1349
1349 1348 1350
1351 1347 1349
1347 1351 1352
1353 1354 1355
1353 1356 1354
1356 1357 1354
1357 1356 1358
1359 1360 1361
1361 1360 1362
1363 1359 1361
1359 1363 1364
1365 1366 1367
1365 1367 1368
1369 1365 1368
1365 1369 1370
1371 1365 1370
1365 1371 1372
1373 1365 1372
1365 1373 1366
1374 1375 1376
1376 1375 1377
1375 1378 1377
1378 1375 1379
1375 1380 1379
1380 1375 1381
1382 1375 1374
1375 1382 1381
1383 1384 1385
1384 1383 1386
1387 1384 1386
1387 1388 1384
1384 1389 1385
1389 1384 1390
1391 1384 1388
1384 1391 1390
1392 1393 1394
1395 1393 1392
1396 1393 1395
1393 1396 1397
1398 1393 1397
1393 1398 1399
1400 1393 1399
1393 1400 1394
1401 1402 1403
1404 1402 1401
1405 1402 1404
1404 1406 1405
1407 1408 1409
1410 1408 1407
1411 1408 1410
1410 1412 1411
1413 1414 1415
1414 1413 1416
1416 1413 1417
1417 1418 1416
1419 1420 1421
1420 1419 1422
1422 1419 1423
1423 1424 1422
1425 1426 1427
1428 1425 1427
1425 1428 1429
1425 1430 1426
1431 1425 1429
1425 1431 1432
1433 1430 1425
1425 1432 1433
1434 1435 1436
1435 1437 1436
1437 1435 1438
1434 1439 1435
1435 1440 1438
1440 1435 1441
1442 1441 1435
1435 1439 1442
1443 1444 1445
1443 1446 1444
1443 1447 1446
1447 1443 1448
1443 1449 1448
1449 1443 1450
1451 1450 1443
1443 1445 1451
1452 1453 1454
1453 1455 1454
1456 1454 1455
1454 1456 1457
1458 1454 1457
1454 1458 1459
1460 1452 1454
1454 1459 1460
1461 1462 1463
1461 1463 1464
1464 1463 1465
1465 1466 1464
1467 1468 1469
1468 1470 1469
1471 1468 1467
1467 1472 1471
1473 1474 1475
1473 1475 1476
1476 1475 1477
1477 1478 1476
1479 1480 1481
1480 1482 1481
1483 1480 1479
1479 1484 1483
1485 1486 1487
1485 1488 1486
1485 1489 1488
1489 1485 1490
1485 1491 1490
1491 1485 1492
1493 1492 1485
1485 1487 1493
1494 1495 1496
1495 1497 1496
1498 1496 1497
1496 1498 1499
1500 1496 1499
1496 1500 1501
1502 1494 1496
1496 1501 1502
1503 1504 1505
1504 1503 1506
1507 1506 1503
1507 1503 1508
1509 1503 1505
1503 1509 1510
1511 1508 1503
1503 1510 1511
1512 1513 1514
1515 1512 1514
1514 1516 1515
1516 1514 1517
1514 1518 1517
1518 1514 1519
1520 1519 1514
1514 1513 1520
1521 1522 1523
1524 1521 1523
1521 1524 1525
1526 1527 1528
1528 1529 1526
1529 1528 1530
1530 1531 1529
1531 1530 1532
1532 1533 1531
1533 1532 1534
1534 1535 1533
1535 1534 1536
1537 1536 1534
1536 1537 1538
1538 1539 1536
1539 1538 1540
1540 1541 1539
1541 1540 1542
1543 1536 1539
1536 1543 1535
1544 1539 1541
1539 1544 1543
1545 1535 1543
1544 1545 1543
1535 1545 1546
1546 1533 1535
1533 1546 1547
1547 1548 1533
1548 1547 1549
1550 1548 1549
1545 1544 1551
1552 1553 1554
1553 1555 1554
1555 1553 1556
1557 1558 1559
1558 1557 1560
1560 1561 1558
1561 1560 1562
1562 1563 1561
1563 1562 1564
1557 1559 1565
1566 1567 1568
1567 1566 1569
1570 1569 1566
1569 1570 1571
1572 1571 1570
1571 1572 1573
1570 1574 1572
1574 1570 1575
1566 1575 1570
1576 1573 1572
1574 1576 1572
1569 1577 1567
1578 1567 1577
1567 1578 1579
1579 1568 1567
1577 1569 1580
1577 1581 1578
1581 1577 1582
1580 1582 1577
1582 1580 1583
1584 1578 1581
1578 1584 1585
1585 1579 1578
1586 1585 1584
1585 1586 1587
1588 1587 1586
1587 1588 1589
1590 1589 1588
1589 1590 1591
1580 1592 1583
1569 1592 1580
1579 1585 1593
1587 1593 1585
1593 1587 1594
1589 1594 1587
1594 1595 1593
1595 1594 1596
1594 1589 1597
1589 1591 1597
1597 1596 1594
1579 1593 1595
1586 1584 1598
1599 1586 1598
1586 1599 1588
1599 1590 1588
1600 1599 1598
1598 1584 1600
1599 1600 1601
1601 1602 1599
1590 1599 1602
1603 1590 1602
1590 1603 1604
1605 1604 1603
1604 1605 1606
1605 1607 1606
1607 1605 1608
1609 1605 1603
1605 1609 1610
1605 1610 1608
1611 1603 1602
1603 1611 1609
1602 1601 1611
1612 1590 1604
1590 1612 1591
1613 1591 1612
1612 1614 1613
1615 1613 1614
1613 1615 1616
1616 1617 1613
1591 1613 1617
1617 1616 1618
1618 1619 1617
1619 1618 1620
1620 1596 1619
1596 1620 1621
1614 1622 1615
1622 1614 1623
1623 1624 1622
1624 1623 1625
1625 1626 1624
1626 1625 1627
1628 1626 1627
1626 1628 1629
1630 1627 1625
1627 1630 1631
1632 1627 1631
1627 1632 1628
1633 1632 1631
1632 1633 1634
1635 1633 1631
1633 1635 1636
1637 1636 1635
1636 1637 1638
1639 1637 1635
1639 1631 1630
1631 1639 1635
1630 1607 1639
1607 1630 1640
1637 1639 1641
1641 1642 1637
1641 1610 1642
1625 1640 1630
1640 1625 1623
1623 1643 1640
1643 1623 1614
1614 1612 1643
1604 1643 1612
1643 1604 1606
1606 1640 1643
1640 1606 1607
1608 1639 1607
1639 1608 1641
1610 1641 1608
1644 1645 1646
1645 1644 1647
1647 1648 1645
1648 1647 1649
1649 1650 1648
1646 1651 1644
1651 1646 1652
1652 1653 1651
1653 1652 1654
1654 1655 1653
1655 1654 1656
1656 1657 1655
1657 1656 1658
1658 1659 1657
1659 1658 1660
1660 1661 1659
1661 1660 1662
1663 1661 1662
1661 1663 1664
1665 1664 1663
1664 1665 1666
1665 1667 1666
1667 1665 1668
1668 1669 1667
1669 1668 1670
1671 1672 1673
1672 1671 1674
1675 1673 1672
1673 1675 1676
1677 1676 1675
1676 1677 1678
1677 1679 1678
1676 1680 1673
1680 1676 1568
1681 1568 1676
1568 1681 1566
1575 1566 1681
1595 1673 1680
1673 1595 1671
1621 1674 1671
1595 1621 1671
1568 1579 1680
1680 1579 1595
1595 1596 1621
1596 1597 1619
1597 1617 1619
1617 1597 1591
1682 1683 1684
1685 1683 1682
1686 1687 1688
1686 1689 1687
1689 1686 1690
1691 1690 1686
1690 1691 1692
1691 1693 1692
1694 1692 1693
1692 1694 1695
1695 1690 1692
1693 1691 1696
1696 1691 1697
1691 1686 1697
1698 1695 1694
1695 1698 1699
1700 1699 1698
1699 1700 1701
1702 1701 1700
1701 1702 1703
1704 1703 1702
1703 1704 1705
1706 1705 1704
1705 1706 1707
1706 1708 1707
1708 1706 1709
1709 1710 1708
1710 1709 1711
1712 1710 1711
1710 1712 1713
1714 1713 1712
1713 1714 1715
1716 1715 1714
1715 1716 1717
1718 1717 1716
1717 1718 1719
1720 1721 1722
1723 1721 1720
1721 1723 1724
1725 1724 1723
1724 1725 1726
1727 1726 1725
1726 1727 1728
1729 1728 1727
1728 1729 1730
1730 1731 1728
1732 1728 1731
1728 1732 1733
1734 1733 1732
1731 1730 1735
1736 1735 1730
1735 1736 1737
1738 1737 1736
1737 1738 1739
1740 1730 1729
1730 1740 1736
1736 1741 1738
1741 1736 1740
1740 1742 1741
1742 1740 1743
1729 1743 1740
1743 1729 1744
1727 1744 1729
1744 1727 1745
1746 1745 1727
1745 1746 1747
1748 1747 1746
1749 1750 1751
1750 1749 1752
1753 1751 1750
1751 1753 1754
1749 1755 1752
1756 1754 1753
1754 1756 1757
1758 1754 1757
1759 1758 1757
1758 1759 1760
1761 1758 1760
1760 1762 1761
1763 1761 1762
1761 1763 1764
1764 1765 1761
1758 1761 1765
1765 1766 1758
1754 1758 1766
1766 1765 1767
1767 1768 1766
1768 1767 1769
1769 1770 1768
1770 1769 1771
1772 1770 1771
1765 1764 1773
1773 1767 1765
1767 1773 1774
1775 1773 1764
1773 1775 1776
1776 1774 1773
1774 1776 1777
1764 1778 1775
1778 1764 1763
1763 1779 1778
1767 1774 1780
1774 1777 1780
1781 1770 1772
1781 1768 1770
1782 1766 1768
1768 1781 1782
1766 1782 1754
1779 1763 1783
1762 1783 1763
1783 1762 1784
1762 1785 1784
1785 1762 1786
1762 1760 1786
1786 1760 1759
1784 1787 1783
1787 1784 1788
1789 1783 1787
1783 1789 1779
1784 1790 1788
1790 1784 1785
1788 1791 1787
1790 1791 1788
1787 1792 1789
1791 1792 1787
1759 1757 1793
1794 1795 1796
1795 1794 1797
1798 1797 1794
1797 1798 1799
1800 1794 1796
1796 1801 1800
1801 1796 1802
1795 1802 1796
1794 1800 1803
1804 1803 1800
1803 1804 1805
1805 1806 1803
1806 1794 1803
1794 1806 1798
1807 1798 1806
1798 1807 1808
1808 1799 1798
1807 1806 1809
1806 1805 1809
1805 1810 1809
1810 1805 1811
1804 1811 1805
1811 1812 1810
1812 1811 1813
1813 1814 1812
1814 1813 1815
1809 1816 1807
1816 1809 1810
1816 1817 1807
1817 1808 1807
1818 1815 1813
1815 1818 1819
1820 1813 1811
1813 1820 1818
1811 1804 1820
1821 1814 1815
1814 1821 1822
1821 1823 1822
1823 1821 1824
1825 1817 1816
1817 1825 1826
1827 1826 1825
1826 1827 1828
1829 1828 1827
1828 1829 1830
1830 1831 1828
1831 1830 1832
1832 1833 1831
1834 1831 1833
1831 1834 1835
1835 1828 1831
1828 1835 1826
1836 1835 1834
1835 1836 1837
1837 1826 1835
1838 1837 1836
1837 1838 1808
1833 1832 1839
1840 1839 1832
1839 1840 1841
1840 1842 1841
1842 1840 1843
1843 1844 1842
1844 1843 1845
1845 1846 1844
1846 1845 1847
1840 1848 1843
1848 1840 1849
1832 1849 1840
1849 1832 1830
1850 1843 1848
1843 1850 1845
1851 1845 1850
1845 1851 1847
1847 1852 1846
1851 1852 1847
1829 1853 1830
1853 1829 1854
1854 1855 1853
1856 1855 1854
1855 1856 1857
1854 1858 1856
1858 1854 1829
1858 1859 1856
1859 1860 1856
1860 1859 1861
1859 1858 1862
1862 1858 1863
1827 1858 1829
1858 1827 1863
1825 1863 1827
1863 1825 1864
1812 1863 1864
1864 1810 1812
1810 1864 1816
1816 1864 1825
1863 1812 1814
1822 1859 1862
1863 1822 1862
1822 1863 1814
1859 1822 1865
1859 1866 1861
1866 1859 1865
1865 1867 1866
1868 1869 1870
1871 1868 1870
1872 1873 1874
1872 1875 1873
1875 1876 1873
1877 1873 1876
1877 1876 1878
1879 1877 1878
1880 1879 1878
1881 1880 1878
1880 1881 1882
1882 1883 1880
1884 1880 1883
1880 1884 1885
1885 1879 1880
1886 1885 1884
1885 1886 1887
1888 1885 1887
1889 1884 1883
1883 1890 1889
1891 1890 1883
1883 1892 1891
1883 1882 1892
1891 1892 1893
1894 1893 1892
1885 1895 1879
1888 1895 1885
1896 1884 1889
1884 1896 1886
1889 1897 1896
1897 1889 1898
1898 1899 1897
1899 1898 1900
1900 1901 1899
1901 1900 1902
1902 1903 1901
1903 1902 1904
1904 1905 1903
1905 1904 1906
1905 1906 1907
1907 1908 1909
1910 1909 1908
1909 1910 1911
1912 1911 1910
1911 1912 1913
1914 1913 1912
1913 1914 1915
1916 1915 1914
1915 1916 1917
1916 1918 1917
1919 1920 1921
1920 1919 1922
1921 1923 1919
1923 1921 1924
1919 1925 1922
1925 1919 1926
1923 1926 1919
1926 1923 1927
1923 1928 1927
1928 1923 1929
1924 1929 1923
1922 1930 1920
1930 1922 1931
1925 1931 1922
1931 1925 1932
1931 1933 1930
1933 1931 1934
1932 1934 1931
1934 1932 1935
1936 1933 1934
1935 1936 1934
1933 1936 1937
1938 1937 1936
1937 1938 1939
1940 1938 1936
1936 1935 1940
1938 1940 1941
1938 1942 1939
1941 1942 1938
1929 1943 1928
1943 1929 1873
1873 1877 1943
1944 1873 1929
1929 1924 1944
1873 1944 1874
1945 1946 1947
1946 1945 1948
1945 1949 1948
1949 1945 1950
1950 1951 1949
1951 1950 1952
1952 1953 1951
1953 1952 1954
1954 1955 1953
1955 1954 1956
1957 1949 1951
1949 1957 1819
1819 1948 1949
1948 1819 1818
1818 1946 1948
1946 1818 1820
1820 1958 1946
1958 1820 1804
1956 1959 1955
1959 1960 1955
1960 1953 1955
1953 1960 1961
1961 1951 1953
1951 1961 1957
1962 1957 1961
1961 1963 1962
1963 1961 1964
1963 1965 1962
1965 1966 1962
1957 1962 1966
1957 1966 1819
1966 1965 1967
1966 1967 1815
1966 1815 1819
1967 1821 1815
1967 1824 1821
1824 1967 1968
1968 1969 1824
1969 1968 1970
1965 1963 1971
1824 1972 1823
1972 1824 1973
1974 1801 1975
1801 1974 1800
1974 1804 1800
1804 1974 1976
1804 1976 1958
1958 1976 1977
1977 1946 1958
1946 1977 1947
1978 1979 1980
1979 1978 1981
1982 1980 1979
1980 1982 1983
1982 1984 1983
1984 1982 1985
1986 1981 1978
1981 1986 1987
1988 1987 1986
1987 1988 1989
1988 1990 1989
1990 1988 1991
1992 1990 1991
1990 1992 1993
1992 1994 1993
1985 1995 1984
1995 1985 1996
1995 1996 1997
1996 1998 1997
1998 1996 1999
1999 2000 1998
2000 1999 2001
2000 2001 2002
2003 2004 2005
2004 2003 2006
2005 2007 2003
2007 2005 2008
2008 2009 2007
2009 2008 2010
2010 2011 2009
2006 2012 2004
2012 2006 2013
2013 2014 2012
2014 2013 2015
2015 2016 2014
2016 2015 2017
2017 2018 2016
2018 2017 2019
2020 2018 2019
2018 2020 2021
2022 2016 2018
2021 2022 2018
2016 2022 2023
2024 2021 2020
2021 2024 2025
2025 2026 2021
2022 2021 2026
2026 2025 2027
2025 2028 2027
2028 2025 2029
2024 2029 2025
2029 2030 2028
2030 2029 2031
2032 2030 2031
2033 2031 2029
2029 2024 2033
2031 2033 2034
2032 2031 2034
2035 2016 2023
2016 2035 2014
2036 2014 2035
2014 2036 2012
2036 2004 2012
2004 2036 2037
2037 2005 2004
2005 2037 2038
2038 2008 2005
2008 2038 2039
2039 2010 2008
2010 2039 2040
2010 2040 2011
2041 2042 2043
2043 2044 2041
2044 2043 2045
2045 2046 2044
2046 2045 2047
2048 2046 2047
2046 2048 2049
2050 2049 2048
2049 2050 2051
2052 2051 2050
2051 2052 2053
2054 2053 2052
2047 2045 2055
2045 2056 2055
2056 2045 2057
2057 2058 2056
2058 2057 2059
2058 2059 2060
2061 2062 2063
2062 2061 2064
2065 2064 2061
2062 2066 2063
2066 2062 2067
2063 2068 2061
2065 2061 2068
2068 2063 2069
2066 2069 2063
2069 2066 2070
2066 2071 2070
2071 2066 2072
2070 2073 2069
2074 2069 2073
2069 2074 2075
2074 2073 2076
2073 2070 2077
2071 2077 2070
2077 2071 2078
2078 2079 2077
2079 2080 2077
2080 2079 2081
2082 2080 2081
2080 2082 2083
2084 2077 2080
2085 2084 2080
2084 2085 2086
2079 2078 2087
2087 2088 2079
2088 2089 2079
2089 2088 2090
2088 2091 2090
2092 2090 2091
2091 2093 2092
2093 2091 2094
2095 2094 2091
2091 2088 2095
2094 2095 2096
2090 2092 2097
2098 2089 2090
2089 2098 2099
2089 2099 2100
2095 2101 2096
2095 2102 2101
2102 2095 2088
2088 2087 2102
1802 1795 2103
1826 1837 1817
1808 1817 1837
1799 1808 1838
2104 2105 2106
2105 2107 2106
2108 2104 2109
2110 2108 2109
2111 2110 2109
2110 2111 2112
2111 2113 2112
2113 2111 2114
2114 2115 2113
2116 2117 2118
2116 2119 2117
2120 2121 2122
2123 2124 2125
2124 2123 2126
2126 2123 2127
2128 2129 2130
2129 2131 2130
2131 2129 2132
2133 2134 2135
2136 2137 2138
2139 2140 2141
2141 2140 2142
2143 2144 2145
2144 2143 2146
2146 2143 2147
2148 2149 2150
2149 2148 2151
2152 2149 2151
2153 2154 2155
2156 2157 2158
2159 2160 2161
2162 2163 2164
2066 2165 2072
2165 2066 2067
2166 2167 2168
2169 2170 2171
2170 2169 2172
2173 2172 2169
2172 2173 2174
2175 2174 2173
2174 2175 2176
2177 2176 2175
2176 2177 2178
2178 2177 2179
1855 2180 1853
2181 2182 2183
2182 2184 2183
2185 2184 2182
2184 2185 2186
2185 2187 2186
2187 2185 2188
2189 2187 2188
2181 2183 2190
2191 2181 2190
2181 2191 2192
2193 2192 2191
2192 2193 2194
2195 2194 2193
2195 2193 2196
2195 2196 2197
2198 2197 2196
2197 2198 2199
2198 2200 2199
2200 2198 2201
2200 2201 2202
2203 2202 2201
2204 2202 2203
2205 2204 2203
2204 2205 2206
2207 2206 2205
2206 2207 2208
2204 2209 2202
2202 2209 2210
2211 2210 2209
2210 2211 2212
2211 2213 2212
2213 2211 2214
2213 2214 2195
2195 2214 2194
2189 2208 2207
2189 2207 2215
2215 2216 2189
2217 2216 2215
2216 2217 2218
2217 2219 2218
2219 2217 2220
2183 2219 2220
2190 2183 2220
2189 2188 2208
2221 2222 2223
2221 2224 2222
2224 2225 2222
2222 2225 2226
2222 2226 2223
2223 2226 2227
2228 2227 2226
2226 2225 2229
2228 2226 2229
2228 2229 2230
2230 2229 2231
2229 2225 2231
2224 2232 2225
2231 2225 2232
2233 2234 2235
2233 2236 2234
2234 2237 2235
2238 2237 2234
2236 2238 2234
2236 2239 2238
2240 2238 2239
2241 2237 2238
2241 2238 2240
2242 2241 2240
2243 2241 2242
2243 2237 2241
2243 2244 2237
2235 2237 2244
2245 2246 2247
2246 2245 2248
2249 2248 2245
2248 2249 2250
2251 2250 2249
2250 2251 2252
2253 2252 2251
2252 2253 2254
2255 2254 2253
2254 2255 2256
2257 2256 2255
2256 2257 2258
2259 2258 2257
2258 2259 2260
2261 2260 2259
2260 2261 2262
2263 2262 2261
2262 2263 2264
2265 2264 2263
2264 2265 2266
2267 2266 2265
2266 2267 2268
2247 2268 2267
2268 2247 2246
2255 2269 2257
2270 2257 2269
2257 2270 2259
2271 2259 2270
2259 2271 2261
2272 2261 2271
2261 2272 2263
2273 2263 2272
2263 2273 2265
2274 2265 2273
2265 2274 2267
2275 2267 2274
2267 2275 2247
2276 2247 2275
2247 2276 2245
2277 2245 2276
2245 2277 2249
2278 2249 2277
2249 2278 2251
2279 2251 2278
2251 2279 2253
2280 2253 2279
2253 2280 2255
2269 2255 2280
2281 2282 2283
2284 2281 2283
2285 2284 2283
2286 2285 2283
2287 2286 2283
2288 2287 2283
2289 2288 2283
2290 2289 2283
2291 2290 2283
2292 2291 2283
2293 2292 2283
2282 2293 2283
2294 2295 2296
2295 2294 2297
2298 2297 2294
2297 2298 2299
2300 2299 2298
2299 2300 2301
2302 2301 2300
2301 2302 2303
2304 2303 2302
2303 2304 2305
2306 2305 2304
2305 2306 2307
2308 2307 2306
2307 2308 2309
2310 2309 2308
2309 2310 2311
2312 2311 2310
2311 2312 2313
2314 2313 2312
2313 2314 2315
2316 2315 2314
2315 2316 2317
2296 2317 2316
2317 2296 2295
2304 2318 2306
2319 2306 2318
2306 2319 2308
2320 2308 2319
2308 2320 2310
2321 2310 2320
2310 2321 2312
2322 2312 2321
2312 2322 2314
2323 2314 2322
2314 2323 2316
2324 2316 2323
2316 2324 2296
2325 2296 2324
2296 2325 2294
2326 2294 2325
2294 2326 2298
2327 2298 2326
2298 2327 2300
2328 2300 2327
2300 2328 2302
2329 2302 2328
2302 2329 2304
2318 2304 2329
2330 2331 2332
2331 2333 2332
2331 2330 2334
2333 2331 2334
2335 2336 2337
2338 2335 2337
2336 2335 2339
2335 2338 2339
2340 2341 2342
2342 2341 2343
2343 2344 2342
2342 2344 2345
2346 2347 2348
2349 2347 2346
2346 2350 2349
2351 2350 2346
2352 2353 2354
2355 2353 2352
2352 2356 2355
2357 2356 2352
2358 2359 2360
2361 2359 2358
2358 2362 2361
2363 2362 2358
2364 2365 2366
2367 2365 2364
2364 2368 2367
2369 2368 2364
2370 2371 2372
2372 2371 2373
2373 2374 2372
2372 2374 2375
2376 2377 2378
2378 2377 2379
2379 2380 2378
2378 2380 2381
2382 2383 2384
2384 2383 2385
2385 2386 2384
2384 2386 2387
2388 2389 2390
2390 2389 2391
2391 2392 2390
2392 2391 2393
2394 2392 2393
2392 2394 2395
2396 2395 2394
2388 2397 2389
2388 2398 2397
2398 2388 2399
2399 2400 2398
2400 2399 2401
2402 2400 2401
2402 2403 2400
2402 2404 2403
2404 2405 2403
2405 2404 2406
2407 2405 2406
2405 2407 2408
2407 2409 2408
2410 2408 2409
2411 2410 2409
2411 2412 2410
2412 2411 2413
2413 2414 2412
2414 2413 2415
2411 2409 2416
2409 2417 2416
2417 2418 2416
2418 2417 2419
2420 2418 2419
2418 2420 2421
2420 2402 2421
2402 2401 2421
2396 2414 2415
2396 2422 2414
2422 2396 2423
2423 2424 2422
2424 2423 2425
2426 2424 2425
2424 2426 2427
2389 2427 2426
2397 2427 2389
2396 2415 2395
2428 2429 2430
2428 2430 2431
2431 2430 2432
2430 2433 2432
2430 2429 2433
2429 2434 2433
2435 2433 2434
2433 2436 2432
2435 2436 2433
2435 2437 2436
2437 2438 2436
2436 2438 2432
2431 2432 2439
2438 2439 2432
2440 2441 2442
2440 2442 2443
2442 2441 2444
2445 2442 2444
2443 2442 2445
2443 2445 2446
2447 2446 2445
2448 2445 2444
2448 2447 2445
2449 2447 2448
2450 2449 2448
2450 2448 2444
2450 2444 2451
2441 2451 2444
2452 2453 2454
2453 2452 2455
2455 2456 2453
2456 2455 2457
2457 2458 2456
2458 2457 2459
2459 2460 2458
2460 2459 2461
2461 2462 2460
2462 2461 2463
2463 2464 2462
2464 2463 2465
2465 2466 2464
2466 2465 2467
2467 2468 2466
2468 2467 2469
2469 2470 2468
2470 2469 2471
2471 2472 2470
2472 2471 2473
2473 2474 2472
2474 2473 2475
2475 2454 2474
2454 2475 2452
2476 2462 2464
2462 2476 2477
2477 2460 2462
2460 2477 2478
2478 2458 2460
2458 2478 2479
2479 2456 2458
2456 2479 2480
2480 2453 2456
2481 2454 2453
2453 2480 2481
2454 2481 2482
2482 2474 2454
2474 2482 2483
2464 2484 2476
2484 2464 2466
2466 2485 2484
2485 2466 2468
2468 2486 2485
2486 2468 2470
2470 2487 2486
2487 2470 2472
2472 2483 2487
2483 2472 2474
2488 2489 2490
2491 2489 2488
2492 2489 2491
2493 2489 2492
2494 2489 2493
2495 2489 2494
2496 2489 2495
2497 2489 2496
2498 2489 2497
2499 2489 2498
2500 2489 2499
2490 2489 2500
2501 2502 2503
2502 2501 2504
2504 2505 2502
2505 2504 2506
2506 2507 2505
2507 2506 2508
2508 2509 2507
2509 2508 2510
2510 2511 2509
2511 2510 2512
2512 2513 2511
2513 2512 2514
2514 2515 2513
2515 2514 2516
2516 2517 2515
2517 2516 2518
2518 2519 2517
2519 2518 2520
2520 2521 2519
2521 2520 2522
2522 2523 2521
2523 2522 2524
2524 2503 2523
2503 2524 2501
2525 2511 2513
2511 2525 2526
2526 2509 2511
2509 2526 2527
2527 2507 2509
2507 2527 2528
2528 2505 2507
2505 2528 2529
2529 2502 2505
2502 2529 2530
2530 2503 2502
2531 2523 2503
2503 2530 2531
2523 2531 2532
2513 2533 2525
2533 2513 2515
2515 2534 2533
2534 2515 2517
2517 2535 2534
2535 2517 2519
2519 2536 2535
2536 2519 2521
2521 2532 2536
2532 2521 2523
2537 2538 2539
2539 2538 2540
2539 2541 2537
2540 2541 2539
2542 2543 2544
2545 2543 2542
2544 2546 2542
2542 2546 2545
2547 2548 2549
2548 2550 2549
2550 2548 2551
2548 2552 2551
2553 2554 2555
2556 2553 2555
2553 2556 2557
2558 2553 2557
2559 2560 2561
2562 2559 2561
2559 2562 2563
2564 2559 2563
2565 2566 2567
2568 2565 2567
2565 2568 2569
2570 2565 2569
2571 2572 2573
2574 2571 2573
2571 2574 2575
2576 2571 2575
2577 2578 2579
2578 2580 2579
2580 2578 2581
2578 2582 2581
2583 2584 2585
2584 2586 2585
2586 2584 2587
2584 2588 2587
2589 2590 2591
2590 2592 2591
2592 2590 2593
2590 2594 2593
2595 2596 2597
2595 2597 2598
2595 2598 2599
2595 2599 2600
2595 2600 2601
2595 2601 2602
2595 2602 2603
2595 2603 2604
2595 2604 2605
2595 2605 2606
2595 2606 2607
2595 2607 2608
2595 2608 2609
2595 2609 2610
2595 2610 2611
2612 2597 2596
2598 2613 2599
2614 2599 2613
2599 2614 2600
2615 2600 2614
2600 2615 2601
2616 2601 2615
2601 2616 2602
2616 2603 2602
2603 2616 2617
2617 2604 2603
2604 2617 2618
2618 2605 2604
2605 2618 2619
2620 2605 2619
2605 2620 2606
2621 2606 2620
2606 2621 2607
2622 2607 2621
2607 2622 2608
2623 2608 2622
2608 2623 2609
2624 2609 2623
2609 2624 2610
2624 2611 2610
2611 2624 2625
2625 2626 2611
2595 2611 2626
2595 2626 2627
2595 2627 2628
2595 2628 2629
2595 2629 2596
2626 2625 2630
2630 2627 2626
2627 2630 2631
2631 2628 2627
2628 2631 2632
2632 2629 2628
2629 2632 2633
2633 2596 2629
2596 2633 2612
2634 2625 2624
2623 2634 2624
2634 2623 2635
2622 2635 2623
2635 2622 2636
2621 2636 2622
2636 2621 2637
2620 2637 2621
2637 2620 2638
2619 2638 2620
2638 2619 2639
2618 2639 2619
2639 2618 2640
2618 2641 2640
2641 2618 2617
2617 2642 2641
2642 2617 2616
2615 2642 2616
2642 2615 2643
2614 2643 2615
2643 2614 2644
2614 2645 2644
2645 2614 2613
2646 2645 2613
2613 2598 2646
2597 2646 2598
2646 2597 2647
2597 2612 2647
2648 2647 2612
2647 2648 2649
2649 2646 2647
2646 2649 2650
2645 2646 2650
2612 2651 2648
2651 2612 2633
2633 2652 2651
2652 2633 2632
2632 2653 2652
2653 2632 2631
2631 2654 2653
2654 2631 2630
2625 2654 2630
2654 2625 2655
2625 2634 2655
2656 2649 2648
2649 2656 2657
2657 2650 2649
2658 2657 2656
2657 2658 2659
2659 2660 2657
2660 2659 2661
2656 2662 2658
2662 2656 2663
2663 2664 2662
2664 2663 2665
2666 2664 2665
2664 2666 2667
2668 2667 2666
2667 2668 2669
2670 2669 2668
2669 2670 2671
2672 2671 2670
2671 2672 2673
2674 2673 2672
2673 2674 2675
2674 2676 2675
2676 2674 2677
2678 2676 2677
2676 2678 2679
2680 2679 2678
2679 2680 2681
2682 2681 2680
2681 2682 2683
2683 2682 2684
2683 2685 2681
2685 2683 2686
2687 2681 2685
2681 2687 2679
2688 2679 2687
2679 2688 2676
2688 2675 2676
2675 2688 2689
2690 2675 2689
2675 2690 2673
2691 2673 2690
2673 2691 2671
2692 2671 2691
2671 2692 2669
2693 2669 2692
2669 2693 2667
2694 2667 2693
2667 2694 2664
2695 2664 2694
2664 2695 2662
2687 2696 2688
2696 2687 2697
2698 2688 2696
2688 2698 2689
2692 2699 2693
2699 2692 2700
2701 2693 2699
2693 2701 2694
2702 2694 2701
2694 2702 2695
2695 2658 2662
2658 2695 2703
2703 2659 2658
2659 2703 2704
2704 2661 2659
2661 2704 2705
2706 2705 2704
2705 2706 2707
2707 2708 2705
2708 2707 2709
2709 2710 2708
2711 2708 2710
2712 2711 2710
2713 2712 2710
2712 2714 2711
2714 2715 2711
2715 2716 2711
2716 2715 2717
2718 2716 2717
2708 2711 2719
2716 2719 2711
2705 2719 2661
2719 2705 2708
2720 2713 2710
2710 2709 2720
2713 2720 2721
2719 2716 2722
2722 2661 2719
2661 2722 2660
2718 2723 2716
2723 2722 2716
2724 2723 2718
2723 2724 2644
2725 2644 2724
2644 2725 2643
2726 2643 2725
2727 2726 2725
2728 2726 2727
2643 2726 2642
2726 2641 2642
2641 2726 2729
2728 2729 2726
2729 2728 2730
2729 2730 2731
2644 2732 2723
2732 2644 2645
2650 2732 2645
2731 2733 2729
2641 2729 2733
2641 2733 2640
2733 2731 2734
2734 2735 2733
2733 2735 2640
2735 2734 2684
2684 2734 2736
2734 2731 2736
2640 2735 2682
2735 2684 2682
2682 2639 2640
2680 2639 2682
2639 2680 2638
2678 2638 2680
2638 2678 2637
2677 2637 2678
2637 2677 2636
2674 2636 2677
2636 2674 2635
2672 2635 2674
2635 2672 2634
2670 2634 2672
2634 2670 2655
2668 2655 2670
2655 2668 2654
2666 2654 2668
2654 2666 2653
2666 2652 2653
2652 2666 2665
2665 2651 2652
2651 2665 2663
2663 2648 2651
2648 2663 2656
2700 2691 2737
2691 2700 2692
2690 2737 2691
2737 2690 2738
2690 2739 2738
2739 2690 2689
2698 2739 2689
2739 2698 2740
2741 2740 2698
2696 2741 2698
2741 2696 2742
2697 2742 2696
2742 2697 2743
2697 2744 2743
2744 2697 2745
2740 2741 2746
2742 2747 2741
2747 2746 2741
2747 2742 2748
2743 2748 2742
2748 2743 2749
2746 2747 2750
2743 2751 2749
2751 2743 2744
2745 2752 2744
2753 2744 2752
2753 2751 2744
2754 2751 2753
2752 2745 2755
2751 2756 2749
2757 2750 2747
2750 2757 2758
2756 2759 2749
2759 2748 2749
2745 2686 2755
2686 2745 2685
2755 2760 2752
2761 2757 2747
2756 2762 2759
2763 2759 2762
2759 2763 2764
2747 2764 2761
2761 2764 2765
2764 2763 2765
2748 2764 2747
2748 2759 2764
2685 2697 2687
2697 2685 2745
2766 2750 2758
2750 2766 2767
2767 2746 2750
2746 2767 2768
2768 2740 2746
2740 2768 2769
2769 2739 2740
2739 2769 2770
2769 2771 2770
2771 2772 2770
2772 2771 2773
2773 2774 2772
2774 2773 2775
2773 2776 2775
2776 2773 2777
2771 2777 2773
2777 2778 2776
2778 2777 2779
2779 2780 2778
2780 2779 2781
2781 2782 2780
2774 2783 2772
2783 2774 2784
2784 2785 2783
2785 2784 2786
2786 2787 2785
2787 2786 2788
2788 2789 2787
2789 2788 2790
2790 2791 2789
2791 2790 2792
2793 2791 2792
2791 2793 2794
2795 2794 2793
2794 2795 2796
2797 2796 2795
2796 2797 2798
2799 2798 2797
2798 2799 2800
2798 2801 2796
2801 2798 2802
2800 2802 2798
2802 2800 2803
2804 2789 2791
2789 2804 2805
2806 2791 2794
2791 2806 2804
2796 2806 2794
2806 2796 2801
2803 2807 2802
2807 2803 2808
2809 2808 2803
2808 2809 2810
2811 2805 2804
2805 2811 2812
2812 2813 2805
2787 2805 2813
2813 2785 2787
2785 2813 2814
2814 2783 2785
2783 2814 2815
2815 2772 2783
2772 2815 2770
2805 2787 2789
2813 2812 2700
2700 2814 2813
2814 2700 2737
2737 2815 2814
2815 2739 2770
2739 2815 2738
2815 2737 2738
2804 2816 2811
2816 2804 2806
2806 2817 2816
2817 2806 2801
2802 2817 2801
2817 2802 2807
2650 2657 2660
2660 2732 2650
2732 2660 2722
2722 2723 2732
2818 2695 2702
2695 2818 2703
2818 2704 2703
2704 2818 2706
2819 2820 2821
2819 2822 2820
2819 2823 2822
2819 2824 2823
2819 2825 2824
2819 2826 2825
2819 2827 2826
2819 2828 2827
2819 2829 2828
2819 2830 2829
2819 2831 2830
2819 2832 2831
2819 2833 2832
2819 2834 2833
2819 2835 2834
2820 2836 2821
2837 2822 2823
2822 2837 2838
2839 2823 2824
2823 2839 2837
2824 2840 2839
2840 2824 2825
2825 2841 2840
2841 2825 2826
2827 2841 2826
2841 2827 2842
2828 2842 2827
2842 2828 2843
2829 2843 2828
2843 2829 2844
2829 2845 2844
2845 2829 2830
2830 2846 2845
2846 2830 2831
2831 2847 2846
2847 2831 2832
2832 2848 2847
2848 2832 2833
2833 2849 2848
2849 2833 2834
2835 2849 2834
2849 2835 2850
2851 2850 2835
2819 2851 2835
2819 2852 2851
2819 2853 2852
2819 2854 2853
2819 2821 2854
2850 2851 2855
2852 2855 2851
2855 2852 2856
2853 2856 2852
2856 2853 2857
2854 2857 2853
2857 2854 2858
2821 2858 2854
2858 2821 2836
2850 2859 2849
2859 2848 2849
2848 2859 2860
2860 2847 2848
2847 2860 2861
2861 2846 2847
2846 2861 2862
2862 2845 2846
2845 2862 2863
2863 2844 2845
2844 2863 2864
2864 2843 2844
2843 2864 2865
2866 2843 2865
2843 2866 2842
2867 2842 2866
2842 2867 2841
2867 2840 2841
2840 2867 2868
2868 2839 2840
2839 2868 2869
2870 2839 2869
2839 2870 2837
2870 2838 2837
2838 2870 2871
2872 2838 2871
2838 2872 2873
2820 2838 2873
2836 2820 2873
2838 2820 2822
2874 2873 2872
2873 2874 2836
2875 2836 2874
2836 2875 2858
2876 2858 2875
2858 2876 2857
2877 2857 2876
2857 2877 2856
2878 2856 2877
2856 2878 2855
2878 2850 2855
2850 2878 2879
2859 2850 2879
2786 2859 2879
2859 2786 2784
2784 2860 2859
2860 2784 2774
2774 2861 2860
2861 2774 2775
2775 2862 2861
2862 2775 2776
2776 2863 2862
2863 2776 2778
2778 2864 2863
2864 2778 2780
2879 2788 2786
2788 2879 2878
2878 2790 2788
2790 2878 2877
2876 2790 2877
2790 2876 2792
2875 2792 2876
2792 2875 2793
2874 2793 2875
2793 2874 2795
2872 2795 2874
2795 2872 2797
2871 2797 2872
2797 2871 2799
2780 2865 2864
2880 2799 2871
2871 2870 2880
2869 2880 2870
2880 2869 2881
2881 2869 2882
2869 2883 2882
2883 2869 2868
2868 2884 2883
2885 2883 2884
2886 2885 2884
2884 2868 2867
2866 2884 2867
2866 2865 2887
2884 2866 2888
2886 2884 2888
2866 2887 2888
2888 2889 2886
2888 2890 2889
2887 2890 2888
2890 2887 2891
2892 2891 2887
2891 2892 2782
2782 2893 2891
2891 2893 2890
2892 2780 2782
2865 2780 2892
2887 2865 2892
2894 2895 2896
2897 2895 2894
2898 2895 2897
2898 2899 2895
2900 2899 2898
2896 2901 2894
2902 2901 2896
2809 2895 2899
2895 2809 2903
2903 2896 2895
2900 2904 2899
2904 2900 2905
2896 2903 2906
2899 2810 2809
2810 2899 2904
2803 2903 2809
2903 2803 2800
2800 2906 2903
2906 2800 2799
2902 2896 2881
2882 2902 2881
2799 2880 2906
2881 2906 2880
2906 2881 2896
2907 2781 2779
2781 2907 2908
2779 2909 2907
2909 2779 2777
2777 2771 2909
2910 2909 2771
2909 2910 2911
2911 2907 2909
2771 2769 2910
2768 2910 2769
2910 2768 2912
2912 2911 2910
2911 2912 2913
2914 2911 2913
2911 2914 2915
2915 2908 2907
2907 2911 2915
2767 2912 2768
2912 2767 2916
2916 2913 2912
2913 2916 2917
2918 2913 2917
2913 2918 2914
2919 2915 2914
2920 2919 2914
2920 2914 2918
2921 2920 2918
2915 2919 2922
2918 2917 2923
2923 2917 2924
2916 2924 2917
2908 2915 2922
2922 2919 2925
2916 2767 2926
2924 2916 2926
2923 2924 2927
2928 2927 2924
2924 2926 2928
2926 2929 2928
2930 2929 2926
2767 2930 2926
2930 2767 2766
2931 2932 2933
2932 2931 2934
2935 2934 2931
2935 2931 2936
2933 2936 2931
2936 2933 2937
2934 2938 2932
2938 2934 2939
2937 2940 2936
2940 2937 2941
2935 2942 2934
2942 2939 2934
2943 2936 2940
2943 2935 2936
2944 2941 2937
2941 2944 2945
2937 2946 2944
2946 2937 2933
2932 2946 2933
2946 2932 2947
2940 2948 2943
2948 2940 2949
2941 2949 2940
2949 2941 2950
2951 2950 2941
2945 2951 2941
2952 2938 2939
2938 2952 2953
2954 2938 2953
2954 2955 2938
2932 2955 2947
2955 2932 2938
2956 2943 2948
2943 2956 2957
2958 2957 2956
2957 2958 2959
2959 2960 2957
2935 2957 2960
2957 2935 2943
2960 2942 2935
2942 2960 2961
2962 2942 2961
2942 2962 2963
2963 2939 2942
2939 2963 2952
2960 2959 2964
2964 2961 2960
2961 2964 2965
2966 2961 2965
2961 2966 2962
2967 2968 2969
2968 2967 2970
2971 2970 2967
2970 2971 2972
2972 2973 2970
2973 2972 2974
2975 2970 2973
2970 2975 2968
2976 2967 2969
2971 2967 2976
2977 2968 2975
2968 2977 2978
2978 2969 2968
2979 2978 2977
2969 2978 2980
2981 2980 2978
2979 2981 2978
2980 2981 2982
2982 2983 2980
2983 2969 2980
2983 2976 2969
2983 2982 2984
2971 2976 2985
2986 2972 2971
2971 2985 2986
2985 2987 2986
2988 2986 2987
2986 2988 2989
2987 2985 2990
2991 2989 2988
2972 2986 2989
2989 2974 2972
2974 2989 2992
2991 2992 2989
2993 2983 2984
2983 2993 2994
2995 2983 2994
2983 2995 2976
2996 2976 2995
2976 2996 2985
2997 2985 2996
2985 2997 2990
2993 2998 2994
2998 2993 2999
3000 2994 2998
2994 3000 2995
3001 2995 3000
2995 3001 2996
3002 2996 3001
2996 3002 2997
3003 3004 3005
3004 3003 3006
3007 3005 3004
3007 3008 3005
3009 3005 3008
3005 3009 3003
3006 3010 3004
3010 3006 3011
3008 3012 3009
3012 3008 3013
3007 3004 3014
3014 3004 3010
3015 3013 3008
3015 3008 3007
3016 3009 3012
3009 3016 3017
3017 3003 3009
3003 3017 3018
3018 3006 3003
3006 3018 3019
3019 3011 3006
3015 3020 3013
3020 3015 3021
3013 3022 3012
3022 3013 3020
3023 3012 3022
3016 3012 3023
3024 3010 3011
3025 3024 3011
3025 3011 3026
3011 3019 3026
3027 3021 3015
3021 3027 3028
3015 3029 3027
3029 3015 3007
3007 3030 3029
3030 3007 3014
3014 3031 3030
3031 3014 3032
3010 3032 3014
3010 3024 3033
3032 3010 3033
3027 3034 3028
3034 3027 3035
3036 3027 3029
3027 3036 3035
3037 3029 3030
3029 3037 3036
3038 3030 3031
3030 3038 3037
3039 3040 3041
3040 3039 3042
3043 3041 3040
3041 3043 3044
3040 3045 3043
3045 3040 3046
3042 3046 3040
3046 3042 3047
3048 3047 3042
3047 3048 3049
3050 3049 3048
3051 3042 3039
3042 3051 3048
3051 3052 3048
3050 3048 3052
3052 3051 3053
3051 3054 3053
3054 3051 3055
3044 3056 3041
3055 3041 3056
3056 3044 3057
3058 3044 3043
3044 3058 3059
3044 3059 3057
3058 3060 3059
3060 3057 3059
3060 3058 3061
3057 3060 3062
3063 3061 3058
3063 3058 3064
3043 3064 3058
3064 3043 3045
3055 3051 3039
3041 3055 3039
3055 3065 3054
3065 3055 3066
3056 3066 3055
3066 3056 3067
3057 3067 3056
3067 3057 3068
3062 3068 3057
3068 3062 3069
3070 3065 3066
3067 3070 3066
3065 3070 3071
3070 3067 3072
3068 3072 3067
3072 3068 3073
3069 3073 3068
3073 3069 3074
3075 3076 3077
3076 3075 3078
3079 3075 3077
3079 3080 3075
3080 3078 3075
3078 3080 3081
3082 3077 3076
3077 3082 3083
3084 3081 3080
3081 3084 3085
3079 3077 3086
3086 3077 3083
3087 3084 3080
3087 3080 3079
3085 3088 3081
3088 3085 3089
3081 3090 3078
3090 3081 3088
3090 3076 3078
3076 3090 3091
3092 3084 3087
3084 3092 3093
3093 3085 3084
3085 3093 3094
3095 3085 3094
3089 3085 3095
3082 3096 3083
3096 3082 3097
3098 3097 3082
3098 3082 3099
3076 3099 3082
3099 3076 3091
3087 3100 3092
3100 3087 3101
3101 3102 3100
3102 3101 3103
3101 3104 3103
3104 3101 3105
3101 3079 3105
3079 3101 3087
3079 3106 3105
3106 3079 3086
3086 3107 3106
3107 3086 3108
3083 3108 3086
3108 3083 3096
3109 3105 3106
3105 3109 3104
3110 3106 3107
3106 3110 3109
3111 3112 3113
3112 3111 3114
3113 3115 3111
3115 3113 3116
3117 3116 3113
3116 3117 3118
3113 3119 3117
3119 3113 3112
3120 3114 3111
3115 3120 3111
3112 3121 3119
3121 3112 3122
3114 3122 3112
3123 3121 3122
3122 3114 3124
3124 3125 3122
3123 3122 3125
3125 3124 3126
3127 3126 3124
3127 3124 3114
3127 3114 3120
3126 3127 3128
3115 3129 3120
3116 3130 3115
3115 3130 3129
3131 3129 3130
3130 3132 3131
3132 3130 3133
3129 3131 3134
3135 3132 3133
3130 3116 3133
3118 3133 3116
3133 3118 3136
3135 3133 3136
3127 3137 3128
3137 3127 3138
3120 3138 3127
3138 3120 3139
3129 3139 3120
3139 3129 3140
3141 3129 3134
3129 3141 3140
3138 3142 3137
3142 3138 3143
3139 3143 3138
3143 3139 3144
3140 3144 3139
3144 3140 3145
3146 3140 3141
3140 3146 3145
3147 3148 3149
3148 3147 3150
3151 3147 3149
3151 3149 3152
3149 3153 3152
3153 3149 3148
3154 3150 3147
3150 3154 3155
3156 3152 3153
3152 3156 3157
3151 3158 3147
3158 3154 3147
3159 3152 3157
3159 3151 3152
3153 3160 3156
3160 3153 3161
3148 3161 3153
3161 3148 3162
3150 3162 3148
3162 3150 3163
3155 3163 3150
3164 3159 3157
3159 3164 3165
3157 3166 3164
3166 3157 3156
3167 3166 3156
3160 3167 3156
3154 3168 3155
3169 3155 3168
3169 3170 3155
3163 3155 3170
3165 3171 3159
3171 3165 3172
3173 3159 3171
3159 3173 3151
3174 3151 3173
3151 3174 3158
3175 3158 3174
3158 3175 3176
3176 3154 3158
3168 3154 3177
3154 3176 3177
3178 3171 3172
3171 3178 3179
3180 3171 3179
3171 3180 3173
3181 3173 3180
3173 3181 3174
3182 3174 3181
3174 3182 3175
3183 3184 3185
3184 3183 3186
3185 3187 3183
3187 3185 3188
3189 3183 3187
3183 3189 3190
3190 3186 3183
3186 3190 3191
3191 3192 3186
3192 3191 3193
3194 3192 3193
3186 3195 3184
3195 3186 3192
3196 3195 3192
3194 3196 3192
3195 3196 3197
3198 3195 3197
3195 3198 3199
3199 3184 3195
3199 3185 3184
3200 3188 3185
3185 3199 3200
3188 3200 3201
3188 3202 3187
3202 3188 3203
3188 3201 3203
3204 3202 3203
3201 3204 3203
3202 3204 3205
3204 3201 3206
3207 3202 3205
3207 3208 3202
3208 3187 3202
3187 3208 3189
3209 3199 3198
3199 3209 3210
3210 3200 3199
3200 3210 3211
3211 3201 3200
3201 3211 3212
3212 3206 3201
3206 3212 3213
3209 3214 3210
3214 3211 3210
3214 3209 3215
3211 3214 3216
3216 3212 3211
3212 3216 3217
3217 3213 3212
3213 3217 3218
3219 3220 3221
3220 3219 3222
3223 3219 3221
3219 3223 3224
3225 3219 3224
3219 3225 3226
3226 3222 3219
3222 3226 3227
3220 3228 3221
3228 3220 3229
3221 3230 3223
3230 3221 3228
3231 3232 3233
3232 3231 3234
3235 3231 3233
3231 3235 3236
3236 3237 3231
3237 3234 3231
3237 3236 3238
3239 3237 3238
3237 3239 3240
3240 3241 3237
3234 3237 3241
3241 3240 3242
3243 3244 3245
3244 3246 3245
3246 3247 3245
3243 3245 3248
3245 3249 3248
3247 3249 3245
3250 3251 3252
3253 3250 3252
3253 3254 3250
3254 3255 3250
3255 3256 3250
3256 3251 3250
3257 3258 3259
3257 3259 3260
3261 3262 3263
3264 3261 3263
3265 3266 3267
3265 3268 3266
3266 3269 3267
3270 3269 3266
3271 3270 3266
3268 3271 3266
3272 3270 3271
3265 3267 3273
3269 3273 3267
3269 3274 3273
3274 3275 3273
3275 3276 3273
3276 3265 3273
3274 3277 3275
3278 3275 3277
3277 3279 3278
3280 3275 3278
3280 3276 3275
3278 3281 3280
3272 3271 3282
3282 3283 3272
3268 3284 3271
3282 3271 3284
3284 3285 3282
3286 3287 3288
3287 3286 3289
3287 3290 3288
3290 3287 3291
3289 3292 3287
3292 3291 3287
3292 3289 3293
3294 3292 3293
3292 3294 3295
3296 3295 3294
3295 3296 3297
3298 3295 3297
3295 3298 3299
3299 3292 3295
3288 3300 3286
3300 3288 3301
3302 3288 3290
3288 3302 3301
3291 3292 3303
3292 3299 3303
3304 3297 3296
3297 3304 3305
3306 3297 3305
3297 3306 3298
3307 3308 3309
3308 3307 3310
3310 3311 3308
3311 3310 3312
3313 3311 3312
3311 3313 3314
3315 3314 3313
3314 3315 3316
3317 3316 3315
3316 3317 3318
3319 3318 3317
3318 3319 3320
3321 3320 3319
3320 3321 3322
3323 3322 3321
3322 3323 3324
3325 3324 3323
3326 3327 3328
3327 3326 3329
3330 3328 3327
3328 3330 3331
3331 3330 3332
3332 3333 3331
3332 3334 3333
3334 3335 3333
3335 3334 3336
3336 3337 3335
3338 3337 3336
3339 3338 3336
3338 3339 3340
3341 3340 3339
3340 3341 3342
3343 3342 3341
3342 3343 3344
3345 3344 3343
3346 3347 3348
3347 3346 3349
3349 3350 3347
3350 3349 3351
3351 3352 3350
3352 3351 3353
3354 3346 3348
3346 3354 3355
3348 3356 3354
3356 3357 3354
3353 3358 3352
3358 3353 3359
3359 3360 3358
3360 3359 3361
3361 3362 3360
3362 3361 3363
3364 3362 3363
3362 3364 3365
3366 3365 3364
3356 3367 3357
3368 3367 3356
3369 3367 3368
3370 3369 3368
3369 3370 3371
3372 3371 3370
3371 3372 3373
3374 3373 3372
3373 3374 3375
3367 3369 3376
3377 3375 3374
3375 3377 3378
3379 3378 3377
3378 3379 3380
3381 3380 3379
3380 3381 3382
3381 3383 3382
3383 3381 3384
3385 3383 3384
3386 3387 3388
3389 3390 3391
3390 3389 3392
3389 3393 3392
3393 3389 3394
3394 3395 3393
3395 3394 3396
3391 3390 3397
3396 3398 3395
3398 3396 3399
3399 3400 3398
3400 3399 3401
3401 3402 3400
3402 3401 3403
3403 3404 3402
3404 3403 3405
3406 3404 3405
3407 3408 3409
3409 3410 3407
3411 3407 3410
3412 3407 3411
3408 3413 3414
3413 3415 3414
3416 3415 3413
3417 3416 3413
3418 3419 3420
3419 3421 3420
3419 3422 3421
3419 3423 3422
3424 3418 3425
3424 3425 3426
3424 3426 3427
3427 3428 3424
3428 3429 3424
3430 3431 3432
3431 3430 3433
3434 3430 3432
3430 3434 3435
3436 3431 3433
3431 3436 3437
3436 3438 3437
3438 3436 3439
3440 3441 3442
3442 3441 3443
3444 3441 3440
3445 3441 3444
3445 3446 3441
3447 3443 3441
3448 3447 3441
3446 3448 3441
3449 3450 3451
3450 3449 3452
3451 3453 3449
3453 3451 3454
3454 3455 3453
3455 3454 3456
3456 3457 3455
3457 3456 3458
3458 3459 3457
3459 3458 3460
3460 3461 3459
3461 3460 3462
3463 3461 3462
3461 3463 3464
3452 3465 3450
3465 3452 3466
3466 3467 3465
3468 3467 3466
3469 3468 3466
3468 3469 3470
3469 3471 3470
3471 3469 3472
3463 3473 3464
3472 3474 3471
3474 3472 3475
3475 3476 3474
3475 3477 3476
3477 3475 3478
3479 3477 3478
3480 3464 3473
3480 3481 3464
3481 3480 3482
3483 3481 3482
3481 3483 3484
3485 3484 3483
3484 3485 3486
3487 3486 3485
3486 3487 3488
3489 3488 3487
3488 3489 3490
3491 3490 3489
3490 3491 3492
3493 3492 3491
3492 3493 3494
3495 3494 3493
3494 3495 3496
3496 3495 3497
3498 3496 3497
3498 3499 3496
3499 3498 3500
3501 3499 3500
3499 3501 3502
3503 3502 3501
3502 3503 3504
3504 3503 3505
3506 3504 3505
3504 3506 3507
3508 3507 3506
3509 3510 3511
3509 3511 3512
3511 3513 3512
3511 3514 3513
3513 3514 3515
3515 3514 3516
3514 3517 3516
3516 3517 3518
3518 3517 3519
3519 3517 3520
3521 3522 3523
3522 3524 3523
3524 3525 3523
3524 3526 3525
3524 3527 3526
3524 3528 3527
3522 3521 3529
3529 3530 3522
3529 3531 3530
3532 3533 3534
3533 3532 3535
3536 3537 3538
3537 3536 3539
3540 3541 3542
3543 3542 3541
3544 3545 3546
3547 3545 3544
3548 3549 3550
3551 3549 3548
3552 3549 3551
3553 3549 3552
3554 3549 3553
3555 3549 3554
3556 3549 3555
3550 3549 3557
3557 3549 3558
3558 3549 3559
3559 3549 3560
3560 3549 3561
3561 3549 3562
3562 3549 3563
3563 3549 3564
3564 3549 3565
3556 3566 3549
3566 3567 3549
3567 3568 3549
3568 3569 3549
3569 3570 3549
3570 3571 3549
3571 3572 3549
3573 3565 3549
3574 3573 3549
3575 3574 3549
3576 3575 3549
3577 3576 3549
3578 3577 3549
3579 3578 3549
3580 3579 3549
3572 3580 3549
3581 3307 3309
3307 3581 3582
3583 3582 3581
3582 3583 3584
3583 3585 3584
3585 3583 3586
3586 3587 3585
3587 3586 3588
3588 3589 3587
3589 3588 3590
3590 3591 3589
3591 3590 3592
3592 3593 3591
3593 3592 3594
3594 3595 3593
3595 3594 3596
3597 3595 3596
3598 3326 3599
3326 3598 3329
3599 3600 3598
3600 3599 3601
3601 3602 3600
3602 3601 3603
3602 3603 3604
3604 3603 3605
3605 3606 3604
3606 3605 3607
3608 3606 3607
3608 3609 3606
3609 3608 3610
3610 3611 3609
3611 3610 3612
3612 3613 3611
3613 3612 3614
3615 3613 3614
3616 3617 3618
3619 3620 3621
3620 3619 3622
3623 3619 3621
3619 3623 3624
3625 3624 3623
3624 3625 3626
3622 3627 3620
3628 3626 3625
3626 3628 3629
3630 3629 3628
3629 3630 3631
3632 3631 3630
3631 3632 3633
3634 3633 3632
3633 3634 3635
3636 3635 3634
3637 3638 3639
3638 3637 3640
3641 3640 3637
3642 3641 3637
3639 3643 3644
3644 3643 3645
3646 3644 3645
3647 3644 3646
3648 3649 3650
3650 3649 3651
3650 3651 3652
3650 3652 3653
3654 3655 3648
3654 3656 3655
3654 3657 3656
3657 3654 3658
3658 3654 3659
3660 3661 3662
3661 3660 3663
3661 3664 3662
3664 3661 3665
3666 3667 3668
3667 3666 3669
3667 3670 3668
3670 3667 3671
3672 3673 3674
3672 3675 3673
3673 3675 3676
3673 3676 3677
3676 3678 3677
3678 3679 3677
3677 3679 3680
3679 3681 3680
3681 3682 3680
3682 3683 3680
3684 3685 3686
3686 3685 3687
3687 3685 3688
3687 3688 3689
3687 3689 3690
3687 3690 3691
3692 3684 3686
3686 3693 3692
3692 3693 3694
3695 3696 3697
3697 3698 3695
3699 3700 3701
3701 3702 3699
3703 3704 3705
3706 3703 3705
3707 3708 3709
3707 3710 3708
3711 3712 3713
3712 3711 3714
3715 3712 3714
3712 3715 3716
3717 3716 3715
3716 3717 3718
3719 3718 3717
3718 3719 3720
3721 3720 3719
3720 3721 3722
3723 3722 3721
3722 3723 3724
3725 3724 3723
3724 3725 3726
3725 3727 3726
3727 3725 3728
3729 3727 3728
3730 3731 3732
3731 3730 3733
3734 3732 3731
3732 3734 3735
3735 3734 3736
3736 3737 3735
3736 3738 3737
3738 3739 3737
3739 3738 3740
3740 3741 3739
3742 3741 3740
3740 3743 3742
3743 3740 3744
3744 3745 3743
3745 3744 3746
3746 3747 3745
3747 3746 3748
3749 3747 3748
3750 3751 3752
3751 3750 3753
3754 3753 3750
3753 3754 3755
3754 3756 3755
3756 3754 3757
3758 3752 3751
3752 3758 3759
3751 3760 3758
3757 3761 3756
3761 3757 3762
3763 3761 3762
3761 3763 3764
3765 3764 3763
3764 3765 3766
3767 3766 3765
3766 3767 3768
3769 3768 3767
3770 3771 3772
3773 3774 3775
3774 3773 3776
3777 3776 3773
3776 3777 3778
3777 3779 3778
3779 3777 3780
3775 3774 3781
3780 3782 3779
3782 3780 3783
3783 3784 3782
3784 3783 3785
3786 3784 3785
3784 3786 3787
3788 3787 3786
3787 3788 3789
3790 3789 3788
3791 3792 3793
3794 3795 3796
3795 3797 3796
3798 3797 3795
3799 3798 3795
3800 3794 3801
3801 3802 3800
3802 3801 3803
3803 3804 3802
3804 3803 3805
3805 3806 3804
3806 3805 3807
3807 3808 3806
3809 3810 3811
3812 3809 3811
3809 3812 3813
3814 3813 3812
3813 3814 3815
3816 3815 3814
3815 3816 3817
3817 3816 3818
3819 3820 3810
3820 3819 3821
3820 3821 3822
3822 3823 3820
3823 3824 3820
3825 3826 3827
3826 3825 3828
3829 3830 3831
3830 3829 3832
3833 3834 3835
3834 3833 3836
3837 3834 3836
3834 3837 3838
3834 3839 3835
3839 3834 3840
3841 3834 3838
3834 3841 3840
3842 3843 3844
3843 3842 3845
3844 3846 3842
3846 3844 3847
3847 3848 3846
3848 3847 3849
3849 3850 3848
3850 3849 3851
3851 3852 3850
3852 3851 3853
3853 3854 3852
3854 3853 3855
3856 3854 3855
3854 3856 3857
3845 3858 3843
3858 3845 3859
3859 3860 3858
3861 3860 3859
3862 3861 3859
3861 3862 3863
3864 3863 3862
3863 3864 3865
3856 3866 3857
3864 3867 3865
3867 3864 3868
3868 3869 3867
3870 3869 3868
3869 3870 3871
3872 3871 3870
3873 3857 3866
3873 3874 3857
3874 3873 3875
3876 3874 3875
3874 3876 3877
3878 3877 3876
3877 3878 3879
3880 3879 3878
3879 3880 3881
3882 3881 3880
3881 3882 3883
3884 3883 3882
3883 3884 3885
3886 3885 3884
3885 3886 3887
3888 3887 3886
3887 3888 3889
3889 3888 3890
3891 3889 3890
3891 3892 3889
3892 3891 3893
3893 3894 3892
3894 3893 3895
3896 3894 3895
3894 3896 3897
3897 3896 3898
3898 3899 3897
3899 3898 3900
3901 3899 3900
3902 3903 3904
3905 3902 3904
3906 3905 3904
3904 3907 3906
3908 3907 3904
3907 3908 3909
3908 3910 3909
3910 3908 3911
3910 3911 3912
3912 3911 3913
3914 3908 3904
3915 3916 3917
3916 3915 3918
3918 3919 3916
3918 3920 3919
3921 3917 3916
3922 3917 3921
3921 3923 3922
3921 3924 3923
3921 3925 3924
3916 3926 3921
3927 3928 3929
3928 3930 3929
3931 3932 3933
3934 3931 3933
3935 3936 3937
3936 3938 3937
3939 3940 3941
3942 3941 3940
3943 3944 3945
3946 3943 3945
3947 3948 3949
3950 3948 3947
3951 3711 3713
3711 3951 3952
3951 3953 3952
3953 3951 3954
3954 3955 3953
3955 3954 3956
3956 3957 3955
3957 3956 3958
3958 3959 3957
3959 3958 3960
3960 3961 3959
3961 3960 3962
3962 3963 3961
3963 3962 3964
3965 3963 3964
3963 3965 3966
3967 3966 3965
3968 3969 3970
3969 3968 3971
3970 3972 3968
3972 3970 3973
3973 3974 3972
3974 3973 3975
3974 3975 3976
3976 3975 3977
3977 3978 3976
3978 3977 3979
3980 3978 3979
3981 3978 3980
3978 3981 3982
3983 3982 3981
3982 3983 3984
3985 3984 3983
3984 3985 3986
3987 3986 3985
3988 3989 3990
3989 3988 3991
3991 3992 3989
3992 3991 3993
3994 3992 3993
3992 3994 3995
3990 3996 3988
3996 3990 3997
3988 3996 3998
3999 3995 3994
3995 3999 4000
3999 4001 4000
4001 3999 4002
4002 4003 4001
4003 4002 4004
4004 4005 4003
4005 4004 4006
4007 4005 4006
4008 4009 4010
4011 4012 4013
4012 4011 4014
4013 4015 4011
4015 4013 4016
4017 4015 4016
4015 4017 4018
4014 4019 4012
4020 4018 4017
4018 4020 4021
4022 4021 4020
4021 4022 4023
4022 4024 4023
4024 4022 4025
4025 4026 4024
4026 4025 4027
4028 4026 4027
4029 4030 4031
4032 4033 4034
4032 4034 4035
4035 4036 4032
4033 4032 4037
4037 4032 4038
4039 4040 4036
4039 4041 4040
4041 4039 4042
4042 4043 4041
4043 4042 4044
4044 4045 4043
4045 4044 4046
4046 4047 4045
4048 4049 4050
4051 4048 4050
4052 4048 4051
4048 4053 4049
4053 4054 4055
4056 4055 4054
4055 4056 4057
4058 4057 4056
4057 4058 4059
4060 4059 4058
4059 4060 4061
4060 4062 4061
4063 4064 4065
4064 4063 4066
4067 4068 4069
4068 4067 4070
4071 4072 4073
4073 4072 4074
4074 4075 4073
4076 4071 4073
4073 4077 4076
4076 4077 4078
4074 4072 4079
4079 4080 4074
4080 4081 4074
4081 4082 4074
4083 4084 4085
4086 4085 4084
4085 4086 4087
4086 4088 4087
4088 4089 4087
4090 4083 4085
4091 4090 4085
4092 4083 4090
4090 4093 4092
4090 4094 4093
4090 4095 4094
4096 4097 4098
4097 4099 4098
4100 4101 4102
4103 4100 4102
4104 4105 4106
4105 4107 4106
4108 4109 4110
4111 4108 4110
4112 4113 4114
4115 4112 4114
4116 4117 4118
4116 4119 4117
4120 4121 4122
4121 4120 4123
4122 4124 4120
4124 4122 4125
4125 4126 4124
4126 4125 4127
4127 4128 4126
4128 4127 4129
4129 4130 4128
4130 4129 4131
4131 4132 4130
4132 4131 4133
4133 4134 4132
4134 4133 4135
4135 4136 4134
4136 4135 4137
4137 4138 4136
4138 4137 4139
4139 4140 4138
4140 4139 4141
4141 4142 4140
4142 4141 4143
4143 4144 4142
4144 4143 4145
4145 4146 4144
4146 4145 4147
4147 4148 4146
4148 4147 4149
4150 4148 4149
4151 4121 4123
4152 4153 4154
4153 4152 4155
4156 4157 4158
4157 4156 4159
4160 4161 4162
4161 4160 4163
4164 4165 4166
4165 4164 4167
4168 4169 4170
4171 4172 4173
4174 4175 4176
4177 4178 4179
4180 4181 4182
4183 4184 4185
4186 4187 4188
4189 4190 4191
4192 4193 4194
4193 4195 4194
4195 4196 4194
4196 4197 4194
4197 4198 4194
4199 4192 4194
4200 4199 4194
4201 4200 4194
4202 4201 4194
4203 4202 4194
4192 4204 4193
4204 4195 4193
4204 4192 4205
4199 4205 4192
4205 4199 4206
4200 4206 4199
4206 4200 4207
4201 4207 4200
4207 4201 4208
4202 4208 4201
4208 4202 4209
4203 4209 4202
4209 4203 4210
4211 4210 4203
4210 4211 4212
4211 4213 4212
4213 4211 4214
4214 4215 4213
4215 4214 4216
4216 4217 4215
4217 4216 4218
4218 4216 4194
4214 4211 4194
4216 4214 4194
4218 4219 4217
4220 4219 4218
4219 4220 4221
4221 4222 4219
4219 4222 4217
4222 4221 4223
4224 4218 4194
4218 4224 4220
4194 4225 4224
4213 4226 4212
4227 4212 4226
4226 4228 4227
4228 4229 4227
4229 4228 4230
4231 4230 4228
4228 4232 4231
4233 4232 4228
4228 4226 4233
4232 4233 4234
4233 4235 4234
4230 4231 4236
4230 4236 4237
4237 4238 4230
4238 4237 4239
4238 4239 4240
4240 4241 4238
4241 4240 4242
4241 4242 4243
4244 4241 4243
4241 4244 4245
4245 4244 4246
4247 4245 4246
4245 4247 4248
4248 4247 4249
4250 4248 4249
4248 4250 4251
4251 4250 4252
4252 4253 4251
4253 4252 4254
4253 4254 4255
4255 4256 4253
4256 4255 4257
4256 4257 4258
4258 4259 4256
4259 4258 4260
4259 4260 4261
4251 4262 4248
4262 4251 4263
4264 4248 4262
4248 4264 4245
4251 4265 4263
4266 4245 4264
4245 4266 4241
4266 4238 4241
4238 4266 4267
4267 4230 4238
4230 4267 4229
4265 4204 4263
4204 4265 4268
4195 4204 4268
4269 4195 4268
4265 4269 4268
4195 4269 4196
4270 4196 4269
4196 4270 4197
4271 4197 4270
4197 4271 4198
4271 4272 4198
4198 4272 4273
4270 4274 4271
4275 4272 4271
4275 4271 4274
4274 4276 4275
4277 4276 4274
4277 4274 4278
4277 4278 4279
4279 4278 4280
4278 4281 4280
4273 4194 4198
4194 4273 4282
4274 4283 4278
4283 4274 4270
4269 4283 4270
4283 4269 4284
4284 4259 4283
4259 4281 4278
4259 4278 4283
4259 4284 4256
4253 4256 4284
4265 4284 4269
4253 4284 4265
4259 4261 4281
4194 4282 4225
4251 4253 4265
4203 4194 4211
4285 4286 4287
4286 4285 4288
4289 4285 4287
4285 4289 4290
4290 4289 4291
4291 4292 4290
4292 4291 4293
4294 4288 4285
4285 4290 4294
4288 4294 4295
4288 4296 4286
4290 4292 4297
4290 4297 4294
4295 4298 4288
4288 4298 4296
4298 4299 4296
4300 4299 4298
4300 4298 4295
4299 4300 4301
4297 4217 4294
4217 4295 4294
4217 4297 4215
4297 4213 4215
4213 4297 4302
4297 4292 4302
4226 4213 4302
4295 4217 4222
4222 4300 4295
4223 4300 4222
4300 4223 4301
4303 4226 4302
4304 4303 4302
4305 4303 4304
4304 4293 4305
4303 4305 4235
4304 4292 4293
4292 4304 4302
4233 4303 4235
4226 4303 4233
4263 4205 4262
4205 4263 4204
4206 4262 4205
4262 4206 4264
4207 4264 4206
4264 4207 4266
4208 4266 4207
4266 4208 4267
4209 4267 4208
4267 4209 4229
4210 4229 4209
4229 4210 4227
4212 4227 4210
4306 4307 4308
4307 4306 4309
4310 4309 4306
4309 4310 4311
4312 4311 4310
4311 4312 4313
4314 4313 4312
4313 4314 4315
4314 4316 4315
4316 4314 4317
4307 4318 4308
4318 4307 4319
4318 4319 4320
4308 4321 4306
4321 4308 4322
4310 4323 4312
4323 4314 4312
4323 4310 4324
4321 4325 4324
4325 4321 4326
4322 4326 4321
4326 4327 4325
4327 4326 4328
4314 4323 4329
4329 4317 4314
4317 4329 4330
4324 4331 4323
4331 4324 4325
4327 4331 4325
4330 4332 4317
4332 4330 4333
4331 4327 4334
4327 4335 4334
4335 4327 4336
4328 4336 4327
4336 4328 4337
4338 4328 4326
4328 4338 4339
4340 4339 4338
4341 4339 4340
4342 4339 4341
4339 4342 4343
4328 4343 4337
4343 4328 4339
4344 4337 4343
4337 4344 4345
4346 4345 4344
4345 4346 4347
4336 4348 4335
4348 4336 4349
4337 4349 4336
4349 4337 4345
4349 4350 4348
4351 4348 4350
4350 4352 4351
4350 4353 4352
4348 4351 4354
4354 4355 4348
4355 4354 4356
4350 4357 4353
4356 4358 4355
4358 4356 4359
4357 4350 4360
4350 4349 4360
4347 4357 4360
4360 4345 4347
4345 4360 4349
4355 4335 4348
4361 4347 4346
4346 4362 4361
4362 4346 4363
4363 4364 4362
4364 4363 4365
4365 4366 4364
4364 4366 4367
4367 4368 4364
4369 4364 4368
4369 4362 4364
4367 4366 4370
4370 4366 4365
4365 4371 4370
4372 4370 4371
4370 4372 4373
4370 4373 4367
4372 4374 4373
4374 4372 4375
4375 4376 4374
4376 4375 4377
4377 4375 4378
4379 4378 4375
4375 4372 4379
4372 4371 4379
4379 4380 4378
4380 4379 4342
4342 4379 4371
4378 4381 4377
4377 4381 4382
4376 4377 4382
4383 4382 4381
4376 4382 4384
4382 4385 4384
4385 4382 4386
4383 4386 4382
4387 4386 4383
4383 4388 4387
4388 4389 4387
4389 4388 4390
4388 4383 4391
4391 4383 4381
4391 4381 4392
4378 4392 4381
4386 4387 4393
4393 4385 4386
4394 4393 4387
4387 4389 4394
4393 4394 4395
4396 4395 4394
4395 4396 4397
4395 4398 4393
4385 4393 4398
4398 4395 4399
4400 4399 4395
4401 4391 4392
4402 4390 4388
4388 4391 4402
4401 4402 4391
4390 4402 4403
4402 4404 4403
4405 4403 4404
4403 4405 4406
4406 4407 4403
4407 4406 4408
4408 4409 4407
4394 4409 4396
4409 4408 4410
4410 4396 4409
4404 4411 4405
4411 4404 4412
4404 4402 4413
4413 4412 4404
4401 4413 4402
4412 4413 4414
4413 4401 4415
4415 4414 4413
4409 4390 4407
4403 4407 4390
4390 4409 4389
4409 4394 4389
4416 4412 4414
4416 4320 4412
4411 4412 4320
4414 4415 4417
4418 4417 4415
4417 4418 4419
4417 4419 4414
4415 4420 4418
4341 4418 4420
4341 4340 4418
4418 4340 4421
4340 4322 4421
4322 4340 4338
4326 4322 4338
4322 4422 4421
4422 4322 4308
4308 4318 4422
4423 4421 4422
4423 4418 4421
4422 4318 4424
4424 4318 4320
4380 4341 4420
4380 4342 4341
4380 4420 4378
4420 4392 4378
4420 4401 4392
4365 4343 4342
4343 4365 4344
4363 4344 4365
4344 4363 4346
4342 4371 4365
4420 4415 4401
4425 4426 4427
4426 4425 4428
4429 4425 4427
4425 4429 4430
4330 4428 4425
4428 4330 4329
4333 4425 4430
4425 4333 4330
4323 4428 4329
4428 4323 4331
4331 4426 4428
4426 4331 4334
4426 4358 4427
4358 4426 4334
4334 4355 4358
4355 4334 4335
4427 4359 4429
4359 4427 4358
4431 4432 4433
4431 4434 4432
4433 4435 4431
4431 4435 4436
4431 4436 4437
4306 4324 4310
4324 4306 4321
4347 4361 4438
4357 4347 4438
4317 4439 4440
4316 4317 4440
4317 4441 4439
4317 4332 4441
4397 4442 4443
4396 4442 4397
4442 4396 4444
4396 4410 4444
4397 4443 4445
4395 4397 4445
4395 4445 4400
4446 4443 4447
4443 4446 4448
4449 4448 4446
4448 4449 4450
4451 4452 4453
4454 4451 4453
4454 4455 4451
4454 4456 4455
4456 4457 4455
4455 4457 4458
4452 4451 4459
4460 4459 4451
4455 4460 4451
4461 4459 4460
4459 4461 4462
4459 4462 4463
4452 4459 4463
4462 4464 4463
4460 4465 4461
4465 4460 4466
4466 4467 4465
4467 4466 4468
4468 4469 4467
4469 4468 4470
4471 4469 4470
4469 4471 4472
4471 4473 4472
4473 4471 4474
4474 4475 4473
4475 4474 4476
4476 4477 4475
4477 4476 4478
4478 4479 4477
4479 4478 4480
4480 4481 4479
4481 4480 4482
4482 4483 4481
4483 4482 4484
4484 4485 4483
4485 4484 4486
4486 4487 4485
4487 4486 4488
4488 4489 4487
4489 4488 4490
4489 4490 4491
4491 4492 4489
4492 4491 4493
4494 4493 4491
4491 4490 4494
4493 4494 4495
4496 4482 4480
4480 4497 4496
4497 4498 4496
4499 4496 4498
4498 4500 4499
4499 4500 4501
4501 4502 4499
4502 4501 4503
4502 4503 4504
4500 4498 4505
4498 4506 4505
4507 4506 4498
4498 4497 4507
4506 4507 4508
4507 4509 4508
4510 4509 4507
4509 4510 4511
4510 4512 4511
4510 4513 4512
4513 4510 4514
4514 4515 4513
4514 4516 4515
4516 4514 4517
4517 4518 4516
4517 4519 4518
4519 4517 4520
4520 4521 4519
4522 4521 4520
4521 4522 4523
4522 4524 4523
4525 4524 4522
4524 4525 4526
4525 4527 4526
4528 4527 4525
4527 4528 4529
4528 4530 4529
4531 4520 4517
4520 4531 4532
4532 4522 4520
4517 4533 4531
4522 4532 4534
4534 4525 4522
4525 4534 4535
4535 4528 4525
4528 4535 4536
4466 4536 4535
4536 4466 4460
4460 4455 4536
4528 4536 4455
4535 4468 4466
4468 4535 4534
4470 4534 4532
4534 4470 4468
4532 4471 4470
4471 4532 4531
4531 4474 4471
4474 4531 4533
4533 4476 4474
4476 4533 4537
4514 4537 4533
4533 4517 4514
4537 4514 4510
4507 4537 4510
4537 4507 4497
4537 4478 4476
4478 4537 4497
4497 4480 4478
4528 4455 4458
4528 4458 4530
4458 4538 4530
4538 4529 4530
4529 4538 4539
4539 4527 4529
4527 4539 4540
4540 4526 4527
4526 4540 4541
4541 4524 4526
4524 4541 4542
4542 4523 4524
4523 4542 4543
4543 4521 4523
4521 4543 4544
4545 4521 4544
4521 4545 4519
4546 4519 4545
4519 4546 4518
4547 4518 4546
4518 4547 4516
4548 4516 4547
4516 4548 4515
4548 4513 4515
4513 4548 4549
4549 4512 4513
4512 4549 4550
4551 4512 4550
4512 4551 4511
4552 4511 4551
4511 4552 4509
4553 4509 4552
4509 4553 4508
4553 4506 4508
4506 4553 4554
4554 4505 4506
4505 4554 4555
4556 4505 4555
4505 4556 4500
4556 4501 4500
4501 4556 4557
4557 4503 4501
4503 4557 4558
4558 4504 4503
4504 4558 4559
4559 4560 4504
4560 4561 4504
4561 4560 4562
4562 4560 4563
4562 4564 4561
4562 4563 4565
4565 4564 4562
4566 4565 4563
4565 4566 4567
4567 4566 4568
4568 4569 4567
4569 4568 4570
4571 4569 4570
4569 4571 4572
4572 4573 4569
4573 4567 4569
4573 4572 4574
4572 4571 4575
4567 4576 4565
4567 4573 4576
4564 4565 4576
4574 4572 4577
4572 4575 4577
4577 4575 4578
4578 4579 4577
4579 4574 4577
4579 4578 4580
4490 4576 4573
4574 4490 4573
4576 4490 4488
4486 4576 4488
4576 4486 4564
4486 4581 4564
4581 4486 4484
4484 4582 4581
4499 4581 4582
4496 4499 4582
4581 4499 4502
4482 4496 4582
4582 4484 4482
4495 4579 4580
4579 4495 4494
4490 4574 4494
4494 4574 4579
4561 4581 4502
4581 4561 4564
4502 4504 4561
4583 4493 4495
4493 4583 4584
4584 4492 4493
4492 4584 4585
4495 4586 4583
4586 4495 4580
4580 4587 4586
4587 4580 4578
4575 4587 4578
4587 4575 4588
4575 4589 4588
4589 4575 4571
4570 4589 4571
4589 4570 4590
4568 4590 4570
4590 4568 4591
4566 4591 4568
4591 4566 4592
4566 4593 4592
4593 4566 4563
4563 4594 4593
4594 4563 4560
4560 4559 4594
4538 4458 4595
4457 4595 4458
4595 4457 4596
4456 4596 4457
4596 4456 4597
4454 4597 4456
4597 4454 4598
4453 4598 4454
4598 4453 4599
4453 4600 4599
4600 4453 4452
4463 4600 4452
4600 4463 4601
4602 4601 4463
4601 4602 4603
4604 4605 4606
4605 4604 4607
4607 4608 4605
4608 4607 4609
4610 4611 4612
4611 4610 4613
4614 4612 4611
4612 4614 4615
4610 4616 4613
4616 4610 4617
4617 4618 4616
4618 4617 4619
4619 4620 4618
4620 4619 4621
4622 4623 4624
4623 4622 4625
4626 4622 4624
4626 4624 4627
4623 4627 4624
4627 4623 4628
4622 4629 4625
4629 4622 4630
4631 4627 4628
4627 4631 4632
4626 4633 4622
4633 4630 4622
4634 4627 4632
4634 4626 4627
4628 4635 4631
4635 4628 4636
4628 4637 4636
4637 4628 4623
4625 4637 4623
4637 4625 4638
4632 4639 4634
4639 4632 4640
4632 4641 4640
4641 4632 4631
4642 4641 4631
4635 4642 4631
4630 4643 4629
4644 4629 4643
4644 4645 4629
4625 4645 4638
4645 4625 4629
4639 4646 4634
4646 4639 4647
4648 4634 4646
4634 4648 4626
4649 4626 4648
4626 4649 4633
4649 4650 4633
4650 4630 4633
4643 4630 4651
4630 4650 4651
4650 4649 4652
4647 4653 4646
4653 4648 4646
4653 4647 4654
4648 4653 4655
4655 4649 4648
4649 4655 4656
4656 4652 4649
4652 4656 4657
4658 4659 4660
4659 4658 4661
4662 4658 4660
4658 4662 4663
4663 4664 4658
4664 4661 4658
4664 4663 4665
4661 4664 4666
4667 4660 4659
4662 4660 4667
4668 4661 4666
4661 4668 4669
4669 4659 4661
4670 4669 4668
4659 4669 4671
4672 4671 4669
4670 4672 4669
4671 4672 4673
4674 4671 4673
4671 4674 4675
4662 4667 4676
4662 4677 4663
4677 4662 4678
4678 4679 4677
4679 4678 4680
4678 4681 4680
4681 4678 4676
4682 4677 4679
4682 4683 4677
4683 4663 4677
4663 4683 4665
4675 4659 4671
4662 4676 4678
4675 4667 4659
4684 4675 4674
4675 4684 4685
4685 4667 4675
4667 4685 4686
4686 4676 4667
4676 4686 4687
4684 4688 4685
4688 4684 4689
4690 4685 4688
4685 4690 4686
4691 4686 4690
4686 4691 4687
4692 4687 4691
4687 4692 4693
4693 4676 4687
4676 4693 4681
4694 4695 4696
4695 4694 4697
4698 4696 4695
4698 4699 4696
4699 4694 4696
4694 4699 4700
4701 4695 4697
4695 4701 4702
4699 4703 4700
4703 4699 4704
4698 4695 4705
4705 4695 4702
4706 4704 4699
4706 4699 4698
4707 4700 4703
4700 4707 4708
4700 4709 4694
4709 4700 4708
4709 4697 4694
4697 4709 4710
4711 4704 4706
4704 4711 4712
4704 4713 4703
4713 4704 4712
4714 4703 4713
4707 4703 4714
4715 4702 4701
4716 4715 4701
4716 4701 4717
4702 4715 4718
4717 4697 4710
4697 4717 4701
4719 4711 4706
4711 4719 4720
4721 4720 4719
4720 4721 4722
4723 4721 4719
4706 4723 4719
4723 4706 4698
4698 4724 4723
4724 4698 4705
4725 4724 4705
4702 4725 4705
4725 4702 4718
4724 4725 4726
4721 4723 4727
4724 4727 4723
4727 4724 4728
4726 4728 4724
4728 4726 4729
4730 4731 4732
4731 4730 4733
4731 4734 4732
4734 4731 4735
4736 4735 4731
4733 4736 4731
4735 4736 4737
4736 4733 4738
4739 4730 4732
4734 4739 4732
4733 4740 4738
4740 4733 4741
4730 4741 4733
4742 4740 4741
4741 4730 4743
4743 4744 4741
4742 4741 4744
4744 4743 4745
4743 4746 4745
4746 4743 4747
4734 4748 4739
4749 4734 4735
4734 4749 4750
4751 4750 4749
4750 4751 4752
4753 4750 4752
4750 4753 4748
4754 4751 4749
4754 4749 4755
4735 4755 4749
4755 4735 4737
4747 4743 4730
4734 4750 4748
4747 4730 4739
4747 4756 4746
4756 4747 4757
4739 4757 4747
4757 4739 4758
4748 4758 4739
4758 4748 4759
4760 4756 4757
4756 4760 4761
4762 4757 4758
4757 4762 4760
4763 4758 4759
4758 4763 4762
4759 4764 4763
4764 4759 4765
4748 4765 4759
4765 4748 4753
4766 4767 4768
4767 4766 4769
4770 4766 4768
4770 4771 4766
4771 4769 4766
4769 4771 4772
4773 4768 4767
4768 4773 4774
4771 4775 4772
4775 4771 4776
4770 4768 4777
4777 4768 4774
4778 4776 4771
4778 4771 4770
4779 4772 4775
4772 4779 4780
4772 4781 4769
4781 4772 4780
4781 4767 4769
4767 4781 4782
4782 4773 4767
4778 4783 4776
4783 4778 4784
4776 4785 4775
4785 4776 4783
4786 4775 4785
4779 4775 4786
4787 4774 4773
4788 4787 4773
4788 4773 4789
4774 4787 4790
4773 4782 4789
4790 4777 4774
4777 4790 4791
4778 4792 4784
4792 4778 4793
4770 4793 4778
4793 4770 4794
4770 4795 4794
4795 4770 4777
4791 4795 4777
4795 4791 4796
4797 4792 4793
4792 4797 4798
4799 4793 4794
4793 4799 4797
4800 4794 4795
4794 4800 4799
4796 4800 4795
4800 4796 4801
4802 4803 4804
4803 4802 4805
4804 4806 4802
4806 4804 4807
4804 4808 4807
4808 4804 4809
4803 4809 4804
4809 4803 4810
4803 4811 4810
4811 4803 4812
4805 4812 4803
4813 4811 4812
4812 4805 4814
4814 4815 4812
4813 4812 4815
4815 4814 4816
4814 4817 4816
4817 4814 4818
4818 4814 4805
4819 4806 4807
4806 4819 4820
4819 4821 4820
4821 4819 4822
4823 4820 4821
4820 4823 4824
4825 4822 4819
4825 4819 4826
4807 4826 4819
4826 4807 4808
4806 4820 4824
4824 4802 4806
4802 4824 4827
4805 4827 4818
4827 4805 4802
4818 4828 4817
4829 4827 4824
4827 4829 4830
4830 4818 4827
4828 4818 4831
4818 4830 4831
4832 4824 4823
4824 4832 4829
4833 4828 4831
4828 4833 4834
4835 4831 4830
4831 4835 4833
4836 4830 4829
4830 4836 4835
4837 4829 4832
4829 4837 4836
4838 4839 4840
4839 4838 4841
4842 4841 4838
4842 4838 4843
4840 4843 4838
4843 4840 4844
4841 4845 4839
4845 4841 4846
4847 4843 4844
4843 4847 4848
4842 4849 4841
4849 4846 4841
4850 4843 4848
4850 4842 4843
4844 4851 4847
4851 4844 4852
4844 4853 4852
4853 4844 4840
4839 4853 4840
4853 4839 4854
4845 4854 4839
4855 4850 4848
4850 4855 4856
4848 4857 4855
4857 4848 4847
4858 4857 4847
4851 4858 4847
4846 4859 4845
4860 4845 4859
4860 4861 4845
4854 4845 4861
4862 4850 4856
4850 4862 4863
4863 4842 4850
4842 4863 4864
4865 4842 4864
4842 4865 4849
4865 4866 4849
4867 4849 4866
4859 4846 4867
4849 4867 4846
4866 4865 4868
4862 4869 4863
4869 4862 4870
4871 4863 4869
4863 4871 4864
4872 4864 4871
4864 4872 4865
4872 4868 4865
4868 4872 4873
4874 4875 4876
4875 4874 4877
4878 4877 4874
4877 4878 4879
4880 4877 4879
4877 4880 4881
4881 4875 4877
4875 4881 4882
4883 4875 4882
4875 4883 4884
4884 4876 4875
4885 4884 4883
4876 4884 4886
4887 4886 4884
4885 4887 4884
4886 4887 4888
4889 4886 4888
4886 4889 4890
4890 4876 4886
4878 4891 4879
4891 4878 4892
4893 4891 4892
4891 4893 4894
4892 4895 4893
4895 4892 4896
4897 4891 4894
4897 4898 4891
4898 4879 4891
4879 4898 4880
4878 4896 4892
4874 4896 4878
4896 4874 4899
4876 4899 4874
4899 4876 4890
4900 4890 4889
4899 4901 4896
4901 4899 4902
4890 4902 4899
4890 4900 4903
4902 4890 4903
4904 4896 4901
4896 4904 4895
4900 4905 4903
4905 4900 4906
4907 4903 4905
4903 4907 4902
4907 4901 4902
4901 4907 4908
4909 4901 4908
4901 4909 4904
