byte offset: 0
first index: 0
index count: 8340
topology: trianglelist
format: DXGI_FORMAT_R16_UINT

0 1 2
0 2 3
0 3 4
0 4 5
0 5 6
0 6 7
0 7 8
0 8 9
0 9 10
0 10 11
0 11 12
0 12 13
0 13 1
14 15 16
15 17 16
17 15 18
18 19 17
19 18 20
20 21 19
21 20 22
23 22 20
20 24 23
25 23 24
24 26 25
26 24 27
27 28 26
28 27 29
23 25 30
30 31 23
22 23 31
31 30 32
33 29 27
29 33 34
27 35 33
35 27 24
24 20 35
22 36 21
22 37 36
31 37 22
37 38 36
38 37 39
39 40 38
40 39 41
41 42 40
42 41 43
43 44 42
44 43 45
45 46 44
46 45 47
47 48 46
48 47 49
50 48 49
48 50 51
52 51 50
51 52 53
54 53 52
53 54 55
56 55 54
55 56 57
58 57 56
57 58 59
60 59 58
59 60 61
62 61 60
61 62 63
49 64 50
64 49 65
50 66 52
66 50 64
52 67 54
67 52 66
54 68 56
68 54 67
56 69 58
69 56 68
58 70 60
70 58 69
71 60 70
60 71 62
65 72 64
72 65 73
74 73 65
65 47 74
47 75 74
75 47 45
45 76 75
76 45 43
43 77 76
77 43 41
41 78 77
78 41 39
39 79 78
79 39 37
80 78 79
80 79 81
78 80 82
82 77 78
77 82 83
83 76 77
76 83 84
84 75 76
75 84 85
85 74 75
74 85 86
73 74 86
31 79 37
32 79 31
81 79 32
87 81 32
81 87 88
87 89 88
89 87 90
90 91 89
91 90 92
92 93 91
93 92 94
93 95 91
95 89 91
89 95 96
96 88 89
88 96 97
97 81 88
81 97 98
98 80 81
80 98 99
99 82 80
82 99 100
100 83 82
83 100 101
101 84 83
84 101 102
102 85 84
85 102 103
103 86 85
86 103 104
47 65 49
64 105 66
105 64 72
106 66 105
66 106 67
107 67 106
67 107 68
108 68 107
68 108 69
109 69 108
69 109 70
110 70 109
70 110 71
16 111 14
16 112 111
112 16 17
17 113 112
113 17 19
19 114 113
114 19 21
21 115 114
115 21 36
36 116 115
116 36 38
38 117 116
117 38 40
40 118 117
118 40 42
42 119 118
119 42 44
44 120 119
120 44 46
46 121 120
121 46 48
48 122 121
122 48 51
51 123 122
123 51 53
53 124 123
124 53 55
55 125 124
125 55 57
57 126 125
126 57 59
59 127 126
127 59 61
63 127 61
127 63 128
129 130 131
130 129 132
132 133 130
133 132 134
134 135 133
135 134 136
137 129 131
129 137 138
139 138 137
138 139 140
141 140 139
140 141 142
129 143 132
143 129 144
138 144 129
140 145 138
144 138 145
145 140 146
142 146 140
146 142 147
148 147 142
147 148 149
150 149 148
149 150 151
152 139 137
139 152 153
153 141 139
141 153 154
155 142 141
142 155 148
154 155 141
155 154 156
157 148 155
148 157 150
158 150 157
150 158 159
160 159 158
159 160 161
162 161 160
161 162 163
164 163 162
163 164 165
166 165 164
165 166 167
168 167 166
167 168 169
169 168 170
168 171 170
166 172 168
168 172 171
172 166 173
164 173 166
173 174 172
172 174 171
174 173 175
176 174 175
174 176 177
174 177 171
176 178 177
177 178 171
179 171 178
178 180 179
180 181 179
181 171 179
181 180 182
183 181 182
181 183 184
184 171 181
185 184 183
183 186 185
186 183 187
184 185 188
180 178 189
178 176 189
188 171 184
190 182 180
182 190 191
192 191 190
191 192 193
192 194 193
194 192 195
195 196 194
196 195 197
198 196 197
196 198 199
200 199 198
199 200 201
202 201 200
201 202 203
204 203 202
203 204 205
202 206 204
206 202 207
200 207 202
207 200 208
198 208 200
208 198 209
197 209 198
209 197 210
195 210 197
210 195 211
207 212 206
212 207 213
208 213 207
209 214 208
213 208 214
214 209 215
210 215 209
215 210 216
211 216 210
216 211 217
218 217 211
211 192 218
192 211 195
190 218 192
218 190 219
180 219 190
219 180 189
217 218 220
219 220 218
220 219 221
189 221 219
212 213 222
223 214 215
224 214 223
225 214 224
226 224 223
227 217 220
217 227 228
229 228 227
228 229 230
230 231 228
231 230 232
232 233 231
233 232 234
234 235 233
235 222 223
233 235 223
235 234 236
236 237 235
237 236 238
238 239 237
239 238 240
241 240 238
240 241 242
243 238 236
238 243 241
244 236 234
236 244 243
245 234 232
234 245 244
230 245 232
245 230 246
215 231 233
231 215 216
216 228 231
228 216 217
247 242 241
242 247 248
249 248 247
248 249 250
241 251 247
251 241 243
243 252 251
252 243 244
244 253 252
253 244 245
245 254 253
254 245 246
246 255 254
255 246 256
246 229 256
229 257 256
257 229 258
227 258 229
258 227 259
258 175 257
175 258 176
259 176 258
176 259 189
220 259 227
259 220 221
189 259 221
256 260 255
260 256 257
257 175 260
261 255 260
255 261 262
262 254 255
173 260 175
173 261 260
263 262 261
173 263 261
173 164 263
162 263 164
263 162 264
262 263 264
160 264 162
264 160 265
265 160 158
266 264 265
264 266 262
254 262 266
266 253 254
253 266 267
265 267 266
158 267 265
267 252 253
252 267 268
268 251 252
251 268 156
156 247 251
247 156 249
269 267 158
269 268 267
269 270 268
270 269 271
157 269 158
271 269 157
157 272 271
273 132 143
132 273 134
274 134 273
134 274 136
275 136 276
136 275 135
275 277 135
278 135 277
135 278 133
278 130 133
130 278 279
279 131 130
131 279 280
280 137 131
137 280 152
277 275 281
282 283 284
283 282 285
284 286 282
286 284 287
285 288 283
288 285 289
286 290 282
290 286 291
292 282 290
282 292 285
285 293 289
293 285 292
289 294 288
294 289 295
296 294 295
294 296 297
298 296 295
289 298 295
298 289 293
296 298 299
300 297 296
299 300 296
297 300 301
300 302 301
303 302 300
300 299 303
291 304 305
304 291 286
287 304 286
304 287 306
307 308 309
308 307 310
311 309 308
309 311 312
313 307 309
307 313 314
315 309 312
309 315 313
311 316 312
316 311 317
317 318 316
318 317 319
318 320 316
320 312 316
312 320 315
320 318 321
319 322 318
322 321 318
322 319 323
322 323 324
325 322 324
321 322 325
326 310 307
314 326 307
310 326 327
328 327 326
327 328 329
330 328 326
328 330 331
326 314 330
332 333 334
333 332 335
334 336 332
336 334 337
337 338 336
338 337 339
339 340 338
340 339 341
341 342 340
342 341 343
343 344 342
344 343 345
343 346 345
346 347 345
347 344 345
346 343 348
341 348 343
348 341 349
339 349 341
349 339 350
337 350 339
350 337 351
337 352 351
352 337 334
333 352 334
352 333 353
354 355 356
355 354 357
358 357 354
357 358 359
360 359 358
359 360 361
362 356 355
356 362 363
364 363 362
363 364 365
366 365 364
365 366 367
360 368 361
368 360 369
357 370 355
370 362 355
370 357 371
359 371 357
372 364 362
362 370 372
364 372 373
373 366 364
366 373 374
371 359 375
375 361 376
368 376 361
361 375 359
377 370 371
370 377 378
378 372 370
379 373 372
372 378 379
373 379 380
380 374 373
374 380 381
382 371 375
371 382 377
383 375 376
375 383 382
381 384 374
385 374 384
374 385 366
385 367 366
367 385 386
384 381 387
387 388 384
388 387 389
390 384 388
384 390 385
388 391 390
390 391 392
390 392 393
392 394 393
394 392 395
395 396 386
397 386 396
396 203 397
205 397 203
397 205 398
398 399 397
386 397 399
399 398 400
203 396 201
401 201 396
396 395 401
201 401 199
402 199 401
199 402 196
403 196 402
196 403 194
404 194 403
194 404 193
405 193 404
193 405 191
406 400 398
400 406 407
398 408 406
409 406 408
408 410 409
410 408 411
412 410 411
410 412 413
406 409 414
414 407 406
412 415 413
415 412 416
205 411 408
411 205 204
206 411 204
411 206 412
412 212 416
212 412 206
408 398 205
417 410 413
410 417 418
419 418 417
418 419 420
421 420 419
420 421 422
423 413 415
413 423 424
423 425 424
425 423 426
426 427 425
427 426 428
420 429 418
429 410 418
410 429 409
429 420 430
422 430 420
430 422 431
432 426 423
426 432 433
434 433 432
433 434 435
435 436 433
436 426 433
426 436 428
436 435 437
438 434 432
434 438 439
440 439 438
439 440 441
415 440 438
440 415 416
440 240 441
242 441 240
441 242 442
442 443 441
443 442 444
445 444 442
444 445 446
240 440 239
416 239 440
239 416 212
442 248 445
248 442 242
250 445 248
445 250 447
447 446 445
444 448 443
448 444 449
446 449 444
449 450 448
450 449 451
452 451 449
449 446 452
451 452 453
451 454 450
454 451 455
453 455 451
455 453 456
446 447 457
457 452 446
452 457 458
458 453 452
453 458 459
459 456 453
456 459 460
461 462 463
462 461 464
465 463 462
463 465 466
414 464 461
464 414 409
461 467 414
407 414 467
467 461 468
463 468 461
468 463 469
466 469 463
469 466 470
191 405 182
183 182 405
183 405 471
183 471 187
404 471 405
471 404 472
472 187 471
403 472 404
472 403 473
402 473 403
473 402 474
401 474 402
474 401 395
187 472 475
473 475 472
476 187 475
475 477 476
478 476 477
476 478 479
479 186 476
187 476 186
186 479 480
480 185 186
185 480 481
481 188 185
188 481 482
482 483 188
188 483 171
477 475 484
475 473 484
473 474 484
484 474 391
391 477 484
477 485 478
485 477 391
391 474 392
474 395 392
391 388 485
229 246 230
423 438 432
438 423 415
222 235 237
237 239 222
239 212 222
233 223 215
376 368 486
487 488 489
487 490 488
491 488 490
488 491 492
493 492 491
492 493 494
495 494 493
494 495 496
496 497 494
498 494 497
497 499 498
500 498 499
498 500 501
502 501 500
501 502 503
499 497 504
505 504 497
497 496 505
504 505 506
503 507 501
507 503 508
509 501 507
501 509 498
494 498 509
496 495 510
496 510 511
505 496 511
512 511 510
511 512 513
514 513 512
513 514 515
516 515 514
515 516 517
518 517 516
517 518 519
520 519 518
519 520 521
522 521 520
521 522 523
522 524 523
524 522 525
525 526 524
526 525 527
527 528 526
528 527 529
529 530 528
530 529 531
531 532 530
532 531 533
533 534 532
534 533 535
535 536 534
536 535 537
538 523 524
523 538 539
540 524 526
524 540 538
541 526 528
526 541 540
542 528 530
528 542 541
543 530 532
530 543 542
544 532 534
532 544 543
545 534 536
534 545 544
546 539 538
539 546 547
548 538 540
538 548 546
549 540 541
540 549 548
550 541 542
541 550 549
551 542 543
542 551 550
552 543 544
543 552 551
544 553 552
553 544 545
547 554 539
521 539 554
555 521 554
521 555 519
556 519 555
519 556 517
557 517 556
517 557 515
558 515 557
515 558 513
559 513 558
513 559 511
539 521 523
558 560 559
560 561 559
560 558 562
557 562 558
562 557 563
556 563 557
563 556 564
555 564 556
564 555 565
505 511 559
506 505 559
561 506 559
561 566 506
566 561 567
568 566 567
566 568 569
570 569 568
569 570 571
572 571 570
571 572 573
572 570 574
568 574 570
574 568 575
567 575 568
575 567 576
561 576 567
576 561 577
560 577 561
577 560 578
562 578 560
578 562 579
563 579 562
579 563 580
564 580 563
580 564 581
565 581 564
581 565 582
583 582 565
565 554 583
554 565 555
554 547 583
582 583 584
490 487 585
586 490 585
490 586 491
587 491 586
491 587 493
588 493 587
493 588 495
589 495 588
495 589 510
590 510 589
510 590 512
591 512 590
512 591 514
592 514 591
514 592 516
593 516 592
516 593 518
594 518 593
518 594 520
595 520 594
520 595 522
596 522 595
522 596 525
597 525 596
525 597 527
598 527 597
527 598 529
599 529 598
529 599 531
600 531 599
531 600 533
601 533 600
533 601 535
601 537 535
537 601 602
393 603 390
604 605 606
604 607 605
608 605 607
605 608 609
610 609 608
609 610 611
612 611 610
611 612 613
613 614 611
615 611 614
611 615 616
617 616 615
616 617 618
614 613 619
613 612 620
613 620 621
621 619 613
622 621 620
621 622 623
624 623 622
623 624 625
626 625 624
625 626 627
628 627 626
627 628 629
628 630 629
630 628 631
632 621 623
625 632 623
621 632 633
619 621 633
619 633 634
632 625 635
627 635 625
635 627 636
629 636 627
636 629 637
638 629 630
629 638 637
639 633 632
633 639 634
635 639 632
639 635 640
636 640 635
640 636 641
637 641 636
641 637 642
638 642 637
642 638 643
644 619 634
644 645 619
645 644 646
647 645 646
645 647 648
649 648 647
648 649 650
651 650 649
650 651 652
653 654 655
656 657 658
659 658 657
658 659 660
661 660 659
660 661 662
663 664 665
664 666 665
666 664 667
667 668 666
668 667 669
669 670 668
670 669 671
672 673 674
675 673 672
673 675 676
677 676 675
676 677 678
679 680 681
682 680 679
680 682 683
684 683 682
683 684 685
686 685 684
685 686 687
618 688 689
688 618 617
690 691 692
691 690 693
694 693 690
693 694 695
696 695 694
695 696 697
691 698 692
698 691 699
699 700 698
700 699 701
701 702 700
702 701 703
703 704 702
704 703 705
705 706 704
706 705 707
700 708 698
708 700 709
702 709 700
709 702 710
704 710 702
710 704 711
712 698 708
698 712 692
713 692 712
692 713 690
714 690 713
690 714 694
715 694 714
694 715 696
704 716 711
716 717 711
718 711 717
711 718 719
720 719 718
719 720 721
717 716 722
718 723 720
723 718 724
717 724 718
724 725 723
725 724 726
726 727 725
727 726 728
729 726 724
724 717 729
722 729 717
726 729 730
730 728 726
728 730 731
732 730 729
729 722 732
730 732 733
733 731 730
731 733 734
728 735 727
735 728 736
731 736 728
737 735 736
735 737 738
739 738 737
738 739 740
741 740 739
740 741 742
739 743 741
743 739 744
737 744 739
744 737 745
736 745 737
744 746 743
746 744 747
745 747 744
747 745 748
749 748 745
745 736 749
748 749 750
751 742 741
742 751 752
753 752 751
752 753 754
751 755 753
755 751 756
741 756 751
756 741 743
756 757 755
757 756 758
743 758 756
758 743 746
754 759 752
759 754 760
761 752 759
759 762 761
763 761 762
761 763 764
763 765 764
765 763 766
762 759 767
760 767 759
768 765 766
765 768 769
764 742 761
742 764 740
765 740 764
740 765 738
735 765 769
765 735 738
752 761 742
763 770 766
770 763 771
771 772 770
772 771 773
773 774 772
774 773 775
766 776 768
776 766 777
778 776 777
776 778 779
780 779 778
779 780 781
782 773 771
763 782 771
782 763 762
773 782 783
783 775 773
775 783 784
779 785 776
785 779 786
786 787 785
787 786 788
789 788 786
789 779 781
779 789 786
788 789 790
787 791 785
791 787 792
792 793 791
793 792 794
793 768 791
768 793 769
725 793 794
794 723 725
723 794 795
796 795 794
795 796 797
797 798 795
798 797 799
793 725 727
727 769 793
769 727 735
795 720 723
720 795 798
798 721 720
721 798 800
799 800 798
801 797 796
797 801 802
802 799 797
803 802 801
802 803 804
804 805 802
799 802 805
805 804 806
807 804 803
804 807 808
808 806 804
806 808 809
800 799 810
805 810 799
810 805 811
806 811 805
811 806 812
809 812 806
812 809 813
814 815 816
815 814 817
818 816 815
816 818 819
820 819 818
819 820 821
822 817 814
817 822 823
824 823 822
823 824 825
824 826 825
826 824 827
828 826 827
829 821 820
821 829 830
831 832 833
832 831 834
833 835 831
835 833 836
837 832 834
832 837 838
839 838 837
838 839 840
841 840 839
840 841 842
843 842 841
836 844 835
844 836 845
845 846 844
846 845 847
848 849 850
849 848 851
852 848 850
848 852 853
854 853 852
853 854 855
856 855 854
855 856 857
858 857 856
857 858 859
860 859 858
859 860 861
862 849 851
863 864 865
864 863 866
866 867 864
867 866 868
868 869 867
869 868 870
865 871 863
871 865 872
872 873 871
873 872 874
874 875 873
875 874 876
876 877 875
877 876 755
757 877 755
877 757 878
873 879 871
879 873 880
875 880 873
880 875 881
877 881 875
881 877 882
878 882 877
882 878 883
884 871 879
871 884 863
884 866 863
866 884 885
885 868 866
868 885 886
886 870 868
870 886 887
888 889 890
889 888 891
891 892 889
892 891 893
890 767 888
767 890 762
894 888 767
767 760 894
888 894 895
895 891 888
891 895 896
896 893 891
893 896 897
776 791 768
791 776 785
749 734 750
734 749 731
736 731 749
898 899 900
899 898 901
902 901 898
901 902 903
904 903 902
903 904 905
906 900 899
900 906 907
906 908 907
908 906 909
910 908 909
908 910 911
912 911 910
911 912 913
914 915 916
915 914 917
918 916 915
916 918 919
918 920 919
920 918 921
921 922 920
922 921 923
923 924 922
924 923 925
926 924 925
924 926 927
928 917 914
917 928 929
930 931 932
931 930 933
934 933 930
933 934 935
936 932 931
932 936 937
938 939 940
939 938 941
938 942 941
942 938 943
944 940 939
940 944 945
946 947 948
947 946 949
950 946 948
946 950 951
949 952 947
952 949 953
954 955 956
955 954 957
954 958 957
958 954 959
960 958 959
958 960 961
962 961 960
961 962 963
962 964 963
964 962 965
966 967 968
967 966 969
967 970 968
970 967 971
972 970 971
970 972 973
974 975 976
975 974 977
974 978 977
978 974 979
980 981 982
981 980 983
980 984 983
984 980 985
985 986 984
986 985 987
987 988 986
988 987 989
989 990 988
990 989 991
991 992 990
992 991 993
981 994 982
994 981 995
995 996 994
996 995 997
997 998 996
998 997 999
1000 998 999
998 1000 1001
1000 1002 1001
1002 1000 1003
1004 1002 1003
1002 1004 1005
1006 1005 1004
1005 1006 1007
1008 1007 1006
1007 1008 1009
1010 1011 1012
1011 1010 1013
1012 1014 1010
1014 1012 1015
1015 1016 1014
1016 1015 1017
1017 1018 1016
1018 1017 1019
1020 1021 1022
1021 1020 1023
1024 1023 1020
1023 1024 1025
1026 1025 1024
1025 1026 1027
1028 1027 1026
1027 1028 1029
1030 1031 1032
1031 1030 1033
1034 1030 1032
1030 1034 1035
1036 1035 1034
1035 1036 1037
716 704 706
1038 1039 1040
1039 1041 1040
1041 1039 1042
1042 1043 1041
1043 1042 1044
1044 1045 1043
1045 1044 1046
1047 1046 1044
1044 1048 1047
1048 1044 1049
1049 1050 1048
1050 1049 1051
1046 1047 1052
1046 1053 1045
1046 1054 1053
1052 1054 1046
1054 1055 1053
1055 1054 1056
1056 1057 1055
1057 1056 1058
1058 1059 1057
1059 1058 1060
1060 1061 1059
1061 1060 1062
1063 1061 1062
1061 1063 1064
1054 1065 1056
1065 1058 1056
1065 1054 1066
1054 1052 1066
1052 1067 1066
1058 1065 1068
1068 1060 1058
1060 1068 1069
1069 1062 1060
1062 1069 1070
1062 1071 1063
1071 1062 1070
1066 1072 1065
1072 1066 1067
1072 1068 1065
1068 1072 1073
1073 1069 1068
1069 1073 1074
1074 1070 1069
1070 1074 1075
1075 1071 1070
1071 1075 1076
1077 1067 1052
1078 1077 1052
1077 1078 1079
1078 1080 1079
1080 1078 1081
1081 1082 1080
1082 1081 1083
1083 1084 1082
1084 1083 1085
1086 1087 1088
1089 1090 1091
1090 1092 1091
1092 1090 1093
1093 1094 1092
1094 1093 1095
1096 1097 1098
1099 1098 1097
1098 1099 1100
1101 1100 1099
1100 1101 1102
1103 1102 1101
1102 1103 1104
1105 1106 1107
1107 1108 1105
1108 1107 1109
1109 1110 1108
1110 1109 1111
1112 1113 1114
1114 1115 1112
1115 1114 1116
1116 1117 1115
1117 1116 1118
1118 1119 1117
1119 1118 1120
1121 1051 1122
1051 1121 1050
14 1123 15
1038 1124 1039
1125 1126 1127
1125 1128 1126
1125 1129 1128
1125 1130 1129
1125 1131 1130
1125 1132 1131
1125 1133 1132
1125 1134 1133
1125 1135 1134
1125 1136 1135
1125 1137 1136
1125 1138 1137
1125 1139 1138
1125 1140 1139
1125 1141 1140
1126 1142 1127
1143 1128 1129
1128 1143 1144
1129 1145 1143
1145 1129 1130
1130 1146 1145
1146 1130 1131
1131 1147 1146
1147 1131 1132
1132 1148 1147
1148 1132 1133
1133 1149 1148
1149 1133 1134
1134 1150 1149
1150 1134 1135
1135 1151 1150
1151 1135 1136
1137 1151 1136
1151 1137 1152
1138 1152 1137
1152 1138 1153
1139 1153 1138
1153 1139 1154
1140 1154 1139
1154 1140 1155
1141 1155 1140
1155 1141 1156
1157 1156 1141
1125 1157 1141
1125 1158 1157
1125 1159 1158
1125 1160 1159
1125 1127 1160
1156 1157 1161
1158 1161 1157
1161 1158 1162
1159 1162 1158
1162 1159 1163
1160 1163 1159
1163 1160 1164
1127 1164 1160
1164 1127 1142
1142 1126 1165
1126 1144 1165
1144 1126 1128
1166 1167 1168
1166 1169 1167
1166 1170 1169
1166 1171 1170
1166 1172 1171
1166 1173 1172
1166 1174 1173
1166 1175 1174
1166 1176 1175
1166 1177 1176
1166 1178 1177
1166 1179 1178
1166 1168 1179
1180 1181 1182
1180 1182 1183
1180 1183 1184
1180 1184 1185
1180 1185 1186
1180 1186 1187
1180 1187 1188
1180 1188 1189
1180 1189 1190
1180 1190 1191
1180 1191 1192
1180 1192 1193
1180 1193 1194
1180 1194 1195
1180 1195 1196
1197 1182 1181
1183 1198 1184
1199 1184 1198
1184 1199 1185
1200 1185 1199
1185 1200 1186
1201 1186 1200
1186 1201 1187
1201 1188 1187
1188 1201 1202
1203 1188 1202
1188 1203 1189
1204 1189 1203
1189 1204 1190
1205 1190 1204
1190 1205 1191
1206 1191 1205
1191 1206 1192
1206 1193 1192
1193 1206 1207
1207 1194 1193
1194 1207 1208
1208 1195 1194
1195 1208 1209
1209 1196 1195
1196 1209 1210
1210 1211 1196
1180 1196 1211
1180 1211 1212
1180 1212 1213
1180 1213 1214
1180 1214 1181
1211 1210 1215
1215 1212 1211
1212 1215 1216
1216 1213 1212
1213 1216 1217
1217 1214 1213
1214 1217 1218
1218 1181 1214
1181 1218 1197
1182 1197 1219
1220 1182 1219
1182 1220 1183
1198 1183 1220
1221 1222 1223
1221 1224 1222
1221 1225 1224
1221 1226 1225
1221 1227 1226
1221 1228 1227
1221 1229 1228
1221 1230 1229
1221 1231 1230
1221 1232 1231
1221 1233 1232
1221 1234 1233
1221 1223 1234
1235 1236 1237
1235 1237 1238
1235 1238 1239
1235 1239 1240
1235 1240 1241
1235 1241 1242
1235 1242 1243
1235 1243 1244
1235 1244 1245
1235 1245 1246
1235 1246 1247
1235 1247 1248
1235 1248 1236
1249 1250 1251
1252 1250 1249
1249 1253 1252
1253 1249 1254
1250 1252 1255
1255 1256 1250
1257 1250 1256
1250 1257 1258
1258 1251 1250
1256 1255 1259
1260 1252 1253
1252 1260 1261
1261 1255 1252
1255 1261 1262
1255 1262 1259
1262 1263 1259
1264 1261 1260
1261 1264 1265
1265 1262 1261
1262 1265 1266
1266 1263 1262
1263 1266 1267
1268 1265 1264
1265 1268 1269
1269 1266 1265
1266 1269 1270
1270 1267 1266
1267 1270 1271
1272 1269 1268
1269 1272 1273
1273 1270 1269
1270 1273 1274
1274 1271 1270
1271 1274 1275
1275 1276 1271
1271 1276 1277
1267 1271 1277
1276 1275 1278
1278 1279 1276
1276 1279 1280
1279 1278 1281
1282 1279 1281
1279 1282 1283
1283 1284 1279
1279 1284 1280
1284 1285 1280
1285 1284 1286
1286 1287 1285
1287 1286 1288
1288 1289 1287
1289 1288 1290
1291 1290 1288
1290 1291 1292
1292 1293 1290
1293 1289 1290
1293 1292 1294
1295 1294 1292
1292 1291 1295
1294 1295 1296
1291 1297 1295
1288 1298 1291
1298 1288 1286
1291 1298 1297
1298 1299 1297
1300 1286 1284
1286 1300 1298
1301 1298 1300
1298 1301 1299
1302 1299 1301
1299 1302 1303
1303 1304 1299
1299 1304 1297
1304 1303 1305
1305 1306 1304
1306 1305 1307
1307 1308 1306
1308 1307 1309
1310 1305 1303
1305 1310 1311
1305 1311 1312
1313 1311 1310
1311 1313 1314
1314 1315 1311
1311 1315 1312
1315 1314 1316
1317 1303 1302
1303 1317 1310
1318 1310 1317
1310 1318 1313
1317 1319 1318
1319 1317 1320
1302 1320 1317
1320 1302 1321
1301 1321 1302
1321 1301 1322
1300 1322 1301
1322 1300 1283
1284 1283 1300
1283 1323 1322
1323 1283 1282
1324 1322 1323
1322 1324 1321
1325 1321 1324
1321 1325 1320
1326 1320 1325
1320 1326 1319
1282 1327 1323
1327 1282 1328
1281 1328 1282
1328 1281 1329
1281 1330 1329
1330 1281 1278
1278 1331 1330
1331 1278 1275
1275 1332 1331
1332 1275 1274
1274 1333 1332
1333 1274 1273
1273 1334 1333
1334 1273 1272
1325 1335 1326
1336 1333 1334
1333 1336 1337
1337 1332 1333
1332 1337 1338
1338 1331 1332
1331 1338 1339
1339 1330 1331
1330 1339 1340
1340 1329 1330
1329 1340 1341
1342 1329 1341
1329 1342 1328
1343 1328 1342
1328 1343 1327
1344 1327 1343
1327 1344 1345
1345 1323 1327
1323 1345 1324
1346 1324 1345
1324 1346 1325
1335 1325 1346
1347 1345 1344
1345 1347 1346
1348 1346 1347
1346 1348 1335
1341 1349 1342
1349 1341 1350
1341 1351 1350
1352 1342 1349
1342 1352 1343
1353 1343 1352
1343 1353 1344
1354 1344 1353
1344 1354 1347
1355 1347 1354
1347 1355 1348
1356 1350 1351
1351 1357 1356
1357 1351 1358
1340 1358 1351
1358 1340 1339
1339 1359 1358
1359 1339 1338
1338 1360 1359
1360 1338 1337
1337 1361 1360
1361 1337 1336
1362 1360 1361
1360 1362 1363
1363 1359 1360
1359 1363 1364
1358 1364 1357
1364 1358 1359
1362 1365 1363
1363 1365 1364
1364 1365 1357
1357 1365 1356
1356 1365 1366
1350 1356 1366
1367 1350 1366
1366 1365 1367
1350 1367 1349
1368 1349 1367
1367 1365 1368
1349 1368 1352
1369 1352 1368
1368 1365 1369
1352 1369 1353
1370 1353 1369
1369 1365 1370
1353 1370 1354
1371 1354 1370
1370 1365 1371
1354 1371 1355
1372 1373 1374
1373 1372 1375
1376 1374 1373
1374 1376 1377
1377 1378 1374
1378 1377 1379
1380 1379 1377
1379 1380 1381
1380 1280 1381
1280 1380 1382
1383 1374 1378
1374 1383 1372
1375 1384 1373
1384 1375 1385
1373 1259 1376
1259 1373 1384
1263 1376 1259
1382 1276 1280
1276 1382 1277
1382 1386 1277
1382 1387 1386
1386 1388 1277
1267 1389 1263
1389 1267 1277
1376 1263 1389
1377 1376 1389
1377 1389 1380
1390 1312 1391
1312 1390 1392
1305 1312 1392
1315 1393 1312
1393 1315 1394
1316 1394 1315
1394 1316 1395
1351 1341 1340
1396 1397 1398
1397 1396 1295
1297 1397 1295
1304 1399 1297
1399 1304 1306
1399 1306 1308
1251 1258 1400
1251 1401 1249
1401 1251 1402
1401 1254 1249
1254 1401 1403
1404 1405 1406
1405 1404 1407
1408 1404 1406
1404 1408 1409
1410 1409 1408
1409 1410 1411
1412 1411 1410
1411 1412 1413
1412 1414 1413
1414 1412 1415
1415 1416 1414
1404 1417 1407
1417 1404 1418
1409 1418 1404
1418 1409 1419
1409 1420 1419
1420 1409 1411
1421 1411 1413
1411 1421 1420
1414 1421 1413
1421 1414 1422
1416 1422 1414
1423 1407 1417
1407 1423 1424
1424 1405 1407
1405 1424 1425
1426 1427 1428
1427 1429 1428
1429 1430 1428
1430 1431 1428
1431 1432 1428
1432 1426 1428
1432 1433 1426
1433 1432 1434
1431 1434 1432
1435 1433 1434
1433 1435 1436
1437 1436 1435
1436 1437 1438
1434 1431 1439
1440 1434 1439
1434 1440 1441
1439 1442 1440
1442 1439 1443
1431 1443 1439
1443 1431 1430
1444 1441 1440
1441 1444 1445
1442 1446 1440
1446 1442 1447
1448 1449 1450
1449 1448 1451
1452 1451 1448
1451 1452 1453
1450 1454 1448
1454 1450 1455
1429 1451 1453
1451 1429 1427
1427 1449 1451
1449 1427 1426
1448 1456 1452
1456 1448 1454
1457 1429 1453
1429 1457 1430
1453 1458 1457
1458 1453 1452
1452 1459 1458
1459 1452 1460
1461 1462 1463
1462 1461 1464
1465 1464 1461
1464 1465 1466
1467 1466 1465
1466 1467 1468
1462 1469 1463
1469 1462 1470
1470 1471 1469
1471 1470 1472
1473 1471 1472
1471 1473 1474
1475 1470 1462
1470 1475 1476
1476 1472 1470
1475 1477 1476
1477 1475 1478
1478 1479 1477
1479 1478 1480
1472 1476 1481
1476 1482 1481
1482 1476 1483
1484 1481 1482
1481 1484 1485
1472 1485 1473
1485 1472 1481
1483 1486 1482
1486 1483 1487
1488 1484 1482
1484 1488 1489
1490 1491 1492
1491 1490 1493
1492 1494 1490
1494 1492 1495
1496 1493 1490
1493 1496 1497
1492 1466 1495
1466 1492 1464
1491 1464 1492
1464 1491 1462
1498 1490 1494
1490 1498 1496
1466 1499 1495
1499 1466 1468
1495 1500 1494
1500 1495 1499
1500 1501 1494
1501 1500 1502
1503 1504 1505
1504 1503 1506
1504 1507 1505
1508 1506 1503
1506 1508 1509
1510 1511 1512
1511 1510 1513
1514 1511 1513
1515 1510 1512
1510 1515 1516
1517 1518 1519
1518 1517 1520
1518 1521 1519
1522 1523 1524
1523 1522 1525
1526 1525 1522
1527 1528 1529
1528 1527 1530
1527 1531 1530
1531 1527 1532
1528 1533 1529
1534 1535 1536
1537 1538 1539
1540 1541 1542
1541 1540 1543
1543 1544 1541
1544 1543 1545
1546 1544 1545
1547 1548 1549
1550 1551 1552
1553 1554 1555
1554 1553 1556
1556 1557 1554
1557 1556 1558
1559 1556 1553
1556 1559 1560
1560 1558 1556
1560 1559 1561
1562 1561 1559
1553 1562 1559
1558 1560 1563
1560 1564 1563
1564 1560 1565
1560 1561 1565
1555 1566 1553
1562 1553 1566
1566 1555 1567
1568 1562 1566
1567 1568 1566
1562 1568 1569
1569 1570 1562
1570 1569 1571
1565 1561 1572
1573 1561 1562
1573 1562 1574
1575 1568 1567
1575 1576 1568
1568 1576 1577
1568 1577 1578
1577 1579 1578
1579 1577 1580
1576 1581 1577
1582 1577 1581
1577 1582 1583
1567 1584 1575
1585 1586 1587
1586 1585 1588
1588 1585 1589
1585 1590 1589
1590 1585 1591
1592 1591 1585
1592 1585 1587
1591 1592 1593
1593 1594 1591
1594 1593 1595
1596 1594 1595
1594 1596 1597
1591 1598 1590
1598 1591 1594
1597 1598 1594
1598 1597 1599
1600 1590 1598
1599 1600 1598
1590 1600 1601
1601 1589 1590
1600 1599 1602
1603 1601 1600
1601 1603 1604
1600 1605 1603
1605 1600 1602
1606 1604 1603
1604 1606 1607
1606 1608 1607
1609 1607 1608
1609 1604 1607
1603 1610 1606
1610 1603 1605
1611 1606 1610
1606 1611 1612
1606 1612 1608
1613 1601 1604
1604 1609 1613
1601 1613 1614
1589 1601 1614
1614 1615 1589
1615 1614 1616
1616 1617 1615
1617 1616 1618
1619 1618 1616
1619 1614 1613
1614 1619 1616
1618 1619 1620
1621 1620 1619
1620 1621 1622
1623 1622 1621
1622 1623 1624
1613 1625 1619
1625 1613 1609
1626 1625 1609
1625 1626 1627
1615 1628 1589
1628 1615 1629
1615 1630 1629
1631 1632 1609
1631 1609 1608
1612 1633 1608
1630 1634 1635
1630 1636 1634
1615 1636 1630
1636 1615 1617
1634 1587 1635
1586 1635 1587
1637 1587 1634
1587 1637 1638
1639 1638 1637
1638 1639 1640
1640 1641 1638
1641 1640 1642
1642 1643 1641
1643 1642 1644
1644 1645 1643
1645 1644 1646
1638 1592 1587
1592 1638 1641
1641 1593 1592
1593 1641 1643
1645 1593 1643
1593 1645 1595
1647 1595 1645
1646 1647 1645
1595 1647 1596
1647 1646 1648
1647 1649 1596
1650 1596 1649
1651 1650 1649
1650 1651 1652
1653 1652 1651
1652 1653 1654
1596 1650 1597
1652 1655 1650
1655 1597 1650
1655 1652 1656
1654 1656 1652
1597 1655 1599
1656 1657 1655
1657 1599 1655
1657 1656 1658
1599 1657 1602
1658 1659 1657
1659 1658 1660
1605 1657 1659
1657 1605 1602
1660 1661 1659
1661 1660 1662
1661 1662 1663
1664 1663 1662
1660 1664 1662
1610 1659 1661
1659 1610 1605
1661 1665 1610
1665 1661 1666
1661 1663 1666
1667 1658 1656
1656 1654 1667
1658 1667 1668
1669 1668 1667
1668 1669 1670
1671 1670 1669
1670 1671 1672
1672 1673 1670
1673 1668 1670
1673 1672 1674
1674 1675 1673
1675 1674 1676
1676 1677 1675
1677 1676 1678
1668 1673 1679
1679 1658 1668
1658 1679 1660
1664 1660 1679
1680 1679 1673
1679 1680 1664
1680 1681 1664
1681 1680 1682
1683 1664 1684
1683 1663 1664
1666 1663 1685
1686 1687 1688
1687 1689 1688
1690 1689 1687
1689 1690 1691
1692 1691 1690
1691 1692 1693
1694 1693 1692
1693 1694 1695
1696 1695 1694
1695 1696 1697
1696 1698 1697
1698 1696 1699
1686 1688 1700
1701 1686 1700
1700 1702 1701
1702 1703 1701
1702 1704 1703
1705 1701 1703
1706 1705 1703
1707 1706 1703
1704 1707 1703
1706 1708 1705
1708 1706 1709
1709 1710 1708
1710 1709 1711
1711 1712 1710
1712 1711 1713
1713 1714 1712
1714 1713 1715
1716 1711 1709
1711 1716 1717
1718 1711 1717
1711 1718 1713
1719 1713 1718
1713 1719 1715
1709 1720 1716
1720 1709 1706
1721 1720 1706
1707 1721 1706
1721 1722 1720
1722 1721 1723
1724 1723 1721
1707 1724 1721
1723 1724 1725
1707 1726 1724
1727 1726 1707
1704 1727 1707
1726 1727 1728
1728 1729 1726
1726 1730 1724
1730 1725 1724
1726 1729 1730
1725 1730 1731
1730 1732 1731
1729 1732 1730
1588 1589 1628
1733 1734 1735
1734 1733 1736
1733 1737 1736
1737 1733 1738
1739 1740 1741
1740 1739 1742
1743 1744 1745
1744 1743 1746
1747 1744 1746
1744 1747 1748
1749 1748 1747
1748 1749 1750
1751 1750 1749
1750 1751 1752
1753 1752 1751
1752 1753 1754
1755 1756 1757
1756 1755 1758
1759 1760 1761
1760 1759 1762
1763 1762 1759
1762 1763 1764
1765 1766 1767
1766 1765 1768
1769 1770 1771
1770 1769 1772
1773 1774 1775
1774 1773 1776
1777 1778 1779
1778 1777 1780
1780 1781 1778
1781 1780 1782
1783 1784 1785
1784 1783 1786
1787 1788 1789
1788 1787 1790
1791 1792 1793
1792 1791 1794
1795 1796 1797
1796 1795 1798
1799 1800 1801
1800 1799 1802
1803 1804 1805
1804 1803 1806
1805 1807 1803
1807 1805 1808
1808 1809 1807
1810 1811 1812
1811 1810 1813
1814 1815 1816
1815 1814 1817
1557 1816 1815
1816 1557 1558
1816 1818 1814
1818 1816 1819
1558 1819 1816
1819 1820 1818
1821 1818 1820
1821 1814 1818
1819 1558 1563
1822 1819 1563
1819 1822 1823
1819 1823 1820
1824 1817 1814
1814 1821 1824
1817 1824 1825
1821 1826 1824
1825 1824 1826
1826 1821 1827
1828 1827 1821
1827 1828 1829
1823 1830 1820
1831 1821 1820
1831 1832 1821
1825 1826 1833
1833 1826 1834
1826 1835 1834
1826 1836 1835
1837 1835 1836
1835 1837 1838
1834 1835 1839
1835 1840 1839
1840 1835 1841
1833 1842 1825
1654 1843 1844
1844 1845 1654
1845 1667 1654
1845 1846 1667
1846 1669 1667
1669 1846 1847
1669 1847 1848
1849 1669 1848
1669 1849 1671
1848 1850 1849
1848 1851 1850
1850 1851 1843
1844 1843 1851
1653 1843 1654
1843 1852 1850
1852 1843 1853
1653 1853 1843
1853 1854 1852
1854 1853 1855
1856 1855 1853
1853 1653 1856
1855 1856 1857
1858 1857 1856
1857 1858 1859
1860 1859 1858
1859 1860 1861
1651 1856 1653
1856 1651 1858
1651 1860 1858
1860 1651 1649
1649 1647 1860
1647 1861 1860
1861 1647 1648
1862 1863 1864
1864 1863 1865
1865 1866 1864
1866 1865 1867
1867 1868 1866
1868 1867 1869
1869 1870 1868
1870 1869 1871
1871 1872 1870
1872 1871 1873
1874 1872 1873
1872 1874 1875
1862 1876 1863
1877 1876 1862
1876 1877 1878
1878 1877 1879
1878 1879 1880
1881 1879 1877
1882 1879 1881
1883 1879 1882
1880 1879 1883
1884 1882 1881
1882 1884 1885
1886 1885 1884
1885 1886 1887
1888 1887 1886
1887 1888 1889
1890 1889 1888
1889 1890 1891
1887 1892 1885
1892 1887 1893
1894 1887 1889
1887 1894 1893
1895 1889 1891
1889 1895 1894
1896 1885 1892
1885 1896 1882
1897 1882 1896
1883 1882 1897
1898 1897 1896
1897 1898 1899
1899 1900 1897
1883 1897 1900
1900 1899 1901
1901 1902 1900
1903 1900 1902
1883 1900 1903
1903 1904 1883
1880 1883 1904
1904 1903 1905
1905 1903 1906
1903 1902 1906
1902 1901 1907
1902 1907 1908
1906 1902 1908
1909 1910 1911
1910 1909 1912
1913 1910 1912
1910 1913 1914
1915 1916 1917
1916 1915 1918
1919 1920 1921
1920 1919 1922
1920 1923 1921
1923 1920 1924
1924 1925 1923
1925 1924 1926
1926 1927 1925
1927 1926 1928
1928 1929 1927
1929 1928 1930
1931 1932 1933
1932 1931 1934
1935 1936 1937
1936 1935 1938
1938 1939 1936
1939 1938 1940
1941 1942 1943
1942 1941 1944
1945 1946 1947
1946 1945 1948
1949 1950 1951
1950 1949 1952
1953 1954 1955
1954 1953 1956
1957 1955 1954
1955 1957 1958
1959 1960 1961
1960 1959 1962
1963 1964 1965
1964 1963 1966
1967 1968 1969
1968 1967 1970
1971 1972 1973
1972 1971 1974
1975 1976 1977
1976 1975 1978
1979 1980 1981
1980 1979 1982
1983 1984 1985
1984 1983 1986
1987 1986 1983
1986 1987 1988
1987 1989 1988
1990 1991 1992
1992 1991 1993
1993 1991 1994
1994 1991 1995
1995 1991 1996
1996 1991 1990
1997 1996 1990
1996 1997 1998
1998 1995 1996
1997 1999 1998
1999 1997 2000
2000 2001 1999
2001 2000 2002
1995 1998 2003
1998 2004 2003
2004 1998 2005
2006 2003 2004
2003 2006 2007
1995 2007 1994
2007 1995 2003
2005 2008 2004
2008 2005 2009
2010 2006 2004
2006 2010 2011
2012 2013 2014
2013 2012 2015
2014 2016 2012
2016 2014 2017
2018 2015 2012
2015 2018 2019
2014 1993 2017
1993 2014 1992
2013 1992 2014
1992 2013 1990
2020 2012 2016
2012 2020 2018
1993 2021 2017
2021 1993 1994
2017 2022 2016
2022 2017 2021
2023 2016 2022
2016 2023 2024
2025 2026 2027
2026 2025 2028
2027 2029 2025
2029 2027 2030
2030 2031 2029
2031 2030 2032
2033 2026 2028
2026 2033 2034
2035 2034 2033
2034 2035 2036
2035 2037 2036
2037 2035 2038
2034 2039 2026
2039 2034 2040
2036 2040 2034
2041 2039 2040
2039 2041 2042
2043 2042 2041
2042 2043 2044
2040 2036 2045
2046 2040 2045
2040 2046 2047
2045 2048 2046
2048 2045 2049
2036 2049 2045
2049 2036 2037
2050 2047 2046
2047 2050 2051
2048 2052 2046
2052 2048 2053
2054 2055 2056
2055 2054 2057
2058 2057 2054
2057 2058 2059
2056 2060 2054
2060 2056 2061
2030 2057 2059
2057 2030 2027
2027 2055 2057
2055 2027 2026
2054 2062 2058
2062 2054 2060
2063 2030 2059
2030 2063 2032
2059 2064 2063
2064 2059 2058
2065 2064 2058
2064 2065 2066
2067 2068 2069
2068 2067 2070
2067 2069 2071
2070 2072 2068
2072 2070 2073
2074 2075 2076
2075 2074 2077
2078 2076 2075
2074 2079 2077
2079 2074 2080
2081 2082 2083
2082 2081 2084
2081 2083 2085
2086 2087 2088
2087 2086 2089
2090 2087 2089
2091 2092 2093
2092 2091 2094
2095 2092 2094
2092 2095 2096
2091 2093 2097
2098 2099 2100
2101 2102 2103
2104 2105 2106
2105 2104 2107
2108 2106 2105
2106 2108 2109
2110 2109 2108
2111 2112 2113
2114 2115 2116
2117 2118 2119
2119 2120 2117
2121 2117 2120
2117 2121 2122
2120 2119 2123
2124 2123 2119
2119 2125 2124
2125 2119 2126
2118 2126 2119
2123 2124 2127
2120 2128 2121
2128 2120 2129
2123 2129 2120
2129 2123 2130
2123 2127 2130
2130 2127 2131
2129 2132 2128
2132 2129 2133
2130 2133 2129
2133 2130 2134
2131 2134 2130
2134 2131 2135
2136 2132 2133
2132 2136 2137
2138 2133 2134
2133 2138 2136
2139 2134 2135
2134 2139 2138
2140 2139 2135
2139 2140 2141
2131 2127 2142
2143 2131 2142
2142 2144 2143
2144 2142 2145
2145 2146 2144
2146 2145 2147
2148 2143 2144
2143 2148 2149
2149 2150 2143
2135 2150 2140
2131 2143 2150
2151 2140 2150
2150 2149 2151
2140 2151 2152
2140 2152 2141
2141 2152 2153
2144 2154 2148
2154 2144 2146
2155 2147 2145
2147 2155 2156
2145 2127 2155
2127 2145 2142
2153 2152 2157
2158 2157 2152
2157 2158 2159
2160 2159 2158
2159 2160 2161
2162 2161 2160
2161 2162 2163
2164 2163 2162
2159 2165 2157
2165 2159 2166
2161 2166 2159
2166 2167 2165
2167 2166 2168
2166 2169 2168
2168 2170 2167
2170 2168 2171
2172 2171 2168
2168 2169 2172
2171 2172 2173
2174 2173 2172
2173 2174 2175
2176 2175 2174
2175 2176 2177
2173 2178 2171
2178 2173 2179
2173 2180 2179
2179 2181 2178
2181 2179 2182
2183 2182 2179
2179 2180 2183
2182 2183 2184
2185 2171 2178
2171 2185 2170
2186 2178 2181
2178 2186 2185
2186 2187 2185
2188 2185 2187
2185 2188 2170
2189 2170 2188
2170 2189 2167
2190 2167 2189
2167 2190 2165
2190 2157 2165
2157 2190 2153
2187 2186 2191
2192 2184 2183
2183 2193 2192
2193 2183 2180
2184 2192 2194
2180 2195 2196
2195 2180 2197
2173 2197 2180
2198 2199 2200
2199 2198 2201
2201 2198 2202
2202 2198 2169
2202 2169 2166
2169 2198 2203
2204 2203 2198
2203 2204 2205
2166 2161 2202
2202 2163 2201
2163 2202 2161
2201 2164 2199
2164 2201 2163
2206 2172 2169
2172 2206 2174
2206 2176 2174
2126 2118 2207
2118 2208 2209
2208 2118 2117
2122 2208 2117
2208 2122 2210
2150 2135 2131
2211 2212 2213
2212 2211 2214
2211 2215 2214
2215 2211 2216
2217 2218 2219
2218 2217 2220
2219 2221 2217
2221 2219 2222
2223 2224 2225
2224 2223 2226
2227 2225 2224
2225 2227 2228
2223 2229 2226
2229 2223 2230
2231 2232 2233
2232 2231 2234
2235 2231 2233
2231 2235 2236
2237 2238 2239
2238 2237 2240
2241 2240 2237
2240 2241 2242
2243 2244 2245
2244 2243 2246
2247 2248 2249
2248 2247 2250
2251 2252 2253
2252 2251 2254
2253 2255 2251
2255 2253 2256
2257 2258 2259
2258 2257 2260
2261 2260 2257
2260 2261 2262
2263 2264 2265
2264 2263 2266
2267 2268 2269
2268 2267 2270
2271 2272 2273
2272 2271 2274
2274 2275 2272
2275 2274 2276
2277 2278 2279
2278 2277 2280
2277 2281 2280
2281 2277 2282
2283 2284 2285
2284 2283 2286
2287 2288 2289
2288 2287 2290
2291 2292 2293
2292 2291 2294
2293 2295 2291
2295 2293 2296
2297 2298 2299
2298 2297 2300
2301 2300 2297
2300 2301 2302
2303 2304 2305
2304 2303 2306
2307 2308 2309
2308 2307 2310
2311 2312 2313
2312 2311 2314
2315 2311 2313
2311 2315 2316
2317 2318 2319
2318 2317 2320
2317 2321 2320
2321 2317 2322
2323 2324 2325
2324 2323 2326
2327 2328 2329
2328 2327 2330
2331 2330 2327
2330 2331 2332
2331 2333 2332
2333 2331 2334
2334 2335 2333
2335 2334 2336
2336 2337 2335
2337 2336 2338
2338 2339 2337
2339 2338 2340
2341 2329 2328
