byte offset: 0
first index: 62868
index count: 2208
topology: trianglelist
format: DXGI_FORMAT_R16_UINT

18312 18313 18314
18313 18312 18315
18312 18316 18315
18317 18315 18316
18315 18317 18318
18317 18319 18318
18319 18317 18320
18321 18320 18317
18316 18321 18317
18320 18321 18322
18323 18322 18321
18322 18323 18324
18325 18324 18323
18324 18325 18326
18327 18326 18325
18326 18327 18328
18328 18329 18326
18329 18328 18330
18328 18331 18330
18332 18326 18329
18326 18332 18324
18333 18324 18332
18324 18333 18322
18334 18322 18333
18322 18334 18320
18335 18320 18334
18320 18335 18319
18328 18336 18331
18327 18336 18328
18337 18336 18327
18338 18319 18335
18335 18339 18338
18340 18319 18338
18318 18319 18340
18337 18327 18341
18318 18340 18315
18340 18313 18315
18342 18343 18341
18342 18344 18343
18342 18345 18344
18345 18342 18346
18327 18346 18342
18327 18342 18341
18346 18327 18325
18325 18347 18346
18347 18325 18323
18323 18348 18347
18348 18323 18321
18321 18316 18348
18346 18349 18345
18349 18346 18347
18347 18350 18349
18350 18347 18348
18348 18351 18350
18351 18348 18316
18316 18312 18351
18352 18353 18354
18353 18352 18355
18354 18356 18352
18356 18354 18357
18358 18357 18354
18357 18358 18359
18360 18355 18352
18360 18361 18355
18352 18356 18362
18361 18363 18355
18364 18362 18356
18354 18365 18358
18365 18354 18353
18366 18360 18352
18362 18366 18352
18367 18355 18363
18355 18367 18353
18368 18353 18367
18353 18368 18365
18369 18365 18368
18365 18369 18370
18370 18358 18365
18358 18370 18371
18371 18359 18358
18372 18371 18370
18371 18372 18373
18374 18373 18372
18373 18374 18375
18375 18376 18373
18376 18375 18377
18378 18373 18376
18373 18378 18371
18379 18375 18374
18375 18379 18380
18380 18377 18375
18381 18380 18379
18380 18381 18382
18383 18382 18381
18382 18383 18384
18385 18384 18383
18384 18385 18386
18387 18386 18385
18386 18387 18388
18387 18389 18388
18389 18387 18390
18390 18391 18389
18392 18389 18391
18391 18393 18392
18393 18391 18394
18394 18395 18393
18395 18394 18396
18396 18397 18395
18397 18396 18398
18398 18396 18399
18396 18400 18399
18396 18401 18400
18401 18396 18394
18402 18394 18391
18394 18402 18401
18391 18390 18402
18389 18392 18403
18403 18388 18389
18388 18403 18404
18404 18386 18388
18386 18404 18405
18406 18386 18405
18386 18406 18384
18407 18384 18406
18384 18407 18382
18408 18382 18407
18382 18408 18380
18377 18380 18408
18409 18410 18411
18409 18412 18410
18410 18413 18411
18413 18410 18414
18415 18414 18410
18414 18415 18416
18417 18416 18415
18416 18417 18418
18419 18410 18412
18410 18419 18415
18420 18415 18419
18415 18420 18417
18421 18417 18420
18417 18421 18422
18422 18418 18417
18418 18422 18423
18424 18423 18422
18423 18424 18425
18426 18425 18424
18427 18426 18424
18427 18422 18421
18422 18427 18424
18426 18427 18428
18425 18426 18429
18428 18430 18426
18430 18428 18431
18432 18426 18430
18426 18432 18429
18430 18433 18432
18433 18430 18434
18431 18434 18430
18434 18435 18433
18435 18434 18436
18434 18431 18437
18437 18436 18434
18436 18437 18438
18436 18439 18435
18439 18436 18440
18438 18440 18436
18440 18441 18439
18441 18440 18442
18442 18443 18441
18443 18442 18444
18445 18444 18442
18444 18445 18446
18446 18447 18444
18447 18446 18448
18448 18449 18447
18449 18448 18450
18451 18447 18449
18447 18451 18452
18452 18444 18447
18444 18452 18443
18450 18453 18449
18453 18450 18454
18449 18455 18451
18455 18449 18453
18454 18456 18453
18457 18453 18456
18458 18453 18457
18458 18455 18453
18459 18455 18458
18456 18454 18460
18454 18461 18460
18462 18450 18448
18450 18462 18463
18454 18463 18461
18463 18454 18450
18448 18464 18462
18446 18465 18464
18465 18446 18445
18466 18465 18445
18442 18466 18445
18466 18442 18440
18440 18438 18466
18464 18448 18446
18467 18468 18469
18468 18470 18469
18470 18468 18471
18471 18472 18470
18472 18471 18473
18473 18474 18472
18474 18473 18475
18469 18476 18467
18476 18469 18477
18470 18477 18469
18477 18478 18476
18478 18477 18479
18479 18480 18478
18480 18479 18481
18481 18482 18480
18482 18481 18483
18484 18483 18481
18483 18484 18485
18486 18479 18477
18479 18486 18487
18481 18487 18484
18487 18481 18479
18488 18487 18486
18487 18488 18489
18489 18484 18487
18490 18489 18488
18489 18490 18491
18477 18470 18486
18486 18472 18488
18472 18486 18470
18474 18488 18472
18488 18474 18490
18491 18492 18489
18492 18485 18484
18484 18489 18492
18492 18491 18493
18493 18494 18492
18485 18492 18494
18494 18493 18495
18495 18496 18494
18496 18495 18497
18498 18494 18496
18494 18498 18485
18497 18499 18496
18499 18497 18500
18500 18501 18499
18501 18500 18502
18502 18503 18501
18503 18502 18504
18504 18505 18503
18505 18504 18506
18507 18505 18506
18505 18507 18508
18508 18509 18505
18509 18503 18505
18509 18508 18510
18503 18509 18511
18511 18501 18503
18512 18511 18509
18510 18512 18509
18511 18512 18513
18512 18514 18513
18515 18513 18514
18513 18515 18516
18517 18516 18515
18516 18517 18518
18514 18512 18519
18520 18519 18512
18512 18510 18520
18519 18520 18521
18522 18508 18507
18508 18522 18523
18523 18510 18508
18524 18523 18522
18523 18524 18525
18525 18526 18523
18526 18525 18527
18528 18526 18527
18526 18528 18529
18529 18521 18520
18520 18526 18529
18530 18527 18525
18531 18530 18525
18524 18531 18525
18530 18531 18532
18533 18530 18532
18530 18533 18534
18534 18527 18530
18527 18534 18528
18535 18528 18534
18528 18535 18536
18537 18535 18534
18533 18537 18534
18528 18538 18529
18538 18528 18536
18510 18523 18526
18521 18529 18538
18526 18520 18510
18539 18540 18541
18540 18539 18542
18541 18543 18539
18543 18541 18544
18544 18545 18543
18545 18544 18546
18546 18547 18545
18547 18546 18548
18549 18542 18539
18542 18549 18550
18539 18551 18549
18551 18539 18543
18543 18552 18551
18552 18543 18545
18553 18545 18547
18545 18553 18552
18554 18548 18546
18544 18554 18546
18554 18544 18555
18541 18555 18544
18555 18541 18556
18540 18556 18541
18556 18540 18557
18558 18550 18549
18550 18558 18559
18560 18559 18558
18559 18560 18561
18562 18561 18560
18561 18562 18563
18564 18563 18562
18563 18564 18565
18566 18565 18564
18565 18566 18567
18568 18567 18566
18567 18568 18569
18570 18569 18568
18569 18570 18571
18570 18572 18571
18572 18570 18573
18573 18574 18572
18574 18573 18575
18575 18576 18574
18576 18575 18577
18577 18578 18576
18578 18577 18579
18580 18578 18579
18581 18580 18579
18579 18582 18581
18581 18582 18583
18582 18584 18583
18585 18584 18582
18584 18585 18586
18585 18587 18586
18587 18585 18588
18588 18589 18587
18589 18588 18590
18590 18591 18589
18591 18590 18592
18593 18582 18579
18582 18593 18585
18593 18579 18577
18577 18594 18593
18594 18585 18593
18585 18594 18588
18594 18590 18588
18594 18577 18575
18575 18595 18594
18590 18594 18595
18595 18592 18590
18595 18575 18573
18573 18596 18595
18592 18595 18596
18596 18573 18570
18592 18597 18591
18597 18592 18598
18568 18596 18570
18596 18568 18599
18599 18592 18596
18592 18599 18598
18598 18600 18597
18600 18598 18601
18566 18599 18568
18599 18566 18602
18602 18598 18599
18598 18602 18601
18601 18603 18600
18603 18601 18604
18564 18602 18566
18602 18564 18605
18605 18601 18602
18601 18605 18604
18606 18603 18604
18603 18606 18607
18562 18605 18564
18605 18562 18608
18608 18604 18605
18604 18608 18606
18609 18607 18606
18607 18609 18610
18560 18608 18562
18608 18560 18611
18611 18606 18608
18606 18611 18609
18612 18609 18611
18609 18612 18613
18613 18610 18609
18610 18613 18614
18558 18611 18560
18611 18558 18612
18549 18612 18558
18612 18549 18551
18551 18613 18612
18613 18551 18552
18552 18614 18613
18614 18552 18553
18501 18511 18615
18615 18499 18501
18499 18615 18616
18513 18615 18511
18615 18513 18516
18516 18616 18615
18616 18516 18518
18518 18498 18616
18498 18518 18617
18517 18617 18518
18617 18517 18618
18616 18496 18499
18496 18616 18498
18618 18483 18617
18483 18618 18482
18617 18485 18498
18485 18617 18483
18619 18374 18372
18370 18619 18372
18619 18370 18369
18359 18371 18378
18620 18621 18622
18623 18621 18620
18624 18623 18620
18623 18624 18625
18626 18625 18624
18625 18626 18627
18628 18627 18626
18627 18628 18629
18630 18629 18628
18628 18631 18630
18631 18628 18632
18632 18633 18631
18633 18632 18634
18634 18635 18633
18635 18634 18636
18629 18630 18637
18638 18622 18621
18639 18638 18621
18639 18640 18638
18640 18639 18641
18641 18642 18640
18642 18641 18643
18643 18644 18642
18644 18643 18645
18645 18646 18644
18647 18644 18646
18644 18647 18648
18649 18648 18647
18648 18649 18650
18651 18650 18649
18650 18651 18652
18646 18645 18653
18654 18655 18656
18655 18654 18657
18654 18656 18658
18654 18658 18659
18654 18659 18660
18661 18660 18659
18661 18662 18660
18662 18661 18663
18663 18664 18662
18664 18663 18665
18666 18664 18665
18664 18666 18667
18668 18667 18666
18667 18668 18669
18670 18669 18668
18669 18670 18671
18672 18671 18670
18671 18672 18673
18674 18673 18672
18673 18674 18675
18676 18675 18674
18675 18676 18677
18678 18677 18676
18677 18678 18679
18680 18679 18678
18679 18680 18681
18682 18681 18680
18681 18682 18683
18684 18683 18682
18683 18684 18685
18686 18685 18684
18685 18686 18687
18687 18688 18685
18688 18687 18689
18689 18690 18688
18690 18689 18691
18691 18692 18690
18692 18691 18693
18692 18693 18694
18695 18688 18690
18688 18695 18696
18685 18696 18683
18696 18685 18688
18697 18696 18695
18695 18698 18697
18698 18695 18699
18690 18699 18695
18699 18690 18692
18696 18697 18700
18701 18700 18697
18700 18701 18702
18703 18702 18701
18702 18703 18704
18701 18705 18703
18705 18701 18706
18697 18706 18701
18706 18697 18698
18707 18703 18705
18703 18707 18708
18708 18704 18703
18704 18708 18709
18710 18709 18708
18709 18710 18711
18712 18708 18707
18708 18712 18710
18713 18711 18710
18711 18713 18714
18715 18714 18713
18714 18715 18716
18717 18710 18712
18710 18717 18713
18713 18718 18715
18718 18713 18717
18719 18716 18715
18716 18719 18720
18721 18720 18719
18720 18721 18722
18715 18723 18719
18723 18715 18718
18719 18724 18721
18724 18719 18723
18725 18722 18721
18722 18725 18726
18721 18727 18725
18727 18721 18724
18725 18728 18726
18728 18725 18729
18727 18729 18725
18729 18727 18730
18730 18731 18729
18731 18730 18732
18732 18733 18731
18733 18732 18734
18664 18720 18722
18720 18664 18667
18722 18662 18664
18662 18722 18726
18726 18660 18662
18660 18726 18728
18660 18728 18735
18660 18735 18736
18737 18660 18736
18660 18737 18654
18654 18737 18738
18739 18654 18738
18654 18739 18657
18657 18740 18731
18740 18657 18739
18731 18740 18741
18731 18741 18742
18729 18731 18742
18729 18742 18743
18729 18743 18744
18729 18744 18745
18729 18745 18728
18731 18746 18657
18746 18731 18733
18700 18683 18696
18683 18700 18681
18702 18681 18700
18681 18702 18679
18704 18679 18702
18679 18704 18677
18709 18677 18704
18677 18709 18675
18711 18675 18709
18675 18711 18673
18714 18673 18711
18673 18714 18671
18716 18671 18714
18671 18716 18669
18720 18669 18716
18669 18720 18667
18747 18748 18749
18749 18750 18747
18747 18751 18748
18747 18752 18751
18747 18753 18752
18754 18752 18753
18755 18754 18753
18754 18755 18756
18757 18756 18755
18756 18757 18758
18757 18759 18758
18759 18757 18760
18760 18761 18759
18761 18760 18762
18762 18763 18761
18763 18762 18764
18764 18765 18763
18765 18764 18766
18766 18767 18765
18767 18766 18768
18768 18769 18767
18769 18768 18770
18770 18771 18769
18771 18770 18772
18772 18773 18771
18773 18772 18774
18774 18775 18773
18775 18774 18776
18776 18777 18775
18777 18776 18778
18778 18779 18777
18779 18778 18780
18781 18780 18778
18780 18781 18782
18783 18782 18781
18782 18783 18784
18785 18784 18783
18784 18785 18786
18785 18787 18786
18781 18788 18783
18788 18781 18789
18778 18789 18781
18789 18778 18776
18789 18790 18788
18791 18788 18790
18788 18791 18792
18783 18792 18785
18792 18783 18788
18790 18789 18793
18793 18794 18790
18794 18793 18795
18795 18796 18794
18796 18795 18797
18798 18794 18796
18794 18798 18799
18799 18790 18794
18790 18799 18791
18796 18800 18798
18800 18796 18801
18797 18801 18796
18801 18797 18802
18802 18803 18801
18803 18802 18804
18801 18805 18800
18805 18801 18803
18804 18806 18803
18806 18804 18807
18807 18808 18806
18808 18807 18809
18803 18810 18805
18810 18803 18806
18806 18811 18810
18811 18806 18808
18809 18812 18808
18812 18809 18813
18813 18814 18812
18814 18813 18815
18816 18808 18812
18808 18816 18811
18812 18817 18816
18817 18812 18814
18815 18818 18814
18818 18815 18819
18814 18820 18817
18820 18814 18818
18821 18818 18819
18818 18821 18822
18822 18820 18818
18820 18822 18823
18824 18823 18822
18823 18824 18825
18826 18825 18824
18825 18826 18827
18813 18757 18815
18757 18813 18760
18815 18755 18819
18755 18815 18757
18753 18819 18755
18819 18753 18821
18753 18828 18821
18753 18829 18828
18753 18830 18829
18830 18753 18747
18747 18831 18830
18747 18832 18831
18832 18747 18750
18833 18750 18824
18750 18833 18832
18824 18834 18833
18824 18835 18834
18822 18835 18824
18822 18836 18835
18822 18837 18836
18822 18838 18837
18822 18821 18838
18824 18750 18839
18839 18826 18824
18793 18776 18774
18776 18793 18789
18774 18795 18793
18795 18774 18772
18772 18797 18795
18797 18772 18770
18770 18802 18797
18802 18770 18768
18768 18804 18802
18804 18768 18766
18766 18807 18804
18807 18766 18764
18764 18809 18807
18809 18764 18762
18762 18813 18809
18813 18762 18760
