byte offset: 0
first index: 0
index count: 7596
topology: trianglelist
format: DXGI_FORMAT_R16_UINT

0 1 2
0 2 3
4 0 3
4 3 5
6 2 1
6 1 7
8 6 7
8 7 9
0 10 1
0 11 10
4 11 0
1 10 12
1 12 7
4 13 11
7 12 14
7 14 9
15 6 8
15 8 16
17 2 6
17 6 15
8 9 18
8 18 19
19 18 20
19 20 21
18 22 20
18 23 22
9 14 23
9 23 18
24 16 8
24 8 19
25 19 21
25 26 19
20 27 21
25 21 27
20 28 27
20 22 29
20 29 28
30 29 22
30 31 29
31 30 32
33 32 30
33 30 22
33 22 23
33 34 32
35 34 33
35 36 34
35 37 36
35 38 37
38 39 37
38 40 39
41 39 40
41 40 42
43 41 42
43 42 44
45 43 44
45 44 46
47 43 45
45 48 47
45 49 48
47 48 50
47 50 51
47 52 43
52 41 43
45 46 53
45 53 49
54 52 47
54 47 51
52 55 41
55 52 54
56 41 55
57 56 55
57 55 58
55 54 58
57 58 59
59 58 54
57 59 60
54 51 61
61 51 62
61 62 63
54 61 64
59 54 64
62 65 63
62 66 65
36 57 60
36 60 34
34 60 32
37 56 57
37 57 36
39 56 37
56 39 41
60 67 32
31 32 67
68 63 65
68 65 69
70 61 63
70 63 68
71 70 68
71 68 72
70 71 73
70 73 74
61 70 74
74 73 75
74 75 76
76 75 77
77 31 67
75 78 77
77 78 31
75 79 78
80 78 79
31 78 80
80 79 81
82 80 81
82 81 83
83 84 82
83 85 84
61 74 64
64 74 76
64 76 59
28 82 84
28 80 82
28 84 27
27 84 86
27 86 87
25 27 87
28 29 80
31 80 29
81 79 88
81 88 89
83 81 89
83 89 90
89 91 90
89 92 91
88 92 89
88 93 92
93 88 75
88 79 75
93 75 73
94 93 73
94 73 71
71 95 94
71 72 95
92 96 91
92 97 96
93 94 97
93 97 92
97 98 96
98 99 96
97 100 98
94 95 101
102 100 101
102 101 103
95 103 101
101 100 104
101 104 94
72 105 95
95 105 103
72 106 105
106 72 68
106 68 69
105 106 107
107 106 69
107 69 108
108 109 107
108 110 109
111 110 108
111 112 110
111 113 112
113 114 112
114 115 112
115 109 110
115 110 112
114 116 115
115 116 117
117 116 118
117 118 119
115 117 120
109 115 120
121 118 116
121 116 114
122 118 121
123 121 114
113 123 114
123 113 124
123 124 125
126 125 124
126 127 125
126 128 127
126 129 128
130 128 129
130 129 131
132 128 130
127 128 132
132 130 133
134 132 133
134 133 135
136 134 135
136 135 137
136 137 138
135 133 139
140 135 139
140 139 141
138 140 141
127 132 142
142 132 143
142 143 144
144 143 145
130 146 133
133 146 139
146 147 139
147 146 148
148 149 147
148 150 149
151 150 148
151 148 152
146 152 148
153 151 152
154 153 152
146 154 152
154 155 153
153 156 151
157 156 153
157 153 158
155 158 153
156 159 151
156 160 159
160 161 159
160 162 161
163 162 160
163 164 162
165 164 163
161 162 166
167 161 166
167 166 168
168 169 167
168 170 169
171 169 170
172 161 167
159 161 172
173 159 172
167 174 172
167 175 174
174 175 176
177 173 172
177 172 178
177 178 179
177 179 180
149 177 180
149 180 181
181 180 182
182 180 179
181 182 183
183 182 184
183 184 185
185 184 186
185 186 187
182 179 188
184 182 188
184 188 189
186 184 189
186 189 190
191 186 190
187 186 191
150 177 149
150 173 177
151 173 150
151 159 173
192 193 194
193 195 194
193 196 195
195 196 197
195 197 198
199 198 197
199 200 198
192 194 201
195 201 194
192 201 202
202 201 203
202 203 204
205 203 201
195 205 201
198 205 195
205 206 203
207 206 205
198 207 205
200 207 198
207 208 206
208 209 206
208 210 209
211 203 206
211 206 209
203 211 204
210 212 209
210 213 212
214 211 209
214 209 212
211 214 215
211 215 204
204 215 216
204 216 217
202 204 217
216 218 217
217 218 219
219 218 220
216 221 218
222 218 221
202 217 219
192 202 219
192 219 223
219 220 223
223 220 224
224 220 225
223 224 226
226 224 227
224 228 227
228 224 225
229 228 225
230 192 223
230 223 226
192 230 231
232 231 230
232 230 226
232 226 227
232 233 231
234 232 227
234 235 232
233 236 231
233 237 236
237 238 236
237 239 238
239 240 238
239 241 240
241 242 240
241 243 242
243 244 242
245 233 232
235 245 232
246 245 235
246 247 245
245 248 233
245 249 248
238 250 236
238 251 250
240 251 238
240 252 251
242 252 240
242 253 252
244 253 242
248 249 254
248 254 255
255 254 256
255 256 257
257 256 258
257 258 259
260 247 246
260 261 247
262 258 261
262 261 260
259 258 262
259 262 263
262 264 263
265 264 262
265 262 260
266 265 260
266 260 246
266 246 235
234 266 235
267 266 234
267 268 266
268 265 266
268 269 265
269 264 265
270 269 268
270 268 271
271 268 267
267 234 272
272 234 227
272 227 228
267 272 273
267 273 274
274 271 267
274 275 271
275 270 271
275 274 276
275 276 277
275 278 270
279 269 270
269 279 264
263 264 279
263 279 280
281 263 280
281 282 263
283 282 281
283 281 284
285 283 284
285 286 283
287 286 285
288 287 285
289 288 285
289 285 284
290 281 280
290 280 291
280 279 292
280 292 291
279 270 292
291 292 293
278 293 292
278 292 270
293 278 294
294 278 275
294 275 295
296 295 275
295 296 297
297 296 298
296 299 298
296 300 299
301 300 296
297 298 302
297 303 295
303 294 295
303 297 304
304 305 303
303 306 294
307 306 303
307 303 308
304 309 308
304 310 309
310 311 309
310 312 311
312 310 313
312 313 314
312 315 311
316 315 312
315 317 311
311 317 318
318 307 308
318 308 309
311 318 319
310 304 320
310 320 321
322 306 323
306 322 294
294 322 293
324 293 322
322 325 324
323 325 322
323 326 325
323 327 326
328 326 327
328 329 326
330 329 328
330 331 329
330 332 331
332 333 331
331 333 334
331 334 329
293 324 291
291 324 290
329 334 335
329 335 326
326 335 325
325 335 336
336 324 325
324 336 290
336 337 290
338 336 335
335 334 338
339 338 334
334 340 339
341 339 340
341 342 339
343 342 341
343 344 342
343 345 344
344 345 346
342 344 346
342 346 347
339 342 347
339 347 348
338 339 348
338 348 349
336 338 349
336 349 337
290 350 281
350 284 281
350 289 284
351 352 353
351 353 199
352 354 355
352 355 200
200 355 207
356 354 352
356 352 357
355 208 207
355 358 208
354 358 355
208 358 359
208 359 210
354 360 358
356 360 354
358 361 359
358 362 361
363 361 360
363 360 356
356 364 363
213 210 359
213 359 365
366 213 365
213 366 367
213 367 212
368 212 367
368 214 212
214 368 369
214 369 215
370 215 369
370 216 215
371 369 368
371 368 372
372 368 367
372 373 371
372 374 373
371 373 375
371 375 376
376 370 369
376 369 371
374 377 373
374 378 377
379 377 378
379 378 380
377 379 381
377 381 382
373 377 382
373 382 375
383 379 380
383 380 384
384 380 385
384 385 386
387 381 379
387 379 383
383 388 387
383 389 388
384 389 383
390 382 381
375 382 390
390 381 391
392 391 381
392 381 393
393 388 394
393 394 392
395 390 391
395 391 396
396 391 397
396 397 398
397 399 398
397 400 399
398 401 396
398 402 401
403 402 398
403 398 399
402 403 404
404 401 402
405 401 404
405 406 401
406 395 396
406 396 401
407 406 405
407 408 406
408 395 406
409 408 407
407 410 409
407 225 410
225 411 410
222 410 411
218 222 411
220 218 411
225 220 411
407 229 225
229 407 405
412 408 409
222 412 410
409 410 412
222 413 412
222 221 413
221 370 413
221 216 370
408 412 414
408 414 395
414 390 395
414 415 390
416 415 414
412 413 416
416 414 412
376 415 416
413 370 376
413 376 416
376 375 415
375 390 415
272 228 229
272 229 417
273 272 417
273 417 418
419 273 418
419 274 273
419 276 274
276 419 420
420 419 418
276 420 421
277 276 421
277 421 299
422 418 417
420 418 422
422 417 423
423 417 424
229 424 417
229 405 424
424 405 404
424 404 425
14 35 33
14 33 23
12 35 14
12 38 35
38 12 10
38 10 40
11 40 10
11 42 40
13 42 11
13 44 42
426 44 13
426 46 44
427 46 426
427 53 46
53 427 428
53 428 429
430 429 428
431 429 430
430 428 432
429 431 433
49 53 429
49 429 434
434 429 433
434 48 49
434 435 48
50 48 435
50 435 66
436 434 433
435 434 436
66 435 437
435 436 437
66 437 438
439 438 437
437 436 440
440 436 433
437 440 441
441 440 155
155 440 158
440 433 158
433 442 158
441 155 131
131 155 154
131 154 130
130 154 146
442 443 158
443 157 158
443 444 157
445 157 444
445 446 157
156 157 446
156 446 160
447 445 444
446 163 160
445 447 448
445 448 449
448 450 449
448 451 450
451 452 450
451 453 452
451 454 453
454 455 453
455 452 453
456 455 454
457 455 456
457 456 458
457 459 455
455 459 452
460 458 456
461 458 460
461 462 458
454 451 463
451 464 463
165 459 457
164 165 457
451 465 464
454 463 466
454 466 467
467 466 468
467 468 469
470 469 468
471 470 468
467 469 472
472 473 467
474 467 473
466 475 468
468 475 471
465 476 464
476 477 464
476 465 478
427 478 465
478 427 426
478 426 479
479 426 13
479 13 4
480 479 4
480 4 481
482 479 480
482 478 479
478 482 476
474 454 483
427 465 428
428 465 432
465 447 432
465 448 447
465 451 448
5 484 480
5 485 484
3 485 5
3 486 485
487 484 485
487 485 488
489 488 485
485 486 489
489 486 2
2 486 490
489 2 17
491 489 17
491 17 15
491 15 492
15 493 492
15 16 493
494 493 16
494 16 24
491 495 489
488 489 495
496 488 495
488 470 487
470 488 496
497 498 499
497 499 500
501 498 497
501 502 498
503 501 497
503 497 500
503 504 501
505 504 503
505 506 504
507 504 506
507 506 508
509 508 506
506 510 509
510 511 509
510 512 511
511 512 513
511 513 514
515 508 509
515 509 511
511 514 516
511 516 515
514 517 516
514 518 517
514 513 519
514 519 518
518 519 520
518 520 521
521 517 518
521 520 522
521 522 523
523 522 524
523 524 525
525 524 526
521 527 517
523 527 521
517 527 528
528 527 529
523 529 527
525 529 523
528 529 530
531 530 529
531 529 532
526 531 532
525 532 529
526 532 525
517 528 533
533 534 535
533 535 536
534 537 515
537 508 515
537 507 508
534 515 516
507 537 538
507 538 539
504 507 539
504 539 501
539 540 501
537 541 538
537 542 541
543 541 542
544 541 543
545 544 543
545 546 544
545 543 547
543 542 547
545 547 548
549 546 545
549 545 550
550 545 548
551 549 550
552 551 550
550 548 552
544 553 541
553 538 541
553 554 538
538 554 539
539 554 555
555 540 539
556 555 554
557 555 556
558 557 556
558 556 559
560 558 559
561 560 559
561 559 556
561 556 562
554 562 556
557 563 555
563 564 555
563 565 564
564 565 502
564 502 501
60 566 77
76 77 566
60 77 67
59 76 566
60 59 566
567 568 569
570 567 569
571 570 569
570 571 572
570 572 573
574 567 570
574 570 573
575 574 573
575 576 574
576 577 574
577 567 574
576 578 577
579 577 578
579 580 577
580 568 567
580 567 577
571 581 572
582 572 581
582 583 572
583 575 584
583 584 572
571 585 581
585 571 569
586 587 588
586 588 589
590 587 586
590 586 589
590 591 587
592 591 590
592 593 591
592 590 594
590 589 594
592 594 595
596 597 598
599 597 596
599 596 600
600 596 601
599 600 602
603 601 596
603 596 598
603 604 601
604 605 601
600 601 605
606 605 604
606 607 605
608 607 606
608 606 609
610 608 609
611 608 610
611 610 612
613 607 608
613 608 611
614 607 613
607 614 605
600 605 614
602 600 614
614 613 615
614 616 602
615 616 614
617 611 612
617 612 618
619 613 611
619 611 617
99 615 613
99 613 619
98 615 99
98 620 615
100 620 98
100 621 620
619 96 99
619 622 96
622 619 617
622 91 96
622 623 91
623 90 91
623 624 90
624 83 90
624 85 83
85 624 625
85 625 626
84 85 626
84 626 86
624 623 627
624 627 625
627 623 622
627 622 628
622 617 628
628 617 618
628 618 629
628 629 630
631 87 86
631 632 87
633 87 632
633 25 87
633 26 25
633 634 26
635 636 637
638 637 636
638 639 637
640 635 637
639 638 641
639 641 642
642 641 643
642 643 644
645 640 637
645 637 639
645 639 642
646 645 642
644 646 642
120 646 644
120 117 646
117 647 646
647 645 646
117 119 647
119 648 647
648 645 647
119 649 648
649 650 648
649 651 650
651 652 650
651 653 652
652 654 650
652 655 654
656 655 652
653 656 652
656 657 655
653 658 656
658 659 656
658 660 659
661 657 656
661 656 659
662 661 659
660 662 659
650 654 663
650 663 648
648 663 645
664 649 119
122 664 119
122 119 665
666 122 121
666 121 667
666 667 668
669 668 667
669 667 670
671 668 669
671 672 668
671 673 672
674 666 668
674 675 666
673 675 674
670 667 123
123 667 121
670 123 125
127 670 125
127 142 670
142 676 670
142 677 676
677 678 676
679 680 681
679 681 682
682 681 683
682 683 684
685 684 683
685 683 686
686 687 685
688 680 679
688 679 689
690 689 679
690 679 691
692 688 689
692 689 693
694 687 695
695 696 694
695 697 696
697 698 696
697 699 698
699 700 698
699 701 700
702 694 696
694 702 687
702 696 703
704 700 701
704 705 700
705 704 692
706 700 705
706 707 700
692 708 705
709 707 710
709 710 711
712 711 710
712 710 713
714 715 716
715 714 717
715 717 718
719 718 717
719 720 718
721 720 719
721 722 720
723 724 725
723 725 726
727 725 724
727 724 728
729 727 728
726 730 723
726 731 730
729 732 733
733 732 734
733 734 735
735 734 736
735 736 737
737 736 738
739 737 738
729 740 741
741 740 742
741 742 743
743 742 744
743 744 745
745 744 746
745 746 747
747 748 745
745 748 749
745 749 750
750 749 751
750 751 752
752 751 753
747 754 748
747 755 754
756 755 747
746 756 747
756 757 755
758 755 757
757 759 758
758 760 755
760 754 755
760 761 754
762 754 761
762 761 763
764 762 763
764 763 765
765 766 764
766 767 753
765 767 766
768 759 757
768 757 756
756 769 768
746 769 756
746 738 770
770 771 746
192 231 772
772 231 236
772 236 250
192 772 773
773 772 250
773 250 196
251 196 250
251 774 196
775 774 251
775 251 252
253 775 252
253 776 775
244 776 253
777 778 779
777 779 780
781 778 777
781 782 778
783 778 782
783 784 778
784 785 778
784 786 785
785 787 780
786 788 785
788 787 785
789 790 791
789 791 792
790 789 793
790 793 794
790 795 791
795 790 794
796 797 798
799 797 796
799 800 797
801 800 799
801 802 800
798 803 796
803 799 796
798 804 803
798 805 804
806 802 801
806 801 807
808 806 807
808 807 809
810 809 807
810 811 809
812 804 805
812 805 813
804 812 814
804 814 803
814 801 799
803 814 799
814 815 801
816 810 807
816 807 801
817 815 814
817 812 813
814 812 817
817 813 818
819 810 815
815 817 819
819 820 810
819 821 820
822 821 819
823 819 817
819 823 822
817 818 823
822 823 824
824 825 822
826 825 824
824 827 826
828 826 827
827 829 828
830 829 827
830 827 831
831 832 830
831 833 832
834 832 833
833 835 834
836 834 835
837 835 833
837 833 831
837 831 827
827 824 837
836 835 818
837 838 835
838 837 824
839 835 838
823 839 838
823 838 824
826 828 840
826 840 841
841 840 842
843 826 841
843 825 826
822 825 843
843 844 822
844 821 822
821 844 845
821 845 820
844 846 845
847 845 846
811 845 847
811 847 809
847 848 809
848 808 809
849 848 847
849 850 848
851 848 850
850 852 851
850 365 852
366 365 850
851 852 853
854 848 851
854 851 855
853 855 851
856 854 855
856 855 857
858 857 855
855 853 858
363 858 853
859 363 853
365 860 859
859 860 363
365 359 860
363 364 858
861 856 857
861 862 856
863 862 861
863 864 862
865 864 863
865 863 866
867 865 866
867 866 868
869 867 868
868 870 869
871 869 870
872 870 868
872 868 866
870 872 873
870 873 871
874 872 866
874 866 863
874 863 861
872 874 875
872 875 873
861 876 874
874 876 877
874 877 875
877 876 858
877 858 364
857 858 876
876 861 857
878 879 880
878 880 881
882 880 879
882 883 880
884 883 882
885 884 882
885 886 884
887 886 885
888 886 887
885 882 889
889 882 879
889 879 890
890 879 878
889 890 891
891 890 892
890 878 892
891 892 893
893 892 894
893 894 895
892 896 894
892 878 896
894 896 897
894 897 898
899 891 893
899 900 891
891 900 901
902 889 901
902 901 887
891 901 903
899 904 900
904 905 900
904 906 905
907 905 906
907 906 908
908 906 909
904 910 909
904 909 911
908 909 912
912 886 908
913 910 904
913 914 910
899 915 904
916 915 899
916 917 915
916 899 893
916 893 895
918 916 895
918 895 919
894 919 895
894 898 919
920 918 919
920 919 921
898 921 919
922 920 921
922 921 923
924 922 923
924 923 925
926 922 924
920 922 926
918 920 926
918 926 927
927 928 918
929 925 923
929 930 925
931 929 923
931 923 921
898 931 921
898 932 931
898 897 932
933 932 897
896 933 897
896 934 933
878 934 896
878 881 934
933 935 932
931 932 936
931 936 929
930 929 936
937 936 932
932 935 937
930 936 938
939 938 936
936 937 939
644 643 940
644 940 941
120 644 941
120 941 942
109 120 942
107 109 942
107 942 943
107 943 105
927 944 945
927 945 915
297 946 947
304 297 947
948 437 441
948 441 131
948 131 129
949 948 129
949 129 126
437 948 439
950 438 439
66 438 950
66 950 65
439 951 950
951 111 950
113 111 951
113 951 124
952 126 124
952 124 951
111 108 950
65 950 69
950 108 69
503 953 954
503 954 505
503 500 953
955 386 956
955 956 957
386 958 956
386 385 958
956 842 957
956 959 842
386 955 960
386 960 384
384 960 389
961 956 958
961 962 956
963 958 385
961 958 963
963 385 964
964 385 380
964 380 378
965 964 378
965 378 374
966 965 374
966 374 372
372 367 966
966 367 366
966 366 967
967 965 966
967 968 965
969 968 967
969 846 968
847 846 969
970 964 965
965 968 970
970 971 964
967 366 850
967 850 849
972 968 846
973 971 972
972 846 973
973 974 971
844 975 846
844 974 975
844 843 974
963 974 961
976 977 978
978 977 979
980 976 978
981 978 979
982 978 981
982 983 978
982 984 983
985 984 982
981 985 982
983 984 986
986 987 978
986 978 988
979 989 981
981 989 985
979 990 989
989 991 985
991 992 985
993 992 991
989 994 991
991 994 995
991 995 993
996 995 994
994 997 996
997 998 989
989 990 999
1000 992 1001
1001 1002 1000
1001 1003 1002
1003 1004 1002
1003 1005 1004
1006 1007 1008
1009 1007 1006
1006 1010 1009
1006 1011 1010
1008 1011 1006
1011 1012 1010
1011 1013 1012
1014 1013 1011
1008 1014 1011
1014 1015 1013
1015 1016 1013
1015 1017 1016
1013 1016 1018
1013 1018 1012
1017 1019 1016
1017 1020 1019
1019 1020 1021
1022 1021 1020
1023 1021 1022
1023 1024 1021
1021 1024 1025
1024 1026 1025
1024 1027 1026
1024 1028 1027
1028 1029 1023
1021 1025 1030
1021 1030 1019
1031 1019 1030
1016 1019 1031
1016 1031 1018
1032 1033 1034
1032 1034 1035
1036 1033 1032
1036 1037 1033
1038 1037 1036
1032 1035 1039
1032 1039 1040
1036 1032 1040
1038 1036 1041
1036 1040 1041
1042 1043 1044
1045 1043 1042
1045 1042 1046
1045 1046 1047
1046 1048 1047
1049 1050 1051
1049 1051 1052
1052 1051 1053
1052 1053 1054
1054 1053 1055
1053 1056 1055
1056 1057 1055
1057 1056 1058
1056 1059 1058
1059 1060 1058
1060 1057 1058
1059 1061 1060
1060 1061 1062
1060 1062 1063
1063 1062 1064
1063 1064 1065
1065 1064 1066
1065 1066 1067
1068 1067 1066
1068 1069 1067
1070 1069 1068
1070 1071 1069
1071 1070 1072
1073 1065 1067
1063 1065 1073
1073 1067 1074
1069 1074 1067
1063 1073 1075
1071 1076 1069
1069 1076 1074
1071 1077 1076
1072 1077 1071
1078 1063 1075
1078 1060 1063
1060 1078 1057
1055 1057 1078
1079 1080 1081
1079 1081 1082
1083 1080 1079
1083 1079 1084
1083 1085 1080
1083 1086 1085
1087 1083 1084
1086 1083 1087
1087 1084 1088
1082 1081 1089
1082 1089 1090
1090 1089 1091
1090 1091 1092
1093 1082 1090
1093 1090 1094
1094 1090 1092
1094 1092 1095
1096 1095 1092
1092 1091 1096
1088 1084 1097
1088 1097 1098
1099 1097 1084
1099 1084 1079
1082 1093 1099
1082 1099 1079
1086 1087 1100
1101 1102 1103
1101 1103 1104
1104 1103 1105
1104 1105 1106
1106 1105 1107
1106 1107 1108
1108 1107 1109
1108 1109 1110
1110 1109 1111
1080 1085 1112
1080 1112 1081
1113 1081 1112
1113 1114 1081
1113 1115 1114
1116 1117 1118
1119 1117 1116
1120 1119 1116
1120 1116 1118
1120 1121 1119
1122 1120 1118
1122 1118 1123
1124 1122 1123
1125 1124 1123
1126 1127 1128
1126 1128 1129
1130 1129 1128
1130 1131 1129
1132 1130 1128
1127 1132 1128
1132 1133 1130
1134 1126 1129
1134 1129 1135
1131 1135 1129
1131 1136 1135
1137 1138 1139
1137 1139 1140
1138 1137 1141
1138 1141 1142
1143 1137 1140
1137 1143 1141
1144 1145 1146
1147 1145 1144
1147 1144 1148
1149 1147 1148
1149 1150 1147
1150 1149 1151
1151 1152 1150
1153 1152 1151
1153 1154 1152
1155 1154 1153
1155 1156 1154
1157 1156 1155
1157 1158 1156
1159 1157 1155
1159 1155 1160
1160 1155 1153
1161 1159 1160
1161 1162 1159
1163 1161 1160
1163 1160 1164
1160 1153 1164
1165 1163 1164
1165 1164 1153
1165 1153 1151
1165 1166 1163
1167 1166 1165
1167 1168 1166
1168 1167 1169
1168 1169 1170
1170 1169 1171
1170 1171 1172
1172 1171 1173
1172 1173 1174
1174 1173 1175
1174 1175 1176
1176 1175 1177
1176 1177 1178
1177 1179 1178
1180 1167 1165
1167 1180 1181
1180 1182 1181
1181 1182 1183
1181 1183 1184
1184 1183 1185
1184 1185 1186
1187 1184 1186
1187 1186 1188
1189 1188 1186
1189 1190 1188
1191 1189 1186
1191 1186 1185
1189 1191 1192
1192 1190 1189
1193 1181 1184
1193 1184 1187
1180 1149 1182
1151 1149 1180
1167 1181 1193
1180 1165 1151
1194 1195 1196
1194 1196 1197
1194 1198 1195
1194 1199 1198
1199 1200 1198
1199 1201 1200
1200 1201 1202
1200 1202 1203
1203 1202 1204
1203 1204 1205
1205 1204 1206
1205 1206 1207
1208 1201 1199
1209 1201 1208
1210 1209 1208
1209 1210 1211
1210 1212 1211
1210 1213 1212
1208 1213 1210
1214 1212 1213
1215 1212 1214
1215 1216 1212
1216 1211 1212
1217 1216 1215
1217 1215 1218
1218 1219 1217
1218 1220 1219
1220 1221 1219
1220 1222 1221
1223 1221 1222
1222 1224 1223
1214 1213 1225
1225 1226 1214
1225 1227 1226
1228 1227 1225
1228 1229 1227
1230 1227 1229
1230 1226 1227
1225 1231 1228
1225 1213 1231
1208 1231 1213
1230 1232 1226
1222 1220 1233
1222 1233 1224
1220 1234 1233
1226 1232 1235
1226 1235 1214
1232 1236 1235
1232 1237 1236
1237 1238 1236
1237 1239 1238
1238 1239 1240
1214 1235 1241
1215 1241 1234
1215 1214 1241
1215 1234 1218
1220 1218 1234
1209 1211 1242
1243 1242 1211
1243 1211 1244
1245 1243 1244
1245 1244 1246
1247 1245 1246
1216 1246 1244
1216 1244 1211
1216 1248 1246
1246 1248 1247
1196 1249 1197
1250 1197 1249
1251 1250 1249
1252 1253 1254
1252 1254 1255
1252 1255 1256
1255 1257 1256
1255 1258 1257
1259 1258 1255
1259 1255 1260
1260 1255 1254
1258 1261 1257
1258 1262 1261
1262 1263 1261
1264 1263 1262
1264 1262 1258
1264 1258 1259
1260 1254 1265
1254 1266 1265
1267 1268 1269
1269 1268 1270
1269 1270 1271
1271 1270 1272
1271 1272 1273
1272 1274 1273
1272 1275 1274
1276 1275 1272
1276 1272 1277
1277 1272 1270
1277 1278 1276
1277 1279 1278
1280 1279 1277
1277 1270 1280
1281 1279 1280
1280 1270 1281
1281 1282 1279
1282 1281 1283
1279 1284 1278
1279 1285 1284
1285 1286 1284
1285 1287 1286
1288 1287 1285
1288 1289 1287
1290 1289 1288
1290 1291 1289
1292 1291 1290
1287 1293 1286
1287 1294 1293
1289 1294 1287
1289 1295 1294
1296 1295 1289
1296 1297 1295
1298 1297 1296
1298 1299 1297
1300 1299 1298
1294 1301 1293
1294 1302 1301
1294 1303 1302
1295 1303 1294
1295 1304 1303
1305 1304 1295
1306 1304 1305
1306 1307 1304
1308 1307 1306
1308 1309 1307
1310 1309 1308
1310 1311 1309
1312 1311 1310
1312 1313 1311
1314 1313 1312
1303 1315 1302
1303 1316 1315
1317 1316 1303
1317 1318 1316
1319 1318 1317
1302 1315 1320
1302 1320 1301
1321 1322 1323
1321 1323 1324
1325 1321 1324
1325 1324 1326
1327 1322 1321
1327 1328 1322
1329 1328 1327
1329 1330 1328
1331 1329 1327
1329 1331 1332
1332 1330 1329
1331 1327 1333
1333 1327 1321
1333 1321 1325
1323 1334 1324
1323 1335 1334
1334 1335 1283
1334 1283 1281
1324 1334 1336
1324 1336 1326
1334 1281 1270
1334 1270 1336
1283 1337 1282
1282 1337 1279
1337 1285 1279
1337 1288 1285
1338 1288 1337
1338 1339 1288
1340 1339 1338
1340 1341 1339
1342 1341 1340
1343 1344 1345
1343 1345 1346
1345 1347 1346
1345 1348 1347
1349 1348 1345
1349 1345 1350
1344 1350 1345
1344 1351 1350
1352 1349 1350
1352 1353 1349
1353 1354 1349
1348 1349 1354
1353 1355 1354
1354 1355 1356
1348 1354 1357
1354 1358 1357
1354 1356 1358
1356 1359 1358
1348 1357 1360
1348 1360 1347
1355 1361 1356
1361 1362 1356
1356 1362 1359
1361 1363 1362
1362 1364 1359
1364 1365 1359
1359 1365 1358
1364 1366 1365
1364 1367 1366
1364 1368 1367
1369 1367 1368
1369 1370 1367
1371 1369 1368
1371 1372 1369
1372 1373 1369
1372 1374 1373
1375 1374 1372
1375 1372 1371
1375 1376 1374
1376 1377 1374
1376 1378 1377
1378 1379 1377
1378 1380 1379
1380 1381 1379
1380 1382 1381
1382 1383 1381
1382 1384 1383
1384 1385 1383
1384 1386 1385
1386 1387 1385
1386 1388 1387
1388 1389 1387
1389 1390 1387
1389 1391 1390
1392 1390 1391
1392 1391 1393
1393 1391 1394
1389 1394 1391
1393 1394 1395
1396 1390 1392
1396 1397 1390
1387 1390 1397
1387 1397 1385
1398 1397 1396
1398 1399 1397
1385 1397 1399
1400 1399 1398
1400 1401 1399
1402 1401 1400
1402 1403 1401
1404 1403 1402
1404 1405 1403
1395 1394 1406
1395 1406 1407
1407 1406 1408
1407 1408 1409
1409 1408 1410
1409 1410 1411
1412 1410 1408
1412 1413 1410
1413 1414 1410
1414 1411 1410
1415 1412 1408
1415 1408 1406
1416 1415 1406
1416 1406 1394
1389 1416 1394
1379 1403 1405
1381 1403 1379
1381 1401 1403
1383 1401 1381
1383 1399 1401
1385 1399 1383
1379 1405 1377
1374 1377 1405
1374 1405 1373
1405 1417 1373
1369 1373 1417
1418 1369 1417
1417 1419 1418
1417 1420 1419
1418 1370 1369
1418 1421 1370
1370 1421 1422
1370 1422 1367
1418 1423 1421
1419 1423 1418
1419 1424 1423
1425 1424 1419
1425 1426 1424
1367 1422 1427
1367 1427 1366
1365 1366 1427
1427 1428 1365
1427 1429 1428
1430 1429 1427
1430 1431 1429
1430 1432 1431
1429 1433 1428
1428 1433 1434
1428 1434 1435
1365 1428 1435
1435 1434 1360
1435 1360 1357
1358 1435 1357
1365 1435 1358
1429 1436 1433
1437 1436 1429
1432 1437 1438
1437 1429 1438
1439 1440 1441
1439 1441 1442
1443 1439 1442
1443 1442 1444
1445 1443 1444
1445 1444 1446
1445 1446 1447
1447 1446 1448
1440 1449 1441
1441 1449 1450
1451 1450 1449
1451 1449 1452
1453 1451 1452
1453 1454 1451
1455 1453 1452
1455 1452 1456
1457 1456 1452
1457 1452 1449
1440 1457 1449
1458 1454 1453
1458 1459 1454
1460 1459 1458
1460 1461 1459
1462 1461 1460
1455 1463 1453
1455 1464 1463
1464 1465 1463
1464 1466 1465
1466 1467 1465
1466 1468 1467
1468 1469 1467
1468 1470 1469
1470 1471 1469
1470 1472 1471
1472 1473 1471
1472 1474 1473
1475 1472 1470
1475 1476 1472
1476 1477 1472
1478 1475 1470
1478 1470 1468
1479 1478 1468
1479 1468 1466
1480 1479 1466
1480 1466 1464
1481 1480 1464
1481 1464 1455
1481 1455 1456
1481 1456 1482
1483 1482 1456
1483 1456 1457
1484 1483 1457
1484 1457 1440
1485 1484 1440
1485 1440 1439
1486 1485 1439
1486 1439 1443
1487 1478 1479
1487 1488 1478
1488 1475 1478
1488 1489 1475
1489 1490 1475
1489 1491 1490
1492 1487 1479
1492 1479 1480
1493 1492 1480
1493 1480 1481
1493 1481 1482
1493 1482 1494
1495 1494 1482
1495 1482 1483
1496 1495 1483
1496 1483 1484
1497 1496 1484
1497 1484 1485
1498 1497 1485
1498 1485 1486
1499 1498 1486
1499 1486 1445
1499 1445 1447
1486 1443 1445
1500 1501 1502
1500 1502 1503
1503 1502 1504
1503 1504 1462
1505 1501 1500
1505 1506 1501
1507 1506 1505
1507 1508 1506
1509 1508 1507
1509 1507 1510
1511 1509 1510
1462 1504 1461
1512 1513 1477
1513 1473 1477
1491 1512 1474
1491 1474 1476
1514 1371 1368
1514 1368 1364
1362 1514 1364
1515 1371 1514
1375 1371 1515
1515 1514 1516
1516 1514 1362
1516 1362 1363
1517 1352 1350
1517 1350 1351
1518 1517 1351
1519 1518 1351
1519 1351 1344
1520 1519 1344
1520 1344 1343
1518 1521 1517
1405 1404 1417
1522 1425 1419
1522 1419 1420
1523 1425 1522
1523 1524 1425
1523 1525 1524
1524 1426 1425
1524 1526 1426
1525 1526 1524
1527 1528 1529
1527 1529 1530
1531 1527 1530
1531 1532 1527
1531 1533 1532
1533 1534 1532
1533 1535 1534
1531 1530 1536
1532 1534 1537
1532 1537 1538
1527 1532 1538
1527 1538 1528
1528 1538 1539
1539 1538 1537
1528 1539 1540
1539 1537 1541
1541 1537 1542
1541 1542 1543
1528 1540 1544
1528 1544 1529
1544 1545 1529
1544 1546 1545
1547 1529 1545
1547 1530 1529
1530 1547 1548
1530 1548 1536
1543 1542 1549
1543 1549 1550
1551 1549 1542
1551 1542 1537
1551 1537 1534
1552 1551 1534
1552 1534 1535
1551 1553 1549
1554 1553 1551
1551 1552 1554
1553 1554 1555
1555 1556 1553
1557 1556 1555
1557 1558 1556
1557 1559 1558
1550 1549 1560
1560 1549 1553
1560 1553 1556
1550 1560 1561
1561 1560 1562
1556 1562 1560
1561 1562 1563
1563 1562 1564
1563 1564 1565
1566 1565 1564
1566 1567 1565
1566 1568 1567
1566 1569 1568
1569 1570 1568
1569 1571 1570
1571 1572 1570
1571 1573 1572
1573 1574 1572
1573 1575 1574
1575 1576 1574
1575 1577 1576
1577 1578 1576
1577 1579 1578
1580 1578 1579
1580 1581 1578
1580 1582 1581
1580 1583 1582
1583 1584 1582
1583 1585 1584
1585 1586 1584
1585 1587 1586
1587 1588 1586
1587 1589 1588
1588 1589 1590
1591 1590 1589
1592 1591 1589
1592 1589 1587
1593 1592 1587
1593 1587 1585
1594 1593 1585
1594 1585 1583
1595 1594 1583
1595 1583 1580
1595 1580 1579
1595 1579 1596
1596 1579 1577
1597 1596 1577
1598 1597 1577
1598 1577 1575
1599 1598 1575
1599 1575 1573
1600 1599 1573
1600 1573 1571
1601 1600 1571
1601 1571 1569
1594 1595 1602
1602 1595 1603
1604 1601 1569
1604 1569 1566
1604 1566 1564
1605 1604 1564
1605 1564 1606
1606 1607 1605
1606 1608 1607
1609 1607 1610
1609 1610 1611
1611 1604 1609
1611 1612 1604
1562 1613 1608
1562 1608 1614
1614 1564 1562
1556 1613 1562
1610 1615 1616
1610 1616 1617
1618 1612 1617
1618 1617 1616
1615 1619 1620
1615 1620 1621
1622 1618 1621
1622 1621 1620
1623 1622 1624
1624 1619 1623
1625 1626 1627
1625 1627 1628
1625 1629 1626
1625 1630 1629
1630 1631 1629
1630 1632 1631
1632 1633 1631
1632 1634 1633
1635 1633 1634
1635 1636 1633
1637 1636 1635
1637 1638 1636
1637 1639 1638
1637 1640 1639
1640 1641 1639
1640 1642 1641
1642 1643 1641
1642 1644 1643
1644 1645 1643
1644 1646 1645
1646 1647 1645
1646 1648 1647
1648 1649 1647
1648 1650 1649
1651 1650 1648
1651 1652 1650
1652 1653 1650
1653 1649 1650
1654 1651 1648
1654 1648 1646
1655 1654 1646
1655 1646 1644
1656 1655 1644
1656 1644 1642
1657 1656 1642
1657 1642 1640
1658 1657 1640
1658 1640 1637
1658 1637 1635
1658 1635 1659
1660 1658 1659
1660 1661 1658
1660 1662 1661
1662 1663 1661
1662 1664 1663
1664 1665 1663
1664 1666 1665
1666 1667 1665
1666 1668 1667
1669 1667 1668
1669 1670 1667
1671 1670 1669
1671 1672 1670
1659 1635 1634
1659 1634 1673
1674 1659 1673
1674 1675 1659
1676 1674 1673
1676 1673 1634
1676 1634 1632
1677 1676 1632
1677 1632 1630
1678 1677 1630
1678 1630 1625
1678 1625 1628
1678 1628 1679
1679 1628 1680
1681 1679 1680
1628 1627 1680
1675 1660 1659
1675 1682 1660
1682 1662 1660
1682 1683 1662
1683 1664 1662
1683 1684 1664
1684 1666 1664
1684 1685 1666
1685 1668 1666
1685 1686 1668
1686 1669 1668
1686 1687 1669
1687 1671 1669
1687 1688 1671
1688 1689 1671
1688 1690 1689
1690 1691 1689
1690 1692 1691
1692 1693 1691
1671 1689 1694
1691 1694 1689
1671 1694 1672
1691 1695 1694
1693 1695 1691
1696 1697 1698
1696 1698 1699
1697 1696 1700
1697 1700 1701
1699 1698 1702
1699 1702 1703
1704 1703 1702
1704 1702 1705
1706 1703 1704
1706 1707 1703
1707 1699 1703
1696 1708 1700
1696 1709 1708
1709 1696 1699
1709 1699 1710
1707 1710 1699
1698 1711 1702
1705 1702 1711
1698 1712 1711
1697 1712 1698
1712 1713 1711
1714 1711 1713
1705 1711 1714
1714 1713 1715
1713 1716 1715
1713 1717 1716
1718 1716 1717
1718 1717 1719
1720 1718 1719
1720 1719 1721
1722 1720 1721
1722 1721 1723
1724 1722 1723
1724 1723 1725
1726 1724 1725
1726 1725 1727
1725 1728 1727
1725 1729 1728
1723 1729 1725
1730 1728 1729
1730 1729 1731
1731 1729 1732
1723 1732 1729
1721 1732 1723
1731 1732 1733
1733 1732 1734
1721 1734 1732
1719 1734 1721
1733 1734 1735
1735 1734 1736
1735 1736 1737
1737 1736 1738
1737 1738 1739
1739 1740 1737
1735 1737 1740
1739 1741 1740
1735 1740 1742
1735 1742 1743
1735 1743 1733
1733 1743 1744
1733 1744 1731
1730 1731 1744
1730 1744 1745
1719 1736 1734
1717 1738 1736
1717 1736 1719
1746 1739 1738
1741 1739 1746
1746 1738 1747
1747 1738 1717
1741 1746 1748
1747 1717 1713
1712 1747 1713
1749 1746 1747
1749 1747 1712
1748 1746 1749
1748 1749 1750
1749 1701 1750
1749 1697 1701
1697 1749 1712
1751 1730 1745
1751 1728 1730
1751 1752 1728
1753 1752 1751
1753 1754 1752
1753 1751 1755
1753 1755 1756
1757 1752 1754
1757 1754 1758
1759 1757 1758
1759 1760 1757
1761 1759 1758
1761 1758 1762
1762 1758 1754
1763 1753 1756
1763 1756 1764
1765 1754 1753
1765 1753 1763
1762 1754 1765
1727 1728 1752
1727 1752 1757
1760 1727 1757
1760 1726 1727
1766 1765 1763
1762 1765 1766
1766 1763 1767
1767 1763 1764
1761 1762 1768
1762 1766 1768
1761 1768 1769
1767 1764 1770
1770 1771 1767
1770 1772 1771
1768 1773 1769
1768 1774 1773
1774 1768 1766
1772 1775 1771
1774 1775 1773
1771 1775 1776
1776 1766 1767
1776 1767 1771
1777 1775 1774
1774 1766 1777
1751 1745 1755
1778 1779 1780
1778 1780 1781
1782 1778 1781
1782 1781 1783
1780 1779 1784
1784 1779 1785
1786 1784 1785
1787 1778 1782
1787 1782 1788
1789 1779 1778
1789 1778 1787
1786 1789 1790
1786 1790 1791
1791 1790 1788
1791 1788 1792
1793 1782 1783
1793 1783 1794
1793 1794 1795
1793 1795 1796
1797 1796 1795
1797 1795 1798
1799 1796 1797
1799 1797 1800
1801 1799 1800
1801 1800 1802
1803 1799 1801
1803 1804 1799
1804 1793 1796
1804 1796 1799
1782 1793 1804
1782 1804 1788
1805 1804 1806
1805 1806 1792
1807 1808 1809
1810 1807 1809
1811 1810 1809
1812 1811 1809
1813 1812 1809
1814 1813 1809
1815 1814 1809
1816 1815 1809
1817 1816 1809
1818 1817 1809
1819 1818 1809
1820 1819 1809
1821 1820 1809
1808 1822 1809
1822 1823 1809
1823 1824 1809
1824 1825 1809
1826 1827 1809
1828 1826 1809
1829 1828 1830
1831 1832 1833
1833 1832 1834
1834 1832 1835
1835 1832 1836
1836 1832 1837
1837 1832 1838
1838 1832 1839
1839 1832 1840
1840 1832 1841
1841 1832 1842
1842 1832 1843
1843 1832 1844
1844 1832 1845
1845 1832 1846
1846 1832 1847
1847 1832 1848
1848 1832 1849
1849 1832 1831
1850 1851 1852
1852 1851 1853
1853 1851 1854
1854 1851 1855
1855 1851 1856
1856 1851 1857
1857 1851 1858
1858 1851 1859
1859 1851 1860
1860 1851 1861
1861 1851 1862
1862 1851 1863
1863 1851 1864
1864 1851 1865
1865 1851 1866
1866 1851 1867
1853 1868 1852
1852 1868 1869
1852 1869 1850
1857 1870 1856
1861 1871 1860
1861 1872 1871
1863 1873 1862
1874 1873 1872
1874 1872 1875
1863 1876 1873
1864 1877 1876
1865 1878 1877
1866 1879 1878
1867 1880 1879
1850 1869 1881
1850 1881 1882
1882 1851 1850
1883 1851 1882
1884 1851 1883
1867 1851 1884
1867 1879 1866
1866 1878 1865
1865 1877 1864
1864 1876 1863
1884 1885 1867
1884 1886 1885
1883 1886 1884
1883 1887 1886
1882 1881 1887
1882 1887 1883
1853 1888 1868
1889 1888 1853
1889 1890 1888
1891 1890 1889
1891 1892 1890
1856 1892 1891
1856 1893 1892
1857 1894 1870
1895 1896 1897
1895 1897 1898
1899 1896 1895
1899 1900 1896
1901 1871 1902
1901 1902 1859
