byte offset: 0
first index: 0
index count: 11964
topology: trianglelist
format: DXGI_FORMAT_R16_UINT

0 1 2
3 1 0
1 3 4
5 1 4
4 6 5
6 4 7
8 6 7
6 8 9
1 5 10
2 1 10
11 12 13
13 14 11
14 13 15
13 16 15
17 15 16
15 17 18
17 19 18
19 17 20
16 13 21
12 21 13
22 23 24
25 23 22
26 22 24
22 27 25
26 27 22
23 25 28
25 27 29
25 29 30
28 25 30
30 29 31
29 32 31
29 27 32
32 27 33
27 34 33
34 27 26
31 32 35
31 35 36
37 31 36
30 31 37
37 36 38
39 30 37
38 39 37
28 30 39
38 40 39
39 40 41
41 28 39
40 38 42
40 42 43
42 44 43
42 45 44
46 44 45
46 47 44
48 46 45
49 47 46
50 49 46
51 47 49
51 52 47
52 44 47
44 52 53
43 44 53
46 48 54
46 55 50
46 54 55
45 42 56
57 45 56
57 48 45
38 56 42
58 56 38
58 57 56
59 58 38
36 59 38
51 60 52
61 53 52
53 61 62
61 63 62
63 61 64
64 65 63
66 63 65
63 66 67
67 62 63
68 67 66
62 67 69
43 62 69
62 43 53
68 70 67
70 69 67
71 69 70
71 43 69
40 43 71
70 68 72
72 68 73
40 71 74
74 71 70
40 74 75
75 74 70
76 75 70
70 72 76
41 75 76
40 75 41
73 77 72
72 78 76
77 78 72
77 79 78
79 80 78
77 81 79
81 82 79
79 82 80
83 82 81
82 83 23
80 82 23
83 81 84
80 23 85
78 80 85
76 85 41
78 85 76
85 23 28
85 28 41
23 83 86
24 23 86
87 84 81
88 81 77
89 81 88
89 87 81
90 87 89
91 87 90
90 92 91
91 92 93
94 91 93
94 87 91
84 87 94
92 90 95
90 89 96
96 89 88
95 90 96
96 88 97
98 96 97
95 96 98
99 95 98
98 100 99
101 100 98
101 98 97
97 73 101
97 88 73
100 101 102
100 102 103
102 104 103
102 105 104
106 104 105
106 107 104
65 106 105
108 107 106
109 108 106
110 107 108
110 111 107
111 104 107
104 111 112
103 104 112
106 65 113
106 113 109
105 102 114
101 114 102
66 105 114
66 65 105
66 114 115
68 66 115
110 116 111
110 117 116
113 65 64
113 64 109
61 109 64
109 61 118
52 118 61
118 52 60
115 114 101
68 115 101
73 68 101
88 77 73
93 92 119
100 103 120
100 120 99
121 122 123
124 122 121
125 121 123
121 126 124
125 126 121
122 124 127
124 126 128
124 128 129
127 124 129
129 128 130
128 131 130
128 126 131
131 126 132
126 133 132
133 126 125
130 131 134
130 134 135
136 130 135
129 130 136
136 135 137
138 129 136
137 138 136
127 129 138
137 139 138
138 139 140
140 127 138
139 137 141
139 141 142
141 143 142
144 143 141
137 144 141
145 144 137
143 144 146
147 143 146
147 148 143
149 147 146
150 148 147
151 150 147
152 148 150
152 153 148
153 143 148
143 153 154
142 143 154
147 149 155
147 155 151
156 146 144
156 149 146
145 156 144
152 157 153
152 158 157
159 154 153
157 159 153
154 159 160
161 160 159
160 161 162
163 161 159
159 157 163
157 164 163
158 164 157
165 163 164
165 166 163
166 161 163
166 167 161
161 167 162
167 168 162
168 167 169
170 168 169
162 171 160
171 162 168
142 160 171
160 142 154
170 172 168
172 171 168
173 171 172
173 142 171
139 142 173
172 170 174
174 170 175
139 173 176
176 173 172
139 176 177
177 176 172
178 177 172
172 174 178
140 177 178
139 177 140
175 179 174
174 180 178
179 180 174
179 181 180
181 182 180
179 183 181
183 184 181
181 184 182
185 184 183
184 185 122
182 184 122
185 183 186
182 122 187
180 182 187
178 187 140
180 187 178
187 122 127
187 127 140
122 185 188
123 122 188
189 186 183
190 183 179
191 183 190
191 189 183
192 189 191
193 189 192
192 194 193
193 194 195
196 193 195
196 189 193
186 189 196
194 192 197
192 191 198
198 191 190
197 192 198
198 190 199
200 198 199
197 198 200
201 197 200
200 202 201
203 202 200
203 200 199
199 175 203
199 190 175
202 203 204
202 204 205
204 206 205
204 207 206
208 206 207
208 209 206
167 208 207
210 209 208
165 210 208
211 209 210
211 212 209
212 206 209
206 212 213
205 206 213
208 167 166
208 166 165
207 204 214
203 214 204
169 207 214
169 167 207
169 214 203
170 169 203
175 170 203
211 215 212
211 216 215
217 213 212
212 218 217
215 218 212
215 219 218
216 219 215
220 218 219
220 221 218
221 222 218
218 222 217
222 221 223
222 224 217
224 222 225
222 223 225
213 217 224
226 225 223
225 226 227
227 224 225
228 227 226
224 205 213
205 224 229
224 227 229
228 230 227
230 229 227
231 229 230
231 205 229
202 205 231
230 228 232
228 233 232
202 231 234
234 231 230
202 234 235
235 234 230
236 235 230
230 232 236
201 235 236
202 235 201
233 237 232
232 238 236
237 238 232
237 239 238
239 240 238
239 241 240
238 240 242
236 242 201
238 242 236
240 194 242
240 241 194
241 243 194
242 194 197
242 197 201
194 243 244
195 194 244
245 241 239
245 239 237
243 241 245
243 245 246
245 247 246
245 248 247
237 248 245
247 249 246
247 250 249
250 247 251
251 252 250
253 252 251
254 253 251
253 254 255
252 253 256
252 256 257
256 258 257
257 258 259
258 260 259
260 258 261
259 260 262
259 262 263
262 264 263
265 264 262
264 265 266
260 267 262
265 262 267
267 260 261
261 258 268
258 256 268
265 267 269
265 269 270
270 266 265
269 271 270
272 271 269
271 272 273
271 273 274
273 275 274
269 267 276
272 269 276
267 261 276
276 277 272
272 278 273
278 275 273
279 278 272
275 278 280
281 275 280
281 282 275
283 281 280
284 282 281
284 281 283
285 284 283
286 282 284
286 287 282
287 275 282
275 287 288
274 275 288
283 280 289
290 280 278
290 289 280
278 279 290
291 290 279
291 292 277
291 279 292
291 277 293
292 279 272
277 292 272
277 261 293
261 268 293
285 283 294
294 283 289
285 294 295
295 294 296
296 294 297
297 289 290
294 289 297
296 297 298
299 296 298
300 296 299
300 295 296
299 298 301
302 299 301
299 302 303
303 300 299
293 268 304
304 305 293
305 291 293
306 291 305
291 306 307
307 297 290
291 307 290
308 297 307
306 308 307
308 298 297
309 308 306
304 310 305
311 298 308
311 301 298
309 311 308
311 302 301
302 311 312
313 312 311
313 311 309
309 306 313
313 314 312
306 305 315
313 306 315
316 313 315
317 313 316
318 313 317
318 314 313
318 317 319
318 319 228
228 320 318
318 320 314
228 226 320
320 321 314
321 312 314
320 226 321
226 223 321
223 322 321
315 323 316
255 323 315
255 254 323
305 255 315
310 255 305
310 253 255
256 253 310
268 256 310
268 310 304
303 321 322
322 324 303
321 303 302
221 322 223
221 324 322
312 321 302
324 221 220
300 303 324
325 254 251
247 325 251
248 325 247
325 248 326
327 325 326
254 325 327
327 326 319
319 326 233
319 233 228
326 237 233
326 248 237
327 319 317
327 317 316
323 254 327
323 327 316
328 145 137
135 328 137
190 179 175
329 32 330
331 329 330
329 332 32
331 333 329
333 331 264
263 264 331
329 333 334
332 329 334
333 264 335
334 333 335
335 264 266
32 332 35
266 336 335
334 335 336
337 334 336
332 334 337
337 36 332
35 332 36
337 338 36
339 338 337
339 337 336
336 340 339
270 340 336
336 266 270
338 339 341
338 341 57
271 340 270
271 342 340
340 342 339
271 343 342
342 343 339
343 344 339
339 344 341
271 274 343
343 274 344
344 345 341
341 48 57
341 345 48
346 48 345
347 346 345
346 54 48
348 54 346
348 346 349
349 346 347
347 345 350
274 350 344
344 350 345
287 347 350
347 287 349
286 349 287
287 350 288
274 288 350
348 55 54
348 50 55
330 33 34
330 32 33
338 57 58
338 58 59
338 59 36
276 261 277
351 352 353
351 353 354
351 355 352
351 356 355
351 357 356
351 358 357
351 354 359
351 359 360
356 361 355
361 352 355
361 356 362
357 362 356
362 363 361
363 364 361
364 353 352
352 361 364
364 363 365
365 366 364
366 354 353
353 364 366
366 365 367
367 368 366
368 359 354
354 366 368
368 367 369
363 362 370
371 370 362
362 357 371
358 371 357
370 371 372
373 372 371
371 358 373
372 373 374
369 375 368
375 369 376
377 375 376
375 377 378
360 375 378
375 360 359
359 368 375
379 380 381
381 380 382
382 380 383
383 380 384
384 380 385
385 380 386
386 380 387
387 380 379
388 389 390
390 389 391
392 389 388
393 389 392
394 389 393
394 395 389
389 395 396
389 396 397
389 397 398
398 399 389
389 399 400
389 400 401
389 401 402
389 402 403
404 389 403
405 389 404
406 389 405
407 389 406
408 389 407
391 389 408
409 410 411
410 412 411
413 409 411
414 413 411
415 414 411
415 411 416
411 417 416
411 418 417
411 419 418
419 411 420
411 421 420
411 422 421
411 423 422
411 424 423
425 424 411
426 425 411
427 426 411
428 427 411
429 428 411
412 429 411
430 431 432
431 430 433
432 434 430
434 432 435
433 436 431
436 433 437
437 438 436
438 437 439
439 440 438
440 439 441
441 442 440
442 441 443
443 444 442
444 443 445
445 446 444
446 445 447
448 446 447
446 448 449
448 450 449
450 448 451
452 450 451
450 452 453
452 454 453
454 452 455
455 456 454
456 455 457
457 458 456
458 457 459
459 460 458
460 459 461
461 462 460
462 461 463
464 462 463
462 464 465
464 466 465
466 464 467
467 468 466
468 467 469
434 468 469
468 434 435
470 471 472
470 473 471
470 472 474
470 474 475
470 475 476
470 476 477
470 478 473
470 479 478
480 475 474
472 480 474
475 480 481
481 476 475
482 481 480
483 482 480
471 483 472
480 472 483
482 483 484
485 484 483
473 485 471
483 471 485
484 485 486
487 486 485
478 487 473
485 473 487
486 487 488
481 482 489
489 490 481
476 481 490
490 477 476
490 489 491
491 492 490
477 490 492
492 491 493
494 488 487
488 494 495
494 496 495
496 494 497
494 479 497
479 494 478
487 478 494
498 499 500
499 501 500
501 502 500
502 503 500
503 504 500
504 505 500
505 506 500
506 498 500
507 508 509
510 507 509
510 511 507
512 511 510
512 510 513
513 510 514
510 509 514
514 509 508
513 514 515
514 516 515
514 508 516
508 517 516
518 517 508
507 518 508
511 519 507
507 519 518
520 521 522
521 520 523
521 524 522
524 521 525
526 521 523
521 526 527
521 528 525
528 521 527
522 529 520
524 529 522
530 527 526
530 528 527
531 532 533
532 534 533
535 531 533
536 535 533
537 536 533
537 533 538
533 539 538
533 540 539
533 541 540
541 533 542
533 543 542
533 544 543
533 545 544
533 546 545
547 546 533
548 547 533
549 548 533
550 549 533
551 550 533
534 551 533
552 553 554
554 553 555
556 553 552
557 553 556
558 553 557
558 559 553
553 559 560
553 560 561
553 561 562
562 563 553
553 563 564
553 564 565
553 565 566
553 566 567
568 553 567
569 553 568
570 553 569
571 553 570
572 553 571
555 553 572
573 574 575
574 573 576
577 575 574
575 577 578
579 576 573
576 579 580
581 580 579
580 581 582
583 582 581
582 583 584
585 584 583
584 585 586
587 586 585
586 587 588
589 588 587
588 589 590
589 591 590
591 589 592
593 591 592
591 593 594
593 595 594
595 593 596
597 595 596
595 597 598
599 598 597
598 599 600
601 600 599
600 601 602
603 602 601
602 603 604
605 604 603
604 605 606
605 607 606
607 605 608
609 607 608
607 609 610
611 610 609
610 611 612
611 577 612
577 611 578
613 614 615
614 613 616
617 613 615
613 617 618
617 619 618
619 617 620
614 621 615
621 617 615
621 614 622
623 621 622
621 623 624
625 621 624
621 625 626
617 621 626
626 620 617
627 626 625
626 627 628
620 626 628
620 629 619
629 620 630
631 629 630
630 632 631
632 630 633
627 633 628
633 620 628
620 633 630
634 632 633
633 627 634
632 634 635
629 631 636
631 637 636
637 631 638
639 637 638
637 639 640
641 640 639
640 641 642
643 639 638
635 643 632
643 631 632
631 643 638
639 643 644
644 641 639
645 644 643
643 635 645
644 645 646
646 647 644
641 644 647
647 646 648
649 650 651
650 649 652
653 649 651
649 653 654
653 655 654
655 653 656
649 657 652
657 649 658
654 658 649
659 657 658
660 659 658
658 654 660
659 660 661
622 659 661
659 622 614
662 622 661
660 662 661
622 662 623
662 660 663
654 663 660
663 654 655
616 659 614
659 616 664
657 659 664
665 666 667
666 665 668
669 668 665
668 669 670
671 670 669
670 671 672
673 670 672
670 673 674
668 675 666
675 668 676
676 670 674
670 676 668
677 665 667
665 677 678
665 679 669
679 665 678
669 680 671
680 669 679
681 673 672
672 682 681
682 672 671
680 682 671
683 684 685
684 683 686
683 687 686
687 683 688
688 689 687
689 688 690
686 691 684
691 686 692
693 687 689
687 693 694
694 686 687
686 694 692
695 683 685
683 695 696
696 688 683
688 696 697
698 688 697
688 698 690
699 685 684
691 699 684
685 699 700
685 700 695
701 702 703
702 701 704
705 704 701
706 707 708
707 706 709
710 707 709
711 712 713
712 711 714
715 716 717
716 715 718
719 720 721
720 719 722
723 724 725
724 723 726
727 728 729
728 727 730
731 732 733
732 731 734
735 732 734
736 737 738
737 736 739
740 739 736
741 742 743
742 741 744
745 746 747
746 745 748
749 750 751
750 749 752
753 754 755
754 753 756
757 758 759
758 757 760
761 762 763
762 761 764
764 765 762
765 764 766
762 767 763
767 762 768
762 769 768
769 762 765
768 770 767
766 771 765
771 766 772
773 765 771
765 773 769
772 774 771
774 772 775
775 776 774
776 775 777
777 778 776
778 777 779
780 778 779
780 781 778
781 776 778
782 773 771
771 774 782
773 782 783
782 784 783
784 782 785
786 784 785
785 787 786
774 788 782
788 774 776
776 781 789
789 788 776
785 790 787
790 785 782
788 789 791
792 788 791
792 790 782
788 792 782
793 792 791
790 792 793
794 763 795
763 794 761
796 794 795
794 796 797
796 798 797
798 796 799
763 800 795
800 796 795
800 763 767
796 800 801
801 799 796
799 801 802
800 803 801
767 803 800
801 803 804
804 803 805
806 804 805
805 807 806
807 805 808
809 807 808
807 809 810
811 810 809
810 811 812
813 812 811
812 813 814
815 814 813
814 815 816
816 815 817
804 806 818
819 804 818
804 819 801
802 801 819
803 767 770
820 821 822
821 820 823
824 823 820
823 824 825
826 825 824
825 826 827
821 828 822
828 821 829
830 828 829
828 830 831
832 820 822
820 832 833
833 824 820
824 833 834
835 824 834
824 835 826
836 822 828
822 836 832
831 836 828
836 831 837
832 836 838
838 833 832
836 839 838
839 840 838
839 841 840
842 840 841
840 842 843
842 844 843
844 842 845
845 846 844
846 845 847
847 848 846
848 847 849
849 850 848
850 849 851
851 852 850
841 839 853
839 854 853
854 839 836
837 854 836
833 838 855
834 833 855
856 857 858
857 859 858
859 857 860
860 861 859
861 860 862
863 861 862
861 863 864
864 865 861
865 864 866
866 864 867
868 866 867
869 868 867
867 870 869
871 870 867
871 864 863
864 871 867
870 872 869
869 872 873
872 870 874
875 872 874
872 875 876
877 876 875
876 877 878
879 878 877
878 879 880
879 881 880
868 869 882
869 883 882
883 869 884
873 884 869
885 883 884
884 886 885
887 885 886
885 887 888
889 888 887
888 889 890
891 890 889
890 891 892
893 892 891
892 893 894
891 895 893
895 891 896
889 896 891
897 889 887
896 889 897
898 896 897
899 896 898
886 900 887
900 886 901
884 901 886
902 901 884
903 901 902
901 903 904
903 905 904
905 903 906
907 905 906
905 907 908
909 908 907
884 873 902
910 909 907
911 907 906
911 910 907
903 912 906
911 906 912
912 903 913
913 903 902
913 902 873
913 914 912
915 912 914
912 915 916
916 911 912
917 911 916
915 917 916
914 913 918
918 913 873
919 918 873
920 918 919
918 920 921
920 922 921
922 920 923
923 924 922
924 923 925
926 924 925
927 926 925
923 927 925
927 923 928
920 928 923
928 920 929
929 920 919
919 930 929
930 919 931
873 931 919
931 873 872
876 931 872
931 932 930
932 931 876
933 929 930
929 933 934
930 935 933
935 930 932
936 937 898
898 937 938
899 898 938
936 898 897
887 936 897
936 887 900
939 940 858
941 939 858
940 856 858
859 941 858
941 859 942
861 942 859
942 861 865
943 865 866
944 943 866
866 868 944
943 944 945
885 888 946
946 947 885
883 885 947
947 946 948
949 950 951
950 949 952
953 951 950
951 953 954
953 955 954
955 953 956
826 955 956
956 827 826
827 956 957
955 826 835
958 957 956
956 953 958
957 958 959
960 959 958
959 960 961
962 961 960
961 962 963
964 963 962
964 962 965
960 965 962
958 953 966
966 960 958
965 960 967
967 960 966
966 968 967
969 968 966
970 968 969
969 971 970
971 969 953
966 953 969
950 971 953
971 950 952
972 973 974
973 975 974
975 973 976
976 977 975
977 976 978
977 978 979
979 978 980
981 978 976
978 981 980
976 982 981
982 976 973
983 982 973
973 984 983
985 983 984
974 986 972
972 986 987
988 989 990
990 991 988
991 990 992
993 992 990
994 993 990
992 993 995
996 991 992
995 996 992
997 998 999
1000 997 999
997 1000 1001
1002 1001 1000
1001 1002 1003
1004 1003 1002
1005 1004 1002
1000 1005 1002
1005 1000 1006
999 1006 1000
1006 999 1007
999 1008 1007
1009 1010 1011
1010 1009 1012
1013 1012 1009
1012 1013 1014
1015 1014 1013
1014 1015 1016
1015 1017 1016
1017 1015 1018
1018 1019 1017
1020 1021 1022
1020 1022 1023
1023 1024 1020
1025 1024 1023
1026 1022 1021
1022 1026 1027
1020 1028 1021
1028 1026 1021
1028 1020 1029
1029 1030 1028
1030 1029 1031
1030 1032 1028
1026 1028 1032
1032 1030 1033
1034 1030 1031
1030 1034 1035
1035 1033 1030
1033 1035 1036
1036 1035 1037
1037 1035 1034
1038 1039 1040
1039 1038 1041
1040 1042 1038
1042 1040 1043
1043 1044 1042
1044 1043 1045
1046 1044 1045
1044 1046 1047
1047 1046 1048
1049 1050 1051
1049 1052 1050
1052 1049 1053
1054 1052 1053
1055 1051 1050
1050 1056 1055
1057 1049 1051
1055 1057 1051
1049 1057 1058
1059 1058 1057
1058 1059 1060
1061 1059 1057
1057 1055 1061
1059 1061 1062
1059 1063 1060
1063 1059 1064
1062 1064 1059
1064 1062 1065
1065 1066 1064
1066 1063 1064
1067 1068 1069
1067 1070 1068
1070 1067 1071
1071 1072 1070
1072 1071 1073
1074 1072 1073
1075 1072 1074
1072 1075 1076
1077 1072 1076
1072 1077 1078
1079 1078 1077
1078 1079 1080
1079 1081 1080
1074 1073 1082
1083 1084 1085
1084 1083 1086
1087 1086 1083
1086 1087 1088
1084 1089 1085
1089 1084 1090
1084 1091 1090
1091 1084 1092
1086 1092 1084
1092 1093 1091
1093 1092 1094
1092 1086 1095
1088 1095 1086
1095 1094 1092
1095 1088 1096
1096 1088 1097
1098 1088 1087
1088 1098 1097
1098 1099 1097
1099 1098 1100
1100 1101 1099
1102 1099 1101
1094 1103 1093
1103 1094 1104
1104 1105 1103
1105 1104 1106
1094 1095 1107
1096 1107 1095
1108 1106 1104
1108 1094 1107
1094 1108 1104
1106 1108 1109
1110 1109 1108
1109 1110 1111
1107 1096 1112
1112 1108 1107
1108 1112 1110
1113 1111 1110
1111 1113 1114
1115 1114 1113
1114 1115 1116
1117 1116 1115
1116 1117 1118
1119 1118 1117
1119 1117 1120
1115 1120 1117
1112 1121 1110
1110 1121 1113
1121 1112 1122
1122 1112 1096
1096 1097 1122
1099 1122 1097
1122 1099 1102
1120 1115 1123
1113 1123 1115
1124 1123 1113
1125 1123 1124
1123 1125 1126
1127 1124 1122
1128 1127 1126
1124 1127 1128
1129 1130 1131
1130 1129 1132
1133 1130 1132
1130 1133 1134
1129 1131 1135
1130 1136 1131
1136 1130 1137
1134 1137 1130
1137 1134 1138
1139 1135 1131
1139 1140 1135
1140 1139 1141
1137 1142 1136
1137 1143 1142
1143 1137 1138
1138 1144 1143
1144 1138 1145
1134 1145 1138
1145 1134 1146
1134 1147 1146
1147 1134 1133
1148 1146 1147
1146 1148 1149
1150 1149 1148
1149 1150 1151
1152 1151 1150
1151 1152 1153
1152 1154 1153
1153 1154 1155
1155 1151 1153
1156 1149 1151
1151 1155 1156
1149 1156 1157
1146 1157 1145
1157 1146 1149
1158 1157 1156
1157 1158 1159
1159 1145 1157
1145 1159 1144
1156 1160 1158
1160 1156 1155
1154 1160 1155
1161 1162 1163
1162 1161 1164
1161 1165 1164
1166 1164 1165
1164 1166 1167
1167 1162 1164
1165 1168 1166
1168 1165 1169
1169 1170 1168
1170 1169 1171
1170 1171 1172
1171 1173 1172
1174 1172 1173
1175 1171 1169
1176 1171 1175
1176 1177 1171
1177 1173 1171
1169 1178 1175
1178 1169 1165
1165 1161 1178
1174 1173 1179
1173 1180 1179
1173 1177 1180
1181 1179 1180
1182 1178 1161
1161 1183 1182
1183 1161 1163
1163 1184 1183
1185 1183 1184
1183 1185 1186
1183 1186 1182
1187 1182 1186
1187 1188 1182
1178 1182 1188
1175 1188 1176
1188 1175 1178
1189 1176 1188
1188 1187 1189
1190 1176 1189
1184 1191 1185
1191 1184 1192
1193 1192 1184
1184 1163 1193
1192 1193 1194
1190 1177 1176
1177 1190 1180
1195 1180 1190
1195 1190 1196
1190 1197 1196
1190 1189 1197
1187 1197 1189
1198 1196 1197
1199 1196 1198
1198 1200 1199
1200 1198 1201
1196 1199 1202
1202 1195 1196
1203 1199 1200
1199 1203 1204
1204 1202 1199
1202 1204 1205
1206 1205 1204
1205 1206 1207
1207 1208 1205
1208 1207 1209
1205 1210 1202
1210 1205 1208
1195 1202 1210
1209 1211 1208
1211 1209 1212
1213 1211 1212
1212 1214 1213
1215 1213 1214
1213 1215 1216
1216 1217 1213
1211 1213 1217
1217 1216 1218
1219 1216 1215
1216 1219 1220
1218 1216 1220
1214 1212 1221
1215 1222 1219
1222 1215 1223
1214 1223 1215
1223 1214 1224
1221 1224 1214
1224 1221 1225
1217 1226 1211
1226 1217 1227
1218 1227 1217
1218 1228 1227
1227 1228 1179
1179 1226 1227
1224 1229 1223
1229 1224 1230
1230 1224 1225
1231 1223 1229
1223 1231 1222
1230 1232 1229
1232 1231 1229
1232 1230 1233
1231 1232 1234
1226 1179 1181
1235 1222 1231
1234 1235 1231
1236 1235 1234
1235 1236 1237
1237 1238 1235
1238 1237 1239
1239 1240 1238
1219 1238 1240
1240 1220 1219
1220 1240 1241
1240 1239 1241
1239 1242 1241
1241 1242 1243
1242 1244 1243
1245 1244 1242
1246 1243 1244
1244 1247 1246
1247 1244 1248
1245 1248 1244
1247 1248 1249
1250 1248 1245
1250 1249 1248
1250 1251 1249
1251 1250 1252
1243 1246 1253
1253 1241 1243
1241 1253 1220
1252 1254 1251
1254 1252 1255
1255 1256 1254
1256 1255 1257
1257 1141 1256
1141 1257 1140
1246 1228 1253
1247 1228 1246
1228 1247 1174
1247 1172 1174
1172 1247 1249
1249 1170 1172
1170 1249 1251
1168 1251 1254
1251 1168 1170
1166 1254 1256
1254 1166 1168
1167 1256 1141
1256 1167 1166
1228 1218 1253
1228 1174 1179
1218 1220 1253
1258 1167 1141
1167 1258 1259
1162 1167 1259
1259 1260 1162
1260 1259 1261
1093 1260 1261
1260 1093 1103
1105 1260 1103
1260 1105 1262
1163 1260 1262
1260 1163 1162
1263 1259 1258
1259 1263 1261
1258 1136 1263
1136 1090 1263
1090 1136 1089
1136 1258 1131
1091 1263 1090
1263 1091 1261
1261 1091 1093
1258 1139 1131
1258 1141 1139
1264 1265 1266
1265 1264 1267
1264 1268 1267
1268 1264 1269
1265 1270 1266
1271 1264 1266
1271 1266 1272
1264 1271 1273
1273 1269 1264
1269 1273 1274
1275 1266 1270
1272 1266 1275
1276 1275 1270
1275 1276 1277
1272 1275 1277
1277 1278 1272
1278 1277 1279
1279 1280 1278
1280 1279 1281
1281 1282 1280
1283 1280 1282
1280 1283 1284
1284 1278 1280
1282 1281 1285
1273 1271 1286
1286 1274 1273
1274 1286 1287
1288 1274 1287
1274 1288 1289
1289 1269 1274
1269 1289 1290
1291 1269 1290
1269 1291 1268
1290 1292 1291
1292 1290 1293
1293 1294 1292
1294 1293 1295
1295 1296 1294
1296 1295 1297
1296 1297 1298
1297 1299 1298
1295 1299 1297
1293 1300 1295
1299 1295 1300
1300 1293 1301
1290 1301 1293
1301 1290 1289
1301 1302 1300
1302 1301 1303
1289 1303 1301
1303 1289 1288
1304 1300 1302
1300 1304 1299
1298 1299 1304
1305 1306 1307
1306 1305 1308
1307 1309 1305
1309 1307 1310
1311 1306 1308
1306 1311 1312
1271 1312 1311
1312 1271 1313
1272 1313 1271
1272 1314 1313
1314 1272 1278
1278 1284 1314
1313 1315 1312
1315 1313 1314
1315 1306 1312
1316 1315 1314
1284 1316 1314
1306 1315 1317
1317 1307 1306
1318 1317 1315
1317 1318 1319
1310 1320 1309
1320 1310 1321
1322 1321 1310
1310 1323 1322
1319 1323 1317
1307 1317 1323
1323 1310 1307
1324 1320 1321
1320 1324 1325
1325 1324 1326
1327 1326 1324
1328 1319 1318
1319 1328 1329
1330 1329 1328
1328 1283 1330
1283 1328 1284
1329 1330 1331
1316 1284 1328
1331 1332 1329
1332 1331 1333
1332 1319 1329
1323 1319 1334
1319 1332 1334
1333 1335 1332
1335 1333 1336
1337 1332 1335
1332 1337 1334
1322 1334 1337
1334 1322 1323
1336 1338 1335
1338 1336 1339
1339 1340 1338
1340 1339 1341
1341 1342 1340
1342 1341 1343
1344 1342 1343
1344 1345 1342
1345 1340 1342
1346 1322 1337
1322 1346 1321
1346 1324 1321
1324 1346 1327
1337 1347 1346
1347 1337 1335
1335 1338 1347
1340 1345 1348
1338 1340 1348
1349 1338 1348
1350 1349 1348
1348 1351 1350
1349 1352 1346
1353 1351 1352
1352 1349 1353
1204 1354 1355
1355 1354 1356
1357 1204 1355
1204 1357 1206
1206 1357 1358
1359 1206 1358
1359 1358 1360
1360 1361 1359
1362 1359 1361
1362 1363 1359
1364 1363 1362
1365 1362 1361
1362 1365 1366
1367 1362 1366
1367 1364 1362
1221 1364 1367
1368 1221 1367
1366 1368 1367
1221 1368 1225
1368 1369 1225
1369 1368 1370
1364 1221 1212
1369 1230 1225
1369 1233 1230
1369 1371 1233
1369 1372 1371
1371 1373 1233
1374 1373 1371
1375 1374 1371
1372 1375 1371
1373 1374 1376
1281 1376 1374
1375 1281 1374
1376 1281 1279
1279 1377 1376
1377 1279 1277
1277 1378 1377
1378 1277 1276
1375 1285 1281
1379 1376 1377
1376 1379 1373
1377 1380 1379
1380 1377 1378
1381 1285 1375
1375 1382 1381
1375 1372 1382
1372 1369 1382
1285 1381 1383
1384 1383 1381
1382 1384 1381
1383 1384 1385
1386 1383 1385
1383 1386 1387
1387 1285 1383
1386 1388 1387
1388 1386 1389
1390 1388 1389
1285 1387 1282
1388 1282 1387
1388 1390 1391
1236 1379 1380
1379 1236 1234
1389 1392 1390
1392 1393 1390
1393 1391 1390
1392 1389 1394
1386 1394 1389
1394 1386 1395
1396 1386 1385
1386 1396 1395
1397 1385 1384
1385 1397 1396
1282 1388 1398
1388 1399 1398
1393 1399 1391
1384 1400 1397
1400 1384 1401
1401 1402 1400
1402 1401 1370
1382 1370 1401
1382 1401 1384
1370 1368 1402
1368 1366 1402
1366 1403 1402
1403 1366 1365
1365 1404 1403
1404 1365 1405
1405 1406 1404
1406 1405 1407
1408 1407 1405
1407 1408 1409
1405 1361 1408
1361 1405 1365
1407 1410 1406
1410 1407 1411
1409 1411 1407
1411 1412 1410
1413 1412 1411
1411 1409 1413
1361 1360 1408
1414 1408 1360
1408 1414 1415
1414 1416 1415
1416 1414 1417
1414 1418 1417
1360 1418 1414
1418 1360 1358
1357 1418 1358
1357 1419 1418
1419 1357 1420
1420 1357 1355
1356 1420 1355
1356 1421 1420
1421 1356 1422
1422 1423 1421
1423 1424 1421
1420 1424 1419
1424 1420 1421
1424 1423 1425
1423 1422 1426
1423 1427 1425
1426 1427 1423
1428 1418 1419
1429 1418 1428
1430 1418 1429
1431 1430 1429
1428 1431 1429
1430 1431 1432
1431 1428 1433
1419 1433 1428
1434 1435 1201
1435 1434 1436
1436 1437 1435
1437 1436 1438
1439 1435 1437
1440 1435 1439
1440 1201 1435
1441 1440 1439
1442 1440 1441
1440 1442 1443
1441 1444 1442
1444 1441 1439
1439 1437 1445
1438 1446 1437
1437 1446 1445
1443 1200 1440
1201 1440 1200
1200 1443 1203
1198 1434 1201
1434 1198 1197
1447 1203 1443
1203 1447 1354
1203 1354 1204
1443 1448 1447
1448 1443 1442
1444 1448 1442
1197 1187 1449
1187 1450 1449
1450 1187 1451
1451 1452 1450
1452 1451 1453
1186 1453 1451
1187 1186 1451
1453 1186 1454
1455 1453 1454
1455 1452 1453
1186 1456 1454
1456 1457 1454
1457 1455 1454
1456 1186 1185
1185 1458 1456
1458 1185 1191
1191 1459 1458
1459 1191 1192
1192 1194 1459
1238 1219 1222
1222 1235 1238
1234 1373 1379
1373 1234 1232
1233 1373 1232
1226 1208 1211
1208 1226 1210
1181 1210 1226
1210 1181 1195
1180 1195 1181
1359 1207 1206
1207 1359 1363
1364 1207 1363
1207 1364 1209
1209 1364 1212
1369 1370 1382
1399 1388 1391
1460 1461 1462
1461 1460 1463
1464 1463 1460
1463 1464 1465
1463 1466 1461
1466 1463 1467
1467 1468 1466
1468 1467 1469
1467 1463 1470
1470 1463 1465
1467 1470 1471
1467 1471 1469
1472 1462 1461
1462 1472 1473
1474 1466 1468
1466 1474 1475
1475 1461 1466
1461 1475 1472
1469 1476 1468
1476 1469 1477
1468 1478 1474
1478 1468 1476
1476 1479 1478
1479 1476 1480
1477 1480 1476
1481 1479 1480
1479 1481 1482
1483 1482 1481
1482 1483 1484
1485 1484 1483
1484 1485 1486
1487 1486 1485
1485 1488 1487
1489 1487 1488
1487 1489 1490
1488 1491 1489
1491 1488 1492
1488 1485 1493
1483 1493 1485
1493 1494 1488
1494 1492 1488
1494 1495 1492
1495 1494 1496
1497 1496 1494
1498 1492 1495
1492 1498 1491
1490 1499 1487
1486 1487 1499
1499 1490 1500
1498 1501 1491
1502 1501 1498
1503 1502 1498
1503 1504 1502
1504 1503 1505
1497 1506 1503
1506 1505 1503
1497 1507 1506
1505 1506 1508
1506 1507 1509
1508 1506 1509
1508 1509 1510
1510 1509 1511
1510 1511 1512
1513 1512 1511
1512 1513 1514
1515 1509 1507
1509 1515 1511
1515 1513 1511
1513 1515 1516
1517 1516 1515
1516 1517 1518
1516 1518 1519
1477 1519 1518
1519 1477 1469
1518 1520 1477
1521 1477 1520
1480 1477 1521
1480 1521 1522
1522 1521 1523
1523 1521 1524
1524 1517 1515
1521 1520 1524
1523 1524 1515
1481 1480 1522
1513 1525 1514
1471 1519 1469
1519 1471 1526
1519 1526 1516
1527 1516 1526
1527 1528 1525
1528 1527 1529
1529 1530 1528
1530 1529 1531
1525 1513 1527
1516 1527 1513
1532 1529 1527
1532 1527 1526
1532 1533 1529
1529 1533 1534
1529 1534 1531
1535 1531 1534
1531 1535 1536
1464 1536 1535
1535 1465 1464
1533 1465 1537
1465 1535 1537
1538 1530 1531
1536 1538 1531
1539 1530 1538
1540 1539 1538
1539 1540 1541
1460 1542 1464
1542 1460 1543
1462 1543 1460
1543 1462 1544
1473 1544 1462
1473 1545 1544
1473 1546 1545
1473 1547 1546
1473 1548 1547
1473 1472 1548
1542 1543 1549
1549 1550 1542
1549 1543 1551
1544 1551 1543
1544 1552 1551
1545 1546 1552
1544 1545 1552
1552 1553 1551
1551 1553 1554
1555 1554 1553
1555 1553 1556
1557 1554 1555
1549 1557 1550
1551 1557 1549
1558 1547 1548
1472 1558 1548
1547 1558 1559
1560 1559 1558
1475 1560 1558
1558 1472 1475
1560 1475 1474
1559 1560 1561
1474 1562 1560
1562 1561 1560
1562 1474 1478
1478 1563 1562
1564 1562 1563
1565 1564 1563
1564 1565 1566
1567 1564 1566
1564 1567 1568
1567 1569 1568
1569 1567 1570
1563 1482 1565
1482 1563 1479
1563 1478 1479
1484 1565 1482
1565 1484 1571
1486 1571 1484
1571 1486 1572
1573 1571 1572
1571 1573 1574
1574 1565 1571
1565 1574 1566
1575 1574 1573
1574 1575 1576
1576 1566 1574
1566 1576 1567
1577 1567 1576
1567 1577 1570
1573 1578 1575
1578 1573 1579
1572 1579 1573
1580 1578 1579
1500 1580 1579
1500 1579 1581
1579 1572 1581
1500 1581 1499
1499 1572 1486
1572 1499 1581
1500 1582 1580
1500 1583 1582
1500 1490 1583
1490 1584 1583
1584 1490 1489
1489 1585 1584
1585 1586 1584
1586 1585 1587
1585 1489 1491
1586 1588 1584
1583 1584 1588
1583 1588 1589
1582 1589 1580
1583 1589 1582
1586 1587 1590
1588 1586 1590
1589 1588 1591
1589 1591 1592
1588 1593 1591
1590 1594 1593
1594 1591 1593
1594 1595 1591
1589 1592 1580
1596 1580 1592
1580 1596 1578
1597 1578 1596
1578 1597 1575
1597 1576 1575
1576 1597 1577
1591 1595 1598
1591 1598 1592
1599 1592 1598
1599 1597 1596
1592 1599 1596
1598 1600 1599
1598 1595 1600
1600 1601 1599
1601 1577 1597
1597 1599 1601
1601 1600 1602
1602 1603 1601
1577 1601 1603
1603 1570 1577
1570 1603 1604
1605 1604 1603
1603 1602 1605
1604 1605 1606
1606 1607 1604
1607 1570 1604
1607 1606 1608
1609 1607 1608
1607 1609 1610
1611 1610 1609
1610 1611 1612
1613 1612 1611
1612 1613 1614
1612 1615 1610
1615 1607 1610
1615 1612 1616
1614 1616 1612
1616 1617 1615
1617 1569 1615
1607 1615 1569
1570 1607 1569
1569 1617 1568
1617 1564 1568
1564 1617 1618
1562 1564 1618
1561 1562 1618
1618 1619 1561
1619 1618 1617
1617 1616 1619
1620 1561 1619
1561 1620 1559
1619 1621 1620
1621 1619 1616
1616 1614 1621
1622 1614 1613
1614 1622 1623
1623 1621 1614
1624 1623 1622
1621 1625 1620
1625 1559 1620
1625 1621 1626
1621 1623 1626
1626 1546 1625
1546 1626 1627
1623 1624 1627
1626 1623 1627
1552 1546 1627
1552 1627 1553
1553 1627 1624
1546 1547 1625
1559 1625 1547
1553 1624 1556
1624 1622 1556
1628 1629 1630
1631 1629 1628
1629 1631 1632
1633 1629 1632
1633 1634 1629
1629 1634 1635
1629 1635 1630
1636 1632 1631
1632 1636 1637
1638 1637 1636
1637 1638 1639
1640 1639 1638
1641 1639 1640
1639 1642 1637
1642 1639 1641
1643 1637 1642
1637 1643 1632
1633 1632 1643
1644 1645 1646
1645 1644 1647
1646 1648 1644
1648 1646 1649
1649 1650 1648
1650 1649 1651
1652 1650 1651
1653 1652 1651
1651 1654 1653
1654 1651 1649
1649 1655 1654
1655 1649 1646
1656 1646 1645
1646 1656 1655
1657 1648 1650
1652 1657 1650
1648 1657 1658
1658 1644 1648
1644 1658 1659
1659 1647 1644
1647 1659 1660
1661 1662 1663
1663 1662 1664
1664 1665 1663
1666 1664 1662
1661 1666 1662
1664 1666 1667
1666 1668 1667
1668 1666 1669
1670 1669 1666
1666 1661 1670
1669 1670 1671
1669 1672 1668
1672 1669 1673
1671 1673 1669
1672 1673 1674
1673 1675 1674
1673 1671 1675
1676 1677 1678
1677 1676 1679
1678 1680 1676
1680 1678 1681
1682 1679 1676
1679 1682 1683
1676 1684 1682
1684 1676 1680
1682 1685 1683
1684 1685 1682
1686 1687 1688
1687 1686 1689
1689 1690 1687
1690 1689 1691
1691 1692 1690
1692 1691 1693
1688 1694 1686
1694 1688 1695
1695 1696 1694
1696 1695 1697
1697 1698 1696
1698 1697 1699
1699 1700 1698
1700 1699 1701
1701 1702 1700
1702 1701 1703
1704 1700 1702
1700 1704 1705
1705 1698 1700
1706 1696 1698
1698 1705 1706
1696 1706 1707
1707 1694 1696
1694 1707 1708
1708 1686 1694
1686 1708 1709
1709 1689 1686
1689 1709 1710
1710 1691 1689
1691 1710 1711
1711 1693 1691
1693 1711 1712
1713 1693 1712
1693 1713 1714
1714 1692 1693
1692 1714 1715
1716 1715 1714
1715 1716 1717
1718 1717 1716
1717 1718 1719
1720 1719 1718
1719 1720 1721
1722 1721 1720
1721 1722 1723
1724 1723 1722
1723 1724 1725
1726 1725 1724
1725 1726 1727
1728 1727 1726
1727 1728 1729
1729 1728 1730
1730 1728 1731
1726 1731 1728
1731 1726 1732
1724 1732 1726
1722 1733 1724
1732 1724 1733
1733 1722 1734
1720 1734 1722
1734 1720 1735
1718 1735 1720
1735 1718 1736
1716 1736 1718
1736 1716 1737
1714 1737 1716
1737 1714 1713
1729 1730 1738
1739 1738 1730
1730 1740 1739
1740 1730 1741
1738 1739 1742
1739 1740 1743
1744 1739 1743
1744 1742 1739
1744 1743 1745
1740 1746 1743
1746 1747 1743
1747 1745 1743
1747 1746 1748
1749 1747 1748
1749 1750 1747
1745 1747 1750
1750 1749 1751
1751 1752 1750
1752 1751 1753
1753 1754 1752
1754 1753 1755
1755 1756 1754
1756 1755 1757
1756 1757 1758
1759 1755 1753
1757 1755 1760
1753 1751 1761
1762 1750 1752
1750 1762 1745
1763 1752 1754
1752 1763 1762
1764 1762 1763
1763 1765 1764
1765 1763 1766
1754 1766 1763
1766 1754 1756
1766 1767 1765
1767 1766 1768
1756 1768 1766
1768 1756 1758
1762 1764 1769
1769 1745 1762
1745 1769 1744
1703 1770 1771
1770 1772 1771
1773 1771 1772
1772 1774 1773
1771 1773 1775
1771 1775 1704
1772 1770 1776
1777 1772 1776
1772 1777 1774
1774 1778 1773
1779 1778 1774
1778 1779 1780
1781 1780 1779
1782 1781 1779
1781 1782 1783
1784 1783 1782
1783 1784 1785
1786 1785 1784
1785 1786 1787
1788 1787 1786
1787 1788 1789
1788 1790 1789
1791 1785 1787
1789 1792 1787
1785 1793 1783
1779 1794 1782
1794 1779 1774
1795 1782 1794
1782 1795 1784
1796 1784 1795
1784 1796 1786
1786 1797 1788
1797 1786 1796
1798 1788 1797
1788 1798 1790
1795 1799 1796
1799 1795 1800
1794 1800 1795
1796 1801 1797
1801 1796 1799
1797 1802 1798
1802 1797 1801
1800 1794 1777
1774 1777 1794
1803 1804 1805
1804 1803 1806
1806 1803 1504
1803 1502 1504
1501 1502 1803
1807 1808 1809
1808 1807 1810
1808 1811 1809
1811 1808 1812
1813 1807 1809
1807 1813 1814
1809 1815 1813
1815 1809 1811
1815 1816 1813
1816 1814 1813
1816 1815 1817
1814 1816 1818
1810 1819 1808
1819 1810 1820
1821 1808 1819
1808 1821 1812
1819 1822 1821
1822 1819 1823
1816 1824 1818
1817 1824 1816
1823 1819 1825
1819 1820 1825
1826 1825 1820
1827 1828 1829
1828 1827 1830
1831 1827 1829
1827 1831 1832
1832 1833 1827
1833 1832 1834
1835 1833 1834
1833 1835 1836
1837 1833 1836
1833 1837 1838
1827 1838 1830
1838 1827 1833
1839 1836 1835
1836 1839 1840
1840 1837 1836
1839 1841 1840
1841 1842 1840
1837 1840 1842
1843 1844 1845
1844 1843 1846
1847 1844 1846
1844 1847 1848
1843 1849 1846
1849 1843 1850
1851 1846 1849
1846 1851 1847
1852 1851 1849
1850 1852 1849
1851 1852 1853
1852 1850 1854
1855 1845 1844
1845 1855 1856
1844 1857 1855
1857 1844 1848
1858 1855 1857
1855 1858 1859
1859 1856 1855
1852 1854 1860
1853 1852 1860
1856 1859 1861
1862 1856 1861
1863 1864 1865
1864 1863 1866
1864 1867 1865
1867 1864 1868
1869 1868 1864
1868 1869 1870
1869 1871 1870
1871 1869 1872
1869 1873 1872
1873 1869 1874
1864 1874 1869
1874 1864 1866
1872 1875 1871
1875 1872 1876
1873 1876 1872
1875 1876 1877
1877 1876 1878
1876 1873 1878
1703 1771 1702
1771 1704 1702
1730 1731 1741
1493 1483 1879
1483 1481 1879
1879 1481 1522
1880 1879 1522
1880 1522 1523
1881 1493 1879
1493 1881 1494
1882 1881 1879
1879 1880 1882
1881 1497 1494
1883 1497 1881
1515 1883 1523
1883 1515 1507
1497 1883 1507
1884 1885 1886
1885 1887 1886
1888 1887 1885
1887 1888 1889
1890 1885 1884
1885 1890 1888
1891 1889 1888
1889 1891 1892
1893 1892 1891
1892 1893 1894
1895 1888 1890
1888 1895 1891
1891 1896 1893
1896 1891 1895
1897 1896 1895
1897 1898 1896
1898 1897 1899
1900 1899 1897
1895 1900 1897
1899 1900 1901
1900 1895 1902
1903 1901 1900
1902 1903 1900
1901 1903 1904
1905 1904 1903
1906 1905 1903
1903 1902 1906
1907 1908 1909
1908 1907 1910
1911 1910 1907
1910 1911 1912
1913 1910 1912
1910 1913 1914
1914 1908 1910
1908 1914 1915
1908 1916 1909
1912 1917 1913
1917 1912 1918
1917 1918 1919
1919 1918 1920
1920 1912 1911
1912 1920 1918
1921 1922 1923
1924 1921 1923
1925 1922 1921
1921 1924 1926
1925 1921 1926
1923 1927 1924
1924 1928 1926
1924 1929 1928
1927 1929 1924
1929 1930 1928
1928 1930 1931
1928 1931 1926
1931 1932 1926
1926 1932 1933
1933 1925 1926
1930 1934 1931
1930 1935 1934
1936 1935 1930
1929 1936 1930
1936 1937 1935
1938 1936 1929
1937 1936 1938
1927 1938 1929
1937 1938 1939
1938 1940 1939
1940 1938 1927
1939 1941 1937
1939 1942 1941
1941 1942 1943
1944 1941 1943
1945 1944 1943
1945 1943 1946
1947 1944 1945
1948 1945 1946
1949 1945 1948
1950 1948 1946
1950 1946 1951
1951 1946 1943
1943 1952 1951
1942 1952 1943
1945 1953 1947
1945 1949 1954
1945 1954 1953
1941 1944 1955
1956 1955 1944
1956 1944 1947
1937 1941 1955
1957 1937 1955
1957 1955 1956
1958 1937 1957
1935 1937 1958
1950 1951 1959
1952 1960 1951
1960 1952 1961
1962 1960 1961
1960 1962 1963
1963 1962 1964
1962 1965 1964
1965 1962 1966
1961 1966 1962
1967 1965 1966
1966 1961 1968
1961 1942 1968
1942 1961 1952
1967 1966 1969
1969 1966 1968
1970 1969 1968
1970 1968 1942
1939 1970 1942
1969 1971 1967
1971 1972 1967
1939 1973 1970
1973 1969 1970
1939 1974 1973
1974 1969 1973
1975 1969 1974
1969 1975 1971
1940 1975 1974
1939 1940 1974
1972 1971 1976
1971 1975 1977
1976 1971 1977
1976 1977 1978
1978 1977 1979
1976 1978 1980
1980 1978 1981
1978 1979 1981
1982 1980 1981
1981 1923 1982
1979 1923 1981
1982 1983 1980
1979 1984 1923
1977 1984 1979
1975 1940 1984
1977 1975 1984
1984 1927 1923
1984 1940 1927
1923 1985 1982
1922 1985 1923
1986 1980 1983
1987 1976 1980
1988 1987 1980
1988 1980 1986
1989 1988 1986
1990 1989 1986
1989 1990 1991
1990 1992 1991
1993 1992 1990
1993 1990 1986
1983 1993 1986
1991 1994 1989
1989 1995 1988
1995 1987 1988
1994 1995 1989
1995 1996 1987
1997 1996 1995
1994 1997 1995
1998 1997 1994
1997 1998 1999
2000 1997 1999
2000 1996 1997
1996 2000 1972
1996 1972 1987
1999 2001 2000
1999 2002 2001
2001 2002 2003
2004 2001 2003
2005 2004 2003
2005 2003 2006
1964 2004 2005
2007 2005 2006
2008 2005 2007
2009 2007 2006
2009 2006 2010
2010 2006 2003
2003 2011 2010
2002 2011 2003
2005 2012 1964
2005 2008 2012
2001 2004 2013
2000 2001 2013
1965 2013 2004
1965 2004 1964
1965 2014 2013
1967 2014 1965
2009 2010 2015
2009 2015 2016
2012 1963 1964
2012 2008 1963
2008 1960 1963
1960 2008 2017
2017 1951 1960
1951 2017 1959
2014 2000 2013
1967 2000 2014
1972 2000 1967
1987 1972 1976
1992 2018 1991
1999 2019 2002
1999 1998 2019
2020 2021 2022
2023 2020 2022
2024 2021 2020
2020 2023 2025
2024 2020 2025
2022 2026 2023
2023 2027 2025
2023 2028 2027
2026 2028 2023
2028 2029 2027
2027 2029 2030
2027 2030 2025
2030 2031 2025
2025 2031 2032
2032 2024 2025
2029 2033 2030
2029 2034 2033
2035 2034 2029
2028 2035 2029
2035 2036 2034
2037 2035 2028
2036 2035 2037
2026 2037 2028
2036 2037 2038
2037 2039 2038
2039 2037 2026
2038 2040 2036
2038 2041 2040
2040 2041 2042
2042 2043 2040
2036 2040 2043
2044 2036 2043
2043 2042 2045
2046 2045 2042
2046 2042 2047
2048 2045 2046
2049 2046 2047
2050 2046 2049
2051 2049 2047
2051 2047 2052
2052 2047 2042
2042 2053 2052
2041 2053 2042
2046 2054 2048
2046 2050 2054
2055 2043 2045
2055 2045 2048
2044 2043 2055
2051 2052 2056
2051 2056 2057
2053 2058 2052
2058 2056 2052
2058 2053 2059
2059 2060 2058
2060 2059 2061
2062 2058 2060
2056 2058 2062
2056 2062 2063
2057 2056 2063
2064 2063 2062
2064 2062 2065
2065 2062 2060
2065 2060 2066
2060 2061 2066
2067 2066 2061
2066 2067 2068
2069 2068 2067
2061 2070 2067
2070 2061 2059
2059 2041 2070
2041 2059 2053
2069 2067 2071
2071 2067 2070
2072 2071 2070
2072 2070 2041
2038 2072 2041
2071 2073 2069
2073 2074 2069
2038 2075 2072
2075 2071 2072
2038 2076 2075
2076 2071 2075
2077 2071 2076
2071 2077 2073
2039 2077 2076
2038 2039 2076
2074 2073 2078
2073 2077 2079
2078 2073 2079
2078 2079 2080
2080 2079 2081
2078 2080 2082
2082 2080 2083
2080 2081 2083
2084 2082 2083
2083 2022 2084
2081 2022 2083
2084 2085 2082
2081 2086 2022
2079 2086 2081
2077 2039 2086
2079 2077 2086
2086 2026 2022
2086 2039 2026
2022 2087 2084
2021 2087 2022
2088 2082 2085
2089 2078 2082
2090 2089 2082
2090 2082 2088
2091 2090 2088
2092 2091 2088
2091 2092 2093
2092 2094 2093
2095 2094 2092
2095 2092 2088
2085 2095 2088
2093 2096 2091
2091 2097 2090
2097 2089 2090
2096 2097 2091
2097 2098 2089
2099 2098 2097
2096 2099 2097
2100 2099 2096
2099 2100 2101
2102 2099 2101
2102 2098 2099
2098 2102 2074
2098 2074 2089
2101 2103 2102
2101 2104 2103
2103 2104 2105
2106 2103 2105
2107 2106 2105
2107 2105 2108
2066 2106 2107
2109 2107 2108
2064 2107 2109
2110 2109 2108
2110 2108 2111
2111 2108 2105
2105 2112 2111
2104 2112 2105
2107 2065 2066
2107 2064 2065
2103 2106 2113
2102 2103 2113
2068 2113 2106
2068 2106 2066
2068 2102 2113
2069 2102 2068
2074 2102 2069
2110 2111 2114
2110 2114 2115
2112 2116 2111
2111 2116 2117
2114 2111 2117
2114 2117 2118
2115 2114 2118
2119 2118 2117
2119 2117 2120
2121 2120 2117
2117 2116 2121
2120 2121 2122
2123 2121 2116
2121 2123 2124
2121 2124 2122
2116 2112 2123
2124 2125 2122
2125 2124 2126
2123 2126 2124
2127 2125 2126
2104 2123 2112
2123 2104 2128
2126 2123 2128
2127 2126 2129
2129 2126 2128
2130 2129 2128
2130 2128 2104
2101 2130 2104
2129 2131 2127
2127 2131 2132
2101 2133 2130
2133 2129 2130
2101 2134 2133
2134 2129 2133
2135 2129 2134
2129 2135 2131
2100 2135 2134
2101 2100 2134
2132 2131 2136
2131 2135 2137
2136 2131 2137
2136 2137 2138
2138 2137 2139
2138 2139 2140
2137 2141 2139
2135 2100 2141
2137 2135 2141
2139 2141 2093
2139 2093 2140
2140 2093 2142
2141 2096 2093
2141 2100 2096
2093 2143 2142
2094 2143 2093
2144 2138 2140
2144 2136 2138
2142 2144 2140
2142 2145 2144
2144 2145 2146
2144 2146 2147
2136 2144 2147
2146 2145 2148
2146 2148 2149
2149 2150 2146
2150 2149 2151
2152 2150 2151
2153 2150 2152
2152 2154 2153
2151 2155 2152
2151 2156 2155
2155 2156 2157
2156 2158 2157
2157 2158 2159
2159 2160 2157
2158 2161 2159
2158 2162 2161
2161 2162 2163
2164 2161 2163
2163 2165 2164
2159 2161 2166
2164 2166 2161
2166 2160 2159
2160 2167 2157
2157 2167 2155
2164 2168 2166
2164 2169 2168
2169 2164 2165
2168 2169 2170
2171 2168 2170
2170 2172 2171
2170 2173 2172
2172 2173 2174
2168 2175 2166
2171 2175 2168
2166 2175 2160
2175 2171 2176
2171 2172 2177
2174 2177 2172
2178 2171 2177
2177 2174 2179
2180 2179 2174
2180 2174 2181
2182 2179 2180
2183 2180 2181
2183 2182 2180
2184 2182 2183
2185 2183 2181
2185 2181 2186
2186 2181 2174
2174 2187 2186
2173 2187 2174
2182 2188 2179
2189 2177 2179
2189 2179 2188
2177 2189 2178
2190 2178 2189
2190 2176 2191
2190 2191 2178
2190 2192 2176
2176 2192 2160
2160 2192 2167
2176 2171 2191
2191 2171 2178
2184 2193 2182
2193 2188 2182
2184 2194 2193
2194 2195 2193
2195 2196 2193
2196 2189 2188
2193 2196 2188
2195 2197 2196
2198 2197 2195
2199 2198 2195
2199 2195 2194
2198 2200 2197
2198 2201 2200
2201 2198 2202
2199 2202 2198
2203 2196 2197
2203 2204 2196
2204 2189 2196
2190 2189 2204
2190 2204 2205
2205 2204 2203
2206 2205 2203
2205 2207 2190
2207 2192 2190
2208 2192 2207
2208 2207 2209
2192 2208 2167
2167 2208 2209
2167 2209 2155
2155 2209 2152
2209 2154 2152
2209 2207 2154
2207 2210 2154
2205 2210 2207
2154 2210 2211
2154 2211 2153
2210 2212 2211
2212 2210 2213
2206 2213 2205
2213 2210 2205
2214 2212 2213
2215 2214 2213
2215 2216 2214
2215 2127 2216
2127 2215 2217
2127 2217 2125
2215 2218 2217
2215 2213 2218
2213 2219 2218
2213 2220 2219
2201 2219 2220
2217 2218 2221
2219 2221 2218
2221 2219 2201
2217 2221 2125
2125 2221 2122
2122 2221 2222
2213 2206 2220
2206 2203 2220
2220 2203 2197
2220 2197 2200
2220 2200 2201
2202 2221 2201
2221 2202 2222
2222 2202 2223
2120 2122 2222
2223 2120 2222
2120 2223 2119
2202 2199 2223
2224 2036 2044
2034 2036 2224
2089 2074 2078
2225 2226 1931
2227 2226 2225
2225 1931 2228
2227 2225 2229
2229 2163 2227
2162 2227 2163
2225 2230 2229
2228 2230 2225
2229 2231 2163
2230 2231 2229
2231 2165 2163
1931 1934 2228
2232 2165 2231
2230 2232 2231
2233 2232 2230
2228 2233 2230
2233 2228 1935
1934 1935 2228
2233 1935 2234
2235 2233 2234
2235 2232 2233
2232 2235 2236
2169 2232 2236
2165 2232 2169
2234 2237 2235
2234 1956 2237
2170 2169 2236
2170 2236 2238
2236 2235 2238
2170 2238 2239
2238 2235 2239
2239 2235 2240
2235 2237 2240
2170 2239 2173
2239 2240 2173
2240 2237 2241
2237 1956 1947
2237 1947 2241
2242 2241 1947
2243 2241 2242
2242 1947 1953
2244 2242 1953
2244 2245 2242
2245 2243 2242
2243 2246 2241
2173 2240 2246
2240 2241 2246
2186 2246 2243
2243 2245 2186
2185 2186 2245
2186 2187 2246
2173 2246 2187
2244 1953 1954
2244 1954 1949
2226 1933 1932
2226 1932 1931
2234 1957 1956
2234 1958 1957
2234 1935 1958
2216 2127 2132
2216 2132 2247
2247 2132 2136
2248 2216 2247
2248 2247 2249
2153 2248 2249
2249 2150 2153
2146 2150 2249
2147 2146 2249
2249 2247 2147
2247 2136 2147
2248 2214 2216
2248 2212 2214
2211 2248 2153
2211 2212 2248
2175 2176 2160
2250 2251 2252
2251 2253 2252
2251 2254 2253
2251 2255 2254
2251 2256 2255
2251 2257 2256
2251 2258 2257
2251 2259 2258
2251 2260 2259
2251 2261 2260
2251 2262 2261
2251 2263 2262
2251 2264 2263
2251 2265 2264
2251 2266 2265
2251 2267 2266
2251 2268 2267
2251 2250 2268
2269 2270 2271
2272 2269 2271
2273 2272 2271
2274 2273 2271
2275 2274 2271
2276 2275 2271
2277 2276 2271
2278 2277 2271
2279 2278 2271
2280 2279 2271
2281 2280 2271
2282 2281 2271
2283 2282 2271
2284 2283 2271
2285 2284 2271
2286 2285 2271
2287 2286 2271
2288 2287 2271
2289 2288 2271
2270 2289 2271
2290 2291 2292
2291 2293 2292
2291 2294 2293
2291 2295 2294
2291 2296 2295
2291 2297 2296
2291 2298 2297
2291 2299 2298
2291 2300 2299
2291 2301 2300
2291 2302 2301
2291 2303 2302
2291 2304 2303
2291 2305 2304
2291 2306 2305
2291 2307 2306
2291 2308 2307
2291 2290 2308
2309 2310 2311
2312 2310 2309
2313 2310 2312
2314 2310 2313
2315 2310 2314
2313 2312 2316
2317 2310 2315
2318 2310 2317
2319 2310 2318
2319 2320 2310
2320 2319 2321
2322 2320 2321
2323 2320 2322
2324 2320 2323
2325 2320 2324
2326 2320 2325
2320 2326 2327
2328 2327 2326
2329 2327 2328
2330 2327 2329
2331 2327 2330
2332 2327 2331
2332 2333 2327
2333 2332 2334
2335 2333 2334
2336 2333 2335
2333 2336 2337
2338 2337 2336
2339 2337 2338
2340 2337 2339
2340 2341 2337
2337 2341 2342
2343 2342 2341
2342 2343 2344
2344 2343 2345
2346 2335 2334
2335 2346 2347
2347 2336 2335
2348 2334 2332
2334 2348 2346
2332 2349 2348
2349 2332 2331
2331 2350 2349
2350 2331 2330
2330 2351 2350
2351 2330 2329
2329 2352 2351
2352 2329 2328
2328 2353 2352
2353 2328 2326
2326 2354 2353
2354 2326 2325
2325 2355 2354
2355 2325 2324
2324 2356 2355
2356 2324 2323
2323 2357 2356
2357 2323 2322
2322 2358 2357
2358 2322 2321
2321 2359 2358
2359 2321 2319
2319 2360 2359
2360 2319 2318
2318 2361 2360
2361 2318 2317
2317 2362 2361
2362 2317 2315
2315 2363 2362
2363 2315 2314
2314 2364 2363
2364 2314 2313
2313 2365 2364
2365 2313 2316
2316 2366 2365
2366 2316 2312
2312 2367 2366
2367 2312 2309
2309 2368 2367
2368 2309 2311
2311 2369 2368
2369 2311 2310
2310 2370 2369
2370 2310 2320
2320 2371 2370
2371 2320 2327
2327 2372 2371
2372 2327 2333
2333 2373 2372
2373 2333 2337
2337 2374 2373
2374 2337 2342
2342 2375 2374
2375 2342 2344
2344 2376 2375
2376 2344 2345
2336 2347 2377
2377 2338 2336
2338 2377 2378
2379 2338 2378
2338 2379 2339
2379 2340 2339
2340 2379 2380
2381 2340 2380
2340 2381 2341
2382 2341 2381
2341 2382 2343
2383 2384 2385
2383 2386 2384
2386 2387 2384
2387 2386 2388
2386 2383 2389
2384 2390 2385
2390 2384 2387
2390 2391 2385
2392 2385 2391
2391 2393 2392
2393 2391 2394
2385 2392 2395
2383 2385 2395
2394 2396 2393
2396 2394 2397
2394 2398 2397
2398 2394 2399
2391 2399 2394
2396 2400 2393
2401 2393 2400
2393 2401 2402
2401 2403 2402
2401 2404 2403
2404 2401 2405
2400 2405 2401
2405 2400 2406
2407 2406 2400
2400 2396 2407
2406 2407 2408
2408 2409 2406
2409 2408 2410
2411 2409 2410
2409 2411 2412
2411 2413 2412
2413 2411 2414
2406 2415 2405
2415 2406 2409
2412 2415 2409
2405 2415 2416
2404 2405 2416
2416 2415 2417
2418 2417 2415
2415 2412 2418
2413 2418 2412
2417 2418 2419
2418 2420 2419
2420 2418 2421
2418 2413 2421
2422 2416 2417
2416 2422 2423
2423 2404 2416
2417 2424 2422
2424 2417 2419
2420 2424 2419
2424 2420 2425
2426 2413 2414
2426 2421 2413
2421 2426 2427
2427 2420 2421
2420 2427 2428
2425 2420 2428
2423 2429 2404
2430 2429 2423
2389 2429 2430
2431 2432 2433
2431 2434 2432
2434 2431 2435
2431 2436 2435
2436 2431 2437
2437 2438 2436
2438 2437 2439
2438 2440 2436
2440 2435 2436
2440 2438 2441
2441 2442 2440
2442 2441 2443
2444 2440 2442
2435 2440 2444
2434 2435 2444
2434 2444 2445
2446 2443 2441
2443 2446 2447
2448 2447 2446
2447 2448 2449
2450 2449 2448
2449 2450 2451
2450 2452 2451
2450 2453 2452
2453 2450 2454
2454 2455 2453
2455 2454 2456
2457 2456 2454
2450 2457 2454
2457 2450 2448
2446 2457 2448
2456 2457 2458
2457 2459 2458
2459 2457 2460
2457 2446 2460
2461 2455 2456
2456 2462 2461
2462 2456 2458
2463 2458 2459
2458 2463 2462
2459 2464 2463
2464 2459 2439
2460 2439 2459
2464 2439 2465
2439 2460 2438
2460 2441 2438
2441 2460 2446
2437 2465 2439
2465 2437 2431
2465 2431 2466
2431 2433 2466
2432 2467 2433
2432 2468 2467
2469 2468 2432
2434 2469 2432
2469 2434 2470
2471 2470 2434
2472 2469 2470
2469 2472 2473
2474 2473 2472
2473 2474 2475
2476 2474 2472
2470 2476 2472
2476 2470 2471
2471 2477 2476
2477 2478 2476
2474 2476 2478
2478 2477 2479
2479 2480 2478
2480 2479 2481
2481 2482 2480
2482 2481 2483
2483 2484 2482
2484 2483 2485
2484 2485 2486
2487 2484 2486
2484 2487 2488
2489 2488 2487
2488 2489 2490
2490 2491 2488
2491 2484 2488
2484 2491 2482
2491 2480 2482
2491 2490 2492
2493 2491 2492
2491 2493 2494
2480 2491 2494
2495 2490 2489
2496 2490 2495
2490 2496 2492
2492 2497 2493
2497 2492 2496
2498 2493 2497
2493 2498 2475
2475 2494 2493
2498 2499 2475
2494 2475 2474
2478 2494 2474
2494 2478 2480
2473 2475 2499
2499 2469 2473
2499 2500 2469
2469 2500 2468
2442 2501 2444
2501 2445 2444
2445 2501 2502
2502 2503 2445
2503 2502 2504
2505 2503 2504
2503 2505 2506
2507 2506 2505
2506 2507 2471
2477 2471 2507
2503 2506 2434
2506 2471 2434
2503 2434 2445
2399 2391 2508
2391 2390 2508
2509 2399 2508
2390 2509 2508
2399 2509 2510
2509 2511 2510
2511 2509 2512
2513 2512 2509
2509 2390 2513
2512 2513 2514
2515 2510 2511
2510 2515 2516
2510 2398 2399
2398 2510 2516
2517 2515 2511
2511 2518 2517
2518 2511 2519
2518 2519 2520
2521 2518 2520
2518 2521 2522
2522 2517 2518
2517 2522 2523
2523 2524 2517
2515 2517 2524
2524 2523 2525
2526 2525 2523
2525 2526 2527
2526 2528 2527
2528 2526 2529
2530 2528 2529
2528 2530 2531
2532 2523 2522
2523 2532 2526
2532 2529 2526
2522 2533 2532
2521 2533 2522
2533 2534 2532
2534 2535 2532
2529 2532 2535
2535 2530 2529
2535 2534 2536
2537 2535 2536
2535 2537 2538
2530 2535 2538
2533 2539 2534
2539 2533 2540
2540 2533 2521
2534 2541 2536
2541 2534 2539
2541 2537 2536
2537 2541 2542
2543 2531 2530
2538 2543 2530
2543 2538 2544
2537 2544 2538
2544 2537 2545
2542 2545 2537
2540 2521 2546
2547 2540 2546
2548 2547 2546
2549 2550 2548
2550 2549 2551
2549 2513 2551
2387 2550 2551
2550 2387 2388
2551 2390 2387
2390 2551 2513
2549 2514 2513
2552 2553 2554
2555 2552 2554
2556 2555 2554
2557 2556 2554
2558 2557 2554
2556 2559 2555
2560 2558 2554
2561 2560 2554
2562 2561 2554
2563 2562 2554
2562 2563 2564
2565 2564 2563
2566 2565 2563
2567 2566 2563
2568 2567 2563
2563 2569 2568
2569 2563 2570
2571 2569 2570
2572 2571 2570
2573 2572 2570
2574 2573 2570
2575 2574 2570
2576 2575 2570
2575 2576 2577
2578 2577 2576
2576 2579 2578
2579 2576 2580
2581 2579 2580
2582 2581 2580
2583 2582 2580
2583 2580 2584
2580 2585 2584
2585 2586 2584
2586 2585 2587
2587 2588 2586
2578 2589 2577
2589 2578 2590
2579 2590 2578
2577 2591 2575
2591 2577 2589
2592 2575 2591
2575 2592 2574
2593 2574 2592
2574 2593 2573
2594 2573 2593
2573 2594 2572
2595 2572 2594
2572 2595 2571
2596 2571 2595
2571 2596 2569
2597 2569 2596
2569 2597 2568
2598 2568 2597
2568 2598 2567
2599 2567 2598
2567 2599 2566
2600 2566 2599
2566 2600 2565
2601 2565 2600
2565 2601 2564
2602 2564 2601
2564 2602 2562
2603 2562 2602
2562 2603 2561
2604 2561 2603
2561 2604 2560
2605 2560 2604
2560 2605 2558
2606 2558 2605
2558 2606 2557
2607 2557 2606
2557 2607 2556
2608 2556 2607
2556 2608 2559
2609 2559 2608
2559 2609 2555
2610 2555 2609
2555 2610 2552
2611 2552 2610
2552 2611 2553
2612 2553 2611
2553 2612 2554
2613 2554 2612
2554 2613 2563
2614 2563 2613
2563 2614 2570
2615 2570 2614
2570 2615 2576
2616 2576 2615
2576 2616 2580
2617 2580 2616
2580 2617 2585
2618 2585 2617
2585 2618 2587
2619 2587 2618
2587 2619 2588
2590 2579 2620
2581 2620 2579
2620 2581 2621
2581 2622 2621
2622 2581 2582
2583 2622 2582
2622 2583 2623
2583 2624 2623
2624 2583 2584
2584 2625 2624
2625 2584 2586
2626 2627 2628
2629 2627 2626
2630 2627 2629
2631 2627 2630
2632 2627 2631
2630 2629 2633
2634 2627 2632
2635 2627 2634
2636 2627 2635
2636 2637 2627
2637 2636 2638
2639 2637 2638
2640 2637 2639
2641 2637 2640
2642 2637 2641
2643 2637 2642
2637 2643 2644
2645 2644 2643
2646 2644 2645
2647 2644 2646
2648 2644 2647
2649 2644 2648
2649 2650 2644
2650 2649 2651
2652 2650 2651
2653 2650 2652
2650 2653 2654
2655 2654 2653
2656 2654 2655
2657 2654 2656
2657 2658 2654
2654 2658 2659
2660 2659 2658
2659 2660 2661
2661 2660 2662
2663 2662 2660
2662 2663 2664
2665 2666 2667
2668 2665 2667
2665 2668 2669
2670 2671 2672
2673 2670 2672
2674 2673 2672
2675 2674 2672
2676 2675 2672
2674 2677 2673
2678 2676 2672
2679 2678 2672
2680 2679 2672
2681 2680 2672
2680 2681 2682
2683 2682 2681
2684 2683 2681
2685 2684 2681
2686 2685 2681
2681 2687 2686
2687 2681 2688
2689 2687 2688
2690 2689 2688
2691 2690 2688
2692 2691 2688
2693 2692 2688
2694 2693 2688
2693 2694 2695
2696 2695 2694
2694 2697 2696
2697 2694 2698
2699 2697 2698
2700 2699 2698
2701 2700 2698
2701 2698 2702
2698 2703 2702
2703 2704 2702
2704 2703 2705
2705 2706 2704
2706 2707 2704
2707 2706 2708
2709 2710 2711
2709 2712 2710
2712 2709 2713
2714 2715 2716
2714 2717 2715
2714 2718 2717
2714 2719 2718
2714 2720 2719
2714 2721 2720
2714 2722 2721
2714 2723 2722
2714 2724 2723
2714 2725 2724
2714 2726 2725
2714 2727 2726
2714 2728 2727
2714 2729 2728
2714 2730 2729
2731 2716 2715
2732 2715 2717
2715 2732 2731
2717 2733 2732
2733 2717 2718
2718 2734 2733
2734 2718 2719
2719 2735 2734
2735 2719 2720
2720 2736 2735
2736 2720 2721
2721 2737 2736
2737 2721 2722
2723 2737 2722
2737 2723 2738
2724 2738 2723
2738 2724 2739
2725 2739 2724
2739 2725 2740
2726 2740 2725
2740 2726 2741
2727 2741 2726
2741 2727 2742
2728 2742 2727
2742 2728 2743
2729 2743 2728
2743 2729 2744
2730 2744 2729
2744 2730 2745
2746 2745 2730
2714 2746 2730
2714 2747 2746
2714 2748 2747
2714 2749 2748
2714 2716 2749
2745 2746 2750
2747 2750 2746
2750 2747 2751
2752 2747 2748
2747 2752 2751
2753 2748 2749
2748 2753 2752
2754 2749 2716
2749 2754 2753
2716 2731 2754
2755 2756 2757
2758 2756 2755
2759 2756 2758
2760 2756 2759
2761 2756 2760
2762 2756 2761
2763 2756 2762
2764 2756 2763
2765 2756 2764
2766 2756 2765
2767 2756 2766
2768 2756 2767
2769 2756 2768
2770 2756 2769
2771 2756 2770
2772 2756 2771
2773 2756 2772
2774 2756 2773
2775 2756 2774
2757 2756 2775
2776 2777 2778
2777 2776 2779
2780 2777 2779
2781 2782 2783
2782 2781 2784
2785 2784 2781
2786 2787 2788
2787 2786 2789
2790 2791 2792
2791 2790 2793
2794 2795 2796
2795 2794 2797
2798 2799 2800
2799 2798 2801
2802 2803 2804
2803 2802 2805
2806 2807 2808
2806 2808 2809
2806 2809 2810
2806 2810 2811
2806 2811 2812
2806 2812 2813
2806 2813 2814
2806 2814 2815
2806 2815 2816
2806 2816 2817
2806 2817 2818
2806 2818 2819
2806 2819 2820
2806 2820 2821
2806 2821 2822
2807 2823 2808
2824 2808 2823
2808 2824 2809
2825 2809 2824
2809 2825 2810
2826 2810 2825
2810 2826 2811
2827 2811 2826
2811 2827 2812
2828 2812 2827
2812 2828 2813
2829 2813 2828
2813 2829 2814
2829 2815 2814
2815 2829 2830
2830 2816 2815
2816 2830 2831
2831 2817 2816
2817 2831 2832
2832 2818 2817
2818 2832 2833
2833 2819 2818
2819 2833 2834
2834 2820 2819
2820 2834 2835
2835 2821 2820
2821 2835 2836
2836 2822 2821
2822 2836 2837
2837 2838 2822
2806 2822 2838
2806 2838 2839
2806 2839 2840
2806 2840 2841
2806 2841 2807
2838 2837 2842
2842 2839 2838
2839 2842 2843
2844 2839 2843
2839 2844 2840
2845 2840 2844
2840 2845 2841
2846 2841 2845
2841 2846 2807
2823 2807 2846
