byte offset: 0
first index: 40413
index count: 3498
topology: trianglelist
format: DXGI_FORMAT_R16_UINT

11085 11086 11087
11088 11085 11087
11089 11088 11087
11088 11089 11090
11089 11091 11090
11090 11092 11088
11092 11093 11088
11088 11093 11085
11085 11094 11086
11093 11094 11085
11094 11095 11086
11092 11096 11093
11096 11097 11093
11093 11097 11094
11094 11098 11095
11097 11098 11094
11098 11099 11095
11096 11092 11100
11092 11101 11100
11092 11090 11101
11096 11100 11102
11103 11096 11102
11097 11096 11103
11103 11102 11104
11105 11103 11104
11098 11097 11105
11105 11097 11103
11105 11104 11106
11099 11098 11106
11106 11098 11105
11104 11107 11106
11106 11107 11108
11108 11099 11106
11107 11109 11108
11107 11110 11109
11110 11111 11109
11102 11112 11104
11104 11112 11107
11107 11113 11110
11112 11113 11107
11113 11114 11110
11110 11114 11115
11115 11111 11110
11114 11116 11115
11115 11116 11117
11118 11115 11117
11118 11111 11115
11119 11111 11118
11109 11111 11119
11119 11118 11120
11119 11120 11121
11122 11119 11121
11108 11109 11122
11109 11119 11122
11121 11120 11123
11124 11121 11123
11124 11123 11125
11126 11124 11125
11126 11125 11127
11128 11126 11127
11118 11129 11120
11123 11120 11130
11120 11129 11130
11125 11123 11131
11123 11130 11131
11125 11132 11127
11118 11133 11129
11129 11133 11134
11129 11134 11135
11129 11135 11130
11130 11136 11131
11130 11137 11136
11130 11135 11137
11131 11136 11138
11135 11134 11139
11134 11140 11139
11134 11133 11140
11137 11141 11136
11141 11142 11136
11136 11143 11138
11143 11144 11138
11133 11145 11140
11146 11141 11137
11147 11146 11137
11148 11145 11133
11117 11148 11133
11116 11148 11117
11118 11117 11133
11149 11144 11150
11151 11149 11150
11152 11150 11153
11154 11152 11153
11154 11153 11155
11156 11154 11155
11156 11157 11154
11128 11157 11156
11158 11128 11156
11157 11132 11154
11132 11151 11154
11159 11128 11158
11159 11160 11128
11161 11160 11159
11161 11162 11160
11163 11162 11161
11163 11164 11162
11164 11163 11165
11166 11164 11165
11167 11166 11165
11163 11168 11165
11165 11168 11169
11165 11169 11167
11168 11170 11169
11170 11168 11171
11172 11170 11171
11163 11173 11168
11173 11171 11168
11173 11163 11161
11164 11166 11174
11164 11174 11162
11166 11175 11174
11173 11161 11176
11177 11173 11176
11175 11178 11174
11178 11179 11174
11174 11179 11180
11162 11174 11180
11162 11180 11160
11169 11181 11167
11167 11181 11087
11181 11182 11087
11087 11182 11089
11182 11183 11089
11183 11091 11089
11177 11176 11184
11184 11176 11185
11176 11159 11185
11087 11086 11167
11086 11166 11167
11086 11095 11166
11095 11175 11166
11095 11099 11175
11099 11178 11175
11185 11159 11158
11178 11099 11108
11122 11178 11108
11179 11178 11122
11121 11179 11122
11180 11179 11121
11124 11180 11121
11180 11124 11126
11160 11180 11126
11160 11126 11128
11186 11171 11187
11172 11171 11186
11188 11172 11186
11189 11188 11186
11186 11190 11189
11186 11187 11190
11190 11191 11189
11190 11192 11191
11192 11193 11191
11193 11192 11194
11194 11192 11195
11196 11194 11195
11197 11196 11195
11198 11193 11194
11199 11198 11194
11196 11199 11194
11196 11200 11199
11196 11201 11200
11196 11202 11201
11202 11196 11203
11196 11197 11203
11204 11202 11203
11201 11205 11200
11200 11205 11206
11205 11207 11206
11197 11208 11203
11197 11209 11208
11210 11208 11209
11203 11208 11210
11211 11203 11210
11210 11212 11211
11213 11211 11212
11214 11213 11212
11211 11215 11203
11215 11216 11203
11213 11214 11217
11218 11213 11217
11219 11213 11218
11211 11213 11219
11211 11219 11220
11217 11214 11221
11214 11222 11221
11221 11222 11223
11222 11224 11223
11223 11224 11225
11225 11224 11226
11226 11224 11227
11226 11227 11228
11227 11229 11228
11228 11229 11230
11229 11231 11230
11224 11232 11227
11224 11222 11232
11229 11233 11231
11233 11234 11231
11234 11235 11231
11235 11236 11231
11230 11231 11236
11227 11237 11229
11237 11233 11229
11235 11234 11238
11239 11235 11238
11238 11234 11240
11234 11233 11240
11240 11233 11241
11233 11237 11241
11241 11237 11242
11237 11243 11242
11239 11238 11244
11238 11245 11244
11245 11238 11246
11238 11240 11246
11246 11240 11247
11240 11241 11247
11247 11241 11248
11241 11242 11248
11243 11249 11242
11248 11242 11250
11242 11249 11250
11236 11235 11251
11252 11236 11251
11253 11252 11251
11253 11254 11252
11254 11255 11252
11255 11254 11256
11257 11255 11256
11256 11254 11258
11254 11259 11258
11254 11253 11259
11253 11251 11260
11253 11260 11259
11251 11261 11260
11258 11259 11262
11259 11263 11262
11259 11260 11263
11260 11261 11264
11260 11264 11263
11261 11265 11264
11258 11262 11266
11267 11258 11266
11256 11258 11267
11266 11262 11268
11262 11269 11268
11262 11263 11269
11269 11270 11268
11271 11270 11269
11263 11264 11271
11263 11271 11269
11271 11272 11270
11264 11265 11272
11264 11272 11271
11272 11273 11270
11272 11274 11273
11265 11274 11272
11274 11275 11273
11273 11275 11276
11275 11277 11276
11270 11278 11268
11270 11273 11278
11273 11276 11279
11273 11279 11278
11276 11280 11279
11276 11281 11280
11281 11276 11277
11281 11282 11280
11281 11283 11282
11284 11283 11281
11284 11281 11277
11285 11284 11277
11275 11285 11277
11285 11286 11284
11287 11286 11285
11288 11287 11285
11274 11288 11275
11288 11285 11275
11286 11287 11289
11287 11290 11289
11289 11290 11291
11290 11292 11291
11291 11292 11293
11292 11294 11293
11286 11295 11284
11295 11286 11296
11286 11289 11296
11296 11289 11297
11289 11291 11297
11291 11298 11297
11291 11293 11298
11284 11295 11299
11295 11300 11299
11295 11301 11300
11295 11296 11301
11296 11297 11302
11296 11302 11303
11296 11303 11301
11297 11304 11302
11300 11301 11305
11306 11300 11305
11299 11300 11306
11303 11302 11307
11302 11308 11307
11302 11304 11309
11304 11310 11309
11311 11299 11306
11299 11311 11312
11283 11299 11312
11283 11312 11282
11284 11299 11283
11313 11303 11314
11303 11315 11314
11310 11316 11317
11316 11318 11317
11317 11319 11320
11319 11321 11320
11320 11321 11322
11321 11323 11322
11324 11323 11321
11324 11294 11323
11294 11325 11323
11298 11324 11321
11298 11321 11318
11325 11294 11248
11248 11294 11247
11294 11292 11247
11247 11292 11246
11292 11290 11246
11246 11290 11287
11245 11246 11287
11245 11287 11288
11244 11245 11288
11250 11325 11248
11244 11288 11274
11265 11244 11274
11239 11244 11265
11261 11239 11265
11235 11239 11261
11251 11235 11261
11176 11161 11159
11125 11326 11327
11327 11326 11151
11326 11138 11151
11090 11328 11101
11090 11091 11328
11329 11173 11330
11330 11173 11177
11173 11329 11171
11171 11329 11187
11331 11256 11267
11256 11331 11257
11332 11255 11257
11332 11333 11255
11333 11252 11255
11333 11334 11252
11334 11236 11252
11334 11230 11236
11335 11336 11337
11336 11220 11337
11220 11336 11338
11211 11220 11338
11211 11338 11215
11297 11318 11304
11339 11318 11297
11340 11341 11237
11341 11243 11237
11237 11227 11340
11227 11232 11340
11342 11343 11344
11343 11345 11344
11345 11343 11346
11347 11345 11346
11347 11346 11348
11349 11347 11348
11348 11350 11349
11350 11351 11349
11349 11351 11352
11353 11349 11352
11353 11352 11354
11355 11353 11354
11350 11356 11351
11356 11357 11351
11352 11351 11357
11356 11358 11357
11358 11359 11357
11358 11360 11359
11360 11361 11359
11362 11359 11361
11363 11362 11361
11363 11364 11362
11364 11365 11362
11365 11364 11366
11367 11365 11366
11366 11368 11367
11368 11369 11367
11370 11369 11368
11371 11370 11368
11372 11370 11371
11373 11372 11371
11374 11367 11369
11365 11367 11375
11367 11374 11375
11371 11368 11376
11377 11371 11376
11373 11371 11377
11378 11373 11377
11368 11366 11379
11366 11380 11379
11366 11381 11380
11375 11374 11382
11354 11375 11382
11377 11376 11383
11384 11377 11383
11378 11377 11384
11385 11378 11384
11386 11380 11381
11387 11386 11381
11386 11388 11380
11388 11379 11380
11389 11379 11388
11390 11389 11388
11391 11384 11383
11392 11391 11383
11391 11393 11384
11393 11385 11384
11394 11390 11388
11395 11394 11388
11395 11388 11386
11396 11386 11387
11396 11395 11386
11397 11396 11387
11396 11397 11398
11395 11396 11398
11398 11397 11399
11393 11400 11385
11400 11401 11385
11385 11401 11378
11401 11402 11378
11401 11403 11402
11403 11401 11400
11403 11404 11402
11378 11402 11373
11402 11405 11373
11402 11404 11405
11372 11373 11405
11406 11372 11405
11406 11405 11407
11404 11407 11405
11408 11406 11407
11408 11407 11409
11409 11407 11404
11410 11408 11409
11410 11409 11411
11411 11412 11410
11411 11413 11412
11413 11411 11414
11414 11411 11409
11415 11413 11414
11415 11416 11413
11416 11417 11413
11412 11413 11417
11418 11412 11417
11412 11418 11419
11415 11414 11420
11421 11414 11409
11420 11414 11421
11422 11420 11421
11404 11423 11409
11424 11423 11404
11403 11424 11404
11425 11426 11427
11426 11428 11427
11426 11429 11428
11429 11430 11428
11431 11430 11429
11432 11431 11429
11430 11431 11433
11434 11430 11433
11434 11435 11430
11435 11428 11430
11435 11436 11428
11436 11437 11428
11438 11436 11435
11439 11438 11435
11439 11435 11434
11440 11434 11433
11440 11439 11434
11441 11440 11433
11442 11443 11426
11444 11445 11446
11445 11447 11446
11447 11445 11448
11449 11447 11448
11450 11449 11448
11451 11450 11448
11452 11453 11454
11454 11453 11455
11456 11454 11455
11456 11455 11457
11458 11456 11457
11459 11460 11461
11460 11462 11461
11463 11461 11462
11464 11463 11462
11463 11464 11465
11466 11465 11464
11466 11363 11465
11363 11361 11465
11466 11467 11363
11467 11364 11363
11468 11465 11361
11468 11463 11465
11360 11468 11361
11364 11467 11469
11366 11364 11469
11470 11466 11464
11470 11464 11462
11470 11471 11466
11471 11467 11466
11469 11467 11472
11467 11471 11472
11473 11470 11462
11471 11470 11473
11474 11471 11473
11472 11471 11475
11471 11474 11475
11476 11475 11474
11477 11476 11474
11477 11474 11473
11478 11473 11462
11478 11477 11473
11460 11478 11462
11368 11389 11479
11479 11389 11480
11481 11479 11480
11481 11480 11482
11483 11481 11482
11368 11379 11389
11362 11484 11359
11484 11357 11359
11484 11362 11365
11375 11484 11365
11484 11352 11357
11352 11484 11375
11354 11352 11375
11354 11382 11355
11485 11486 11487
11486 11488 11487
11486 11485 11489
11485 11490 11489
11489 11490 11491
11490 11492 11491
11493 11491 11492
11494 11493 11492
11495 11494 11492
11496 11495 11492
11497 11495 11496
11498 11497 11496
11499 11493 11494
11500 11499 11494
11494 11495 11500
11358 11499 11500
11501 11358 11500
11358 11501 11502
11501 11503 11502
11503 11501 11504
11505 11503 11504
11506 11505 11504
11507 11506 11504
11506 11507 11508
11507 11509 11508
11510 11508 11509
11511 11510 11509
11511 11512 11510
11512 11513 11510
11512 11514 11513
11514 11515 11513
11515 11514 11516
11514 11517 11516
11518 11511 11509
11507 11519 11509
11519 11518 11509
11516 11520 11515
11520 11521 11515
11521 11522 11515
11522 11523 11515
11510 11523 11524
11523 11522 11524
11518 11519 11525
11519 11497 11525
11524 11522 11526
11522 11527 11526
11522 11521 11527
11520 11528 11521
11528 11529 11521
11521 11529 11527
11527 11530 11526
11530 11531 11526
11528 11532 11529
11532 11533 11529
11529 11533 11527
11533 11530 11527
11534 11532 11528
11534 11528 11520
11497 11498 11525
11497 11519 11495
11519 11535 11495
11519 11507 11535
11507 11504 11535
11535 11504 11501
11500 11535 11501
11495 11535 11500
11536 11534 11520
11520 11516 11536
11516 11537 11536
11516 11517 11537
11517 11538 11537
11537 11538 11539
11536 11537 11539
11538 11540 11539
11540 11541 11539
11541 11542 11539
11542 11541 11543
11544 11542 11543
11545 11544 11543
11546 11545 11543
11543 11547 11546
11541 11547 11543
11541 11540 11547
11547 11548 11546
11547 11549 11548
11542 11550 11539
11542 11551 11550
11544 11551 11542
11551 11552 11550
11539 11553 11536
11553 11554 11536
11554 11534 11536
11555 11556 11557
11556 11558 11557
11559 11557 11558
11560 11559 11558
11559 11560 11561
11562 11559 11561
11563 11561 11560
11564 11563 11560
11558 11565 11560
11565 11564 11560
11566 11565 11558
11567 11566 11558
11566 11568 11565
11568 11569 11565
11565 11569 11564
11564 11570 11563
11569 11570 11564
11570 11571 11563
11572 11557 11573
11574 11575 11576
11575 11577 11576
11578 11576 11577
11579 11578 11577
11579 11580 11578
11580 11581 11578
11582 11583 11584
11584 11583 11585
11583 11586 11585
11585 11586 11587
11586 11588 11587
11589 11590 11591
11590 11592 11591
11591 11593 11589
11593 11594 11589
11595 11594 11593
11594 11595 11596
11596 11595 11505
11595 11503 11505
11597 11596 11505
11506 11597 11505
11503 11595 11598
11598 11595 11593
11502 11503 11598
11597 11506 11599
11506 11508 11599
11600 11594 11596
11597 11601 11596
11601 11600 11596
11601 11597 11602
11597 11599 11602
11589 11594 11600
11603 11589 11600
11603 11600 11601
11604 11603 11601
11604 11601 11605
11601 11602 11605
11605 11606 11604
11606 11607 11604
11604 11607 11603
11603 11608 11589
11607 11608 11603
11608 11590 11589
11510 11609 11508
11508 11609 11610
11508 11610 11611
11610 11612 11611
11612 11613 11611
11609 11614 11610
11614 11612 11610
11614 11609 11615
11510 11615 11609
11510 11616 11615
11615 11616 11617
11616 11618 11617
11619 11614 11615
11620 11617 11618
11621 11620 11618
11619 11622 11614
11622 11623 11614
11614 11623 11612
11612 11624 11613
11623 11624 11612
11624 11625 11613
11624 11626 11625
11623 11626 11624
11626 11627 11625
11628 11629 11630
11630 11629 11631
11629 11632 11631
11629 11628 11633
11632 11629 11634
11629 11633 11634
11635 11636 11637
11637 11636 11638
11639 11637 11638
11637 11640 11635
11640 11637 11641
11637 11639 11641
11642 11643 11644
11643 11645 11644
11646 11643 11642
11647 11646 11642
11648 11646 11647
11649 11648 11647
11650 11648 11649
11651 11650 11649
11652 11650 11651
11653 11652 11651
11654 11652 11653
11655 11654 11653
11655 11656 11654
11656 11657 11654
11656 11658 11657
11658 11659 11657
11660 11659 11658
11661 11660 11658
11661 11662 11660
11662 11663 11660
11664 11663 11662
11665 11664 11662
11666 11664 11665
11667 11666 11665
11667 11668 11666
11668 11669 11666
11670 11671 11672
11671 11673 11672
11672 11673 11674
11675 11672 11674
11675 11674 11676
11674 11677 11676
11676 11677 11678
11677 11679 11678
11678 11679 11680
11679 11681 11680
11680 11681 11682
11683 11680 11682
11683 11682 11684
11682 11685 11684
11684 11685 11686
11687 11684 11686
11687 11686 11688
11686 11689 11688
11688 11689 11690
11691 11688 11690
11691 11690 11692
11690 11693 11692
11692 11693 11694
11693 11695 11694
11694 11696 11697
11696 11698 11697
11699 11700 11701
11700 11702 11701
11700 11703 11702
11703 11704 11702
11703 11705 11704
11705 11706 11704
11705 11707 11706
11707 11708 11706
11707 11709 11708
11709 11710 11708
11711 11712 11645
11712 11644 11645
11713 11712 11711
11714 11715 11716
11715 11717 11716
11714 11716 11718
11719 11714 11718
11719 11718 11720
11721 11719 11720
11721 11720 11722
11723 11721 11722
11723 11722 11724
11725 11723 11724
11725 11724 11726
11727 11725 11726
11728 11727 11726
11729 11728 11726
11730 11728 11729
11731 11730 11729
11730 11731 11732
11733 11730 11732
11734 11733 11732
11735 11734 11732
11734 11735 11736
11737 11734 11736
11737 11736 11738
11739 11737 11738
11740 11739 11738
11741 11740 11738
11742 11743 11744
11743 11745 11744
11745 11743 11746
11743 11747 11746
11747 11748 11746
11748 11749 11746
11748 11750 11749
11750 11751 11749
11750 11752 11751
11752 11753 11751
11753 11752 11754
11752 11755 11754
11755 11756 11754
11756 11757 11754
11757 11756 11758
11756 11759 11758
11759 11760 11758
11760 11761 11758
11761 11760 11762
11760 11763 11762
11763 11764 11762
11764 11765 11762
11764 11766 11765
11766 11767 11765
11766 11768 11769
11768 11770 11769
11771 11772 11773
11772 11774 11773
11775 11772 11771
11776 11775 11771
11777 11775 11776
11778 11777 11776
11779 11777 11778
11780 11779 11778
11781 11779 11780
11782 11781 11780
11783 11717 11784
11717 11715 11784
11785 11783 11784
11786 11787 11788
11787 11789 11788
11788 11790 11786
11790 11791 11786
11789 11787 11792
11787 11793 11792
11793 11787 11794
11795 11793 11794
11794 11796 11795
11794 11797 11796
11786 11797 11787
11787 11797 11794
11797 11786 11798
11797 11799 11796
11799 11797 11798
11790 11800 11791
11796 11801 11795
11801 11802 11795
11793 11795 11802
11803 11793 11802
11793 11803 11792
11803 11804 11792
11789 11792 11805
11790 11806 11800
11806 11807 11800
11808 11807 11806
11809 11808 11806
11809 11806 11810
11810 11806 11788
11810 11788 11811
11788 11789 11811
11811 11789 11805
11806 11790 11788
11810 11811 11812
11813 11810 11812
11813 11809 11810
11812 11811 11814
11811 11805 11814
11812 11815 11813
11809 11813 11816
11813 11815 11816
11817 11809 11816
11815 11818 11816
11818 11819 11816
11817 11816 11819
11815 11820 11818
11819 11818 11821
11812 11822 11815
11822 11823 11815
11815 11823 11820
11824 11817 11819
11819 11825 11824
11825 11826 11824
11819 11821 11827
11812 11828 11822
11827 11829 11826
11827 11821 11829
11829 11830 11826
11823 11822 11831
11822 11832 11831
11818 11820 11833
11821 11818 11834
11821 11834 11829
11812 11835 11828
11836 11835 11812
11812 11814 11836
11835 11836 11837
11836 11838 11837
11836 11814 11838
11839 11840 11828
11840 11841 11828
11798 11842 11843
11842 11844 11843
11843 11844 11845
11844 11846 11845
11845 11846 11847
11846 11848 11847
11849 11847 11848
11850 11849 11848
11847 11849 11851
11847 11851 11852
11852 11845 11847
11849 11850 11853
11850 11854 11853
11854 11855 11853
11853 11855 11856
11856 11849 11853
11851 11849 11856
11855 11857 11856
11858 11851 11856
11856 11859 11858
11859 11860 11858
11851 11858 11861
11861 11858 11862
11858 11863 11862
11862 11864 11861
11864 11865 11861
11861 11865 11851
11864 11866 11865
11866 11867 11865
11867 11866 11868
11866 11869 11868
11868 11869 11870
11869 11871 11870
11870 11872 11868
11799 11872 11870
11873 11799 11870
11870 11871 11873
11872 11874 11868
11868 11874 11867
11871 11875 11873
11873 11875 11796
11796 11799 11873
11875 11876 11796
11877 11865 11867
11874 11877 11867
11865 11877 11851
11872 11799 11843
11845 11872 11843
11843 11799 11798
11845 11852 11872
11852 11874 11872
11851 11877 11852
11877 11874 11852
11786 11878 11798
11791 11878 11786
11878 11879 11798
11798 11879 11842
11880 11792 11881
11792 11882 11881
11883 11805 11884
11805 11885 11884
11883 11884 11886
11817 11887 11809
11887 11808 11809
11888 11887 11817
11824 11888 11817
11889 11888 11824
11890 11891 11824
11892 11893 11894
11895 11894 11896
11897 11898 11820
11898 11899 11820
11900 11901 11902
11901 11903 11902
11904 11905 11906
11905 11907 11906
11908 11906 11907
11909 11908 11907
11904 11910 11905
11910 11911 11905
11912 11905 11911
11913 11912 11911
11912 11913 11914
11915 11912 11914
11907 11905 11915
11905 11912 11915
11915 11916 11907
11917 11915 11914
11916 11915 11917
11908 11909 11918
11914 11913 11919
11913 11920 11919
11920 11913 11911
11921 11920 11911
11911 11910 11921
11910 11922 11921
11923 11908 11918
11908 11923 11906
11923 11924 11906
11924 11925 11906
11925 11904 11906
11925 11926 11904
11926 11910 11904
11927 11925 11924
11928 11927 11924
11927 11929 11925
11929 11926 11925
11923 11930 11924
11930 11928 11924
11927 11928 11931
11932 11928 11930
11928 11932 11931
11933 11932 11930
11934 11931 11932
11935 11934 11932
11932 11933 11935
11931 11934 11936
11935 11937 11934
11927 11931 11938
11938 11931 11939
11931 11936 11939
11933 11940 11935
11941 11935 11940
11942 11941 11940
11935 11943 11937
11933 11930 11944
11930 11945 11944
11930 11923 11945
11923 11946 11945
11946 11923 11918
11943 11942 11947
11937 11943 11947
11942 11948 11947
11938 11939 11949
11950 11938 11949
11951 11937 11947
11934 11937 11951
11952 11940 11953
11940 11954 11955
11940 11933 11954
11933 11944 11954
11936 11934 11956
11957 11936 11958
11936 11959 11958
11960 11961 11962
11961 11916 11962
11960 11962 11963
11964 11960 11963
11963 11965 11964
11965 11966 11964
11965 11967 11966
11967 11968 11966
11965 11969 11967
11965 11970 11969
11970 11965 11963
11968 11967 11971
11968 11971 11972
11971 11973 11972
11971 11974 11973
11967 11974 11971
11967 11969 11974
11974 11975 11973
11969 11976 11974
11974 11976 11977
11976 11978 11977
11969 11979 11976
11976 11979 11980
11981 11976 11980
11982 11980 11979
11983 11982 11979
11979 11969 11983
11982 11983 11984
11983 11985 11984
11985 11986 11984
11986 11987 11984
11986 11988 11987
11988 11989 11987
11988 11986 11990
11990 11917 11988
11917 11991 11988
11988 11991 11989
11986 11992 11990
11992 11986 11985
11991 11993 11989
11991 11914 11993
11914 11991 11917
11914 11994 11993
11995 11985 11983
11995 11992 11985
11969 11995 11983
11962 11917 11990
11963 11962 11990
11962 11916 11917
11992 11970 11990
11970 11963 11990
11969 11970 11995
11970 11992 11995
11907 11916 11996
11909 11907 11996
11996 11916 11997
11916 11961 11997
11998 11927 11999
11927 12000 11999
11927 11938 12000
11927 11998 11929
11998 11999 12001
12002 11998 12001
11929 11998 12002
12003 12000 12004
12000 12005 12004
12006 11910 12007
11910 12008 12007
12009 11926 12010
11926 12011 12010
12010 12011 12012
12013 12014 12015
12015 12016 12017
12018 12019 12020
12019 12021 12020
