byte offset: 0
first index: 0
index count: 6915
topology: trianglelist
format: DXGI_FORMAT_R16_UINT

0 1 2
1 3 2
0 2 4
5 0 4
3 1 6
1 7 6
6 7 8
9 6 8
9 8 10
11 9 10
7 1 12
1 13 12
0 13 1
8 7 14
7 12 14
10 8 15
8 14 15
10 16 11
16 17 11
15 18 10
18 16 10
4 19 5
19 20 5
5 20 21
20 22 21
17 23 24
23 18 24
25 13 0
0 5 25
5 21 25
26 27 28
27 29 28
30 27 26
31 30 26
26 28 32
33 26 32
31 26 33
34 31 33
33 32 35
36 33 35
34 33 36
37 34 36
35 38 36
38 39 36
36 39 37
39 38 40
41 39 40
42 39 41
39 42 37
43 42 41
41 40 44
45 41 44
43 41 45
46 43 45
45 44 47
46 45 47
48 49 50
51 49 48
52 51 48
51 52 53
54 51 53
53 55 54
55 53 56
56 53 57
56 57 58
59 56 58
58 57 27
30 58 27
27 57 29
57 60 29
53 60 57
55 61 54
61 55 62
63 61 62
63 62 64
62 65 64
66 67 68
67 66 69
70 67 69
70 69 71
69 72 71
73 74 75
74 76 75
77 74 73
78 77 73
75 76 79
76 80 79
79 80 81
80 82 81
81 82 83
82 84 83
83 84 85
84 86 85
85 86 87
86 88 87
88 89 87
79 90 75
90 91 75
81 92 79
92 90 79
83 93 81
93 92 81
94 93 83
95 94 83
87 96 95
96 94 95
89 96 87
75 91 73
91 97 73
73 97 98
78 73 98
78 98 99
99 100 78
100 77 78
100 99 101
99 102 101
102 103 101
103 104 101
105 104 103
106 105 103
99 98 107
108 109 110
109 111 110
111 109 112
109 113 112
112 113 114
113 115 114
112 116 111
116 117 111
111 117 110
117 118 110
108 110 119
120 108 119
121 120 119
122 121 119
116 112 123
123 115 124
124 125 123
125 126 123
126 116 123
127 125 124
128 127 124
115 128 124
121 122 129
122 130 129
131 132 133
134 132 131
135 134 131
136 134 135
137 136 135
136 137 138
137 139 138
139 140 138
140 141 138
141 140 142
140 143 142
144 145 146
145 147 146
144 148 145
148 149 145
146 147 150
147 151 150
147 152 151
152 153 151
153 154 151
154 155 151
153 156 154
152 156 153
157 156 152
158 157 152
152 147 158
147 145 158
145 149 158
156 157 159
157 160 159
156 161 154
159 162 156
162 161 156
154 163 155
154 161 163
163 164 155
161 165 163
161 162 165
162 166 165
163 167 164
167 168 164
163 165 169
165 170 169
165 166 170
166 171 170
169 170 172
170 173 172
170 171 173
171 174 173
172 173 175
173 176 175
173 174 176
175 176 177
176 178 177
176 179 178
174 179 176
179 180 178
177 178 181
178 182 181
178 180 182
180 183 182
182 184 181
183 184 182
185 186 187
188 186 185
189 188 185
188 190 186
190 191 186
186 191 192
186 192 187
191 193 192
193 194 192
194 195 192
187 192 196
192 195 196
196 195 197
195 198 197
197 198 199
198 200 199
201 200 198
202 201 198
194 202 203
202 198 203
200 201 204
205 200 204
204 206 205
205 206 207
199 200 207
200 205 207
168 167 208
167 209 208
209 210 208
168 208 211
208 210 211
212 168 211
164 168 212
213 164 212
155 164 213
214 155 213
151 155 214
150 151 214
215 216 217
217 216 218
219 217 218
217 219 220
221 217 220
219 218 222
218 223 222
220 219 224
219 222 224
217 221 225
222 223 226
224 222 226
157 227 160
149 148 228
148 229 228
189 230 188
230 231 188
188 231 232
190 188 232
233 234 235
234 236 235
237 234 233
238 237 233
239 237 238
240 239 238
240 241 239
241 242 239
241 243 242
243 244 242
245 244 243
246 242 244
247 246 244
247 244 245
246 248 242
248 239 242
248 237 239
249 234 237
249 236 234
250 249 237
251 249 250
252 251 250
252 250 253
254 252 253
254 253 255
256 254 255
255 253 257
253 258 257
253 250 258
255 257 259
260 255 259
261 256 260
256 262 260
261 260 263
264 261 263
264 263 265
266 264 265
266 265 267
268 266 267
268 267 269
263 260 270
260 259 270
265 263 271
263 270 271
267 265 272
265 271 272
269 267 272
258 250 237
273 274 275
274 276 275
273 275 277
275 278 277
277 278 279
280 277 279
278 275 281
282 278 281
279 278 282
281 275 283
275 276 283
284 279 282
285 279 284
286 285 284
287 285 286
288 285 287
288 289 285
289 279 285
290 283 276
291 290 292
290 293 292
294 290 291
290 294 295
296 290 295
297 295 294
298 297 294
299 294 291
298 294 300
300 294 299
298 300 301
302 298 301
293 290 303
274 293 303
296 295 304
305 296 304
304 295 306
295 297 306
305 304 307
304 308 307
307 308 309
308 310 309
310 308 311
308 312 311
308 304 312
304 306 312
309 310 313
310 311 313
301 300 314
300 315 314
316 315 300
299 316 300
317 316 299
291 317 299
291 292 317
292 318 317
319 320 321
297 298 321
322 249 251
323 324 325
324 326 325
325 326 327
326 328 327
328 329 327
329 330 327
325 331 323
331 332 323
327 333 325
333 331 325
324 323 334
323 335 334
323 332 335
334 335 336
335 337 336
337 338 336
339 338 337
340 339 337
340 337 335
338 341 336
342 340 335
332 342 335
329 343 330
343 344 330
343 345 344
345 346 344
341 338 347
347 338 348
348 349 347
347 349 350
350 341 347
338 351 348
345 343 352
353 345 352
354 345 353
345 354 355
354 356 355
354 357 356
357 358 356
357 359 358
359 360 358
359 361 360
361 362 360
360 362 363
362 364 363
358 360 365
360 363 365
356 358 366
358 365 366
355 356 367
356 366 367
355 367 368
344 355 368
344 368 369
330 344 369
369 368 370
368 371 370
368 367 371
363 364 372
364 373 372
365 363 374
363 372 374
366 365 375
365 374 375
367 366 376
366 375 376
367 376 371
327 330 369
333 327 369
370 377 369
378 377 370
379 378 370
370 371 379
380 378 379
378 380 381
382 378 381
382 381 383
384 382 383
381 385 383
385 386 383
380 387 381
387 385 381
388 387 380
389 388 380
389 380 379
390 388 389
391 390 389
391 392 390
392 393 390
391 389 394
389 379 394
392 391 395
391 394 395
376 395 394
376 375 395
375 396 395
397 395 396
398 393 397
399 398 397
399 397 396
400 398 399
401 400 399
401 399 402
399 396 402
402 403 401
403 404 401
403 405 404
405 406 404
404 406 407
406 408 407
404 409 401
409 400 401
407 409 404
373 405 403
372 373 403
372 403 402
374 372 402
374 402 396
375 374 396
409 407 410
407 411 410
407 408 411
409 410 412
400 409 412
400 412 413
398 400 413
398 413 414
393 398 414
393 414 415
390 393 415
410 411 416
411 417 416
414 413 418
413 419 418
419 413 412
415 414 420
414 418 420
415 420 421
422 415 421
390 415 422
388 390 422
388 422 423
387 388 423
387 423 424
385 387 424
385 424 425
386 385 425
424 423 426
423 427 426
421 427 422
427 423 422
428 427 421
429 428 421
421 420 429
420 430 429
426 427 431
427 432 431
426 431 433
425 424 433
424 426 433
433 431 434
431 435 434
431 432 435
433 434 436
433 436 425
425 436 386
386 436 437
437 436 438
436 439 438
438 439 440
438 440 441
442 438 441
441 440 443
440 444 443
439 445 440
440 445 444
445 446 444
442 447 438
438 447 437
442 441 448
449 442 448
447 442 449
448 450 449
450 451 449
451 450 452
453 451 452
454 451 453
342 454 453
449 451 455
451 454 455
455 447 449
456 447 455
455 454 456
454 457 456
457 454 342
452 450 458
450 459 458
459 450 448
332 457 342
460 457 332
331 460 332
461 460 331
458 459 462
459 463 462
463 459 464
464 459 448
448 441 464
441 465 464
464 465 466
466 463 464
467 463 466
468 467 466
465 469 466
466 469 468
462 463 470
463 467 470
467 471 470
471 472 470
469 473 468
468 473 474
471 467 474
467 468 474
475 471 474
471 475 472
473 476 474
476 475 474
477 478 479
478 480 479
444 478 477
443 444 477
444 446 478
446 480 478
377 461 369
461 377 460
377 481 460
377 378 481
378 382 481
481 382 456
382 384 456
384 447 456
384 383 447
383 437 447
383 386 437
460 481 457
481 456 457
371 394 379
371 376 394
482 483 484
483 485 484
482 484 486
487 482 486
487 486 488
486 489 488
484 485 490
485 491 490
486 484 492
484 490 492
486 492 489
483 493 485
493 494 485
485 494 491
494 493 495
496 494 495
496 495 497
498 496 497
496 498 499
500 496 499
494 496 501
502 494 501
494 502 491
488 489 503
489 504 503
503 504 505
504 506 505
505 506 507
506 508 507
507 508 509
508 510 509
510 508 511
512 510 511
513 510 512
510 513 514
514 513 515
513 362 515
516 510 514
362 513 517
517 513 512
518 362 517
511 508 519
508 506 519
519 506 520
506 521 520
518 517 522
523 518 522
522 517 524
517 512 524
524 512 525
512 511 525
525 511 526
523 522 527
528 523 527
528 527 529
406 528 529
529 527 530
527 531 530
527 522 531
522 524 531
532 530 531
530 532 533
532 534 533
534 532 535
532 536 535
535 536 537
536 538 537
537 538 539
538 540 539
539 540 541
540 542 541
542 543 541
542 544 543
544 545 543
543 545 546
545 547 546
543 546 548
543 548 541
546 549 548
544 542 550
542 540 550
550 551 544
551 552 544
550 540 553
540 538 553
553 538 554
552 551 555
520 555 551
520 504 555
504 489 555
556 520 551
553 556 550
556 551 550
557 520 556
526 557 556
554 526 553
526 556 553
511 557 526
492 555 489
558 552 555
525 526 554
559 525 554
554 536 559
538 536 554
536 532 559
559 532 531
531 524 559
524 525 559
558 490 560
490 491 560
491 561 560
491 502 561
502 562 561
502 563 562
563 564 562
561 562 565
562 566 565
562 564 566
565 566 567
564 563 568
569 564 568
564 570 566
564 569 570
567 566 570
569 571 570
572 570 571
572 567 570
572 573 567
572 574 573
574 575 573
574 576 575
576 577 575
573 575 578
575 579 578
575 577 579
577 580 579
573 578 581
582 573 581
573 582 567
583 572 571
569 568 584
585 569 584
569 585 571
583 571 586
587 583 586
585 584 588
589 585 588
585 589 586
587 586 590
589 590 586
589 591 590
591 592 590
593 587 590
593 590 592
585 586 571
591 589 594
589 588 594
591 594 595
596 591 595
591 596 592
597 593 592
597 592 598
596 598 592
599 598 596
596 595 599
600 597 598
600 598 599
601 602 603
604 602 601
605 606 607
606 605 608
609 606 608
608 498 609
498 608 610
610 608 611
499 498 610
498 497 609
612 609 497
613 612 497
613 497 614
615 613 614
615 614 616
614 493 616
616 493 617
493 483 617
483 482 617
482 618 617
482 487 618
487 619 618
619 487 620
487 488 620
488 503 620
503 621 620
503 505 621
505 622 621
505 507 622
507 623 622
623 507 624
507 509 624
624 516 625
516 514 625
625 514 626
514 515 626
627 406 628
406 529 628
629 627 628
630 629 628
631 630 628
632 631 628
529 632 628
529 530 632
530 533 632
533 633 632
633 631 632
634 633 533
534 634 533
635 634 534
535 635 534
636 635 535
537 636 535
630 631 637
631 638 637
631 639 638
637 638 640
638 641 640
641 638 639
637 640 642
643 637 642
634 635 644
645 634 644
634 645 633
644 635 646
635 636 646
646 636 647
636 648 647
648 636 537
539 648 537
649 648 539
541 649 539
650 649 541
548 650 541
649 650 651
652 649 651
647 648 652
648 649 652
652 653 647
653 654 647
646 647 655
647 654 655
655 654 656
655 656 657
658 655 657
646 655 658
659 658 657
641 659 657
654 660 656
654 661 660
661 662 660
661 663 662
663 664 662
663 665 664
665 666 664
667 662 664
668 667 664
664 666 668
659 645 658
669 645 659
639 669 659
659 641 639
645 644 658
644 646 658
645 669 633
631 633 669
631 669 639
666 670 668
668 670 671
670 672 671
670 666 673
674 670 673
672 670 674
675 672 674
667 668 676
668 671 676
674 673 677
678 674 677
675 674 678
679 675 678
671 680 676
680 681 676
682 676 681
676 682 667
682 683 667
683 682 684
685 683 684
685 684 686
687 685 686
688 687 686
642 688 686
682 689 684
689 682 681
689 690 684
686 684 691
684 690 691
642 686 691
662 667 683
660 662 683
660 683 685
656 685 687
656 660 685
657 656 687
641 657 687
640 641 687
691 690 692
693 691 692
692 694 693
694 695 693
696 695 694
696 697 695
697 698 695
695 698 693
416 698 697
699 416 697
700 699 697
419 700 697
419 697 696
430 696 694
418 419 696
418 696 430
420 418 430
700 419 412
410 700 412
410 699 700
410 416 699
701 694 692
702 701 692
701 702 703
704 701 703
704 703 705
706 704 705
705 703 680
680 707 705
707 708 705
705 708 706
707 709 708
709 710 708
709 707 711
707 712 711
707 680 712
680 671 712
703 681 680
703 702 681
692 690 702
690 689 702
702 689 681
708 713 706
713 708 710
709 714 710
714 715 710
710 715 716
716 713 710
715 717 716
717 715 718
715 714 718
714 719 718
711 719 709
719 714 709
720 721 722
722 577 720
577 576 720
580 577 722
723 580 722
722 724 723
552 725 544
725 545 544
725 565 545
565 547 545
547 565 567
546 547 567
582 546 567
549 546 582
581 549 582
561 565 725
560 561 725
552 560 725
558 560 552
726 581 727
727 581 728
726 727 548
727 650 548
727 729 650
729 651 650
651 728 730
652 651 730
653 652 730
428 429 731
429 732 731
732 429 430
694 732 430
432 731 435
665 733 666
733 673 666
673 733 734
677 673 734
677 734 735
736 677 735
677 736 678
736 737 678
736 738 737
738 736 739
737 738 740
678 737 679
737 740 679
698 741 693
741 691 693
741 642 691
643 642 741
417 643 741
417 741 698
416 417 698
629 643 417
643 629 630
637 643 630
411 629 417
408 629 411
742 329 743
329 328 743
743 328 744
328 326 744
343 329 742
352 343 742
744 326 745
326 324 745
745 324 746
324 334 746
334 747 746
747 748 746
336 749 748
749 750 748
749 751 750
751 752 750
361 359 753
359 754 753
359 357 754
357 755 754
357 354 755
354 756 755
756 354 353
350 757 758
612 759 760
759 606 760
607 606 759
761 762 763
762 764 763
764 762 765
764 765 766
766 765 767
766 767 768
769 766 768
769 764 766
770 769 768
769 770 771
772 769 771
763 764 772
764 769 772
765 773 767
771 770 774
770 775 774
770 768 776
776 775 770
768 777 776
768 767 778
768 778 777
767 773 779
779 778 767
773 780 779
773 781 780
781 782 780
783 775 776
784 783 776
785 783 784
783 785 786
787 783 786
774 775 787
775 783 787
788 785 784
785 788 789
788 790 789
789 790 791
792 789 791
786 785 792
785 789 792
786 792 793
794 792 791
790 795 791
790 788 796
788 784 796
797 790 796
795 790 797
784 798 796
797 796 799
796 798 799
800 797 799
798 801 799
791 795 802
802 795 803
795 804 803
804 795 797
804 797 800
803 804 805
805 804 800
806 803 805
803 806 807
806 808 807
802 803 809
803 807 809
802 809 810
809 811 810
811 809 812
809 807 812
810 791 802
799 801 813
813 801 814
813 814 815
815 814 816
814 817 816
817 818 816
818 819 816
816 819 820
815 816 821
822 815 821
813 815 822
823 813 822
813 823 824
825 813 824
824 823 805
823 826 805
823 822 826
822 827 826
805 826 828
826 829 828
826 827 829
828 829 830
829 831 830
829 832 831
827 832 829
832 833 831
831 833 834
830 831 834
833 835 834
835 833 836
837 835 836
834 835 838
835 839 838
839 835 837
832 827 840
841 832 840
836 833 841
833 832 841
841 842 836
842 843 836
836 843 837
840 844 841
844 842 841
845 844 840
821 845 840
821 840 822
840 827 822
838 839 846
839 847 846
847 839 837
847 837 848
837 849 848
843 849 837
847 850 846
851 838 846
852 838 851
853 852 851
844 845 820
854 844 820
848 849 855
856 848 855
848 856 857
858 848 857
848 858 847
859 858 857
858 859 860
859 861 860
862 857 856
857 862 859
863 862 856
863 856 855
864 863 855
864 865 863
866 865 864
867 866 864
867 864 855
865 868 863
863 868 862
868 865 869
870 868 869
868 871 862
868 870 871
862 871 872
862 872 859
871 873 872
873 874 872
874 875 872
876 874 873
877 876 873
877 873 878
873 871 878
870 878 871
866 867 879
880 866 879
881 866 880
882 881 880
883 881 882
884 883 882
881 883 885
881 885 886
885 865 886
883 887 885
882 880 888
889 882 888
884 882 889
890 884 889
891 890 889
892 890 891
893 892 891
893 891 894
895 893 894
896 891 889
889 888 896
894 891 897
891 896 897
896 898 897
888 898 896
898 888 899
900 898 899
898 900 897
901 897 900
894 897 901
902 901 900
902 900 903
900 904 903
904 900 899
892 905 890
906 905 892
907 906 892
908 906 907
909 908 907
906 908 910
910 908 911
908 912 911
913 906 910
906 913 914
915 906 914
910 916 913
917 916 910
918 908 909
905 918 919
918 920 919
905 919 921
919 920 922
920 923 922
923 924 922
925 924 923
926 925 923
926 927 925
927 928 925
927 929 928
930 929 927
931 930 927
931 927 932
933 931 932
926 923 933
923 920 933
929 934 928
924 935 922
928 934 936
934 937 936
937 938 936
938 939 936
936 939 940
925 928 940
928 936 940
939 941 940
940 941 942
943 940 942
943 942 944
945 943 944
943 945 935
925 940 943
924 925 943
924 943 935
938 946 939
939 947 941
948 946 947
941 949 942
949 950 942
942 950 944
950 951 944
945 944 878
944 952 878
944 951 952
945 878 953
935 945 953
935 953 954
954 953 955
953 870 955
953 956 870
922 935 954
922 954 919
954 921 919
950 949 957
951 950 957
957 958 951
951 958 952
884 905 921
905 884 890
884 921 883
883 921 887
921 959 887
887 954 960
961 887 960
885 887 961
962 885 961
865 885 962
963 865 962
962 964 963
964 962 961
960 965 961
765 966 781
762 966 765
765 781 773
781 966 967
782 781 967
968 782 967
969 968 967
969 903 968
903 970 968
903 904 970
904 971 970
971 819 970
819 818 970
970 818 972
818 782 972
904 899 971
899 973 971
974 973 899
975 974 899
888 975 899
888 880 975
880 879 975
819 971 976
971 977 976
976 977 978
977 979 978
974 975 980
975 981 980
978 979 982
979 983 982
980 981 984
981 985 984
984 985 986
982 983 987
983 988 987
987 988 989
978 854 976
990 854 978
990 842 854
842 844 854
842 990 991
990 992 991
993 992 990
993 994 992
994 995 992
992 995 991
996 993 990
997 993 996
879 997 996
879 996 998
994 993 999
993 997 999
994 999 1000
1000 995 994
998 996 978
996 990 978
995 1001 991
1001 995 1002
842 1003 843
1003 1004 843
843 1004 849
1004 855 849
1004 867 855
879 867 1005
867 1004 1005
879 1006 975
1007 1008 1009
1007 1009 1010
1009 1011 1010
1011 1012 1010
1009 1008 1013
1014 1009 1013
1009 1014 1011
1014 1015 1011
1014 1016 1015
1014 1013 1016
1016 1017 1015
1016 1018 1017
1018 1016 1019
1016 1020 1019
1013 1020 1016
1018 1021 1017
1018 1019 1022
1018 1022 1023
1024 1018 1023
1025 1018 1024
1026 1025 1024
1026 1024 1027
1028 1026 1027
1027 1024 1029
1024 1023 1029
1029 1023 1030
1023 1031 1030
1023 1022 1031
1031 1032 1030
1031 1033 1032
1022 1033 1031
1033 1034 1032
1032 1035 1030
1028 1027 1036
1037 1028 1036
1037 1036 1038
1039 1037 1038
1029 1030 1040
1041 1029 1040
1041 1040 1042
1043 1041 1042
1043 1044 1041
1044 1038 1036
1044 1045 1041
1045 1044 1036
1045 1029 1041
1039 1038 1046
1038 1047 1046
1047 1038 1048
1038 1044 1048
1043 1042 1049
1042 1050 1049
1042 1040 1051
1040 1030 1051
1030 1035 1051
1052 1042 1051
1049 1050 1053
1053 1050 1054
1052 1054 1042
1054 1050 1042
1035 852 1051
852 1035 1055
1035 1032 1055
1055 1032 830
1032 1034 830
852 1056 1051
838 852 1055
834 838 1055
1055 830 834
828 830 1034
1034 1057 828
810 1058 1034
810 1034 1033
1059 810 1033
1022 1059 1033
1019 1059 1022
1019 1060 1059
1060 794 1059
1059 794 810
1060 1019 1020
1061 1060 1020
793 1060 1061
1061 1062 793
1061 1063 1062
1064 793 1062
793 1064 786
786 1064 1065
786 1065 787
1065 1066 787
787 1066 774
1066 1067 774
774 1067 771
1067 1068 771
771 1068 772
1068 1069 772
772 1069 763
1069 1070 763
763 1070 761
1070 1071 761
1072 1063 1061
1020 1072 1061
1013 1072 1020
1008 1072 1013
1008 1007 1073
1074 1075 847
1074 847 858
858 860 1074
1074 860 1051
860 1076 1051
860 1077 1076
1077 1054 1076
1077 860 861
1078 1077 861
1053 1077 1078
1053 1079 1077
1080 1075 1074
807 1081 1082
1083 1084 1085
1021 1084 1083
1017 1021 1083
1017 1083 1086
1087 1086 1083
1088 1086 1087
1089 1088 1085
1088 1011 1086
1011 1015 1086
1015 1017 1086
1012 1011 1090
1091 1012 1090
814 801 779
801 1092 779
814 779 817
779 780 817
817 780 818
780 782 818
798 777 801
776 777 798
784 776 798
777 778 801
1093 1094 1095
1094 1096 1095
1096 1097 1095
1096 1098 1097
1098 1099 1097
1098 1100 1099
1098 1101 1100
1101 1098 1096
1101 1102 1100
1103 1102 1101
1104 1103 1101
1094 1104 1096
1104 1101 1096
1099 1105 1097
1103 1106 1102
1106 1107 1102
1102 1108 1100
1107 1108 1102
1108 1109 1100
1100 1110 1099
1100 1109 1110
1097 1111 1095
1097 1112 1111
1105 1113 1112
1113 969 1112
1107 1114 1108
1114 1115 1108
1109 1108 1115
1116 1115 1114
1117 1116 1114
1118 1117 1114
1114 1107 1118
1107 1106 1118
1115 1116 1119
1116 1120 1119
1120 1121 1119
1120 1122 1121
1122 909 1121
1119 1121 1123
1121 1124 1123
1124 1121 909
1115 1119 1125
1119 1123 1125
1123 1124 1126
1124 893 1126
1123 895 1125
1125 895 1127
1122 918 909
907 1124 909
907 892 1124
892 893 1124
895 894 1127
894 901 1127
1127 901 1128
1110 1127 1128
1128 901 902
1113 1128 902
1128 1113 1129
1099 1128 1129
1110 1128 1099
969 1113 902
903 969 902
1110 1109 1127
1109 1125 1127
1125 1109 1115
1112 969 967
1112 967 1111
1097 1105 1112
1117 1130 1131
1130 1132 1131
1132 1133 1131
1132 1134 1133
1134 1135 1133
933 1135 1134
931 933 1134
1136 1130 1117
931 1134 1137
931 1137 1138
1139 931 1138
1138 1137 1140
1137 1141 1140
1141 1142 1140
1142 1143 1140
1142 1144 1143
1144 1145 1143
1138 1146 1139
1146 1147 1139
1146 1148 1147
1148 1149 1147
1140 1143 1150
1140 1150 1138
1143 1151 1150
1143 1145 1151
1150 1151 1152
1151 1153 1152
1151 1154 1153
1145 1154 1151
1154 1155 1153
1156 1144 1142
1156 1142 1157
1157 1142 1158
1157 1158 1159
1158 1160 1159
1158 1141 1160
1142 1141 1158
1141 1137 1160
1134 1160 1137
1161 1160 1134
1160 1161 1159
1132 1161 1134
1130 1161 1132
1161 1130 1162
1161 1162 1163
1161 1163 1159
1136 1162 1130
1156 1157 1164
1117 1165 1136
1165 1117 1118
1166 1165 1118
1166 1118 1106
1167 1166 1106
1167 1106 1103
1168 1167 1103
1168 1103 1104
1169 1168 1104
1169 1104 1094
1170 1169 1094
1170 1094 1093
1171 1170 1093
1131 1116 1117
1131 1120 1116
1131 1133 1120
1133 1122 1120
1133 1135 1122
1135 918 1122
920 918 1135
933 920 1135
913 1172 1173
1174 1175 1176
1176 1175 1177
1152 1176 1177
1152 1153 1176
1153 1178 1176
1176 1178 1179
1178 1180 1179
1153 1155 1178
1155 1180 1178
1152 1177 1150
1177 1181 1150
1150 1181 1138
1182 1183 1174
1183 1182 1149
1148 1183 1149
816 845 821
816 820 845
854 820 976
820 819 976
872 875 859
875 1184 859
1184 875 1185
875 874 1185
874 876 1185
853 851 1186
851 846 1187
846 850 1187
1188 1048 1189
1047 1048 1188
1046 1047 1188
1189 1048 1044
1043 1189 1044
1029 1045 1027
1045 1036 1027
1025 1190 1018
930 931 1191
794 791 810
794 1060 792
1060 793 792
1192 1193 1194
1193 1195 1194
1193 1196 1195
1196 1197 1195
1196 1198 1197
1198 1199 1197
1198 1200 1199
1200 1201 1199
1200 1202 1201
1202 1203 1201
1202 1204 1203
1204 1205 1203
1204 1206 1205
1194 1195 1207
1195 1208 1207
1195 1197 1208
1209 1207 1208
1210 1209 1208
1211 1210 1208
1212 1211 1208
1212 1213 1211
1213 1214 1211
1213 1215 1214
1215 1216 1214
1211 1214 1217
1214 1218 1217
1214 1216 1218
1216 1219 1218
1210 1211 1220
1211 1217 1220
1209 1210 1221
1210 1220 1221
1222 1219 1216
1223 1222 1216
1224 1212 1208
1224 1225 1212
1225 1226 1212
1225 1227 1226
1227 1228 1226
1227 1229 1228
1229 1230 1228
1231 1230 1229
1232 1231 1229
1206 1231 1232
1199 1225 1224
1197 1199 1224
1197 1224 1208
1199 1201 1225
1201 1227 1225
1201 1203 1227
1203 1229 1227
1203 1205 1229
1205 1232 1229
1206 1232 1205
1233 1234 1235
1234 1236 1235
1235 1236 1237
1236 1238 1237
1237 1238 1239
1238 1240 1239
1239 1240 1241
1240 1242 1241
1242 1243 1241
1237 1244 1235
1244 1245 1235
1239 1246 1237
1246 1244 1237
1241 1247 1239
1243 1247 1241
1247 1248 1239
1235 1245 1249
1245 1250 1249
1251 1249 1250
1252 1251 1250
1249 1251 1233
1235 1249 1233
1250 1253 1252
1254 1253 1250
1255 1254 1250
1250 1256 1255
1256 1257 1255
1255 1257 1258
1257 1259 1258
1258 1259 1260
1259 1261 1260
1260 1261 1262
1261 1263 1262
1262 1263 1264
1263 1265 1264
1265 1266 1264
1267 1264 1266
1258 1268 1255
1268 1254 1255
1260 1269 1258
1269 1268 1258
1270 1269 1260
1271 1270 1260
1264 1267 1271
1267 1270 1271
1272 1273 1274
1273 1275 1274
1275 1276 1274
1276 1277 1274
1276 1278 1277
1278 1279 1277
1278 1280 1279
1280 1281 1279
1282 1283 1281
1253 1284 1252
1252 1284 1285
1252 1285 1286
1251 1252 1286
1233 1251 1286
1234 1233 1286
1287 1234 1286
1288 1234 1287
1289 1288 1287
1289 1287 1290
1291 1289 1290
1291 1290 1292
1290 1293 1292
1294 1292 1293
1294 1293 1295
1296 1294 1295
1297 1294 1296
1298 1297 1296
1299 1297 1298
1300 1299 1298
1299 1300 1301
1300 1302 1301
1301 1302 1303
1302 1304 1303
1304 1305 1303
1305 1306 1303
1299 1307 1297
1307 1308 1297
1297 1308 1294
1308 1292 1294
1301 1309 1299
1309 1307 1299
1303 1310 1301
1310 1309 1301
1298 1296 1311
1312 1298 1311
1311 1313 1312
1313 1311 1314
1315 1313 1314
1313 1316 1312
1316 1317 1312
1317 1318 1312
1318 1317 1319
1317 1320 1319
1319 1320 1321
1320 1322 1321
1314 1311 1295
1311 1296 1295
1312 1318 1298
1318 1300 1298
1319 1323 1318
1323 1300 1318
1321 1322 1324
1324 1325 1321
1325 1326 1321
1321 1326 1319
1326 1323 1319
1327 1325 1324
1328 1327 1324
1322 1328 1324
1329 1330 1331
1330 1332 1331
1331 1332 1306
1332 1333 1306
1306 1305 1331
1305 1329 1331
1306 1333 1303
1333 1310 1303
1334 1335 1336
1335 1337 1336
1336 1337 1338
1337 1339 1338
1338 1339 1340
1339 1341 1340
1342 1335 1334
1192 1194 1343
1194 1207 1343
1207 1344 1343
1344 1207 1209
1344 1209 1221
1345 1344 1221
1221 1346 1345
1346 1347 1345
1347 1348 1345
1348 1349 1345
1348 1350 1349
1350 1351 1349
1351 1352 1349
1353 1354 1355
1355 1354 1356
1356 1354 1357
1355 1356 1358
1359 1360 1361
1360 1362 1361
1362 1360 1363
1360 1364 1363
1363 1364 1365
1361 1366 1359
1366 1367 1359
1367 1366 1368
1369 1367 1368
1370 1371 1372
1371 1373 1372
1374 1373 1371
1375 1374 1371
1372 1373 1376
1373 1374 1377
1378 1379 1380
1379 1381 1380
1381 1382 1380
1383 1384 1385
1384 1386 1385
1386 1387 1385
1387 1388 1385
1387 1389 1388
1389 1390 1388
1384 1383 1391
1383 1392 1391
1391 1392 1393
1394 1391 1393
1389 1395 1390
1395 1396 1390
1396 1395 1397
1398 1399 1400
1399 1401 1400
1398 1400 1402
1403 1398 1402
1398 1403 1404
1404 1403 1405
1405 1403 1402
1406 1398 1404
1407 1398 1406
1408 1407 1406
1409 1410 1411
1410 1409 1412
1409 1411 1413
1413 1411 1414
1409 1413 1415
1409 1415 1416
1417 1418 1419
1418 1420 1419
1420 1418 1421
1418 1422 1421
1420 1423 1419
1421 1423 1420
1424 1425 1426
1425 1427 1426
1425 1428 1427
1429 1428 1425
1430 1429 1425
1424 1430 1425
1429 1431 1428
1431 1432 1428
1432 1431 1433
1431 1434 1433
1433 1434 1435
1434 1436 1435
1436 1437 1435
1435 1438 1433
1437 1438 1435
1438 1439 1433
1433 1439 1432
1439 1440 1432
1439 1441 1440
1441 1442 1440
1441 1439 1443
1439 1444 1443
1444 1445 1443
1441 1446 1442
1446 1447 1442
1447 1448 1442
1447 1449 1448
1449 1450 1448
1447 1451 1449
1451 1452 1449
1451 1453 1452
1448 1454 1442
1455 1448 1450
1454 1448 1455
1456 1455 1450
1455 1456 1457
1449 1458 1450
1458 1459 1450
1450 1459 1456
1458 1460 1459
1460 1461 1459
1460 1458 1462
1458 1463 1462
1463 1464 1462
1461 1460 1465
1465 1466 1461
1466 1459 1461
1459 1466 1456
1460 1467 1465
1467 1468 1465
1468 1469 1465
1466 1465 1469
1468 1467 1470
1467 1471 1470
1471 1472 1470
1462 1473 1460
1473 1467 1460
1464 1473 1462
1468 1474 1469
1474 1475 1469
1475 1476 1469
1476 1466 1469
1466 1476 1477
1456 1466 1477
1456 1477 1457
1470 1478 1468
1478 1474 1468
1472 1478 1470
1476 1479 1477
1476 1480 1479
1475 1480 1476
1481 1457 1426
1482 1481 1426
1481 1455 1457
1481 1454 1455
1481 1427 1454
1427 1483 1454
1428 1483 1427
1428 1432 1483
1432 1440 1483
1454 1484 1442
1484 1440 1442
1452 1485 1449
1485 1458 1449
1453 1485 1452
1443 1486 1441
1486 1446 1441
1445 1486 1443
1487 1488 1489
1488 1490 1489
1488 1491 1490
1488 1492 1491
1488 1493 1492
1488 1494 1493
1488 1495 1494
1488 1496 1495
1488 1497 1496
1488 1498 1497
1488 1499 1498
1488 1500 1499
1488 1501 1500
1488 1502 1501
1488 1503 1502
1488 1504 1503
1488 1505 1504
1488 1487 1505
1506 1507 1508
1508 1507 1509
1508 1509 1510
1508 1510 1511
1508 1511 1512
1508 1512 1513
1508 1513 1514
1508 1514 1515
1508 1515 1516
1508 1516 1517
1508 1517 1518
1508 1518 1519
1508 1519 1520
1508 1520 1521
1508 1521 1522
1508 1522 1523
1508 1523 1524
1508 1524 1506
1525 1526 1527
1526 1528 1527
1526 1525 1529
1526 1529 1530
1526 1530 1531
1526 1531 1532
1526 1532 1533
1526 1533 1534
1535 1536 1528
1526 1537 1538
1526 1539 1537
1526 1540 1539
1526 1541 1540
1535 1542 1543
1535 1544 1542
1535 1545 1544
1535 1546 1545
1535 1547 1546
1548 1549 1550
1550 1549 1551
1550 1551 1552
1550 1553 1548
1550 1554 1553
1550 1555 1554
1550 1556 1555
1550 1557 1556
1550 1558 1557
1550 1559 1558
1550 1560 1559
1550 1561 1560
1550 1562 1561
1550 1563 1562
1550 1564 1563
1565 1552 1566
1565 1566 1567
1565 1567 1564
1568 1569 1570
1571 1568 1570
1572 1571 1570
1573 1572 1570
1574 1573 1570
1575 1574 1570
1576 1575 1570
1577 1576 1570
1578 1577 1570
1579 1578 1570
1580 1579 1570
1581 1580 1570
1582 1581 1570
1583 1582 1570
1584 1583 1570
1585 1584 1570
1586 1585 1570
1587 1586 1570
1588 1587 1570
1569 1588 1570
1589 1590 1591
1589 1592 1590
1589 1593 1592
1589 1594 1593
1589 1595 1594
1589 1596 1595
1589 1597 1596
1589 1598 1597
1589 1599 1598
1589 1600 1599
1589 1601 1600
1589 1602 1601
1589 1603 1602
1589 1604 1603
1589 1605 1604
1589 1606 1605
1589 1607 1606
1589 1608 1607
1589 1609 1608
1589 1591 1609
1610 1611 1612
1611 1613 1612
1612 1613 1614
1613 1615 1614
1614 1615 1616
1615 1617 1616
1616 1617 1618
1617 1619 1618
1618 1619 1620
1619 1621 1620
1620 1621 1622
1621 1623 1622
1624 1611 1610
1625 1624 1610
1626 1624 1625
1627 1626 1625
1626 1627 1628
1629 1626 1628
1629 1628 1630
1631 1629 1630
1622 1632 1633
1632 1634 1633
1634 1635 1633
1635 1636 1633
1635 1637 1636
1637 1638 1636
1637 1639 1638
1639 1640 1638
1639 1641 1642
1641 1643 1642
1641 1644 1643
1644 1645 1643
1644 1646 1645
1646 1647 1645
1646 1648 1647
1648 1649 1647
1648 1650 1649
1650 1651 1649
1650 1652 1651
1652 1630 1651
1653 1654 1655
1656 1654 1653
1657 1654 1656
1658 1654 1657
1659 1654 1658
1660 1654 1659
1661 1654 1660
1662 1654 1661
1663 1654 1662
1664 1654 1663
1665 1654 1664
1666 1654 1665
1667 1654 1666
1668 1654 1667
1669 1654 1668
1670 1654 1669
1671 1654 1670
1672 1654 1671
1673 1654 1672
1655 1654 1673
1674 1675 1676
1674 1676 1677
1674 1677 1678
1674 1678 1679
1674 1679 1680
1674 1680 1681
1674 1681 1682
1674 1682 1683
1674 1683 1684
1674 1684 1685
1674 1685 1686
1674 1686 1687
1674 1687 1688
1674 1688 1689
1674 1689 1690
1674 1690 1691
1674 1691 1692
1674 1692 1693
1674 1693 1694
1674 1694 1675
1695 1696 1697
1696 1698 1697
1698 1696 1699
1700 1698 1699
1700 1699 1701
1702 1700 1701
1702 1701 1703
1704 1702 1703
1704 1703 1705
1706 1704 1705
1706 1705 1707
1708 1706 1707
1697 1709 1695
1709 1710 1695
1709 1711 1710
1711 1712 1710
1713 1712 1711
1714 1713 1711
1715 1713 1714
1716 1715 1714
1717 1707 1718
1719 1717 1718
1719 1718 1720
1718 1721 1720
1720 1721 1722
1721 1723 1722
1722 1723 1724
1723 1725 1724
1724 1726 1727
1726 1728 1727
1727 1728 1729
1728 1730 1729
1729 1730 1731
1730 1732 1731
1731 1732 1733
1732 1734 1733
1733 1734 1735
1734 1736 1735
1735 1736 1737
1736 1715 1737
