byte offset: 0
first index: 0
index count: 13488
topology: trianglelist
format: DXGI_FORMAT_R16_UINT

0 1 2
0 2 3
4 1 0
4 5 1
3 2 6
3 6 7
7 6 8
7 8 9
9 8 10
9 10 11
12 5 4
12 13 5
14 13 12
14 12 15
16 14 15
16 17 14
18 17 16
18 19 17
20 14 17
20 21 14
20 22 21
20 23 22
24 23 20
24 20 17
24 17 19
24 25 23
25 26 23
22 23 26
22 26 27
21 22 28
22 27 28
28 27 29
30 29 27
30 27 31
30 31 32
32 31 33
34 30 32
34 32 35
35 32 33
36 29 30
36 30 34
35 33 37
37 33 38
38 33 31
37 38 39
40 28 29
40 29 36
21 28 40
38 31 41
38 41 42
43 38 42
43 42 44
34 35 2
34 2 1
36 34 1
43 44 10
43 10 8
37 39 8
36 1 5
40 36 5
37 8 6
35 37 6
35 6 2
40 5 13
14 21 40
14 40 13
45 46 41
47 46 45
47 45 48
48 45 49
45 50 49
48 49 51
51 49 52
52 49 50
51 52 53
53 52 54
53 54 55
55 54 56
54 57 56
54 52 57
52 50 57
56 57 58
59 56 58
55 56 59
59 58 60
59 60 61
59 61 62
55 59 62
60 58 63
63 58 57
60 63 64
60 64 65
60 65 61
61 65 66
61 66 67
62 61 67
64 63 68
64 68 69
69 68 70
69 70 71
71 70 72
70 73 72
72 73 74
71 72 75
71 75 76
71 76 77
69 71 77
77 76 78
77 78 79
80 77 79
80 81 77
69 77 81
66 81 80
74 73 26
74 26 25
82 74 25
82 25 24
82 24 19
82 19 83
84 83 19
84 19 18
85 74 82
85 82 83
85 72 74
85 83 86
86 83 84
86 84 87
64 69 81
64 81 65
66 65 81
88 89 90
88 90 91
91 90 92
91 92 93
94 89 88
94 95 89
93 92 96
93 96 97
97 96 98
97 98 99
99 98 62
99 62 100
47 90 89
47 48 90
48 92 90
48 51 92
51 96 92
55 62 98
62 67 100
51 53 96
53 55 98
53 98 96
101 89 95
101 102 89
101 46 102
101 103 46
103 104 46
63 105 68
70 68 105
70 105 106
63 57 105
45 41 50
107 108 109
109 110 107
109 111 110
112 111 109
109 113 112
114 113 109
109 115 114
116 115 109
109 117 116
118 117 109
109 119 118
109 120 119
109 121 120
109 122 121
109 123 122
109 124 123
109 125 124
109 126 125
109 127 126
128 127 109
109 129 128
130 129 109
109 131 130
132 131 109
133 132 109
109 134 133
109 135 134
109 136 135
109 137 136
109 138 137
109 139 138
108 139 109
140 141 142
140 142 143
144 143 142
144 142 145
146 140 143
146 143 147
147 148 146
147 149 148
150 149 147
150 147 151
151 147 143
151 143 144
149 152 148
149 153 152
153 154 152
153 155 154
156 155 153
156 153 157
157 153 149
157 149 150
155 158 154
155 159 158
160 159 155
160 155 156
145 142 161
161 142 141
161 141 162
163 161 162
163 162 164
165 161 163
165 163 166
167 163 164
166 163 167
167 164 168
169 167 168
169 168 170
171 167 169
166 167 171
171 169 172
173 169 170
172 169 173
173 170 174
175 173 174
175 174 176
177 173 175
172 173 177
177 175 178
179 175 176
178 175 179
179 176 180
181 179 180
181 180 182
183 179 181
178 179 183
183 181 184
185 181 182
184 181 185
185 182 186
187 185 186
187 186 188
189 185 187
184 185 189
189 187 190
191 192 193
191 193 194
195 192 191
195 191 196
192 197 193
192 198 197
198 199 197
198 200 199
201 200 198
201 198 202
202 198 192
202 192 195
200 203 199
200 204 203
204 205 203
204 206 205
207 206 204
207 204 208
208 204 200
208 200 201
206 209 205
206 210 209
210 211 209
210 212 211
213 212 210
213 210 214
214 210 206
214 206 207
212 215 211
212 216 215
216 217 215
216 218 217
219 218 216
219 216 220
220 216 212
220 212 213
218 221 217
218 222 221
222 223 221
222 224 223
225 224 222
225 222 226
226 222 218
226 218 219
224 227 223
224 228 227
228 229 227
228 230 229
231 230 228
231 228 232
232 228 224
232 224 225
230 233 229
230 234 233
234 235 233
234 236 235
237 236 234
237 234 238
238 234 230
238 230 231
236 239 235
236 240 239
241 240 236
241 236 237
242 243 244
245 246 243
245 243 247
248 249 250
248 250 251
252 249 253
254 255 256
254 256 257
258 259 260
261 262 259
261 259 263
264 265 266
264 266 267
268 265 269
270 271 272
270 272 273
274 275 276
274 276 277
278 279 280
281 282 279
281 279 283
284 285 286
284 286 287
288 285 289
290 291 292
290 292 293
294 295 296
297 298 295
297 295 299
300 301 302
300 302 303
304 301 305
306 307 308
306 308 309
310 311 312
313 311 314
313 314 315
316 317 318
316 318 319
320 321 322
320 322 323
324 322 325
326 327 328
326 328 329
330 328 327
330 331 328
332 331 330
331 332 333
328 331 333
332 334 333
334 332 335
335 332 336
332 337 336
332 338 337
330 338 332
339 335 336
339 336 340
340 336 337
341 339 340
342 339 341
342 343 339
343 334 335
343 335 339
343 333 334
344 343 342
344 345 343
343 345 333
341 340 346
340 347 346
340 348 347
338 348 337
340 337 348
338 349 348
348 349 350
348 350 347
349 338 330
349 330 327
326 349 327
326 351 349
328 333 345
329 328 345
329 345 352
353 354 355
353 355 356
357 358 359
357 359 360
361 362 363
361 363 364
365 366 367
365 367 368
369 370 371
369 371 372
373 374 375
373 375 376
145 161 165
377 378 379
377 379 380
377 380 381
377 381 382
377 382 383
377 383 384
377 384 385
377 385 386
377 386 387
377 387 388
377 388 389
377 389 390
377 390 378
391 392 393
391 393 394
393 395 394
393 396 395
391 397 392
391 398 397
399 397 400
399 400 401
399 401 402
399 402 403
402 404 403
402 405 404
406 404 407
406 407 408
408 409 406
408 410 409
410 411 409
410 412 411
413 411 414
413 414 415
416 413 415
416 415 417
417 418 416
417 419 418
420 421 422
420 422 423
423 424 420
423 425 424
421 426 422
421 427 426
428 429 427
428 427 430
430 431 428
430 432 431
432 433 431
432 434 433
435 436 437
435 437 438
435 439 436
435 440 439
437 441 438
437 442 441
443 441 444
443 444 445
443 445 446
443 446 447
446 448 447
446 449 448
450 451 452
450 452 453
454 455 456
454 456 457
458 459 460
458 460 461
462 463 464
462 464 465
466 467 468
466 468 469
470 471 472
470 472 473
474 475 476
474 476 477
478 479 480
478 480 481
482 483 484
482 484 485
486 487 488
486 488 489
490 491 492
490 492 493
494 492 491
494 491 495
496 497 498
496 498 499
500 501 502
500 502 503
504 505 506
504 506 507
508 506 505
508 505 509
510 511 512
510 512 513
514 515 516
514 516 517
518 519 520
518 520 521
522 523 524
522 524 525
526 527 528
526 528 529
530 531 532
530 532 533
534 535 536
534 536 537
538 539 540
538 540 541
542 543 544
542 545 543
542 546 545
542 547 546
542 544 547
548 544 543
544 548 549
549 547 544
543 550 548
551 546 547
547 552 551
553 549 548
553 548 554
553 554 555
556 555 554
555 556 557
557 558 555
553 558 549
559 555 558
554 560 561
562 563 564
562 564 565
566 567 568
566 568 569
570 571 572
570 572 573
574 575 576
574 576 577
578 579 580
578 580 581
582 583 584
582 584 585
585 584 586
587 588 589
587 589 590
591 592 593
593 592 594
593 594 595
596 597 598
596 598 599
600 601 602
600 602 603
604 605 606
604 606 607
608 609 610
608 610 611
612 613 614
612 614 615
616 617 618
616 618 619
620 621 622
620 622 623
620 623 624
620 624 625
620 625 626
620 626 627
620 627 628
620 628 629
620 629 630
620 630 631
620 631 632
620 632 633
620 633 634
620 634 635
620 635 636
622 621 637
622 637 638
623 622 638
625 624 639
625 639 640
627 626 641
642 640 641
642 625 640
630 629 643
630 643 644
631 630 644
633 632 645
633 645 646
634 633 646
620 636 647
620 647 648
620 648 649
620 649 650
620 650 621
649 648 651
648 652 651
647 653 652
647 636 653
648 654 652
649 651 655
650 649 655
650 655 656
657 621 650
657 650 656
634 646 658
659 634 658
659 658 660
661 660 653
661 635 660
623 638 662
624 623 662
624 662 639
627 641 663
628 664 663
628 663 665
629 666 665
629 665 643
631 644 667
632 631 667
632 667 645
668 669 670
668 670 671
670 672 671
670 673 672
672 673 674
672 674 675
674 676 675
674 677 676
676 677 678
676 678 679
679 678 680
679 680 681
681 680 682
681 682 683
683 682 684
683 684 685
685 684 686
685 686 687
686 688 687
686 689 688
688 689 690
688 690 691
691 690 669
691 669 668
690 692 669
690 693 692
689 693 690
689 694 693
684 694 686
686 694 689
669 692 670
692 673 670
692 695 673
684 696 694
673 695 697
673 697 674
674 697 677
677 697 698
677 698 678
678 698 699
678 699 680
682 699 696
680 699 682
682 696 684
700 701 702
700 702 703
704 701 700
704 705 701
703 702 706
703 706 707
707 706 708
707 708 709
710 711 705
710 705 712
713 711 710
713 714 711
715 714 713
715 716 714
717 718 715
717 719 718
720 719 717
720 721 719
722 721 720
722 723 721
724 725 723
724 723 726
709 725 724
709 727 725
728 729 730
728 730 731
732 729 728
732 733 729
734 735 736
734 736 737
737 736 738
737 738 739
740 741 742
740 742 743
743 742 744
743 744 745
746 747 748
746 748 749
749 748 750
749 750 751
752 753 754
752 755 753
752 756 755
752 757 756
752 758 757
752 759 758
752 760 759
752 761 760
752 762 761
752 763 762
752 764 763
752 765 764
752 754 765
766 767 768
767 769 768
769 770 768
770 771 768
771 772 768
772 766 768
773 774 775
773 776 774
773 777 776
773 775 778
773 778 779
775 780 778
775 781 780
774 782 775
774 783 782
776 783 774
776 784 783
779 785 786
779 786 787
787 786 788
787 788 789
786 790 788
788 790 791
788 791 792
786 793 790
785 780 793
785 793 786
794 788 792
791 795 796
791 796 797
796 798 797
791 799 795
791 800 799
800 801 799
802 803 797
802 797 804
797 805 804
797 806 805
807 794 802
807 802 804
808 809 810
808 810 811
812 813 814
812 814 815
816 813 812
816 817 813
815 814 818
815 818 819
819 818 820
819 820 821
821 820 822
821 822 823
813 824 814
813 825 824
817 825 813
817 826 825
818 827 820
818 828 827
829 824 828
829 828 818
825 830 824
825 831 830
826 831 825
832 830 831
832 833 830
826 834 831
831 834 835
831 835 836
837 835 834
837 834 838
839 838 834
839 834 826
840 839 826
840 826 841
816 840 841
816 842 840
843 839 840
843 840 844
840 842 844
845 838 839
845 839 843
837 838 845
836 846 833
836 847 846
835 847 836
837 848 835
835 848 847
837 849 848
847 850 846
847 851 850
852 850 851
851 853 852
851 854 853
849 854 848
854 851 847
854 847 848
852 855 850
855 856 850
855 857 856
858 856 857
849 859 854
860 854 859
860 861 854
862 855 852
852 861 862
862 857 855
860 862 861
856 858 863
864 856 863
864 863 865
866 864 865
866 865 867
866 867 868
828 868 867
828 867 827
824 868 828
824 830 868
869 868 830
869 870 868
869 871 870
869 872 871
873 871 872
873 874 871
827 867 875
827 875 876
820 827 876
820 876 822
877 875 867
877 867 865
865 878 879
865 879 880
878 881 879
878 882 881
883 882 884
883 884 885
884 886 885
882 887 884
887 862 884
865 888 889
889 890 865
891 837 892
891 893 837
837 845 892
894 895 896
897 898 899
900 899 898
900 901 899
901 902 899
897 899 902
901 903 902
904 903 901
905 904 901
905 901 906
906 898 907
907 898 908
906 907 909
910 906 909
910 911 906
912 911 910
912 913 911
913 914 911
913 915 914
912 916 913
916 917 913
916 918 917
912 919 916
916 919 920
916 920 921
921 922 916
921 923 922
924 921 920
924 925 921
925 926 921
925 927 926
928 925 924
928 929 925
928 930 929
928 924 931
932 928 931
932 933 930
932 930 934
932 931 935
936 932 935
927 937 923
927 938 937
930 939 927
930 940 939
933 941 930
933 942 941
943 942 933
932 936 944
904 945 903
915 945 904
915 946 945
918 947 915
918 948 947
923 949 918
923 950 949
951 952 953
951 953 954
955 956 957
955 957 958
959 960 961
959 961 962
963 964 965
963 965 966
967 968 969
967 969 970
971 972 973
971 973 974
974 973 975
976 977 978
976 978 979
980 981 982
982 981 983
982 983 984
985 986 987
985 987 988
989 990 991
989 991 992
993 994 995
993 995 996
997 998 999
997 999 1000
1001 1002 1003
1001 1003 1004
1005 1006 1007
1005 1007 1008
1009 1010 1011
1009 1011 1012
1009 1012 1013
1009 1013 1014
1013 1015 1014
1013 1016 1015
1016 1017 1015
1016 1018 1017
1018 1019 1017
1018 1020 1019
1010 1021 1011
1021 1022 1011
1021 1023 1022
1024 1022 1023
1024 1023 1025
1025 1026 1024
1025 1027 1026
1027 1028 1026
1019 1020 1029
1028 1030 1029
1019 1029 1030
1028 1029 1031
1028 1031 1026
1010 1019 1030
1010 1030 1021
1032 1033 1034
1032 1034 1035
1033 1036 1034
1033 1037 1036
1038 1039 1040
1038 1040 1041
1039 1042 1043
1039 1043 1044
1045 1046 1047
1045 1047 1048
1049 1050 1046
1049 1046 1051
1052 1049 1051
1052 1051 1053
1054 1052 1053
1054 1053 1055
1056 1054 1057
1056 1057 1058
1059 1056 1058
1059 1058 1060
1061 1059 1060
1061 1060 1062
1063 1061 1062
1063 1062 1064
1065 1066 1064
1065 1067 1066
1068 1069 1070
1068 1070 1071
1072 1073 1070
1072 1074 1073
1074 1075 1073
1074 1076 1075
1076 1077 1075
1076 1078 1077
1079 1080 1081
1079 1081 1082
1083 1084 1082
1083 1082 1085
1086 1083 1085
1086 1085 1087
1088 1086 1089
1088 1089 1090
1091 1092 1093
1091 1093 1094
1095 1096 1097
1095 1097 1098
1099 1100 1101
1099 1101 1102
1102 1103 1099
1102 1104 1103
1100 1105 1101
1101 1105 1106
1101 1106 1107
1100 1108 1105
1103 1109 1099
1103 1110 1109
1111 1112 1113
1111 1113 1114
1115 1116 1117
1115 1117 1118
1119 1118 1117
1119 1120 1118
1121 1120 1119
1121 1122 1120
1122 1121 1123
1122 1123 1124
1125 1124 1123
1126 1127 1128
1126 1128 1129
1130 1126 1129
1130 1129 1131
1131 1132 1130
1131 1133 1132
1134 1132 1133
1134 1133 1135
1136 1134 1135
1137 1138 1139
1137 1139 1140
1140 1139 1141
1140 1141 1142
1142 1141 1143
1142 1143 1144
1145 1144 1143
1145 1143 1146
1147 1137 1140
1142 1147 1140
1147 1148 1137
1142 1149 1147
1144 1149 1142
1144 1150 1149
1151 1150 1144
1152 1151 1146
1152 1153 1151
1152 1154 1153
1152 1155 1154
1156 1154 1155
1153 1157 1151
1151 1157 1150
1153 1158 1157
1153 1154 1159
1153 1159 1158
1154 1156 1159
1160 1137 1148
1160 1161 1137
1137 1161 1162
1162 1161 1163
1162 1163 1164
1163 1165 1164
1137 1162 1138
1166 1167 1168
1169 1168 1167
1169 1170 1168
1171 1170 1169
1171 1172 1170
1172 1171 1173
1172 1173 1174
1175 1174 1173
1175 1173 1176
1177 1175 1176
1177 1176 1178
1177 1178 1179
1177 1179 1180
1180 1179 1181
1182 1183 1184
1182 1184 1185
1186 1185 1184
1186 1184 1187
1188 1186 1187
1188 1187 1189
1190 1188 1189
1184 1183 1191
1184 1191 1192
1187 1184 1192
1187 1192 1193
1189 1187 1193
1189 1193 1194
1190 1189 1194
1183 1182 1195
1183 1195 1196
1197 1183 1196
1197 1191 1183
1196 1195 1198
1196 1198 1199
1197 1196 1200
1196 1199 1200
1198 1201 1199
1202 1199 1201
1202 1200 1199
1198 1203 1201
1204 1201 1203
1202 1201 1204
1204 1203 1205
1202 1204 1206
1207 1202 1206
1208 1202 1207
1205 1209 1204
1205 1210 1209
1211 1209 1210
1211 1210 1212
1213 1209 1211
1213 1214 1209
1214 1206 1204
1214 1204 1209
1215 1214 1213
1215 1216 1214
1206 1214 1216
1217 1216 1215
1217 1218 1216
1219 1218 1217
1219 1220 1218
1221 1220 1219
1221 1219 1222
1221 1222 1223
1221 1223 1224
1225 1211 1212
1213 1211 1225
1225 1212 1226
1227 1225 1226
1227 1228 1225
1228 1229 1225
1228 1230 1229
1231 1230 1228
1231 1228 1232
1227 1232 1228
1227 1233 1232
1234 1232 1233
1234 1231 1232
1234 1233 1235
1234 1236 1231
1236 1237 1231
1230 1231 1237
1236 1238 1237
1238 1239 1237
1238 1240 1239
1237 1239 1241
1237 1241 1242
1230 1237 1242
1242 1241 1243
1242 1243 1244
1230 1242 1244
1230 1244 1229
1238 1245 1240
1238 1246 1245
1246 1247 1245
1246 1248 1247
1248 1249 1247
1248 1250 1249
1251 1250 1248
1251 1252 1250
1253 1246 1238
1248 1246 1253
1248 1253 1251
1253 1238 1236
1254 1252 1251
1254 1251 1253
1254 1255 1252
1256 1255 1254
1256 1254 1257
1257 1254 1258
1254 1253 1258
1257 1258 1259
1259 1258 1234
1234 1258 1253
1234 1253 1236
1259 1234 1235
1249 1260 1247
1249 1261 1260
1260 1261 1262
1260 1262 1263
1263 1262 1264
1263 1264 1265
1266 1263 1265
1266 1267 1263
1268 1267 1266
1268 1266 1269
1268 1269 1270
1268 1270 1271
1270 1272 1271
1270 1273 1272
1272 1273 1274
1272 1274 1275
1276 1272 1275
1276 1271 1272
1276 1275 1277
1271 1278 1268
1267 1268 1278
1271 1279 1278
1276 1279 1271
1267 1278 1280
1263 1267 1280
1263 1280 1260
1280 1247 1260
1280 1245 1247
1278 1245 1280
1278 1240 1245
1279 1240 1278
1279 1239 1240
1239 1279 1276
1239 1276 1241
1241 1276 1277
1241 1277 1243
1277 1217 1243
1243 1217 1215
1243 1215 1244
1244 1215 1213
1244 1213 1229
1213 1225 1229
1277 1219 1217
1275 1219 1277
1275 1222 1219
1274 1222 1275
1274 1223 1222
1281 1282 1283
1281 1283 1284
1285 1282 1281
1285 1286 1282
1287 1286 1285
1287 1288 1286
1289 1288 1287
1290 1284 1283
1290 1291 1284
1292 1291 1290
1292 1293 1291
1293 1292 1294
1293 1294 1295
1295 1294 1296
1295 1296 1297
1298 1297 1296
1299 1298 1296
1299 1296 1300
1299 1300 1301
1301 1300 1302
1296 1294 1302
1296 1302 1300
1292 1302 1294
1301 1302 1303
1299 1301 1304
1301 1305 1304
1301 1306 1305
1298 1307 1297
1308 1299 1304
1308 1298 1299
1308 1304 1309
1305 1309 1304
1305 1310 1309
1305 1311 1310
1305 1312 1311
1305 1306 1312
1311 1312 1313
1311 1313 1314
1314 1313 1315
1313 1316 1315
1317 1315 1316
1317 1318 1315
1313 1319 1316
1313 1320 1319
1313 1312 1320
1318 1321 1315
1314 1315 1321
1318 1322 1321
1323 1321 1322
1323 1322 1324
1325 1314 1321
1325 1321 1323
1311 1314 1325
1311 1325 1310
1262 1323 1324
1262 1324 1264
1261 1325 1323
1261 1323 1262
1310 1325 1261
1310 1261 1249
1250 1310 1249
1250 1309 1310
1252 1309 1250
1252 1308 1309
1255 1308 1252
1255 1326 1308
1308 1326 1298
1326 1307 1298
1326 1327 1307
1256 1327 1326
1256 1326 1255
1328 1329 1330
1328 1330 1331
1328 1332 1329
1328 1333 1332
1329 1334 1330
1335 1330 1334
1335 1336 1330
1330 1336 1331
1335 1337 1336
1335 1338 1337
1335 1339 1338
1335 1340 1339
1335 1341 1340
1335 1334 1341
1342 1340 1341
1342 1341 1343
1344 1342 1343
1344 1343 1345
1345 1346 1344
1345 1347 1346
1348 1346 1347
1341 1349 1343
1341 1334 1349
1334 1350 1349
1350 1351 1349
1350 1352 1351
1350 1353 1352
1350 1354 1353
1354 1350 1355
1334 1355 1350
1354 1355 1356
1353 1357 1352
1357 1351 1352
1343 1349 1358
1329 1355 1334
1355 1329 1332
1355 1332 1356
1354 1356 1359
1359 1356 1332
1354 1359 1360
1361 1360 1359
1361 1362 1360
1360 1363 1354
1360 1364 1363
1363 1364 1365
1360 1362 1366
1360 1366 1364
1367 1364 1366
1359 1332 1368
1369 1368 1332
1368 1369 1370
1368 1370 1371
1369 1332 1333
1372 1371 1370
1372 1370 1373
1374 1372 1373
1374 1373 1375
1373 1376 1375
1373 1377 1376
1370 1377 1373
1370 1378 1377
1374 1375 1379
1374 1379 1380
1381 1380 1379
1381 1379 1382
1383 1380 1381
1383 1384 1380
1385 1384 1383
1385 1386 1384
1387 1384 1386
1387 1388 1384
1388 1374 1380
1388 1380 1384
1389 1387 1386
1376 1377 1390
1376 1390 1391
1376 1391 1392
1377 1378 1393
1394 1393 1378
1394 1378 1395
1377 1393 1390
1393 1394 1396
1393 1396 1397
1390 1393 1397
1394 1398 1396
1394 1399 1398
1400 1398 1399
1400 1401 1398
1402 1401 1400
1400 1403 1402
1400 1404 1403
1402 1405 1401
1406 1405 1402
1406 1407 1405
1408 1407 1406
1408 1409 1407
1408 1410 1409
1411 1409 1410
1411 1410 1412
1411 1412 1413
1411 1414 1409
1408 1415 1410
1416 1411 1413
1416 1417 1411
1411 1417 1418
1411 1418 1414
1419 1417 1416
1419 1420 1417
1420 1418 1417
1420 1421 1418
1422 1421 1420
1422 1420 1423
1419 1423 1420
1409 1414 1424
1409 1424 1407
1407 1424 1425
1407 1425 1405
1405 1425 1426
1405 1426 1427
1427 1426 1428
1427 1428 1398
1429 1426 1425
1429 1425 1430
1424 1430 1425
1431 1428 1426
1431 1426 1429
1414 1430 1424
1414 1418 1430
1430 1432 1429
1418 1432 1430
1429 1432 1433
1429 1433 1431
1418 1421 1432
1432 1434 1433
1432 1422 1434
1422 1432 1421
1396 1398 1428
1396 1428 1435
1431 1435 1428
1397 1396 1435
1397 1435 1436
1437 1397 1436
1390 1397 1437
1391 1390 1437
1391 1437 1438
1437 1436 1439
1438 1437 1439
1439 1436 1440
1441 1439 1440
1441 1442 1439
1438 1439 1442
1443 1442 1441
1443 1444 1442
1438 1442 1444
1445 1443 1441
1446 1443 1445
1446 1447 1443
1447 1444 1443
1446 1445 1448
1445 1441 1449
1450 1448 1445
1450 1445 1449
1451 1448 1450
1451 1450 1434
1452 1434 1450
1449 1452 1450
1441 1440 1452
1441 1452 1449
1440 1453 1452
1453 1433 1452
1452 1433 1434
1453 1431 1433
1451 1434 1422
1451 1422 1423
1447 1454 1444
1454 1455 1444
1438 1444 1455
1391 1438 1455
1391 1455 1392
1392 1455 1456
1454 1456 1455
1392 1456 1457
1392 1457 1458
1392 1458 1459
1376 1392 1459
1375 1376 1459
1375 1459 1379
1379 1459 1458
1379 1458 1382
1460 1358 1461
1460 1461 1462
1348 1462 1461
1343 1358 1460
1463 1464 1465
1463 1465 1466
1463 1466 1467
1466 1468 1467
1466 1469 1468
1470 1469 1466
1470 1471 1469
1472 1471 1470
1473 1472 1470
1473 1470 1474
1474 1475 1473
1474 1476 1475
1472 1477 1471
1472 1478 1477
1472 1479 1478
1469 1480 1468
1469 1481 1480
1471 1481 1469
1471 1482 1481
1477 1483 1471
1477 1484 1483
1481 1485 1480
1482 1485 1481
1484 1485 1483
1486 1485 1484
1487 1472 1488
1489 1490 1484
1489 1484 1491
1492 1493 1494
1492 1494 1495
1496 1495 1494
1496 1494 1497
1498 1495 1496
1493 1499 1494
1497 1494 1499
1493 1500 1499
1500 1501 1499
1500 1502 1501
1339 1499 1501
1497 1499 1339
1339 1501 1503
1501 1502 1504
1501 1504 1505
1338 1501 1505
1338 1505 1506
1337 1338 1506
1337 1506 1507
1505 1504 1508
1505 1508 1415
1506 1505 1415
1509 1415 1508
1509 1508 1412
1506 1415 1408
1506 1408 1507
1510 1492 1511
1512 1513 1514
1515 1514 1513
1515 1513 1516
1517 1515 1516
1517 1516 1518
1518 1516 1519
1518 1519 1520
1516 1513 1521
1516 1521 1519
1521 1513 1522
1514 1523 1512
1518 1524 1517
1525 1517 1524
1517 1525 1526
1517 1526 1527
1527 1528 1523
1527 1523 1529
1525 1524 1530
1530 1524 1531
1531 1524 1532
1518 1532 1524
1531 1532 1533
1534 1531 1533
1534 1533 1535
1536 1535 1533
1532 1536 1533
1536 1537 1535
1534 1538 1531
1530 1531 1538
1534 1539 1538
1540 1535 1537
1540 1541 1535
1542 1534 1535
1542 1535 1541
1543 1539 1534
1544 1541 1540
1544 1540 1545
1546 1542 1541
1546 1541 1547
1224 1546 1547
1224 1547 1221
1221 1544 1545
1545 1540 1548
1548 1549 1545
1548 1550 1549
1551 1550 1548
1550 1551 1552
1552 1551 1553
1554 1553 1551
1554 1551 1555
1551 1548 1555
1552 1553 1556
1557 1556 1553
1557 1553 1558
1559 1558 1553
1559 1553 1560
1561 1556 1557
1552 1556 1561
1561 1557 1562
1552 1561 1563
1564 1559 1554
1564 1560 1555
1564 1565 1559
1564 1555 1537
1563 1566 1552
1563 1567 1566
1562 1557 1568
1568 1557 1558
1562 1568 1569
1570 1569 1568
1570 1568 1571
1572 1570 1571
1573 1572 1571
1568 1573 1571
1573 1574 1572
1574 1573 1575
1575 1573 1576
1568 1576 1573
1575 1576 1577
1572 1578 1570
1574 1575 1579
1579 1575 1577
1579 1577 1580
1581 1572 1574
1581 1582 1572
1582 1578 1572
1583 1582 1581
1583 1584 1582
1582 1584 1578
1577 1576 1558
1568 1558 1576
1577 1558 1559
1565 1580 1577
1565 1577 1559
1585 1586 1208
1585 1587 1586
1587 1588 1586
1586 1589 1208
1586 1590 1589
1590 1591 1589
1590 1592 1591
1593 1591 1592
1593 1594 1591
1593 1595 1594
1591 1596 1589
1208 1589 1596
1591 1597 1596
1594 1597 1591
1594 1598 1597
1595 1598 1594
1593 1599 1595
1600 1599 1593
1600 1601 1599
1208 1596 1602
1603 1588 1604
1603 1604 1590
1605 1606 1592
1605 1607 1606
1608 1609 1610
1608 1611 1609
1612 1608 1610
1613 1608 1612
1612 1610 1614
1612 1614 1615
1612 1615 1616
1617 1612 1616
1617 1618 1612
1618 1613 1612
1619 1611 1608
1619 1608 1613
1618 1619 1613
1620 1619 1618
1620 1621 1619
1619 1621 1622
1619 1622 1623
1611 1619 1623
1624 1623 1622
1624 1622 1625
1626 1624 1625
1626 1627 1624
1628 1624 1627
1628 1629 1624
1627 1630 1628
1630 1631 1628
1629 1628 1631
1630 1632 1631
1632 1633 1631
1633 1634 1631
1629 1631 1634
1633 1635 1634
1632 1636 1633
1627 1637 1630
1637 1638 1630
1638 1639 1630
1630 1639 1632
1638 1640 1639
1641 1632 1639
1636 1632 1641
1641 1639 1642
1643 1641 1642
1641 1643 1636
1643 1642 1644
1645 1644 1642
1639 1640 1645
1639 1645 1642
1645 1646 1644
1647 1644 1646
1647 1648 1644
1644 1648 1643
1649 1643 1648
1649 1636 1643
1649 1648 1650
1650 1648 1647
1650 1651 1649
1652 1651 1650
1652 1650 1653
1650 1654 1653
1650 1647 1654
1655 1653 1654
1647 1655 1654
1655 1656 1653
1652 1653 1656
1647 1646 1657
1657 1646 1645
1647 1657 1658
1647 1658 1655
1657 1645 1659
1655 1660 1656
1655 1661 1660
1661 1655 1658
1660 1662 1656
1652 1656 1662
1660 1663 1662
1664 1663 1660
1664 1665 1663
1666 1665 1664
1666 1667 1665
1668 1667 1666
1668 1669 1667
1666 1664 1670
1670 1664 1660
1670 1660 1661
1666 1670 1671
1669 1668 1672
1673 1672 1668
1666 1671 1673
1666 1673 1668
1673 1674 1672
1672 1674 1675
1672 1675 1676
1675 1677 1676
1678 1669 1672
1679 1678 1672
1679 1672 1680
1681 1679 1680
1682 1670 1683
1682 1683 1684
1684 1685 1682
1684 1683 1686
1684 1686 1687
1686 1688 1687
1686 1689 1688
1690 1684 1687
1687 1688 1690
1690 1691 1684
1691 1685 1684
1692 1691 1690
1691 1693 1685
1692 1693 1691
1683 1657 1686
1683 1658 1657
1661 1658 1683
1683 1670 1661
1659 1689 1686
1659 1686 1657
1694 1689 1659
1694 1659 1695
1696 1694 1695
1696 1695 1697
1696 1697 1698
1696 1698 1699
1700 1696 1699
1700 1694 1696
1700 1699 1701
1702 1700 1701
1702 1701 1703
1704 1700 1702
1704 1705 1700
1700 1705 1694
1697 1695 1640
1697 1640 1638
1637 1698 1697
1637 1697 1638
1698 1637 1627
1698 1627 1626
1706 1699 1698
1706 1698 1626
1707 1699 1706
1707 1708 1699
1709 1708 1707
1709 1710 1708
1710 1709 1711
1710 1711 1712
1711 1713 1712
1714 1709 1707
1714 1715 1709
1715 1716 1709
1715 1717 1716
1717 1713 1716
1718 1717 1715
1718 1713 1717
1718 1715 1719
1719 1715 1714
1719 1714 1720
1720 1714 1721
1721 1714 1707
1721 1707 1706
1720 1721 1722
1721 1625 1722
1622 1722 1625
1622 1723 1722
1723 1720 1722
1724 1723 1622
1724 1622 1621
1724 1621 1620
1724 1620 1725
1718 1719 1726
1727 1718 1726
1718 1727 1728
1723 1729 1720
1724 1729 1723
1729 1726 1719
1729 1719 1720
1724 1730 1729
1730 1727 1726
1730 1726 1729
1728 1727 1730
1728 1730 1731
1731 1730 1724
1706 1625 1721
1706 1626 1625
1732 1724 1725
1731 1724 1732
1733 1734 1735
1736 1733 1735
1737 1733 1736
1737 1736 1738
1739 1738 1736
1740 1739 1736
1736 1735 1740
1737 1741 1733
1741 1742 1733
1734 1733 1742
1737 1743 1741
1744 1741 1743
1744 1745 1741
1741 1745 1746
1741 1746 1742
1744 1616 1745
1744 1617 1616
1745 1616 1615
1745 1615 1746
1735 1747 1748
1739 1749 1748
1735 1748 1749
1750 1751 1752
1750 1752 1753
1754 1753 1752
1751 1750 1755
1751 1755 1756
1756 1755 1757
1756 1757 1758
1372 1758 1757
1372 1374 1758
1759 1372 1757
1362 1759 1757
1755 1362 1757
1760 1362 1755
1760 1755 1761
1762 1760 1761
1762 1761 1763
1754 1762 1763
1759 1371 1372
1368 1371 1759
1368 1759 1359
1764 1765 1385
1766 1767 1768
1769 1768 1767
1769 1770 1768
1771 1770 1769
1771 1772 1770
1772 1773 1770
1772 1774 1773
1767 1766 1775
1771 1769 1776
1769 1775 1776
1771 1776 1777
1769 1778 1775
1771 1777 1779
1771 1779 1780
1774 1772 1781
1771 1781 1772
1774 1781 1782
1781 1783 1782
1781 1784 1783
1785 1783 1784
1785 1784 1786
1319 1785 1786
1319 1786 1316
1787 1785 1319
1788 1785 1787
1788 1789 1785
1789 1788 1790
1789 1790 1791
1788 1792 1790
1788 1793 1792
1793 1788 1787
1794 1792 1793
1794 1793 1795
1795 1793 1796
1793 1787 1796
1795 1796 1797
1787 1319 1320
1796 1787 1320
1796 1320 1798
1797 1796 1798
1312 1798 1320
1799 1798 1312
1797 1798 1799
1791 1790 1800
1792 1800 1790
1791 1800 1801
1802 1801 1800
1802 1800 1803
1804 1802 1803
1804 1803 1805
1800 1805 1803
1806 1804 1805
1806 1807 1804
1807 1808 1804
1807 1809 1808
1810 1808 1809
1811 1806 1805
1811 1805 1812
1800 1812 1805
1792 1812 1800
1811 1812 1792
1811 1792 1794
1813 1814 1784
1813 1784 1815
1813 1815 1816
1813 1816 1817
1317 1813 1817
1818 1814 1813
1818 1813 1317
1784 1819 1815
1784 1781 1819
1820 1816 1815
1820 1815 1819
1771 1819 1781
1821 1822 1768
1823 1824 1821
1823 1821 1825
1370 1369 1395
1370 1395 1378
1369 1333 1826
1333 1827 1826
1328 1827 1333
1328 1828 1827
1328 1404 1828
1403 1404 1328
1403 1328 1331
1828 1404 1400
1829 1830 1831
1829 1831 1303
1830 1829 1832
1830 1832 1833
1833 1832 1834
1833 1834 1835
1829 1303 1836
1832 1829 1836
1303 1831 1301
1831 1837 1301
1838 1837 1831
1839 1837 1838
1839 1838 1840
1838 1831 1841
1842 1835 1834
1842 1834 1843
1844 1842 1843
1845 1838 1841
1840 1838 1845
1845 1841 1846
1847 1845 1846
1847 1848 1845
1845 1848 1849
1845 1849 1850
1840 1845 1850
1849 1848 1851
1849 1851 1852
1852 1851 1853
1847 1854 1848
1854 1855 1853
1847 1855 1854
1844 1843 1856
1844 1856 1857
1858 1857 1856
1843 1858 1856
1858 1859 1857
1860 1859 1858
1860 1858 1861
1860 1861 1836
1832 1836 1861
1858 1832 1861
1858 1834 1832
1843 1834 1858
1862 1836 1863
1863 1836 1864
1836 1865 1864
1302 1865 1836
1863 1864 1866
1292 1865 1302
1864 1865 1292
1864 1292 1290
1866 1864 1290
1866 1290 1283
1282 1866 1283
1282 1867 1866
1863 1866 1867
1303 1302 1836
1282 1868 1867
1286 1868 1282
1286 1869 1868
1288 1869 1286
1288 1870 1869
1289 1870 1288
1871 1872 1873
1871 1873 1874
1872 1875 1873
1872 1876 1875
1876 1877 1875
1876 1878 1877
1879 1877 1878
1879 1880 1877
1881 1880 1879
1881 1879 1882
1881 1882 1883
1881 1883 1884
1885 1884 1883
1882 1879 1886
1882 1886 1887
1882 1887 1888
1882 1888 1883
1883 1888 1885
1878 1876 1889
1876 1890 1889
1876 1872 1890
1890 1872 1871
1890 1871 1891
1878 1889 1892
1879 1892 1886
1879 1878 1892
1893 1891 1871
1893 1871 1894
1871 1895 1894
1871 1874 1895
1874 1896 1897
1898 1899 1900
1898 1900 1901
1899 1902 1900
1899 1903 1902
1901 1900 1904
1900 1902 1904
1905 1899 1898
1905 1898 1906
1903 1899 1907
1899 1905 1907
1635 1609 1908
1609 1909 1908
1609 1611 1909
1611 1623 1909
1909 1623 1624
1909 1624 1629
1634 1635 1908
1909 1629 1634
1909 1634 1908
1910 1911 1912
1913 1911 1910
1911 1914 1912
1911 1915 1914
1916 1915 1911
1916 1911 1913
1913 1917 1916
1913 1918 1917
1918 1913 1910
1916 1917 1919
1916 1919 1704
1704 1919 1688
1704 1688 1705
1705 1688 1689
1705 1689 1694
1916 1704 1702
1916 1702 1915
1915 1702 1703
1915 1703 1914
1688 1920 1921
1920 1692 1921
1922 1923 1924
1922 1924 1925
1926 1922 1925
1926 1927 1922
1928 1925 1924
1928 1929 1925
1926 1925 1929
1928 1930 1929
1928 1931 1930
1928 1932 1931
1928 1924 1933
1931 1933 1934
1924 1934 1933
1931 1934 1935
1934 1936 1935
1937 1936 1934
1938 1937 1934
1924 1938 1934
1923 1939 1924
1926 1929 1940
1941 1942 1939
1923 1941 1939
1645 1640 1695
1645 1695 1659
1550 1552 1566
1566 1549 1550
1585 1943 1549
1207 1943 1585
1943 1218 1549
1943 1216 1218
1206 1216 1943
1944 1206 1943
1220 1549 1218
1220 1545 1549
1221 1545 1220
1585 1208 1207
1208 1945 1202
1548 1946 1947
1548 1947 1555
1948 1464 1463
1948 1463 1949
1453 1440 1436
1453 1436 1435
1431 1453 1435
1532 1950 1536
1950 1532 1518
1950 1518 1520
1951 1952 1953
1951 1953 1954
1951 1955 1952
1951 1956 1955
1955 1956 1957
1955 1957 1958
1957 1959 1958
1957 1960 1959
1951 1961 1956
1951 1962 1961
1963 1962 1951
1963 1951 1964
1965 1962 1963
1965 1966 1962
1961 1962 1966
1966 1965 1967
1966 1967 1968
1966 1968 1969
1970 1966 1969
1961 1966 1970
1970 1969 1971
1972 1970 1971
1972 1971 1973
1974 1972 1973
1975 1972 1974
1975 1974 1976
1977 1975 1976
1977 1976 1978
1968 1967 1979
1968 1979 1980
1980 1979 1981
1980 1981 1982
1980 1982 1983
1984 1970 1972
1975 1984 1972
1984 1961 1970
1956 1961 1984
1956 1984 1957
1985 1984 1975
1985 1975 1977
1973 1986 1974
1974 1987 1976
1976 1987 1988
1976 1988 1978
1988 1987 1989
1987 1990 1989
1987 1991 1990
1974 1991 1987
1974 1986 1992
1974 1992 1991
1991 1992 1993
1991 1993 1990
1988 1989 1994
1988 1994 1995
1988 1995 1996
1978 1988 1996
1978 1996 1997
1977 1978 1997
1977 1997 1998
1985 1977 1998
1985 1998 1999
1960 1985 1999
1960 1999 2000
1959 1960 2000
1959 2000 2001
1960 1984 1985
1960 1957 1984
1959 2001 2002
1959 2002 2003
2004 1959 2003
2004 1958 1959
1955 1958 2004
1955 2004 2005
2005 2004 2006
2003 2006 2004
2005 2006 2007
2008 2005 2007
2008 1955 2005
2008 2007 2009
2010 2008 2009
2010 2011 2008
2008 2011 2012
2008 2012 2013
2008 2013 1955
2014 2010 2009
2014 2009 2015
2007 2015 2009
2015 2016 2014
2015 2017 2016
2015 2018 2017
2019 2018 2015
2007 2019 2015
2006 2019 2007
2019 2020 2018
2021 2020 2019
2006 2021 2019
2021 2022 2020
2023 2022 2021
2024 2023 2021
2024 2025 2023
2026 2025 2024
2026 2027 2025
2017 2028 2016
2017 2029 2028
2029 2030 2028
2029 2031 2030
2029 2032 2031
2024 2021 2006
2033 2026 2024
2033 2024 2006
2022 2023 2034
2023 2025 2035
2023 2035 2036
2025 2027 2037
2025 2037 2035
2023 2036 2038
2023 2038 2034
2036 2039 2038
2036 2040 2039
2035 2040 2036
2035 2041 2040
2037 2041 2035
2037 2042 2041
2037 2043 2042
2037 2044 2043
2027 2044 2037
2027 2045 2044
2026 2045 2027
2026 2046 2045
2033 2046 2026
2033 2047 2046
2003 2047 2033
2003 2002 2047
2003 2048 2006
2049 2050 2051
2049 2051 2052
2051 2050 2053
2051 2053 2054
2054 2053 2055
2054 2055 2056
2050 2057 2053
2055 2053 2057
2050 2058 2057
2049 2058 2050
2049 2059 2058
2060 2057 2058
2057 2060 2061
2060 2058 2062
2058 2059 2062
2059 2049 2063
2049 2052 2064
2049 2064 2063
2065 2063 2064
2065 2066 2063
2065 2067 2066
2068 2056 2055
2063 2069 2059
2069 2070 2059
2062 2059 2070
2069 2071 2070
2072 2071 2069
2063 2072 2069
2072 2073 2071
2074 2073 2072
2074 2072 2075
2076 2070 2071
2077 2070 2076
2062 2070 2077
2077 2076 2078
2076 2071 2079
2073 2079 2071
2080 2076 2079
2080 2079 2081
2073 2082 2079
2074 2082 2073
2074 2083 2082
2084 2081 2079
2084 2079 2082
2082 2083 2084
2083 2074 2085
2083 2085 2086
2074 2075 2087
2074 2087 2085
2088 2085 2087
2088 2089 2085
2086 2085 2090
2091 2078 2076
2080 2091 2076
2092 2088 2087
2075 2092 2087
2075 2093 2092
2094 2092 2093
2095 2094 2093
2095 2096 2094
2094 2097 2092
2097 2098 2092
2092 2098 2088
2097 2099 2098
2100 2097 2094
2100 2101 2097
2101 2099 2097
2102 2094 2096
2094 2102 2100
2102 2096 2067
2093 2075 2072
2093 2072 2095
2095 2066 2096
2096 2066 2067
2095 2063 2066
2063 2095 2072
2099 2103 2098
2104 2098 2103
2104 2088 2098
2105 2067 2106
2107 2105 2106
2107 2106 2108
2109 2107 2108
2110 2109 2108
2108 2111 2110
2112 2110 2111
2112 2113 2110
2108 2114 2111
2106 2114 2108
2110 2115 2109
2115 2110 2113
2115 2113 2116
2111 2051 2112
2111 2052 2051
2052 2111 2114
2052 2114 2064
2114 2106 2065
2064 2114 2065
2113 2117 2116
2113 2118 2117
2113 2119 2118
2118 2119 2051
2118 2051 2054
2118 2054 2120
2118 2120 2121
2117 2118 2121
2120 2068 2121
2122 2121 2068
2121 2122 2117
2117 2123 2116
2124 2123 2117
2068 2125 2126
2126 2125 2127
2128 2127 2125
2128 2125 2129
2127 2128 2130
2128 2131 2130
2128 2132 2131
2133 2131 2132
2134 2131 2133
2134 2133 2135
2135 2133 2136
2137 2135 2136
2137 2134 2135
2137 2136 2138
2139 2137 2138
2139 2140 2137
2138 2136 2141
2141 2136 2142
2132 2142 2133
2133 2142 2136
2138 2141 2143
2139 2138 2143
2139 2143 2144
2077 2143 2141
2141 2145 2077
2145 2141 2142
2142 2061 2145
2132 2061 2142
2077 2078 2143
2143 2146 2144
2143 2078 2146
2147 2137 2140
2147 2148 2137
2148 2147 2149
2148 2149 2150
2151 2150 2149
2151 2152 2150
2150 2134 2148
2150 2153 2134
2150 2152 2153
2149 2154 2151
2149 2155 2154
2156 2155 2149
2156 2149 2147
2140 2156 2147
2140 2157 2156
2157 2158 2156
2159 2158 2157
2159 2160 2158
2161 2160 2159
2162 2158 2160
2162 2160 2163
2162 2163 2164
2165 2162 2164
2162 2165 2166
2155 2156 2166
2158 2162 2166
2158 2166 2156
2167 2155 2166
2167 2166 2165
2155 2167 2154
2167 2168 2154
2168 2167 2169
2169 2167 2165
2169 2165 2170
2170 2165 2164
2139 2159 2157
2139 2157 2140
2144 2161 2159
2144 2159 2139
2160 2161 2171
2160 2171 2172
2172 2171 2173
2172 2173 2174
2175 2172 2174
2175 2174 2176
2177 2175 2176
2177 2178 2175
2173 2179 2174
2176 2174 2179
2173 2180 2179
2080 2180 2173
2080 2081 2180
2181 2179 2180
2181 2180 2182
2176 2179 2183
2177 2176 2183
2181 2183 2179
2177 2183 2184
2181 2185 2183
2183 2185 2186
2183 2186 2184
2187 2182 2180
2188 2175 2178
2188 2189 2175
2189 2188 2190
2189 2190 2163
2191 2163 2190
2191 2164 2163
2163 2160 2189
2175 2189 2160
2190 2192 2191
2190 2193 2192
2193 2194 2192
2193 2195 2194
2195 2193 2196
2196 2193 2190
2196 2190 2188
2195 2196 2197
2195 2197 2198
2195 2198 2199
2194 2195 2199
2200 2197 2196
2200 2201 2197
2202 2201 2200
2202 2203 2201
2197 2201 2204
2197 2204 2198
2204 2201 2205
2206 2205 2202
2204 2205 2207
2198 2204 2208
2199 2198 2209
2209 2198 2208
2178 2200 2196
2178 2196 2188
2177 2202 2200
2177 2200 2178
2184 2206 2202
2184 2202 2177
2186 2206 2184
2204 2207 2210
2205 2206 2211
2211 2206 2186
2205 2211 2212
2212 2211 2213
2186 2213 2211
2212 2213 2214
2215 2212 2214
2215 2214 2216
2217 2215 2216
2217 2218 2215
2213 2219 2214
2216 2214 2219
2213 2220 2219
2221 2220 2213
2186 2221 2213
2221 2222 2220
2221 2223 2222
2221 2224 2223
2221 2186 2224
2224 2225 2223
2224 2226 2225
2227 2225 2226
2228 2225 2227
2228 2229 2225
2229 2223 2225
2230 2229 2228
2230 2228 2231
2227 2226 2083
2181 2226 2224
2181 2224 2232
2229 2233 2223
2230 2233 2229
2230 2234 2233
2235 2222 2223
2235 2223 2233
2233 2234 2235
2234 2230 2236
2234 2236 2237
2230 2231 2238
2230 2238 2236
2239 2236 2238
2239 2240 2236
2241 2236 2240
2242 2231 2228
2242 2228 2243
2243 2244 2242
2243 2245 2244
2244 2246 2242
2246 2239 2238
2244 2247 2246
2247 2248 2246
2246 2248 2239
2247 2249 2248
2250 2247 2244
2250 2251 2247
2251 2249 2247
2252 2244 2245
2244 2252 2250
2252 2245 2253
2231 2242 2246
2231 2246 2238
2243 2089 2245
2245 2089 2253
2254 2253 2089
2243 2086 2089
2249 2255 2248
2256 2248 2255
2256 2239 2248
2257 2258 2259
2258 2257 2057
2057 2061 2258
2061 2132 2258
2259 2258 2260
2260 2258 2132
2260 2132 2128
2259 2129 2125
2061 2060 2145
2261 2145 2060
2145 2261 2077
2137 2148 2134
2134 2262 2263
2134 2263 2130
2127 2130 2263
2262 2134 2153
2127 2263 2264
2263 2262 2264
2127 2264 2126
2262 2153 2265
2152 2265 2153
2266 2262 2265
2262 2266 2264
2267 2130 2131
2171 2161 2146
2146 2173 2171
2146 2080 2173
2144 2146 2161
2175 2160 2172
2067 2065 2106
2268 2269 2240
2270 2240 2269
2271 2270 2269
2271 2272 2270
2273 2270 2272
2273 2240 2270
2273 2272 2274
2272 2275 2274
2272 2276 2275
2276 2277 2275
2276 2278 2277
2279 2276 2272
2272 2271 2279
2279 2280 2276
2280 2278 2276
2274 2281 2273
2274 2282 2281
2282 2274 2275
2283 2281 2282
2283 2284 2281
2281 2284 2285
2281 2285 2286
2286 2285 2287
2286 2287 2234
2288 2287 2285
2289 2287 2288
2289 2288 2290
2288 2285 2291
2284 2291 2285
2292 2288 2291
2292 2291 2293
2284 2294 2291
2283 2294 2284
2283 2295 2294
2296 2293 2291
2296 2291 2294
2294 2295 2296
2296 2295 2297
2298 2297 2295
2298 2299 2297
2300 2299 2298
2300 2301 2299
2302 2301 2300
2302 2300 2303
2304 2297 2299
2305 2297 2304
2296 2297 2305
2305 2304 2306
2304 2299 2307
2301 2307 2299
2308 2304 2307
2308 2307 2309
2301 2310 2307
2302 2310 2301
2302 2311 2310
2312 2309 2307
2312 2307 2310
2310 2311 2312
2311 2302 2313
2311 2313 2314
2302 2303 2315
2302 2315 2316
2317 2316 2315
2317 2318 2316
2319 2316 2318
2317 2320 2318
2308 2309 2321
2309 2312 2321
2308 2321 2322
2322 2321 2323
2322 2323 2324
2325 2322 2324
2326 2325 2324
2326 2324 2327
2327 2324 2323
2328 2326 2327
2328 2329 2326
2325 2330 2322
2331 2323 2321
2331 2321 2312
2327 2323 2332
2328 2327 2332
2331 2332 2323
2328 2332 2333
2331 2334 2332
2335 2330 2325
2326 2335 2325
2335 2336 2330
2332 2334 2337
2332 2337 2333
2330 2336 2338
2338 2322 2330
2338 2308 2322
2339 2326 2329
2339 2340 2326
2326 2340 2335
2340 2339 2341
2340 2341 2342
2342 2335 2340
2343 2342 2341
2343 2344 2342
2341 2345 2343
2341 2346 2345
2346 2347 2345
2346 2348 2347
2348 2346 2349
2349 2346 2341
2349 2341 2339
2348 2349 2350
2348 2350 2351
2348 2351 2352
2347 2348 2352
2353 2350 2349
2353 2354 2350
2355 2354 2353
2355 2356 2354
2357 2354 2356
2350 2354 2357
2350 2357 2351
2357 2356 2358
2351 2357 2359
2352 2351 2360
2360 2351 2359
2329 2353 2349
2329 2349 2339
2328 2355 2353
2328 2353 2329
2333 2355 2328
2333 2361 2355
2361 2362 2355
2337 2361 2333
2357 2358 2363
2356 2361 2364
2364 2361 2337
2356 2364 2365
2365 2364 2366
2337 2366 2364
2365 2366 2367
2368 2365 2367
2368 2367 2369
2370 2368 2369
2370 2371 2368
2366 2372 2367
2369 2367 2372
2366 2373 2372
2374 2373 2366
2337 2374 2366
2374 2375 2373
2374 2376 2375
2374 2377 2376
2374 2337 2377
2377 2378 2376
2377 2379 2378
2380 2378 2379
2381 2378 2380
2381 2382 2378
2382 2376 2378
2383 2382 2381
2383 2381 2384
2380 2379 2311
2331 2379 2377
2331 2377 2334
2382 2385 2376
2383 2385 2382
2383 2386 2385
2387 2375 2376
2387 2376 2385
2385 2386 2387
2386 2383 2388
2386 2388 2389
2383 2384 2390
2383 2390 2391
2392 2391 2390
2392 2393 2391
2394 2391 2393
2392 2395 2393
2384 2396 2390
2396 2392 2390
2384 2397 2396
2398 2396 2397
2399 2398 2397
2399 2400 2398
2398 2401 2396
2401 2402 2396
2396 2402 2392
2401 2403 2402
2404 2401 2398
2404 2405 2401
2405 2403 2401
2406 2398 2400
2398 2406 2404
2406 2400 2320
2397 2381 2399
2397 2384 2381
2399 2318 2400
2400 2318 2320
2399 2314 2318
2314 2399 2381
2403 2407 2402
2408 2402 2407
2408 2392 2402
2314 2381 2380
2314 2380 2311
2312 2311 2379
2312 2379 2331
2409 2227 2083
2409 2228 2227
2409 2243 2228
2084 2083 2226
2084 2226 2181
2186 2232 2224
2289 2219 2220
2289 2220 2235
2289 2410 2219
2216 2219 2410
2217 2216 2410
2217 2410 2411
2289 2412 2410
2410 2412 2413
2410 2413 2411
2222 2235 2220
2411 2414 2217
2217 2414 2415
2414 2416 2415
2414 2417 2416
2418 2416 2417
2418 2417 2419
2415 2416 2420
2420 2416 2418
2415 2420 2421
2422 2421 2420
2422 2423 2421
2422 2420 2424
2420 2418 2424
2422 2424 2425
2423 2422 2426
2426 2422 2425
2423 2426 2427
2424 2418 2428
2425 2424 2429
2429 2424 2428
2430 2423 2427
2421 2423 2430
2430 2427 2431
2431 2207 2430
2432 2430 2207
2432 2433 2430
2421 2430 2433
2431 2210 2207
2433 2432 2215
2433 2215 2218
2207 2205 2432
2218 2421 2433
2218 2434 2421
2215 2432 2203
2215 2203 2212
2217 2415 2218
2435 2436 2414
2411 2435 2414
2413 2435 2411
2437 2435 2413
2417 2435 2437
2417 2437 2438
2438 2437 2439
2413 2439 2437
2438 2439 2440
2441 2438 2440
2441 2417 2438
2441 2440 2442
2443 2441 2442
2443 2444 2441
2439 2445 2440
2442 2440 2445
2439 2446 2445
2292 2446 2439
2413 2292 2439
2292 2447 2446
2305 2445 2446
2305 2446 2296
2447 2296 2446
2442 2445 2448
2443 2442 2448
2305 2448 2445
2443 2448 2449
2305 2306 2448
2448 2306 2338
2448 2338 2449
2338 2306 2304
2308 2338 2304
2450 2441 2444
2450 2451 2441
2451 2450 2452
2451 2452 2419
2453 2419 2452
2453 2454 2419
2418 2419 2454
2419 2417 2451
2441 2451 2417
2452 2455 2453
2452 2456 2455
2456 2457 2455
2456 2458 2457
2458 2456 2459
2459 2456 2452
2459 2452 2450
2458 2459 2460
2458 2460 2461
2458 2461 2462
2457 2458 2462
2463 2460 2459
2463 2464 2460
2465 2464 2463
2465 2335 2464
2336 2335 2465
2466 2464 2335
2460 2464 2466
2460 2466 2461
2466 2335 2342
2461 2466 2344
2462 2461 2467
2467 2461 2344
2444 2463 2459
2444 2459 2450
2443 2465 2463
2443 2463 2444
2449 2336 2465
2449 2465 2443
2338 2336 2449
2466 2342 2468
2469 2298 2295
2469 2300 2298
2469 2470 2300
2471 2300 2470
2470 2472 2471
2470 2473 2472
2472 2474 2471
2472 2475 2474
2475 2476 2474
2475 2477 2476
2478 2475 2472
2478 2479 2475
2479 2477 2475
2480 2472 2473
2472 2480 2478
2480 2473 2481
2471 2303 2300
2303 2471 2474
2303 2474 2315
2474 2476 2482
2474 2482 2315
2483 2482 2476
2483 2476 2484
2477 2484 2476
2473 2485 2481
2470 2485 2473
2470 2469 2485
2486 2481 2485
2486 2485 2487
2486 2487 2488
2283 2488 2487
2283 2282 2488
2489 2487 2485
2282 2275 2488
2275 2490 2488
2275 2277 2490
2491 2490 2277
2491 2277 2492
2278 2492 2277
2295 2283 2493
2295 2493 2469
2237 2286 2234
2235 2234 2287
2235 2287 2289
2273 2237 2240
2241 2273 2281
2241 2281 2286
2413 2290 2288
2292 2413 2288
2337 2334 2377
2494 2372 2373
2494 2373 2387
2494 2495 2372
2369 2372 2495
2370 2369 2495
2370 2495 2496
2494 2497 2495
2495 2497 2498
2495 2498 2496
2375 2387 2373
2496 2499 2370
2370 2499 2500
2499 2501 2500
2499 2502 2501
2503 2501 2502
2503 2502 2504
2500 2501 2505
2505 2501 2503
2500 2505 2506
2507 2506 2505
2507 2508 2506
2507 2505 2509
2505 2503 2509
2507 2509 2510
2508 2507 2511
2511 2507 2510
2508 2511 2512
2509 2503 2513
2510 2509 2514
2514 2509 2513
2515 2508 2512
2506 2508 2515
2515 2512 2516
2516 2358 2515
2517 2515 2358
2517 2518 2515
2506 2515 2518
2516 2359 2358
2518 2517 2368
2518 2368 2371
2358 2356 2517
2368 2517 2356
2371 2506 2518
2371 2500 2506
2370 2500 2371
2368 2356 2365
2519 2513 2504
2519 2504 2520
2521 2520 2504
2521 2522 2520
2522 2521 2523
2522 2523 2524
2525 2524 2523
2525 2523 2526
2523 2527 2526
2523 2528 2527
2528 2529 2527
2528 2530 2529
2529 2531 2527
2526 2527 2531
2529 2532 2531
2533 2532 2529
2533 2534 2532
2533 2535 2534
2533 2536 2535
2536 2537 2535
2536 2538 2537
2539 2537 2538
2540 2537 2539
2540 2541 2537
2541 2535 2537
2542 2541 2540
2542 2540 2543
2539 2538 2386
2494 2538 2536
2494 2536 2497
2541 2544 2535
2542 2544 2541
2542 2545 2544
2546 2534 2535
2546 2535 2544
2544 2545 2546
2545 2542 2547
2545 2547 2548
2542 2543 2549
2542 2549 2547
2550 2547 2549
2550 2551 2547
2548 2547 2551
2550 2552 2551
2553 2543 2540
2553 2540 2554
2554 2555 2553
2554 2556 2555
2555 2557 2553
2557 2550 2549
2555 2558 2557
2558 2559 2557
2557 2559 2550
2552 2550 2559
2558 2560 2559
2561 2558 2555
2561 2562 2558
2562 2560 2558
2563 2555 2556
2555 2563 2561
2563 2556 2395
2543 2553 2557
2543 2557 2549
2552 2559 2564
2560 2564 2559
2554 2393 2556
2554 2389 2393
2556 2565 2395
2389 2539 2386
2389 2540 2539
2389 2554 2540
2387 2386 2538
2387 2538 2494
2566 2567 2499
2496 2566 2499
2498 2566 2496
2530 2566 2498
2502 2566 2530
2502 2530 2528
2498 2529 2530
2498 2533 2529
2523 2502 2528
2523 2521 2502
2504 2502 2521
2533 2498 2536
2498 2497 2536
2503 2504 2568
2569 2531 2532
2569 2532 2546
2569 2570 2531
2526 2531 2570
2525 2526 2570
2525 2570 2571
2569 2572 2570
2570 2572 2573
2570 2573 2571
2574 2546 2532
2571 2575 2525
2525 2575 2576
2575 2577 2576
2575 2578 2577
2579 2578 2575
2571 2579 2575
2573 2579 2571
2580 2577 2578
2580 2578 2581
2576 2577 2582
2582 2577 2580
2576 2582 2583
2584 2583 2582
2584 2585 2583
2584 2582 2586
2582 2580 2586
2584 2586 2587
2585 2584 2588
2588 2584 2587
2585 2588 2589
2586 2580 2590
2580 2581 2590
2587 2586 2591
2591 2586 2590
2520 2585 2589
2583 2585 2520
2520 2589 2519
2583 2520 2522
2524 2583 2522
2524 2576 2583
2525 2576 2524
2581 2592 2590
2593 2592 2581
2593 2594 2592
2593 2595 2594
2593 2596 2595
2597 2595 2596
2597 2596 2598
2596 2599 2598
2596 2600 2599
2600 2601 2599
2600 2602 2601
2601 2603 2599
2601 2604 2603
2605 2604 2601
2605 2606 2604
2604 2607 2603
2604 2608 2607
2608 2604 2606
2608 2609 2607
2607 2609 2610
2607 2610 2611
2603 2607 2611
2609 2612 2610
2609 2613 2612
2614 2613 2609
2608 2614 2609
2614 2615 2613
2615 2616 2613
2615 2617 2616
2617 2618 2616
2617 2619 2618
2613 2616 2620
2613 2620 2612
2618 2620 2616
2618 2621 2620
2612 2620 2622
2620 2621 2622
2612 2622 2623
2610 2612 2623
2621 2618 2624
2619 2624 2618
2619 2625 2624
2626 2624 2625
2626 2627 2624
2626 2628 2627
2629 2615 2614
2617 2615 2629
2629 2614 2630
2630 2631 2629
2632 2631 2630
2633 2631 2632
2633 2634 2631
2635 2633 2632
2635 2632 2636
2637 2635 2636
2637 2636 2638
2638 2636 2639
2638 2639 2640
2569 2638 2640
2569 2640 2572
2605 2640 2639
2605 2639 2641
2636 2632 2642
2636 2642 2639
2632 2630 2642
2641 2639 2642
2641 2642 2608
2631 2634 2643
2548 2635 2637
2548 2633 2635
2548 2637 2545
2642 2630 2608
2644 2572 2640
2605 2644 2640
2637 2546 2545
2546 2637 2638
2546 2638 2569
2614 2608 2630
2644 2605 2601
2644 2601 2602
2631 2643 2629
2645 2646 2629
2645 2629 2647
2645 2648 2646
2645 2643 2649
2643 2650 2649
2649 2650 2651
2652 2651 2650
2652 2653 2651
2649 2651 2654
2655 2649 2654
2645 2649 2655
2648 2645 2655
2655 2654 2656
2651 2657 2654
2657 2656 2654
2651 2658 2657
2658 2651 2653
2658 2653 2552
2650 2633 2652
2650 2634 2633
2643 2634 2650
2648 2655 2659
2656 2659 2655
2653 2652 2548
2548 2652 2633
2653 2548 2660
2653 2551 2552
2661 2662 2610
2610 2623 2661
2661 2623 2663
2622 2663 2623
2664 2663 2622
2665 2664 2622
2665 2666 2664
2666 2665 2667
2668 2667 2665
2669 2667 2668
2669 2670 2667
2671 2670 2669
2671 2669 2672
2668 2665 2621
2622 2621 2665
2666 2667 2673
2670 2673 2667
2670 2674 2673
2671 2674 2670
2671 2675 2674
2676 2673 2674
2676 2677 2673
2666 2673 2677
2671 2678 2675
2671 2679 2678
2672 2679 2671
2624 2668 2621
2624 2669 2668
2680 2676 2674
2680 2674 2681
2680 2681 2678
2680 2678 2682
2624 2683 2669
2684 2669 2683
2683 2685 2684
2683 2686 2685
2687 2684 2685
2687 2688 2684
2685 2689 2687
2689 2685 2686
2689 2686 2628
2684 2690 2669
2690 2684 2688
2627 2686 2683
2627 2683 2624
2686 2627 2628
2689 2691 2687
2680 2682 2692
2680 2692 2693
2692 2694 2693
2695 2693 2694
2696 2695 2694
2696 2697 2695
2695 2698 2693
2695 2677 2698
2693 2698 2676
2676 2698 2677
2693 2676 2680
2699 2677 2695
2699 2695 2697
2697 2700 2699
2700 2701 2699
2702 2701 2700
2702 2703 2701
2704 2703 2702
2704 2702 2705
2706 2703 2704
2706 2707 2703
2707 2701 2703
2708 2707 2706
2708 2709 2707
2709 2710 2707
2707 2710 2701
2710 2699 2701
2709 2663 2710
2664 2710 2663
2710 2664 2699
2699 2664 2666
2711 2708 2706
2704 2711 2706
2661 2709 2708
2661 2663 2709
2712 2704 2705
2712 2713 2704
2704 2713 2711
2713 2712 2714
2713 2714 2715
2715 2711 2713
2716 2715 2714
2716 2714 2717
2715 2718 2711
2715 2716 2718
2717 2714 2719
2717 2719 2720
2720 2719 2721
2719 2722 2721
2719 2723 2722
2714 2712 2723
2714 2723 2719
2721 2722 2724
2721 2724 2725
2720 2721 2726
2726 2721 2725
2723 2727 2722
2723 2728 2727
2722 2729 2724
2728 2730 2729
2728 2731 2730
2732 2730 2731
2732 2733 2730
2729 2734 2724
2727 2730 2734
2733 2735 2730
2705 2728 2723
2705 2731 2728
2705 2723 2712
2705 2702 2731
2700 2732 2731
2700 2731 2702
2734 2733 2736
2732 2737 2736
2732 2738 2737
2732 2739 2738
2738 2700 2697
2738 2697 2696
2737 2738 2696
2733 2740 2736
2734 2736 2741
2737 2741 2736
2737 2742 2741
2743 2737 2696
2743 2744 2737
2745 2696 2694
2745 2694 2692
2746 2747 2748
2746 2748 2749
2750 2749 2748
2750 2748 2751
2752 2750 2751
2752 2751 2753
2751 2748 2754
2751 2754 2755
2755 2753 2751
2756 2754 2748
2756 2748 2747
2619 2746 2749
2619 2617 2746
2749 2750 2625
2749 2625 2619
2626 2625 2750
2626 2750 2752
2746 2646 2747
2746 2629 2646
2753 2757 2752
2757 2628 2752
2628 2626 2752
2617 2629 2746
2747 2646 2648
2747 2648 2756
2599 2603 2758
2599 2758 2598
2597 2598 2758
2597 2758 2759
2603 2611 2758
2758 2611 2661
2758 2661 2759
2759 2760 2597
2597 2760 2761
2760 2762 2761
2760 2763 2762
2708 2763 2760
2759 2708 2760
2661 2708 2759
2708 2711 2763
2764 2762 2763
2764 2763 2718
2711 2765 2763
2764 2718 2716
2761 2762 2766
2766 2762 2764
2761 2766 2767
2768 2767 2766
2768 2766 2769
2769 2766 2770
2766 2764 2770
2716 2770 2764
2769 2770 2771
2772 2768 2769
2772 2769 2773
2773 2769 2771
2716 2774 2770
2771 2770 2774
2590 2768 2772
2590 2592 2768
2767 2768 2592
2767 2592 2594
2595 2767 2594
2595 2761 2767
2597 2761 2595
2579 2602 2600
2579 2600 2578
2602 2579 2573
2578 2600 2596
2578 2596 2593
2581 2578 2593
2666 2677 2699
2690 2688 2775
2672 2776 2679
2777 2778 2779
2777 2780 2778
2777 2781 2780
2781 2782 2780
2783 2784 2785
2783 2785 2786
2787 2783 2786
2787 2786 2788
2786 2789 2788
2786 2790 2789
2785 2790 2786
2785 2791 2790
2790 2792 2789
2791 2792 2790
2793 2794 2795
2793 2795 2796
2796 2795 2797
2796 2797 2798
2799 2796 2798
2799 2800 2796
2800 2801 2796
2800 2802 2801
2802 2800 2803
2802 2803 2804
2804 2803 2805
2800 2799 2806
2800 2806 2803
2803 2806 2805
2802 2807 2793
2808 2793 2807
2808 2809 2793
2810 2809 2808
2810 2811 2809
2812 2811 2810
2812 2813 2811
2813 2812 2814
2813 2814 2815
2815 2814 2816
2813 2817 2811
2813 2818 2817
2818 2813 2815
2818 2819 2817
2818 2820 2819
2820 2818 2821
2818 2815 2821
2821 2815 2816
2822 2821 2816
2820 2821 2822
2823 2822 2816
2824 2820 2822
2824 2822 2823
2825 2820 2824
2820 2825 2819
2817 2819 2826
2817 2826 2827
2827 2826 2828
2827 2828 2829
2811 2817 2827
2811 2827 2809
2809 2827 2829
2809 2829 2793
2826 2830 2828
2826 2831 2830
2831 2832 2830
2831 2833 2832
2834 2833 2831
2834 2835 2833
2836 2834 2831
2836 2831 2826
2837 2836 2825
2837 2838 2836
2838 2834 2836
2838 2837 2839
2838 2840 2834
2840 2835 2834
2840 2838 2841
2840 2842 2835
2842 2840 2841
2843 2842 2841
2842 2843 2844
2842 2844 2835
2832 2845 2830
2830 2845 2846
2830 2846 2828
2828 2846 2794
2828 2794 2829
2829 2794 2793
2847 2848 2845
2849 2848 2847
2849 2847 2850
2851 2849 2850
2851 2850 2835
2852 2849 2851
2853 2852 2851
2854 2852 2853
2854 2855 2852
2853 2856 2854
2853 2851 2857
2857 2851 2835
2852 2858 2849
2858 2859 2849
2858 2860 2859
2861 2860 2858
2862 2861 2858
2862 2858 2863
2864 2862 2863
2864 2863 2865
2865 2863 2855
2855 2866 2865
2866 2867 2865
2866 2868 2867
2868 2869 2867
2867 2869 2870
2865 2867 2870
2865 2870 2864
2871 2862 2864
2871 2872 2862
2872 2861 2862
2873 2872 2871
2873 2874 2872
2871 2875 2873
2871 2876 2875
2876 2869 2875
2864 2870 2876
2864 2876 2871
2870 2869 2876
2874 2877 2872
2874 2878 2877
2878 2879 2877
2878 2880 2879
2872 2877 2861
2877 2879 2881
2877 2881 2861
2861 2881 2860
2882 2879 2880
2883 2879 2882
2883 2884 2879
2882 2885 2883
2882 2886 2885
2883 2885 2887
2883 2887 2888
2888 2884 2883
2888 2889 2884
2882 2880 2890
2890 2886 2882
2890 2891 2886
2891 2892 2886
2886 2892 2893
2893 2892 2887
2884 2889 2894
2884 2894 2895
2860 2881 2896
2859 2860 2896
2859 2896 2897
2895 2894 2898
2899 2895 2898
2879 2895 2899
2879 2900 2895
2881 2879 2899
2881 2899 2896
2901 2902 2903
2901 2903 2904
2904 2905 2901
2904 2906 2905
2907 2905 2906
2907 2906 2908
2908 2909 2907
2910 2903 2902
2910 2902 2911
2911 2902 2912
2913 2903 2910
2904 2903 2913
2913 2910 2914
2904 2913 2915
2915 2906 2904
2915 2916 2906
2908 2906 2916
2908 2916 2917
2917 2909 2908
2918 2910 2911
2919 2910 2918
2920 2910 2919
2920 2921 2910
2922 2921 2920
2919 2918 2923
2918 2911 2924
2911 2925 2924
2911 2926 2925
2927 2925 2926
2927 2928 2925
2929 2928 2927
2929 2930 2928
2931 2930 2929
2931 2932 2930
2933 2932 2931
2933 2934 2932
2935 2934 2933
2935 2936 2934
2936 2935 2937
2936 2937 2938
2937 2939 2938
2940 2941 2924
2940 2924 2942
2942 2924 2943
2942 2943 2944
2944 2943 2945
2944 2945 2946
2946 2945 2947
2948 2941 2940
2948 2918 2941
2941 2918 2924
2948 2949 2918
2950 2948 2940
2950 2951 2948
2950 2952 2951
2951 2952 2953
2951 2953 2954
2923 2918 2949
2923 2949 2955
2954 2956 2951
2954 2957 2956
2955 2958 2959
2959 2958 2948
2955 2959 2960
2960 2961 2962
2960 2962 2963
2963 2962 2964
2965 2966 2953
2965 2967 2966
2957 2966 2967
2968 2967 2965
2968 2969 2967
2969 2968 2970
2969 2970 2971
2972 2969 2971
2972 2971 2973
2973 2971 2974
2973 2974 2975
2975 2974 2976
2975 2976 2977
2974 2978 2976
2974 2979 2978
2971 2970 2979
2971 2979 2974
2976 2980 2977
2980 2976 2978
2981 2967 2969
2981 2969 2972
2957 2967 2981
2982 2983 2984
2982 2984 2985
2983 2982 2986
2983 2986 2987
2988 2987 2986
2988 2989 2987
2989 2988 2990
2984 2991 2985
2984 2992 2991
2993 2991 2992
2993 2994 2991
2995 2991 2994
2995 2994 2996
2995 2996 2997
2995 2997 2998
2996 2999 2997
2996 3000 2999
2994 3000 2996
2994 3001 3000
3001 3002 3000
3000 3002 2999
3001 3003 3002
2991 2995 3004
2991 3004 3005
3006 3005 3004
3006 3004 3007
3008 3006 3007
3008 3007 3009
3010 3008 3009
3010 3009 3011
3012 3010 3011
3012 3011 3013
3014 3012 3013
3014 3013 3015
3015 3016 3014
3015 3017 3016
3016 3017 3018
3019 3003 3001
3019 3001 3020
3021 3022 3020
3001 2994 3021
3021 3023 3001
3024 3025 3022
3026 3025 3024
3026 3027 3025
3028 3027 3026
3028 3029 3027
3030 3029 3028
3030 3031 3029
3032 3031 3030
3032 3033 3031
3034 3033 3032
3024 3022 2993
3035 3036 3037
3035 3037 3038
3036 3035 3039
3036 3039 3040
3038 3037 3041
3038 3041 3042
3043 3040 3039
3043 3044 3040
3045 3044 3043
3045 3046 3044
3046 3045 3047
3046 3047 3048
3048 3047 3049
2802 3050 2807
3050 2802 2804
3050 2804 3051
3051 2804 2805
3052 3053 3054
3052 3054 3055
3056 3054 3053
3056 3057 3054
3058 3052 3055
3058 3059 3052
3058 3060 3059
3058 3061 3060
3062 3060 3061
3062 3061 3063
3063 3064 3062
3063 3065 3064
3065 3066 3064
3067 3068 3069
3067 3069 3070
3071 3068 3067
3071 3072 3068
3071 3073 3072
3071 3074 3073
3074 3075 3073
3074 3076 3075
3068 3077 3069
3068 3078 3077
3072 3078 3068
3072 3079 3078
3073 3079 3072
3073 3080 3079
3075 3080 3073
3075 3081 3080
3082 3081 3075
3076 3082 3075
3069 3083 3070
3069 3084 3083
3083 3084 3085
3083 3085 3086
3086 3085 3087
3088 3085 3084
3088 3089 3085
3085 3089 3090
3085 3090 3091
3088 3084 3069
3088 3069 3077
3092 2856 3093
3093 2856 2857
2857 2835 3093
3094 3095 3092
3094 3096 3095
3097 3098 2853
3099 3100 3101
3099 3101 3102
3102 3101 3103
3102 3103 3104
3104 3103 3105
3106 3099 3102
3106 3102 3107
3107 3102 3104
3107 3104 3108
3108 3104 3105
3100 3109 3110
3100 3110 3111
3112 3111 3110
3112 3113 3111
3113 3112 3114
3113 3114 3115
3116 3112 3110
3116 3110 3117
3109 3106 3117
3109 3117 3110
3118 3119 3114
3118 3120 3119
3120 3121 3119
3120 3122 3121
3122 3120 3123
3122 3124 3121
3122 3125 3124
3125 3126 3124
3125 3127 3126
3128 3127 3125
3128 3129 3127
3130 3129 3128
3130 3131 3129
3130 3132 3131
3131 3132 3133
3129 3134 3127
3129 3135 3134
3134 3135 3136
3134 3136 3137
3127 3134 3138
3127 3138 3126
3139 3138 3134
3139 3134 3140
3140 3134 3137
3141 3138 3139
3141 3142 3138
3136 3135 3143
3129 3143 3135
3131 3143 3129
3136 3143 3144
3144 3143 3131
3141 3145 3142
3146 3147 3148
3149 3147 3146
3149 3123 3147
3147 3150 3148
3123 3150 3147
3150 3151 3148
3123 3152 3150
3123 3153 3152
3153 3154 3152
3154 3151 3150
3154 3150 3152
3153 3155 3154
3118 3155 3153
3118 3156 3155
3120 3118 3153
3120 3153 3123
3122 3123 3149
3122 3149 3157
3157 3149 3146
3125 3122 3158
3125 3158 3159
3159 3158 3160
3159 3160 3161
3161 3160 3162
3161 3162 3163
3163 3162 3164
3163 3164 3165
3165 3164 3166
2991 3167 2985
3168 3169 2995
3170 3171 3172
3170 3172 3173
3174 3172 3171
3174 3171 3175
3175 3176 3174
3175 3177 3176
3178 3174 3176
3178 3179 3174
3180 3176 3177
3180 3177 3181
3182 3180 3181
3182 3183 3180
3183 3178 3176
3183 3176 3180
3184 3185 3186
3184 3186 3187
3187 3186 3188
3185 3189 3186
3186 3189 3190
3185 3191 3189
3185 3192 3191
3193 3194 3195
3193 3196 3194
3193 3197 3196
3193 3198 3197
3193 3199 3198
3193 3200 3199
3193 3201 3200
3193 3202 3201
3193 3203 3202
3193 3204 3203
3193 3205 3204
3193 3206 3205
3193 3195 3206
3207 3208 3209
3207 3209 3210
3211 3212 3213
3211 3213 3214
3215 3216 3217
3215 3217 3218
3219 3220 3221
3219 3221 3222
3223 3224 3225
3223 3225 3226
3227 3228 3229
3227 3229 3230
3230 3229 3231
3232 3233 3234
3232 3234 3235
3236 3237 3238
3238 3237 3239
3238 3239 3240
3241 3242 3243
3241 3243 3244
3245 3246 3247
3245 3247 3248
3249 3250 3251
3249 3251 3252
3253 3254 3255
3253 3255 3256
3257 3258 3259
3257 3259 3260
3261 3262 3263
3261 3263 3264
3265 3266 3267
3267 3266 3268
3268 3266 3269
3269 3266 3270
3270 3266 3271
3271 3266 3265
3272 3273 3274
3272 3274 3275
3276 3277 3278
3276 3278 3279
3280 3281 3282
3280 3282 3283
3284 3285 3286
3284 3286 3287
3288 3289 3290
3288 3290 3291
3292 3293 3294
3292 3294 3295
3295 3294 3296
3297 3298 3299
3297 3299 3300
3301 3302 3303
3303 3302 3304
3303 3304 3305
3306 3307 3308
3306 3308 3309
3310 3311 3312
3310 3312 3313
3314 3315 3316
3314 3316 3317
3318 3319 3320
3318 3320 3321
3322 3323 3324
3322 3324 3325
3326 3327 3328
3326 3328 3329
3330 3331 3332
3330 3332 3333
3333 3332 3334
3333 3334 3335
3335 3334 3336
3335 3336 3337
3337 3336 3338
3337 3338 3339
3340 3330 3333
3340 3333 3341
3341 3333 3335
3341 3335 3342
3342 3335 3337
3342 3337 3343
3344 3343 3337
3344 3337 3339
3344 3345 3343
3345 3346 3343
3344 3347 3345
3347 3348 3345
3347 3349 3348
3350 3349 3347
3350 3351 3349
3352 3351 3350
3352 3353 3351
3354 3353 3352
3354 3355 3353
3356 3352 3350
3356 3357 3352
3352 3357 3358
3359 3354 3352
3359 3352 3358
3360 3350 3347
3350 3360 3356
3360 3347 3344
3353 3361 3351
3355 3362 3353
3355 3363 3362
3349 3361 3364
3361 3365 3351
3353 3362 3366
3356 3360 3367
3367 3360 3344
3367 3344 3339
3368 3367 3339
3369 3367 3368
3356 3367 3369
3369 3368 3370
3370 3371 3369
3370 3372 3371
3373 3371 3372
3373 3374 3371
3371 3356 3369
3371 3375 3356
3374 3375 3371
3374 3376 3375
3368 3339 3338
3349 3364 3348
3348 3364 3377
3345 3348 3377
3345 3377 3378
3378 3377 3379
3379 3380 3378
3380 3345 3378
3379 3381 3380
3379 3377 3382
3379 3382 3383
3383 3382 3384
3385 3383 3384
3379 3383 3385
3379 3385 3381
3385 3384 3386
3380 3346 3345
3377 3387 3382
3377 3388 3387
3364 3388 3377
3389 3390 3391
3392 3390 3389
3393 3390 3392
3393 3394 3390
3395 3390 3394
3396 3390 3395
3397 3390 3396
3391 3390 3397
3398 3399 3400
3349 3401 3361
3402 3403 3404
3402 3404 3405
3406 3403 3402
3406 3402 3407
3403 3406 3408
3409 3408 3406
3409 3410 3408
3403 3408 3411
3408 3412 3411
3411 3412 3413
3411 3413 3414
3408 3415 3412
3411 3414 3416
3411 3416 3403
3406 3407 3417
3406 3417 3418
3419 3413 3412
3419 3420 3413
3421 3415 3408
3421 3408 3410
3422 3419 3412
3422 3412 3415
3422 3415 3421
3422 3423 3419
3422 3424 3423
3422 3421 3425
3426 3422 3425
3426 3427 3422
3419 3428 3420
3419 3429 3428
3430 3431 3432
3430 3432 3433
3434 3431 3430
3434 3435 3431
3431 3435 3436
3431 3436 3437
3438 3431 3437
3438 3437 3439
3440 3439 3437
3440 3441 3439
3442 3440 3437
3442 3443 3440
3444 3445 3446
3447 3448 3449
3450 3447 3449
3450 3449 3451
3452 3453 3454
3452 3454 3455
3455 3454 3456
3455 3456 3457
3457 3456 3458
3457 3458 3459
3459 3458 3460
3459 3460 3461
3456 3462 3458
3456 3463 3462
3454 3464 3456
3454 3465 3464
3453 3465 3454
3453 3466 3465
3458 3462 3467
3458 3467 3460
3460 3467 3468
3460 3468 3469
3460 3469 3470
3461 3471 3472
3473 3474 3472
3475 3476 3477
3475 3478 3476
3475 3479 3478
3475 3480 3479
3475 3481 3480
3475 3482 3481
3475 3483 3482
3475 3484 3483
3475 3485 3484
3475 3486 3485
3475 3487 3486
3475 3488 3487
3475 3477 3488
3489 3490 3491
3489 3491 3492
3489 3492 3493
3489 3493 3494
3489 3494 3490
3495 3491 3490
3490 3496 3495
3496 3490 3494
3491 3495 3497
3498 3494 3493
3494 3498 3499
3500 3495 3496
3500 3501 3495
3500 3502 3501
3503 3501 3502
3502 3504 3503
3504 3502 3505
3500 3496 3505
3506 3505 3502
3501 3507 3508
3509 3510 3511
3509 3512 3510
3509 3513 3512
3509 3514 3513
3509 3515 3514
3509 3516 3515
3509 3517 3516
3509 3518 3517
3509 3519 3518
3509 3520 3519
3509 3521 3520
3509 3522 3521
3509 3523 3522
3509 3524 3523
3509 3525 3524
3510 3526 3511
3513 3527 3512
3512 3527 3528
3510 3528 3526
3512 3528 3510
3516 3529 3515
3519 3530 3518
3518 3530 3531
3519 3532 3530
3520 3533 3532
3521 3534 3533
3522 3535 3534
3523 3536 3535
3509 3537 3525
3509 3538 3537
3509 3539 3538
3509 3540 3539
3509 3511 3540
3537 3541 3525
3537 3542 3541
3538 3543 3542
3539 3543 3538
3538 3542 3544
3539 3545 3543
3540 3545 3539
3540 3546 3545
3547 3546 3540
3547 3540 3511
3523 3535 3522
3522 3534 3521
3521 3533 3520
3520 3532 3519
3548 3536 3523
3548 3549 3536
3550 3541 3549
3550 3549 3524
3513 3551 3527
3514 3551 3513
3514 3552 3551
3553 3552 3514
3553 3529 3552
3516 3554 3529
3517 3531 3554
3517 3554 3555
3518 3531 3556
3557 3558 3559
3560 3559 3558
3560 3558 3561
3560 3561 3562
3563 3564 3565
3563 3565 3566
3567 3568 3569
3567 3569 3570
3571 3572 3573
3571 3573 3574
3575 3576 3577
3575 3577 3578
3579 3580 3581
3582 3581 3580
3582 3580 3583
3584 3582 3583
3585 3586 3587
3587 3586 3588
3587 3588 3589
3589 3588 3590
3591 3592 3593
3593 3592 3594
3593 3594 3595
3595 3594 3596
3597 3598 3599
3599 3598 3600
3599 3600 3601
3601 3600 3602
3603 3604 3605
3604 3603 3606
3604 3606 3607
3607 3606 3608
3609 3610 3611
3610 3609 3612
3610 3612 3613
3613 3612 3614
3615 3616 3617
3616 3615 3618
3616 3618 3619
3619 3618 3620
3621 3622 3623
3621 3623 3624
3625 3626 3627
3625 3627 3628
3629 3630 3631
3629 3631 3632
3633 3634 3635
3633 3635 3636
3637 3638 3639
3637 3639 3640
3641 3642 3643
3641 3643 3644
3645 3646 3647
3645 3647 3648
3649 3650 3651
3649 3651 3652
3653 3654 3655
3653 3655 3656
3657 3658 3659
3657 3659 3660
3661 3662 3663
3661 3663 3664
3665 3666 3667
3665 3667 3668
3669 3670 3671
3669 3671 3672
3673 3674 3675
3673 3675 3676
3677 3678 3679
3677 3679 3680
3681 3682 3683
3681 3683 3684
3685 3686 3687
3685 3687 3688
3689 3690 3691
3689 3691 3692
3693 3694 3695
3693 3695 3696
3697 3698 3699
3697 3699 3700
3701 3702 3703
3701 3703 3704
3705 3706 3707
3705 3707 3708
3709 3710 3711
3709 3711 3712
3713 3714 3715
3713 3715 3716
3717 3718 3719
3717 3719 3720
3721 3722 3723
3721 3723 3724
3725 3726 3727
3725 3727 3728
3729 3730 3731
3729 3731 3732
3733 3734 3735
3733 3735 3736
3733 3737 3734
3733 3738 3737
3737 3738 3739
3737 3739 3740
3740 3739 3741
3740 3741 3742
3742 3741 3743
3742 3743 3744
3736 3735 3745
3745 3735 3746
3745 3746 3747
3748 3747 3746
3748 3749 3747
3749 3748 3750
3749 3750 3751
3736 3745 3752
3736 3752 3743
3743 3752 3753
3743 3753 3744
3754 3753 3752
3751 3750 3754
3750 3755 3754
3754 3755 3753
3756 3757 3758
3756 3758 3759
3759 3758 3760
3759 3760 3761
3762 3763 3764
3762 3764 3765
3766 3767 3768
3766 3768 3769
3770 3771 3769
3770 3769 3772
3773 3771 3770
3773 3774 3771
3775 3774 3773
3775 3776 3774
3777 3778 3775
3777 3779 3778
3780 3779 3777
3780 3781 3779
3782 3781 3780
3782 3783 3781
3784 3783 3782
3784 3785 3783
3786 3785 3787
3786 3787 3788
3789 3790 3791
3789 3791 3792
3793 3791 3794
3793 3794 3795
3795 3794 3796
3795 3796 3797
3797 3796 3798
3797 3798 3799
3800 3799 3798
3800 3801 3799
3802 3803 3804
3802 3804 3805
3806 3807 3803
3806 3803 3808
3809 3807 3806
3809 3810 3807
3811 3810 3809
3811 3812 3810
3813 3814 3815
3813 3815 3816
3817 3818 3819
3817 3819 3820
