byte offset: 0
first index: 0
index count: 9261
topology: trianglelist
format: DXGI_FORMAT_R16_UINT

0 1 2
2 1 3
3 1 4
4 1 5
5 1 6
6 1 7
7 1 8
8 1 9
9 1 10
10 1 11
11 1 12
12 1 13
13 1 14
14 1 15
15 1 16
16 1 17
5 18 4
5 19 18
6 20 5
6 21 20
9 22 8
9 23 22
10 24 9
10 25 24
11 26 10
13 27 12
15 28 14
14 28 29
13 29 27
14 29 13
30 18 31
30 31 32
32 31 33
32 33 2
2 33 34
2 34 0
0 34 35
0 35 36
36 1 0
37 1 36
38 1 37
17 1 38
38 39 17
17 39 40
17 40 16
16 40 41
16 41 15
15 41 28
38 42 39
37 42 38
37 43 42
36 35 43
36 43 37
44 45 46
44 46 6
47 22 48
47 48 7
11 49 26
12 50 11
12 51 50
52 53 54
53 55 54
55 56 54
56 57 54
57 58 54
58 59 54
59 60 54
60 61 54
61 62 54
62 63 54
63 64 54
64 65 54
65 66 54
66 67 54
67 68 54
68 69 54
69 70 54
70 71 54
71 72 54
72 52 54
66 65 73
66 73 74
67 66 74
67 74 75
68 67 75
68 75 76
69 68 76
69 76 77
70 69 77
70 77 78
71 70 78
71 78 79
72 71 79
72 79 80
52 72 80
52 80 81
53 52 81
53 81 82
83 53 82
83 82 84
85 83 84
85 84 86
57 56 86
57 86 87
58 57 88
58 88 89
90 58 91
90 91 92
93 59 94
93 94 95
96 60 97
96 97 98
99 61 98
99 98 100
101 62 100
101 100 102
103 63 102
103 102 104
105 64 104
105 104 73
106 107 108
106 108 109
108 110 109
106 109 111
109 112 111
113 114 110
115 109 113
115 113 116
115 117 109
114 118 119
120 121 122
120 122 123
124 120 123
124 123 125
126 127 125
126 128 127
129 130 131
129 131 132
133 130 129
133 134 130
135 134 136
135 136 137
138 139 140
141 139 138
141 142 139
140 143 138
143 140 144
145 143 144
145 146 143
147 142 141
147 141 148
148 141 149
149 150 148
149 151 150
151 152 150
152 151 153
153 154 152
155 154 153
155 153 156
154 157 152
154 158 157
158 159 157
159 160 157
161 159 158
162 159 161
163 159 162
159 163 164
158 165 161
165 158 166
166 158 154
166 154 167
154 168 167
168 169 167
170 169 168
171 169 170
172 169 171
169 172 173
169 173 174
175 169 174
175 174 176
176 177 175
176 178 177
178 179 177
178 180 179
181 179 180
180 182 181
180 183 182
184 182 183
185 184 183
185 183 186
173 172 187
172 188 187
187 188 189
189 188 190
189 190 191
191 190 192
191 192 193
193 192 194
193 194 195
196 197 198
197 199 198
199 197 200
201 199 200
202 199 201
202 201 170
203 202 170
170 168 203
198 199 204
199 205 204
199 156 206
156 153 206
207 208 209
210 211 212
213 214 215
216 217 218
216 218 219
220 216 219
220 219 221
222 220 221
222 221 223
224 222 223
217 225 218
217 226 225
226 227 225
226 228 227
228 229 227
228 230 229
230 231 229
230 232 231
232 233 231
232 234 233
234 235 233
234 236 235
236 237 235
238 239 240
241 238 240
241 240 242
243 241 242
243 242 244
245 243 244
245 244 246
247 245 246
247 246 248
249 247 248
249 248 250
251 249 250
251 250 252
253 254 255
254 256 255
254 257 256
257 258 256
257 259 258
259 260 258
259 261 260
262 263 264
262 264 265
263 266 264
263 267 266
267 268 266
267 269 268
270 271 272
270 272 273
274 270 273
274 273 275
276 274 275
276 275 277
278 276 277
278 277 279
280 281 282
280 282 283
284 280 283
284 283 285
281 286 282
281 287 286
287 288 286
287 289 288
289 290 288
289 291 290
292 293 294
292 294 295
296 292 295
296 295 297
293 298 294
293 299 298
299 300 298
299 301 300
302 303 304
302 304 305
306 302 305
306 305 307
308 309 310
308 310 311
312 308 311
312 311 313
314 312 313
314 313 315
316 314 315
316 315 317
318 316 317
318 317 319
320 318 319
320 319 321
322 320 321
322 321 323
324 325 326
324 326 327
325 328 326
325 329 328
329 330 328
331 324 327
331 327 332
333 331 332
333 332 334
335 333 334
335 334 336
337 335 336
337 336 338
339 340 341
339 341 342
343 340 339
343 344 340
345 344 343
345 346 344
342 341 347
342 347 348
349 350 351
349 351 352
352 351 353
352 353 354
354 353 355
354 355 356
356 355 357
356 357 358
358 357 359
358 359 360
350 349 361
362 363 364
364 365 362
364 366 365
142 147 367
368 369 370
371 372 369
159 373 160
374 375 376
377 374 376
377 376 378
375 374 379
379 380 375
381 380 379
381 379 382
383 377 378
383 384 377
384 385 377
385 384 386
385 386 387
387 386 388
388 389 387
389 388 390
391 389 390
391 392 389
390 388 393
390 393 394
394 393 395
395 393 396
397 394 395
398 397 395
399 398 395
395 400 399
394 397 401
401 402 394
402 390 394
402 403 390
390 403 404
404 403 405
406 404 405
407 406 405
408 407 405
405 409 408
405 410 409
411 410 405
411 412 410
412 411 413
412 413 414
414 413 415
414 415 416
417 416 415
416 417 418
416 418 419
420 419 418
421 419 420
421 422 419
409 423 408
408 423 424
423 425 424
425 426 424
425 427 426
427 428 426
427 429 428
429 430 428
429 431 430
432 433 434
434 433 435
435 436 434
437 436 435
438 437 435
438 406 437
439 406 438
406 439 404
433 440 435
435 440 441
435 442 392
392 442 389
443 444 445
446 447 448
449 450 451
452 453 454
452 454 455
456 453 452
456 457 453
458 457 456
458 459 457
460 459 458
455 454 461
455 461 462
462 461 463
462 463 464
464 463 465
464 465 466
466 465 467
466 467 468
468 467 469
468 469 470
470 469 471
470 471 472
472 471 473
474 475 476
477 475 474
477 478 475
479 478 477
479 480 478
481 480 479
481 482 480
483 482 481
483 484 482
485 484 483
485 486 484
487 486 485
487 488 486
489 490 491
491 490 492
491 492 493
493 492 494
493 494 495
495 494 496
495 496 497
498 499 500
498 500 501
501 500 502
501 502 503
503 502 504
503 504 505
506 507 508
506 508 509
510 507 506
510 511 507
512 511 510
512 513 511
514 513 512
514 515 513
516 517 518
516 518 519
520 517 516
520 521 517
519 518 522
519 522 523
523 522 524
523 524 525
525 524 526
525 526 527
528 529 530
528 530 531
532 529 528
532 533 529
531 530 534
531 534 535
535 534 536
535 536 537
538 539 540
538 540 541
542 539 538
542 543 539
544 545 546
544 546 547
548 545 544
548 549 545
550 549 548
550 551 549
552 551 550
552 553 551
554 553 552
554 555 553
556 555 554
556 557 555
558 557 556
558 559 557
560 561 562
560 562 563
563 562 564
563 564 565
565 564 566
567 561 560
567 568 561
569 568 567
569 570 568
571 570 569
571 572 570
573 572 571
573 574 572
575 576 577
575 577 578
579 575 578
579 578 580
581 579 580
581 580 582
576 583 577
576 584 583
585 586 587
585 587 588
586 589 587
586 590 589
590 591 589
590 592 591
592 593 591
592 594 593
594 595 593
594 596 595
588 597 585
598 599 600
599 598 601
599 601 602
378 603 383
395 396 604
605 606 607
607 606 608
606 609 608
608 609 610
609 611 610
610 611 612
611 613 612
612 613 614
613 615 614
614 615 616
615 617 616
616 617 618
616 618 619
619 618 620
621 605 607
619 620 622
620 623 622
621 624 605
625 626 627
625 627 628
629 626 625
629 630 626
630 629 631
632 633 634
635 633 632
635 636 633
635 637 636
632 634 638
638 634 639
638 639 640
640 639 641
640 641 642
643 642 641
643 641 644
645 646 636
645 647 646
648 644 649
649 650 648
651 648 650
650 652 651
653 651 652
654 653 652
655 653 654
656 655 654
657 655 656
658 657 656
659 657 658
660 661 659
662 660 659
660 663 661
663 664 661
663 665 664
665 666 664
665 667 666
662 668 646
667 669 670
671 670 672
673 674 675
674 676 675
677 675 676
678 674 673
678 679 674
678 680 679
678 681 680
681 682 680
676 683 677
684 685 686
687 686 688
687 688 689
689 688 690
689 690 691
691 690 692
691 692 693
693 692 694
693 694 695
695 694 696
695 696 697
697 696 698
697 698 699
700 686 687
698 701 699
702 703 700
704 703 702
704 702 705
706 704 705
707 706 705
706 707 708
707 709 708
710 708 709
711 710 709
712 710 711
703 685 700
713 714 715
716 717 718
718 719 716
716 719 720
716 720 721
720 722 721
722 723 721
722 724 723
724 725 723
725 724 726
725 726 727
726 728 727
728 729 727
729 728 730
729 730 731
730 732 731
730 733 732
732 733 734
735 736 737
735 737 738
739 736 735
738 737 740
738 740 741
741 740 742
741 742 743
743 742 744
743 744 745
745 744 746
745 746 747
747 746 748
747 748 749
749 748 750
749 750 751
751 750 752
753 754 755
755 754 756
755 756 757
756 758 757
756 759 758
759 760 758
759 761 760
760 761 762
760 762 763
762 764 763
762 765 764
764 765 766
764 766 767
766 768 767
766 769 768
768 769 770
771 761 772
773 774 771
775 774 773
776 775 773
777 775 776
777 778 775
779 778 777
779 780 778
781 780 779
774 782 771
782 783 772
772 783 784
783 785 784
784 785 786
785 787 786
786 787 788
787 789 788
790 791 792
793 791 790
794 793 790
795 793 794
794 796 795
791 797 792
796 798 795
796 799 798
800 798 799
800 801 802
803 800 802
803 802 804
805 803 804
805 804 806
806 807 805
806 808 807
809 807 808
809 808 810
811 809 810
811 810 812
812 813 811
813 814 815
816 815 814
814 817 816
818 816 817
817 819 818
818 819 820
820 821 818
820 822 821
822 823 821
822 824 823
824 825 823
824 826 825
826 827 825
827 826 795
828 829 830
828 830 831
831 830 832
831 832 833
833 834 835
833 835 836
836 835 837
836 837 838
838 837 839
838 839 840
840 839 841
840 841 842
842 841 843
844 845 828
844 846 845
847 848 844
847 849 848
849 850 846
846 850 851
846 851 829
829 851 852
829 852 853
853 852 854
853 854 832
832 854 855
832 855 856
856 855 857
856 857 858
858 857 859
858 859 860
860 859 861
860 861 862
849 863 850
862 861 864
865 866 863
865 863 849
867 865 849
868 865 867
868 869 865
869 866 865
867 849 870
869 871 866
869 872 871
873 872 869
874 875 876
876 877 874
874 877 878
874 878 879
879 878 880
879 880 881
881 880 882
881 882 883
884 883 882
882 885 884
886 884 885
885 887 886
886 887 888
887 889 888
888 889 890
889 891 890
890 891 892
893 894 892
895 894 893
896 895 893
897 895 896
898 897 896
899 897 898
900 899 898
901 899 900
902 901 900
903 904 902
905 903 902
906 903 905
907 906 905
908 906 907
909 908 907
910 908 909
910 911 908
875 912 876
876 912 913
914 915 916
917 915 918
917 918 919
919 918 920
919 920 921
921 920 922
923 922 920
923 920 924
921 922 925
925 922 926
926 922 927
928 920 918
928 918 916
929 930 931
929 932 930
930 932 933
930 933 934
931 930 934
935 934 933
936 934 935
931 934 936
936 935 937
935 938 937
935 939 938
940 939 935
935 933 940
940 941 939
942 941 940
942 943 941
944 943 942
944 942 945
946 943 944
946 947 943
941 943 947
941 947 948
939 941 948
947 949 948
947 950 949
949 950 951
949 951 952
953 952 951
953 954 952
954 953 955
948 949 956
956 949 952
948 956 957
939 948 957
958 954 955
954 958 959
954 959 952
956 952 959
957 956 960
957 960 961
938 939 957
938 957 961
962 963 946
964 965 966
967 965 964
968 965 967
968 969 965
966 965 969
945 969 968
945 942 969
969 942 940
969 940 970
966 969 970
971 972 973
973 972 974
973 974 975
974 976 975
974 977 976
976 977 978
976 978 979
978 980 979
978 981 980
982 983 981
983 982 984
984 982 985
985 982 981
984 985 986
986 985 987
986 987 988
988 987 989
988 989 990
990 989 991
990 991 992
992 991 993
994 995 996
997 995 994
998 995 997
996 995 998
998 997 999
998 999 1000
998 1000 1001
1002 1001 1000
1002 1003 1001
1004 1003 1002
996 998 1005
1005 998 1006
1005 1006 1007
1006 1003 1008
1006 1008 1007
1003 1009 1008
1003 1010 1009
1004 1010 1003
1009 1010 1011
1010 1012 1011
1012 1010 1004
1004 1013 1012
1014 1012 1013
1012 1014 1011
1014 1015 1011
1016 1014 1013
1017 1014 1016
1015 1014 1017
1018 1017 1016
1015 1017 1019
1017 1020 1019
1019 1020 1021
1019 1021 1022
1022 1023 1018
1018 1024 1017
1021 1024 1018
1025 1018 1016
1018 1025 1022
1025 1016 1026
1026 1016 1013
1026 1013 1027
1027 1013 1028
1027 1028 1029
1029 1028 1030
1029 1030 1031
1031 1030 1032
1031 1032 1033
1033 1032 1034
1033 1034 1035
1035 1034 1036
1035 1036 1037
1037 1036 1038
1037 1038 1039
1039 1038 1040
1039 1040 1041
1040 1038 1042
1042 1038 1036
1040 1042 1043
1042 1036 1044
1036 1045 1044
1044 1045 1046
1044 1046 1047
1036 1048 1045
1046 1045 1049
1050 1042 1044
1050 1044 1047
1041 1040 1051
1041 1051 1052
1052 1051 1053
1052 1053 1054
1053 1055 1054
1056 1051 1040
1056 1040 1043
1057 1051 1056
1057 1058 1051
1055 1058 1057
1056 1059 1057
1055 1057 1059
1056 1060 1059
1043 1060 1056
1043 1061 1060
1042 1050 1061
1042 1061 1043
1049 1062 1063
1045 1032 1062
1062 1032 1064
1032 1030 1064
1030 1004 1064
1030 1028 1004
1004 1028 1013
1045 1048 1032
1045 1062 1049
1065 1066 1067
1067 1066 1068
1067 1068 1069
1068 1070 1069
1068 1071 1070
1072 1071 1068
1072 1068 1073
1074 1071 1072
1074 1075 1071
1070 1071 1075
1076 1075 1074
1076 1077 1075
1075 1077 1078
1075 1078 1079
1070 1075 1079
1080 1077 1076
1080 1081 1077
1082 1081 1080
1082 1083 1081
1084 1083 1082
1084 1085 1083
1086 1085 1084
1086 1087 1085
1078 1077 1088
1078 1088 1089
1088 1090 1089
1088 1091 1090
1091 1092 1090
1091 1093 1092
1092 1093 1094
1095 1094 1086
1095 1096 1094
1097 1096 1095
1094 1096 1098
1096 1099 1098
1097 1099 1096
1094 1098 1100
1092 1094 1100
1101 1098 1099
1101 1102 1098
1099 1097 1103
1101 1099 1103
1104 1092 1100
1104 1100 1105
1105 1100 1098
1105 1098 1102
1092 1104 1106
1104 1107 1106
1106 1107 1108
1106 1108 1109
1110 1109 1108
1110 1108 1111
1110 1111 1112
1110 1113 1109
1114 1113 1110
1114 1110 1112
1114 1115 1113
1115 1114 1116
1116 1114 1117
1117 1114 1112
1115 1116 1118
1119 1118 1116
1119 1120 1118
1120 1119 1121
1122 1121 1119
1120 1121 1123
1121 1122 1124
1112 1111 1125
1112 1125 1126
1117 1112 1126
1125 1127 1126
1125 1128 1127
1128 1125 1129
1130 1126 1127
1117 1126 1130
1131 1117 1130
1131 1132 1117
1130 1127 1133
1134 1130 1133
1134 1135 1130
1135 1134 1136
1137 1132 1131
1137 1131 1138
1138 1135 1136
1139 1137 1138
1139 1140 1137
1141 1139 1138
1141 1138 1142
1138 1136 1142
1143 1141 1142
1143 1144 1141
1145 1141 1144
1145 1146 1141
1146 1139 1141
1145 1147 1146
1147 1148 1146
1148 1140 1139
1148 1139 1146
1149 1134 1133
1149 1133 1150
1133 1127 1150
1127 1151 1150
1151 1127 1152
1127 1128 1152
1152 1128 1153
1128 1129 1153
1154 1143 1142
1154 1142 1136
1155 1153 1129
1156 1129 1157
1158 1156 1157
1159 1156 1158
1159 1158 1160
1160 1158 1161
1162 1161 1158
1161 1162 1163
1162 1158 1164
1158 1157 1164
1160 1161 1165
1165 1161 1166
1161 1163 1166
1167 1156 1159
1167 1168 1156
1169 1168 1167
1169 1152 1168
1163 1170 1166
1151 1171 1169
1172 1173 1065
1073 1173 1172
1073 1068 1173
1174 1175 1176
1174 1176 1177
1178 1175 1174
1178 1179 1175
1180 1179 1178
1180 1178 1181
1181 1178 1182
1174 1182 1178
1181 1182 1183
1183 1182 1184
1183 1184 1185
1186 1174 1177
1186 1187 1174
1174 1187 1182
1188 1184 1182
1188 1182 1187
1188 1187 1186
1188 1186 1189
1185 1184 1190
1188 1190 1184
1185 1190 1191
1191 1190 1192
1191 1192 1193
1193 1192 1194
1193 1194 1195
1188 1196 1190
1194 1192 1197
1197 1192 1190
1197 1190 1196
1194 1197 1198
1198 1197 1199
1199 1197 1196
1198 1199 1200
1199 1196 1201
1201 1196 1188
1201 1188 1189
1195 1194 1202
1195 1202 1203
1203 1202 1204
1203 1204 1205
1204 1202 1206
1206 1202 1194
1206 1194 1198
1204 1206 1207
1207 1206 1208
1208 1206 1198
1208 1198 1200
1207 1208 1209
1205 1204 1210
1205 1210 1211
1211 1210 1212
1213 1212 1210
1213 1210 1214
1214 1210 1204
1214 1204 1207
1214 1207 1209
1214 1215 1213
1214 1216 1215
1214 1209 1216
1211 1212 1217
1218 1213 1215
1212 1219 1217
1219 1212 1213
1220 1221 1222
1222 1221 1223
1222 1223 1224
1224 1223 1225
1224 1225 1226
1223 1227 1225
1223 1228 1227
1229 1227 1228
1229 1228 1230
1225 1231 1226
1225 1232 1231
1227 1232 1225
1231 1232 1233
1232 1234 1233
1234 1235 1233
1233 1235 1236
1233 1236 1237
1231 1233 1237
1234 1238 1235
1235 1238 1239
1235 1239 1240
1236 1235 1240
1241 1240 1239
1242 1240 1241
1236 1240 1242
1242 1241 1243
1241 1244 1243
1241 1245 1244
1246 1245 1241
1241 1239 1246
1246 1247 1245
1245 1247 1248
1245 1248 1249
1244 1245 1249
1250 1249 1248
1251 1249 1250
1244 1249 1251
1251 1250 1252
1252 1250 1253
1250 1254 1253
1250 1255 1254
1250 1248 1255
1252 1253 1256
1256 1253 1257
1253 1254 1257
1254 1258 1257
1254 1259 1258
1259 1254 1260
1260 1255 1248
1254 1255 1260
1260 1248 1261
1261 1248 1262
1248 1247 1262
1258 1263 1257
1262 1246 1264
1264 1246 1265
1246 1239 1265
1265 1239 1238
1265 1238 1266
1266 1238 1267
1238 1234 1267
1267 1234 1268
1267 1268 1269
1232 1268 1234
1269 1268 1227
1227 1268 1232
1269 1227 1229
1262 1247 1246
1270 1271 1272
1272 1271 1273
1228 1271 1270
1273 1271 1228
1228 1270 1230
1273 1228 1223
1274 1275 1276
1274 1276 1277
1278 1275 1274
1278 1274 1279
1280 1275 1278
1280 1281 1275
1276 1275 1281
1282 1281 1280
1282 1283 1281
1284 1283 1282
1284 1285 1283
1283 1285 1286
1283 1286 1287
1288 1285 1284
1288 1289 1285
1286 1285 1289
1290 1281 1283
1290 1283 1287
1276 1281 1290
1289 1288 1291
1279 1274 1292
1279 1292 1293
1293 1292 1294
1293 1294 1295
1295 1294 1296
1296 1294 1297
1298 1292 1274
1298 1274 1277
1297 1294 1299
1297 1299 1298
1295 1296 1300
1300 1296 1301
1300 1301 1302
1302 1301 1303
1303 1301 1304
1304 1301 1296
1303 1304 1305
1302 1303 1306
1304 1296 1307
1296 1297 1307
1306 1303 1308
1306 1308 1309
1309 1308 1310
1309 1310 1311
1310 1312 1311
1313 1303 1305
1313 1305 1314
1313 1314 1315
1313 1315 1316
1317 1316 1315
1318 1319 1124
1320 1319 1318
1319 1320 1123
1319 1123 1321
1124 1319 1121
1116 1132 1322
1116 1117 1132
1322 1119 1116
1119 1322 1122
1323 1324 1325
1326 1324 1323
1327 1324 1326
1325 1324 1328
1324 1327 1328
1327 1329 1328
1327 1330 1329
1330 1327 1331
1331 1327 1326
1330 1332 1329
1330 1333 1332
1334 1330 1331
1333 1330 1334
1335 1333 1334
1336 1333 1335
1335 1337 1336
1338 1336 1337
1333 1336 1339
1339 1332 1333
1336 1340 1339
1338 1340 1336
1341 1340 1338
1341 1342 1340
1343 1342 1341
1343 1344 1342
1343 1345 1344
1346 1347 1348
1349 1347 1346
1350 1347 1349
1350 1351 1347
1348 1347 1351
1352 1351 1350
1352 1353 1351
1348 1351 1354
1351 1355 1354
1351 1356 1355
1357 1356 1352
1357 1358 1356
1355 1356 1358
1355 1358 1359
1360 1358 1357
1358 1360 1361
1358 1361 1359
1362 1360 1357
1361 1360 1363
1360 1364 1363
1364 1360 1362
1365 1364 1362
1366 1363 1364
1364 1367 1366
1367 1364 1365
1368 1366 1367
1369 1367 1365
1370 1367 1369
1370 1371 1367
1367 1371 1368
1372 1371 1370
1372 1373 1371
1368 1371 1373
1368 1373 1374
1373 1375 1374
1373 1376 1375
1376 1373 1372
1376 1377 1375
1376 1378 1377
1377 1378 1379
1380 1379 1378
1378 1381 1380
1381 1376 1372
1378 1376 1381
1377 1379 1382
1380 1383 1379
1379 1383 1382
1384 1385 1386
1387 1384 1386
1387 1386 1388
1389 1387 1388
1389 1388 1390
1391 1389 1390
1391 1390 1392
1393 1391 1392
1393 1392 1394
1395 1393 1394
1395 1394 1396
1397 1395 1396
1397 1396 1398
1399 1397 1398
1399 1398 1400
1401 1399 1400
1401 1400 1402
1403 1401 1402
1403 1402 1404
1405 1403 1404
1405 1404 1406
1407 1396 1394
1392 1407 1394
1407 1408 1396
1409 1402 1400
1398 1409 1400
1409 1410 1402
1411 1406 1404
1402 1410 1411
1402 1411 1404
1411 1412 1406
1398 1413 1409
1396 1408 1413
1396 1413 1398
1414 1408 1407
1414 1407 1415
1415 1407 1416
1392 1416 1407
1390 1416 1392
1390 1417 1416
1418 1417 1390
1418 1390 1388
1419 1417 1418
1419 1418 1420
1420 1418 1421
1420 1421 1422
1422 1421 1423
1422 1423 1424
1424 1423 1425
1426 1421 1418
1426 1418 1388
1427 1423 1421
1427 1421 1426
1428 1423 1427
1429 1416 1417
1429 1417 1419
1415 1416 1429
1430 1429 1419
1430 1431 1429
1432 1431 1430
1432 1430 1433
1429 1431 1434
1429 1434 1415
1434 1414 1415
1434 1435 1414
1435 1436 1414
1436 1408 1414
1436 1413 1408
1437 1413 1436
1437 1409 1413
1438 1409 1437
1438 1410 1409
1439 1410 1438
1439 1411 1410
1412 1411 1439
1435 1440 1436
1441 1439 1438
1441 1442 1439
1439 1442 1412
1443 1441 1438
1443 1438 1437
1436 1440 1443
1436 1443 1437
1440 1435 1444
1443 1440 1445
1445 1440 1444
1446 1441 1443
1442 1441 1446
1446 1443 1447
1447 1443 1445
1448 1445 1444
1448 1449 1445
1450 1442 1446
1450 1451 1442
1442 1451 1412
1452 1451 1450
1412 1451 1452
1452 1450 1453
1454 1452 1453
1454 1455 1452
1456 1455 1454
1456 1457 1455
1458 1456 1454
1458 1454 1459
1453 1459 1454
1460 1458 1459
1460 1461 1458
1462 1461 1460
1462 1460 1463
1453 1464 1459
1463 1460 1465
1465 1460 1459
1465 1459 1464
1463 1465 1466
1467 1462 1463
1467 1463 1468
1466 1468 1463
1469 1467 1468
1469 1470 1467
1466 1471 1468
1472 1469 1468
1472 1468 1471
1473 1469 1472
1470 1469 1473
1473 1472 1474
1474 1475 1473
1474 1476 1475
1477 1475 1476
1476 1478 1477
1477 1478 1479
1477 1479 1480
1481 1477 1480
1481 1480 1482
1483 1480 1479
1483 1482 1480
1477 1484 1475
1484 1473 1475
1485 1484 1477
1477 1481 1485
1471 1486 1472
1471 1487 1486
1472 1486 1488
1488 1486 1489
1488 1489 1490
1476 1491 1478
1478 1491 1492
1492 1491 1488
1492 1488 1490
1474 1488 1491
1472 1488 1474
1474 1491 1476
1486 1487 1493
1486 1493 1489
1493 1487 1448
1466 1448 1487
1465 1448 1466
1465 1449 1448
1464 1449 1465
1464 1494 1449
1453 1494 1464
1453 1450 1494
1494 1450 1446
1494 1446 1447
1445 1449 1494
1445 1494 1447
1493 1448 1444
1444 1435 1493
1435 1434 1493
1434 1495 1493
1434 1431 1495
1431 1432 1495
1466 1487 1471
1496 1497 1498
1499 1497 1496
1500 1497 1499
1500 1501 1497
1433 1501 1500
1433 1430 1501
1501 1430 1419
1501 1419 1502
1498 1497 1503
1498 1503 1502
1504 1412 1455
1504 1455 1457
1505 1504 1457
1412 1452 1455
1457 1506 1505
1506 1507 1505
1508 1507 1506
1508 1509 1507
1506 1510 1508
1506 1511 1510
1511 1506 1457
1511 1457 1512
1457 1456 1512
1512 1456 1458
1512 1458 1513
1513 1511 1512
1513 1458 1461
1513 1461 1514
1514 1461 1462
1514 1462 1515
1515 1462 1467
1515 1467 1516
1516 1467 1470
1516 1470 1517
1518 1513 1514
1515 1518 1514
1518 1519 1513
1510 1511 1519
1513 1519 1511
1520 1519 1518
1520 1518 1521
1522 1515 1516
1522 1523 1515
1515 1523 1518
1524 1523 1522
1524 1522 1525
1526 1518 1523
1526 1523 1524
1527 1522 1516
1527 1516 1517
1525 1522 1527
1525 1527 1528
1528 1527 1529
1528 1529 1530
1530 1529 1485
1531 1529 1527
1531 1527 1517
1529 1531 1532
1485 1529 1532
1521 1524 1533
1521 1533 1534
1535 1521 1534
1535 1534 1536
1531 1537 1532
1517 1537 1531
1517 1470 1537
1532 1484 1485
1470 1473 1537
1510 1519 1535
1510 1535 1538
1510 1538 1508
1536 1539 1508
1536 1540 1539
1541 1542 1536
1541 1536 1543
1544 1541 1543
1544 1545 1541
1545 1544 1546
1547 1545 1546
1547 1546 1548
1549 1547 1548
1549 1550 1547
1551 1550 1549
1551 1549 1552
1553 1551 1552
1553 1554 1551
1555 1554 1553
1555 1553 1556
1557 1555 1556
1558 1557 1556
1559 1558 1556
1559 1556 1553
1559 1553 1552
1559 1552 1560
1560 1561 1549
1560 1549 1562
1562 1563 1548
1562 1548 1564
1565 1560 1562
1565 1562 1566
1566 1562 1564
1566 1564 1567
1564 1568 1567
1564 1569 1568
1524 1568 1569
1524 1569 1544
1564 1570 1569
1571 1572 1565
1571 1565 1573
1572 1571 1574
1574 1571 1575
1574 1575 1576
1576 1575 1577
1577 1575 1578
1578 1575 1571
1578 1571 1573
1579 1134 1149
1125 1580 1129
1581 1582 1583
1581 1583 1584
1397 1582 1581
1397 1581 1585
1399 1582 1397
1399 1586 1582
1583 1582 1586
1401 1586 1399
1401 1587 1586
1403 1587 1401
1403 1588 1587
1587 1588 1589
1587 1589 1590
1586 1587 1590
1405 1588 1403
1405 1591 1588
1589 1588 1591
1589 1591 1592
1586 1590 1593
1583 1586 1593
1583 1593 1594
1593 1590 1595
1593 1595 1594
1595 1590 1589
1595 1589 1596
1596 1589 1592
1592 1591 1597
1591 1598 1597
1405 1598 1591
1406 1598 1405
1412 1598 1406
1504 1598 1412
1505 1598 1504
1583 1594 1599
1600 1583 1599
1600 1584 1583
1601 1584 1600
1602 1584 1601
1602 1581 1584
1585 1581 1602
1585 1602 1603
1603 1602 1604
1603 1604 1391
1391 1604 1605
1605 1604 1606
1606 1604 1602
1606 1602 1601
1605 1606 1607
1391 1605 1608
1609 1605 1607
1608 1605 1609
1609 1607 1610
1608 1609 1611
1611 1609 1612
1612 1609 1610
1611 1612 1613
1614 1613 1612
1614 1615 1613
1612 1616 1614
1612 1617 1616
1612 1610 1617
1618 1614 1616
1614 1618 1615
1391 1608 1619
1619 1608 1611
1619 1611 1620
1620 1611 1621
1620 1621 1622
1623 1622 1621
1623 1624 1622
1621 1625 1623
1621 1626 1625
1621 1611 1626
1627 1623 1625
1623 1627 1624
1611 1628 1626
1629 1630 1631
1632 1630 1629
1633 1630 1632
1633 1634 1630
1631 1630 1634
1635 1634 1633
1635 1636 1634
1634 1636 1120
1634 1120 1637
1631 1634 1637
1638 1636 1635
1638 1639 1636
1120 1636 1639
1079 1639 1638
1079 1640 1639
1078 1640 1079
1078 1641 1640
1089 1641 1078
1089 1642 1641
1090 1642 1089
1090 1106 1642
1113 1641 1642
1113 1642 1109
1642 1106 1109
1115 1640 1641
1115 1641 1113
1639 1640 1115
1639 1115 1118
1120 1639 1118
1092 1106 1090
1643 1644 1645
1646 1644 1643
1645 1644 1647
1648 1647 1644
1648 1644 1649
1645 1647 1650
1647 1651 1650
1647 1652 1651
1653 1652 1647
1653 1647 1654
1655 1652 1653
1655 1656 1652
1601 1656 1655
1651 1652 1657
1652 1658 1657
1658 1601 1659
1658 1659 1657
1601 1600 1659
1660 1176 1175
1179 1660 1175
1179 1661 1660
1179 1180 1661
1180 1662 1661
1662 1663 1661
1661 1663 1660
1664 1665 1666
1667 1668 1666
1667 1669 1668
1668 1669 1670
1668 1670 1671
1670 1672 1671
1673 1674 1675
1674 1676 1675
1674 1677 1676
1676 1677 1678
1676 1678 1679
1680 1679 1678
1680 1681 1679
1681 1680 1682
1683 1673 1684
1685 1683 1684
1685 1684 1686
1687 1685 1686
1687 1686 1688
1689 1687 1688
1690 1689 1688
1690 1688 1681
1691 1690 1681
1682 1692 1693
1694 1695 1696
1696 1695 1697
1696 1697 1698
1697 1699 1698
1697 1700 1699
1699 1700 1701
1700 1702 1701
1701 1702 1703
1703 1704 1705
1705 1704 1706
1707 1703 1705
1708 1703 1707
1708 1709 1703
1705 1706 1710
1710 1700 1711
1710 1711 1712
1712 1697 1713
1712 1713 1714
1714 1713 1694
1715 1716 1717
1716 1718 1717
1716 1719 1718
1718 1719 1720
1718 1720 1721
1721 1720 1722
1720 1723 1722
1724 1725 1722
1726 1724 1720
1726 1727 1724
1724 1728 1725
1724 1727 1728
1725 1728 1729
1730 1726 1720
1730 1720 1731
1732 1730 1731
1732 1733 1730
1715 1733 1732
1734 1735 1736
1735 1737 1736
1735 1738 1737
1738 1739 1737
1734 1736 1740
1741 1734 1740
1742 1743 1744
1744 1743 1745
1744 1745 1746
1746 1745 1747
1746 1747 1748
1748 1747 1749
1742 1750 1743
1742 1751 1750
1751 1742 1752
1753 1754 1755
1753 1755 1756
1755 1754 1757
1755 1757 1758
1759 1753 1756
1759 1756 1760
1761 1759 1760
1761 1762 1759
1763 1762 1761
1764 1765 1766
1766 1765 1767
1766 1767 1768
1767 1769 1768
1767 1770 1769
1769 1770 1771
1769 1771 1772
1771 1773 1772
1771 1774 1773
1775 1771 1770
1776 1771 1775
1776 1774 1771
1773 1774 1777
1773 1778 1772
1772 1778 1779
1772 1779 1780
1780 1779 1781
1780 1781 1782
1782 1781 1783
1775 1784 1785
1785 1784 1786
1785 1786 1787
1787 1786 1788
1787 1788 1789
1789 1788 1764
1790 1791 1785
1783 1792 1793
1793 1792 1794
1793 1794 1795
1794 1796 1795
1794 1797 1796
1797 1798 1796
1797 1799 1798
1798 1799 1800
1801 1802 1803
1802 1804 1803
1802 1805 1804
1804 1805 1806
1804 1806 1807
1806 1808 1807
1806 1809 1808
1809 1810 1808
1811 1812 1810
1811 1813 1812
1814 1811 1810
1814 1810 1815
1813 1816 1812
1813 1817 1816
1817 1818 1816
1817 1819 1818
1819 1820 1818
1819 1821 1820
1821 1822 1820
1810 1823 1824
1823 1825 1824
1823 1826 1825
1825 1827 1824
1824 1827 1828
1824 1828 1829
1828 1830 1829
1828 1831 1830
1825 1832 1827
1826 1833 1825
1826 1834 1833
1834 1835 1833
1835 1836 1833
1836 1832 1825
1836 1825 1833
1835 1837 1836
1810 1824 1829
1810 1838 1830
1837 1839 1840
1840 1839 1841
1840 1841 1842
1842 1841 1843
1842 1843 1844
1837 1840 1845
1843 1846 1844
1843 1847 1846
1847 1848 1846
1849 1850 1851
1851 1850 1852
1851 1852 1853
1852 1854 1853
1852 1855 1854
1856 1855 1852
1856 1857 1855
1858 1857 1856
1858 1856 1859
1855 1857 1860
1855 1860 1861
1854 1855 1861
1860 1862 1861
1861 1862 1863
1861 1863 1864
1854 1861 1864
1860 1865 1862
1866 1865 1860
1866 1860 1867
1867 1857 1858
1867 1860 1857
1868 1865 1866
1869 1867 1858
1863 1870 1864
1863 1871 1870
1864 1870 1872
1864 1872 1854
1865 1868 1873
1862 1865 1873
1874 1862 1873
1874 1873 1875
1876 1874 1875
1874 1876 1877
1862 1874 1877
1862 1877 1878
1863 1862 1878
1879 1863 1878
1879 1878 1880
1863 1879 1881
1871 1863 1881
1882 1879 1880
1883 1872 1884
1883 1884 1885
1885 1884 1886
1885 1886 1887
1887 1886 1849
1849 1888 1889
1889 1888 1856
1889 1856 1890
1891 1892 1893
1859 1892 1891
1859 1894 1892
1895 1896 1897
1897 1896 1898
1897 1898 1899
1898 1900 1899
1900 1901 1899
1901 1900 1902
1903 1904 1905
1905 1904 1906
1905 1906 1907
1906 1908 1907
1906 1909 1908
1908 1910 1911
1912 1913 1914
1915 1916 1917
1915 1918 1916
1916 1918 1919
1916 1919 1920
1917 1916 1920
1920 1919 1921
1917 1920 1922
1923 1920 1924
1923 1924 1925
1926 1925 1924
1927 1928 1929
1930 1931 1932
1932 1931 1933
1932 1933 1934
1935 1936 1934
1935 1937 1936
1938 1939 1940
1938 1940 1941
1942 1938 1941
1943 1942 1941
1943 1941 1944
1940 1944 1941
1945 1943 1944
1945 1944 1946
1947 1945 1946
1947 1946 1948
1944 1949 1946
1940 1949 1944
1939 1949 1940
1950 1948 1946
1949 1950 1946
1949 1951 1950
1949 1952 1951
1939 1952 1949
1951 1953 1950
1950 1953 1948
1954 1948 1953
1953 1955 1954
1947 1948 1956
1957 1947 1956
1958 1959 1960
1958 1960 1961
1962 1958 1961
1963 1962 1961
1960 1964 1961
1960 1965 1964
1959 1965 1960
1964 1965 1966
1965 1967 1966
1965 1968 1967
1959 1968 1965
1964 1966 1969
1966 1970 1969
1966 1971 1970
1967 1971 1966
1970 1971 1972
1971 1973 1972
1971 1974 1973
1967 1974 1971
1970 1972 1975
1970 1975 1976
1973 1977 1972
1972 1977 1975
1973 1978 1977
1977 1978 1979
1977 1979 1980
1979 1981 1980
1982 1970 1976
1983 1969 1970
1983 1970 1982
1983 1964 1969
1983 1984 1964
1984 1961 1964
1985 1986 1987
1987 1986 1988
1987 1988 1989
1988 1990 1989
1988 1991 1990
1990 1991 1992
1991 1993 1992
1990 1992 1994
1995 1994 1992
1996 1997 1998
1998 1997 1999
1998 1999 2000
2000 1999 2001
2000 2001 2002
2002 2001 2003
2002 2003 2004
2004 2003 2005
2006 2007 2008
2009 2010 2011
2010 2012 2011
2010 2013 2012
2012 2014 2015
2014 2016 2015
2012 2015 2017
2015 2018 2019
2020 2021 2022
2021 2020 2023
2024 2021 2023
2023 2025 2024
2023 2026 2025
2023 2027 2026
2027 2028 2026
2029 2030 2031
2030 2032 2031
2030 2033 2032
2033 2034 2032
2033 2035 2034
2034 2035 2036
2034 2037 2032
2038 2039 2040
2039 2041 2040
2039 2042 2041
2042 2043 2041
2042 2044 2043
2044 2045 2043
2045 2046 2047
2046 2048 2047
2049 2050 2046
2049 2051 2050
2051 2052 2050
2052 2053 2050
2053 2054 2055
2048 2055 2054
2053 2055 2056
2048 2054 2057
2058 2059 2060
2058 2060 2061
2059 2062 2060
2059 2063 2062
2063 2064 2062
2063 2065 2064
2064 2065 2066
2065 2067 2066
2066 2067 2068
2066 2068 2069
2068 2070 2069
2064 2071 2062
2072 2073 2061
2072 2074 2073
2071 2073 2074
2075 2076 2077
2075 2077 2078
2079 2075 2078
2079 2078 2080
2076 2081 2077
2076 2082 2081
2082 2083 2081
2083 2084 2081
2083 2085 2084
2083 2086 2085
2086 2087 2085
2084 2088 2081
2089 2090 2091
2092 2093 2091
2092 2094 2093
2094 2095 2093
2094 2096 2095
2095 2096 2097
2096 2098 2097
2098 2099 2097
2098 2100 2099
2099 2100 2101
2099 2101 2102
2103 2102 2101
2104 2105 2106
2107 2104 2106
2107 2106 2108
2109 2107 2108
2109 2108 2110
2111 2110 2108
2105 2112 2106
2112 2108 2106
2112 2113 2108
2111 2108 2113
2114 2109 2110
2115 2116 2117
2116 2118 2117
2116 2119 2118
2118 2119 2120
2118 2120 2121
2120 2122 2121
2123 2124 2125
2124 2126 2125
2124 2127 2126
2128 2129 2126
2128 2130 2129
2130 2131 2129
2130 2132 2131
2132 2133 2131
2133 2134 2131
2134 2129 2131
2134 2135 2129
2136 2135 2137
2136 2137 2126
2138 2139 2140
2138 2140 2141
2139 2142 2140
2139 2143 2142
2143 2139 2144
2139 2138 2144
2140 2142 2145
2140 2145 2146
2146 2145 2147
2148 2146 2149
2141 2148 2149
2149 2146 2150
2151 2152 2153
2151 2153 2154
2154 2153 2155
2154 2155 2156
2156 2155 2157
2156 2157 2158
2151 2159 2152
2158 2157 2160
2161 2156 2162
2161 2162 2163
2164 2165 2161
2164 2166 2165
2164 2167 2166
2167 2168 2166
2169 2164 2161
2165 2170 2161
2171 2172 2160
2172 2173 2160
2174 2175 2176
2174 2176 2177
2177 2176 2178
2177 2178 2179
2175 2174 2180
2178 2181 2179
2182 2183 2180
2183 2182 2176
2184 2185 2178
2182 2184 2186
2186 2184 2178
2178 2185 2187
2188 2189 2190
2188 2190 2191
2189 2188 2192
2193 2190 2194
2193 2194 2195
2196 2195 2194
2196 2197 2195
2198 2197 2196
2199 2200 2192
2200 2199 2201
2200 2201 2202
2202 2201 2203
2202 2203 2194
2204 2205 2206
2204 2206 2207
2205 2204 2208
2209 2210 2208
2210 2209 2211
2210 2211 2212
2212 2211 2213
2211 2214 2213
2214 2215 2213
2215 2216 2213
2217 2216 2215
2217 2218 2216
2219 2218 2217
2219 2220 2218
2221 2222 2219
2221 2223 2222
2224 2225 2226
2224 2226 2227
2228 2225 2224
2226 2229 2227
2226 2230 2229
2231 2232 2233
2231 2233 2234
2234 2233 2235
2234 2235 2236
2232 2231 2237
2236 2235 2238
2236 2238 2239
2238 2240 2239
2241 2242 2239
2242 2241 2243
2241 2244 2243
2244 2245 2243
2239 2246 2247
2239 2247 2248
2249 2248 2241
2250 2251 2252
2250 2252 2253
2254 2251 2250
2254 2255 2251
2255 2254 2256
2257 2253 2252
2257 2258 2253
2259 2260 2261
2262 2261 2260
2261 2263 2259
2259 2263 2264
2259 2264 2265
2265 2264 2266
2265 2266 2267
2267 2266 2268
2267 2268 2269
2261 2270 2263
2271 2269 2268
2271 2272 2273
2274 2273 2272
2274 2275 2273
2276 2275 2274
2276 2277 2275
2278 2277 2276
2278 2279 2277
2280 2279 2278
2281 2282 2283
2283 2282 2284
2283 2284 2285
2284 2286 2285
2284 2287 2286
2286 2287 2288
2289 2290 2281
2291 2290 2289
2291 2292 2290
2293 2292 2291
2293 2294 2292
2295 2294 2293
2286 2296 2297
2286 2297 2298
2299 2296 2286
2299 2286 2300
2296 2301 2297
2297 2301 2302
2297 2302 2303
2296 2304 2301
2299 2304 2296
2299 2305 2304
2302 2306 2303
2307 2297 2308
2307 2308 2309
2310 2311 2303
2312 2313 2314
2314 2315 2316
2314 2316 2317
2317 2316 2318
2317 2318 2319
2320 2319 2318
2320 2321 2319
2313 2315 2322
2323 2322 2317
2324 2325 2321
2324 2326 2325
2327 2326 2324
2327 2328 2326
2329 2328 2327
2329 2330 2328
2331 2332 2333
2334 2332 2331
2333 2332 2335
2336 2335 2332
2336 2332 2337
2333 2335 2338
2335 2339 2338
2335 2340 2339
2341 2340 2335
2341 2335 2342
2343 2340 2341
2344 2340 2343
2343 2345 2344
2345 2346 2344
2345 2347 2346
2339 2348 2349
2350 2351 2352
2353 2350 2352
2354 2353 2352
2354 2352 2355
2351 2355 2352
2356 2354 2355
2356 2355 2357
2356 2357 2358
2358 2357 2359
2355 2359 2357
2351 2360 2355
2355 2360 2359
2360 2361 2359
2362 2358 2359
2363 2358 2362
2363 2362 2364
2365 2366 2367
2365 2367 2368
2369 2365 2368
2370 2369 2368
2370 2368 2371
2367 2371 2368
2372 2370 2371
2372 2371 2373
2371 2374 2373
2371 2375 2374
2367 2375 2371
2366 2375 2367
2375 2376 2374
2375 2377 2376
2366 2377 2375
2376 2378 2374
2376 2379 2378
2378 2379 2380
2366 2365 2381
2377 2366 2381
2377 2381 2382
2376 2377 2382
2376 2382 2383
2376 2383 2384
2379 2376 2384
2374 2378 2385
2374 2385 2373
2386 2385 2378
2378 2380 2386
2380 2379 2387
2387 2379 2384
2387 2384 2388
2380 2389 2386
2390 2387 2388
2390 2388 2391
2392 2393 2394
2393 2395 2394
2393 2396 2395
2395 2396 2397
2396 2398 2397
2392 2399 2400
2399 2401 2400
2399 2402 2401
2401 2402 2403
2401 2403 2404
2405 2404 2403
2406 2407 2408
2409 2410 2411
2410 2412 2411
2410 2413 2412
2413 2414 2412
2415 2416 2417
2415 2417 2418
2419 2416 2415
2419 2420 2416
2421 2420 2419
2421 2422 2420
2421 2423 2422
2424 2425 2426
2427 2425 2424
2427 2428 2425
2429 2430 2427
2429 2431 2430
2432 2431 2429
2433 2434 2435
2435 2434 2436
2435 2436 2437
2438 2439 2440
2441 2439 2438
2441 2442 2439
2443 2442 2441
2443 2444 2442
2445 2446 2447
2445 2447 2448
2448 2447 2449
2448 2449 2450
2451 2450 2449
2451 2452 2450
2453 2446 2445
2451 2454 2452
2455 2454 2451
2456 2455 2451
2456 2457 2449
2453 2458 2459
2459 2458 2460
2459 2460 2461
2461 2460 2462
2461 2462 2463
2456 2463 2462
2464 2465 2466
2464 2466 2467
2468 2465 2464
2468 2469 2465
2470 2469 2468
2470 2471 2469
2467 2466 2472
2467 2472 2473
2473 2472 2474
2473 2474 2475
2476 2477 2470
2478 2479 2480
2478 2480 2481
2481 2480 2482
2481 2482 2483
2483 2482 2484
2485 2486 2487
2485 2487 2488
2489 2488 2487
2490 2491 2492
2493 2491 2490
2493 2494 2491
2493 2495 2494
2494 2495 2496
2494 2496 2497
2496 2498 2497
2490 2492 2499
2499 2492 2500
2498 2501 2502
2503 2502 2501
2503 2504 2502
2504 2503 2505
2504 2505 2506
2506 2505 2507
2506 2507 2508
2508 2507 2509
2508 2509 2510
2511 2510 2509
2511 2512 2510
2513 2514 2515
2516 2513 2515
2492 2513 2516
2517 2518 2519
2517 2519 2520
2521 2517 2520
2522 2523 2524
2525 2523 2522
2526 2523 2525
2524 2523 2527
2523 2526 2527
2528 2526 2525
2529 2526 2528
2526 2529 2530
2526 2530 2527
2531 2529 2528
2530 2529 2532
2533 2529 2531
2529 2533 2532
2532 2533 2534
2534 2533 2535
2535 2533 2531
2536 2535 2531
2537 2534 2535
2534 2537 2538
2537 2539 2538
2540 2538 2539
2538 2540 2541
2542 2538 2541
2542 2534 2538
2534 2542 2532
2543 2540 2539
2544 2540 2543
2539 2545 2543
2539 2546 2545
2547 2543 2545
2547 2548 2543
2544 2543 2548
2549 2544 2548
2549 2548 2550
2551 2549 2550
2549 2551 2552
2553 2550 2548
2553 2548 2547
2554 2550 2553
2554 2551 2550
2555 2551 2554
2544 2549 2556
2549 2552 2556
2544 2556 2557
2558 2544 2557
2551 2559 2552
2555 2559 2551
2559 2560 2552
2559 2561 2560
2555 2561 2559
2539 2562 2546
2539 2563 2562
2562 2563 2564
2562 2564 2565
2565 2564 2566
2565 2566 2567
2567 2566 2568
2567 2568 2569
2569 2568 2570
2564 2571 2566
2564 2572 2571
2563 2572 2564
2566 2571 2573
2566 2573 2574
2573 2570 2574
2539 2575 2563
2563 2575 2572
2558 2540 2544
2540 2558 2541
2576 2577 2578
2578 2577 2579
2578 2579 2580
2579 2581 2580
2579 2582 2581
2581 2582 2583
2581 2583 2584
2585 2584 2583
2586 2587 2588
2587 2589 2588
2588 2589 2590
2588 2590 2591
2592 2588 2591
2586 2588 2592
2592 2591 2593
2593 2591 2594
2593 2594 2595
2595 2594 2596
2595 2596 2597
2591 2590 2598
2591 2598 2594
2598 2590 2599
2599 2590 2589
2598 2599 2600
2599 2589 2601
2589 2602 2601
2589 2587 2602
2603 2598 2600
2594 2598 2603
2594 2603 2596
2603 2600 2604
2596 2603 2605
2596 2605 2606
2597 2607 2606
2597 2606 2608
2608 2606 2609
2608 2609 2610
2610 2609 2611
2610 2611 2612
2612 2611 2613
2612 2613 2614
2614 2613 2615
2614 2615 2616
2616 2615 2617
2616 2617 2618
2618 2617 2619
2618 2619 2620
2620 2619 2621
2620 2621 2622
2622 2621 2623
2609 2624 2611
2609 2625 2624
2611 2624 2626
2611 2626 2613
2613 2626 2627
2613 2627 2628
2628 2627 2629
2628 2629 2630
2630 2629 2631
2631 2629 2632
2632 2629 2627
2631 2632 2633
2630 2631 2634
2632 2627 2635
2634 2631 2636
2634 2636 2637
2637 2636 2638
2638 2636 2639
2639 2636 2631
2639 2631 2633
2625 2605 2640
2640 2605 2603
2640 2603 2604
2625 2640 2641
2606 2605 2625
2606 2625 2609
2624 2642 2641
2624 2641 2643
2624 2644 2645
2624 2645 2646
2586 2647 2587
2587 2647 2602
2626 2648 2649
2626 2649 2650
2651 2652 2653
2653 2652 2654
2653 2655 2656
2655 2657 2656
2657 2658 2656
2657 2659 2658
2657 2655 2660
2659 2661 2658
2661 2659 2662
2662 2659 2663
2663 2659 2664
2664 2657 2660
2659 2657 2664
2662 2665 2661
2662 2666 2665
2662 2667 2666
2667 2662 2668
2668 2662 2663
2667 2669 2666
2667 2670 2669
2669 2670 2671
2670 2672 2671
2672 2673 2671
2674 2672 2670
2672 2675 2673
2676 2675 2672
2672 2674 2676
2675 2676 2677
2675 2678 2673
2675 2679 2678
2677 2679 2675
2678 2679 2680
2679 2681 2680
2682 2681 2679
2679 2677 2682
2683 2667 2668
2667 2683 2684
2684 2670 2667
2670 2684 2674
2685 2686 2687
2655 2686 2685
2660 2655 2685
2688 2689 2690
2690 2689 2691
2690 2691 2692
2691 2693 2692
2691 2694 2693
2694 2695 2693
2694 2696 2695
2695 2696 2697
2698 2697 2696
2699 2697 2698
2699 2700 2697
2701 2700 2699
2701 2702 2700
2700 2702 2703
2700 2703 2704
2697 2700 2704
2705 2702 2701
2705 2706 2702
2703 2702 2706
2707 2706 2705
2707 2708 2706
2709 2708 2707
2709 2710 2708
2708 2710 2711
2708 2711 2712
2706 2708 2712
2713 2710 2709
2713 2714 2710
2711 2710 2714
2711 2714 2715
2706 2712 2716
2703 2706 2716
2713 2717 2714
2714 2718 2715
2697 2704 2719
2695 2697 2719
2720 2721 2694
2720 2694 2722
2722 2694 2723
2722 2723 2724
2724 2723 2725
2724 2725 2726
2726 2725 2727
2698 2696 2720
2728 2729 2730
2731 2729 2728
2732 2729 2731
2730 2729 2733
2729 2732 2733
2732 2734 2733
2732 2735 2734
2735 2732 2736
2736 2732 2731
2735 2737 2734
2735 2738 2737
2737 2738 2739
2738 2740 2739
2740 2738 2741
2741 2738 2742
2738 2735 2742
2742 2735 2736
2740 2743 2739
2740 2744 2743
2743 2744 2745
2744 2746 2745
2746 2744 2747
2747 2744 2748
2744 2740 2748
2748 2740 2741
2746 2749 2745
2746 2750 2749
2749 2750 2751
2751 2752 2749
2753 2746 2747
2750 2746 2753
2754 2750 2753
2751 2750 2754
2751 2755 2752
2754 2756 2757
2756 2758 2757
2759 2760 2761
2762 2760 2759
2763 2760 2762
2763 2764 2760
2761 2760 2764
2761 2764 2765
2764 2763 2766
2766 2767 2764
2765 2764 2767
2767 2766 2768
2767 2769 2765
2767 2770 2769
2768 2770 2767
2771 2770 2768
2772 2770 2771
2770 2772 2769
2772 2771 2773
2771 2774 2773
2774 2775 2773
2775 2774 2776
2776 2774 2777
2777 2774 2778
2774 2771 2778
2778 2771 2768
2779 2776 2777
2780 2776 2779
2776 2780 2781
2782 2780 2779
2783 2780 2782
2775 2784 2781
2785 2780 2783
2780 2785 2781
2785 2783 2786
2787 2783 2782
2787 2788 2783
2789 2788 2786
2787 2790 2788
2791 2790 2786
2792 2793 2794
2792 2794 2795
2796 2792 2795
2793 2797 2794
2794 2797 2798
2794 2798 2799
2798 2800 2799
2799 2800 2801
2800 2802 2801
2803 2801 2802
2803 2804 2801
2804 2805 2801
2805 2804 2806
2805 2806 2807
2807 2806 2808
2808 2809 2807
2808 2810 2809
2809 2810 2811
2812 2809 2811
2812 2813 2809
2814 2813 2812
2814 2812 2815
2816 2814 2815
2816 2815 2817
2818 2817 2815
2818 2819 2817
2819 2820 2817
2820 2816 2817
2810 2808 2821
2810 2821 2822
2823 2810 2822
2810 2823 2811
2822 2821 2824
2821 2825 2824
2826 2824 2825
2827 2822 2824
2827 2828 2822
2824 2826 2829
2827 2830 2828
2829 2831 2824
2831 2827 2824
2829 2832 2831
2833 2832 2829
2834 2832 2833
2835 2834 2833
2836 2835 2833
2836 2837 2835
2834 2838 2832
2832 2838 2839
2831 2832 2839
2839 2840 2831
2827 2831 2840
2840 2830 2827
2833 2841 2836
2841 2833 2829
2842 2836 2841
2829 2842 2841
2830 2843 2828
2828 2843 2844
2845 2844 2843
2843 2846 2845
2847 2845 2846
2843 2848 2846
2849 2848 2843
2849 2850 2848
2850 2849 2851
2850 2851 2852
2852 2851 2853
2852 2853 2854
2855 2854 2853
2854 2855 2856
2854 2856 2857
2858 2857 2856
2859 2857 2858
2859 2860 2857
2846 2861 2847
2847 2861 2862
2861 2863 2862
2863 2864 2862
2863 2865 2864
2865 2866 2864
2865 2867 2866
2867 2868 2866
2867 2869 2868
2859 2870 2871
2870 2872 2871
2873 2871 2872
2873 2872 2874
2874 2875 2873
2876 2873 2875
2876 2875 2877
2878 2876 2877
2878 2877 2879
2879 2880 2878
2879 2881 2880
2881 2882 2880
2881 2883 2882
2884 2882 2883
2883 2881 2885
2886 2885 2881
2885 2886 2887
2885 2887 2888
2889 2888 2887
2890 2889 2887
2886 2890 2887
2891 2890 2886
2891 2892 2890
2890 2892 2893
2894 2890 2893
2895 2890 2894
2894 2893 2896
2896 2897 2894
2897 2898 2894
2894 2898 2895
2899 2898 2897
2899 2897 2900
2901 2899 2900
2901 2902 2899
2903 2902 2901
2903 2904 2902
2905 2902 2904
2905 2904 2906
2906 2904 2907
2907 2904 2903
2896 2908 2897
2908 2896 2909
2910 2908 2909
2910 2909 2911
2911 2912 2910
2913 2912 2911
2913 2914 2912
2915 2912 2914
2916 2912 2915
2917 2914 2913
2918 2914 2917
2918 2919 2920
2921 2917 2919
2921 2920 2802
2920 2803 2922
2923 2916 2924
2923 2924 2797
2924 2916 2925
2926 2923 2797
2927 2923 2926
2927 2928 2923
2929 2928 2927
2930 2815 2931
2812 2931 2815
2932 2931 2812
2932 2812 2933
2934 2932 2933
2934 2935 2932
2936 2935 2934
2936 2937 2935
2822 2937 2936
2844 2935 2937
2938 2844 2930
2844 2938 2935
2930 2931 2938
2844 2937 2828
2828 2937 2822
2930 2818 2815
2826 2842 2829
2842 2939 2940
2940 2939 2941
2941 2942 2940
2940 2942 2943
2942 2941 2944
2944 2941 2945
2941 2946 2945
2939 2946 2941
2946 2939 2842
2946 2947 2945
2944 2945 2948
2945 2949 2948
2947 2949 2945
2949 2947 2950
2891 2950 2947
2946 2892 2947
2947 2892 2891
2892 2946 2951
2951 2952 2892
2893 2892 2952
2950 2891 2953
2891 2886 2953
2953 2886 2881
2951 2946 2842
2954 2955 2902
2899 2902 2955
2956 2899 2955
2954 2956 2955
2956 2954 2885
2956 2957 2899
2958 2957 2956
2958 2956 2888
2885 2888 2956
2889 2958 2888
2954 2902 2905
2959 2960 2961
2959 2962 2960
2963 2962 2959
2963 2964 2962
2965 2964 2963
2884 2964 2965
2882 2884 2965
2961 2960 2966
2961 2966 2967
2859 2871 2968
