byte offset: 0
first index: 47157
index count: 2235
topology: trianglelist
format: DXGI_FORMAT_R16_UINT

12356 12357 12358
12359 12360 12361
12360 12359 12362
12361 12363 12359
12363 12361 12364
12365 12360 12362
12360 12365 12366
12366 12365 12367
12366 12367 12368
12368 12367 12369
12367 12370 12369
12367 12371 12370
12367 12372 12371
12367 12365 12372
12373 12371 12372
12372 12374 12373
12372 12375 12374
12372 12376 12375
12372 12377 12376
12378 12377 12372
12365 12378 12372
12371 12373 12379
12379 12380 12371
12371 12380 12370
12365 12362 12378
12369 12370 12381
12370 12382 12381
12382 12370 12383
12370 12384 12383
12370 12385 12384
12377 12378 12386
12378 12362 12386
12377 12386 12387
12386 12388 12387
12386 12389 12388
12362 12389 12386
12362 12359 12389
12388 12389 12390
12389 12359 12390
12388 12390 12391
12359 12392 12390
12390 12392 12393
12390 12393 12391
12393 12392 12394
12394 12392 12395
12392 12396 12395
12396 12392 12397
12392 12398 12397
12392 12399 12398
12399 12392 12400
12400 12392 12363
12392 12359 12363
12400 12401 12399
12399 12401 12402
12403 12402 12401
12401 12404 12403
12402 12403 12405
12403 12404 12406
12405 12403 12406
12405 12407 12402
12402 12407 12399
12399 12407 12408
12400 12363 12364
12398 12399 12409
12399 12410 12409
12399 12411 12410
12412 12413 12414
12412 12415 12413
12415 12412 12416
12417 12415 12416
12417 12418 12415
12418 12417 12419
12418 12419 12420
12420 12419 12421
12420 12421 12422
12422 12421 12423
12424 12422 12423
12425 12426 12427
12370 12428 12385
12429 12430 12431
12431 12430 12432
12432 12430 12433
12432 12433 12434
12435 12434 12433
12434 12435 12436
12437 12436 12435
12436 12437 12438
12438 12437 12439
12440 12429 12431
12441 12440 12431
12440 12442 12429
12440 12443 12442
12444 12445 12446
12445 12444 12447
12448 12447 12444
12447 12448 12449
12448 12450 12449
12451 12452 12453
12452 12451 12454
12452 12455 12453
12455 12452 12456
12456 12457 12455
12457 12456 12458
12458 12459 12457
12459 12458 12460
12459 12460 12461
12462 12463 12464
12465 12466 12467
12466 12465 12468
12469 12468 12465
12468 12469 12470
12466 12471 12467
12471 12466 12472
12473 12467 12471
12473 12471 12474
12474 12471 12472
12467 12473 12475
12473 12476 12475
12476 12473 12477
12477 12478 12476
12476 12478 12479
12478 12480 12479
12481 12478 12477
12481 12482 12478
12479 12480 12483
12484 12483 12480
12480 12485 12484
12485 12486 12484
12487 12486 12485
12487 12488 12486
12489 12488 12487
12487 12485 12490
12487 12490 12489
12491 12490 12485
12490 12492 12489
12491 12485 12493
12478 12493 12480
12493 12485 12480
12494 12491 12493
12493 12478 12494
12494 12478 12495
12495 12478 12482
12482 12496 12495
12497 12498 12473
12473 12498 12477
12477 12498 12481
12473 12474 12497
12499 12465 12467
12465 12499 12500
12500 12469 12465
12469 12500 12501
12475 12499 12467
12502 12503 12504
12503 12502 12505
12504 12506 12502
12506 12504 12507
12507 12508 12506
12508 12507 12509
12509 12510 12508
12510 12509 12511
12511 12512 12510
12512 12511 12513
12512 12513 12514
12513 12515 12514
12515 12516 12514
12517 12514 12516
12516 12515 12518
12515 12513 12519
12511 12519 12513
12520 12517 12516
12518 12520 12516
12517 12520 12521
12520 12518 12522
12522 12523 12520
12523 12521 12520
12524 12521 12523
12523 12525 12524
12525 12523 12526
12526 12527 12525
12527 12526 12528
12529 12528 12526
12528 12529 12530
12523 12522 12531
12526 12531 12529
12531 12526 12523
12522 12532 12531
12532 12529 12531
12532 12522 12533
12518 12533 12522
12529 12532 12534
12534 12530 12529
12528 12535 12527
12535 12528 12536
12530 12536 12528
12536 12537 12535
12537 12536 12538
12538 12539 12537
12539 12538 12540
12540 12541 12539
12541 12540 12542
12543 12542 12540
12542 12543 12544
12540 12545 12543
12545 12540 12538
12544 12546 12542
12546 12544 12547
12548 12546 12547
12549 12542 12546
12542 12549 12541
12550 12546 12548
12546 12550 12549
12550 12548 12551
12551 12548 12547
12552 12538 12536
12538 12552 12545
12536 12530 12552
12553 12552 12530
12552 12553 12554
12555 12552 12554
12555 12543 12545
12552 12555 12545
12530 12534 12553
12543 12555 12556
12557 12556 12555
12555 12554 12557
12556 12557 12558
12558 12559 12556
12559 12558 12560
12560 12561 12559
12561 12560 12562
12563 12559 12561
12563 12561 12564
12561 12565 12564
12561 12566 12565
12562 12566 12561
12562 12567 12566
12559 12563 12568
12568 12556 12559
12556 12568 12543
12515 12569 12518
12569 12515 12570
12533 12518 12569
12519 12570 12515
12570 12519 12571
12572 12571 12519
12571 12572 12573
12519 12511 12572
12509 12572 12511
12572 12509 12574
12507 12574 12509
12574 12507 12575
12575 12576 12574
12574 12577 12572
12577 12574 12576
12572 12577 12573
12507 12578 12575
12504 12578 12507
12578 12504 12579
12503 12579 12504
12505 12580 12503
12580 12505 12581
12581 12582 12580
12582 12581 12583
12505 12584 12581
12584 12505 12585
12505 12586 12585
12586 12505 12502
12587 12581 12584
12581 12587 12583
12506 12586 12502
12588 12586 12506
12589 12586 12588
12508 12588 12506
12588 12508 12590
12591 12590 12508
12590 12591 12592
12593 12592 12591
12592 12593 12594
12593 12595 12594
12596 12594 12595
12597 12596 12595
12598 12597 12595
12596 12597 12599
12594 12596 12600
12600 12592 12594
12598 12601 12597
12601 12599 12597
12601 12598 12602
12599 12601 12603
12604 12603 12601
12602 12604 12601
12605 12604 12602
12606 12604 12605
12604 12606 12607
12608 12607 12606
12607 12608 12609
12609 12610 12607
12610 12609 12611
12603 12604 12612
12607 12612 12604
12612 12607 12610
12613 12603 12612
12610 12613 12612
12603 12613 12614
12614 12599 12603
12613 12610 12615
12611 12615 12610
12616 12609 12608
12609 12616 12617
12617 12611 12609
12618 12617 12616
12617 12618 12619
12620 12619 12618
12619 12620 12621
12622 12621 12620
12621 12622 12623
12623 12624 12621
12624 12623 12625
12626 12621 12624
12621 12626 12619
12627 12625 12623
12625 12627 12628
12629 12628 12627
12630 12623 12622
12623 12630 12627
12631 12627 12630
12627 12631 12629
12631 12632 12629
12632 12628 12629
12633 12619 12626
12619 12633 12617
12611 12617 12633
12633 12634 12611
12634 12633 12635
12636 12635 12633
12624 12636 12626
12633 12626 12636
12615 12611 12634
12636 12624 12637
12637 12638 12636
12636 12638 12635
12638 12637 12639
12640 12639 12637
12639 12640 12641
12642 12641 12640
12641 12642 12643
12640 12644 12642
12644 12645 12642
12642 12645 12646
12642 12646 12647
12643 12642 12647
12643 12647 12648
12644 12640 12649
12637 12649 12640
12649 12637 12624
12650 12596 12599
12596 12650 12651
12599 12614 12650
12651 12600 12596
12600 12651 12652
12652 12653 12600
12653 12652 12654
12592 12600 12653
12653 12654 12655
12653 12590 12592
12590 12653 12656
12657 12656 12653
12657 12653 12655
12656 12658 12590
12658 12588 12590
12588 12658 12659
12660 12588 12659
12660 12589 12588
12660 12661 12589
12662 12663 12664
12662 12665 12663
12666 12663 12665
12667 12663 12666
12663 12667 12668
12664 12663 12668
12665 12669 12666
12665 12670 12669
12665 12662 12671
12671 12672 12665
12665 12672 12670
12662 12673 12671
12673 12672 12671
12673 12662 12674
12664 12674 12662
12673 12674 12675
12674 12664 12676
12673 12677 12672
12677 12673 12678
12673 12675 12678
12674 12679 12675
12679 12674 12676
12677 12680 12672
12672 12680 12681
12677 12682 12680
12677 12683 12682
12684 12683 12677
12684 12677 12685
12677 12678 12685
12686 12685 12678
12686 12678 12687
12675 12687 12678
12672 12681 12688
12689 12687 12675
12689 12675 12690
12689 12690 12691
12689 12691 12692
12692 12691 12693
12689 12692 12694
12689 12695 12687
12689 12694 12695
12694 12692 12696
12697 12696 12692
12692 12693 12697
12696 12697 12698
12699 12698 12697
12693 12699 12697
12700 12699 12693
12701 12699 12700
12699 12701 12702
12701 12703 12702
12698 12699 12704
12702 12704 12699
12704 12702 12705
12702 12703 12705
12706 12691 12690
12707 12706 12690
12708 12707 12690
12708 12690 12675
12708 12675 12679
12708 12679 12709
12710 12709 12679
12679 12711 12710
12676 12711 12679
12664 12712 12676
12713 12712 12664
12664 12714 12713
12668 12714 12664
12715 12714 12668
12667 12715 12668
12715 12667 12716
12672 12688 12717
12672 12717 12670
12670 12717 12718
12717 12719 12718
12670 12718 12669
12720 12721 12722
12723 12721 12720
12720 12724 12723
12724 12725 12723
12724 12720 12726
12722 12726 12720
12721 12723 12727
12723 12728 12727
12728 12723 12725
12724 12726 12729
12724 12729 12730
12730 12731 12724
12724 12731 12725
12730 12729 12732
12730 12732 12733
12734 12730 12733
12734 12735 12730
12730 12735 12731
12736 12731 12735
12736 12737 12731
12725 12731 12737
12738 12725 12737
12738 12739 12725
12738 12740 12739
12738 12741 12740
12741 12742 12740
12738 12743 12741
12738 12737 12744
12738 12744 12743
12743 12745 12741
12745 12746 12741
12741 12746 12742
12746 12745 12747
12747 12748 12746
12748 12747 12749
12749 12750 12748
12751 12748 12750
12748 12751 12752
12752 12753 12748
12746 12753 12742
12748 12753 12746
12751 12750 12754
12750 12749 12755
12750 12755 12754
12756 12739 12740
12757 12739 12756
12758 12739 12757
12758 12725 12739
12758 12728 12725
12758 12759 12728
12760 12728 12759
12728 12760 12761
12727 12728 12761
12721 12727 12762
12763 12721 12762
12721 12763 12764
12765 12721 12764
12721 12765 12722
12765 12766 12722
12767 12766 12765
12767 12765 12764
12766 12767 12768
12769 12770 12771
12772 12770 12769
12769 12773 12772
12773 12769 12774
12775 12774 12769
12769 12771 12775
12774 12775 12776
12770 12772 12777
12778 12770 12777
12770 12778 12779
12778 12780 12779
12780 12778 12781
12781 12782 12780
12782 12781 12783
12783 12784 12782
12784 12783 12785
12785 12786 12784
12786 12785 12787
12787 12788 12786
12788 12787 12789
12789 12790 12788
12790 12789 12791
12791 12792 12790
12792 12791 12793
12793 12794 12792
12794 12793 12795
12796 12783 12781
12778 12796 12781
12796 12778 12797
12778 12798 12797
12798 12778 12777
12799 12789 12787
12787 12800 12799
12789 12799 12801
12801 12791 12789
12791 12801 12802
12802 12793 12791
12801 12803 12802
12804 12802 12803
12802 12804 12805
12793 12802 12805
12805 12795 12793
12803 12806 12804
12803 12807 12806
12804 12806 12808
12804 12808 12809
12804 12809 12810
12805 12804 12810
12811 12810 12809
12812 12807 12803
12803 12801 12812
12799 12812 12801
12807 12812 12813
12795 12805 12810
12814 12795 12810
12814 12810 12811
12795 12814 12815
12814 12816 12815
12814 12811 12817
12814 12817 12816
12795 12815 12794
12812 12818 12813
12819 12818 12812
12820 12818 12819
12821 12820 12819
12820 12821 12822
12819 12800 12821
12823 12821 12800
12785 12823 12800
12823 12785 12783
12783 12796 12823
12800 12787 12785
12796 12824 12823
12821 12823 12824
12824 12796 12825
12797 12825 12796
12825 12797 12826
12800 12819 12799
12812 12799 12819
12826 12827 12825
12827 12824 12825
12827 12826 12828
12829 12827 12828
12827 12829 12830
12828 12831 12829
12831 12828 12832
12826 12832 12828
12824 12827 12833
12833 12827 12834
12833 12821 12824
12821 12833 12822
12797 12835 12826
12832 12826 12835
12835 12797 12798
12836 12835 12798
12798 12772 12836
12772 12837 12836
12837 12838 12836
12835 12836 12838
12838 12837 12839
12837 12772 12773
12772 12798 12777
12839 12840 12838
12835 12840 12832
12840 12835 12838
12832 12841 12831
12841 12832 12840
12841 12842 12831
12843 12831 12842
12831 12843 12829
12844 12829 12843
12829 12844 12830
12844 12845 12830
12830 12845 12846
12846 12827 12830
12842 12841 12847
12834 12827 12846
12847 12848 12842
12842 12848 12849
12842 12849 12843
12848 12847 12850
12847 12851 12850
12834 12852 12833
12833 12852 12822
12822 12852 12853
12822 12853 12854
12822 12854 12820
12820 12854 12855
12820 12855 12856
12820 12856 12818
12857 12858 12780
12780 12859 12857
12779 12780 12858
12780 12860 12859
12782 12860 12780
12861 12860 12782
12862 12861 12782
12782 12784 12862
12770 12779 12863
12770 12863 12864
12771 12770 12864
12865 12866 12867
12868 12869 12870
12869 12868 12871
12872 12871 12868
12871 12872 12873
12869 12874 12870
12874 12869 12875
12875 12876 12874
12875 12877 12876
12877 12878 12876
12876 12878 12879
12876 12879 12880
12876 12880 12881
12876 12881 12874
12880 12882 12881
12881 12882 12883
12881 12883 12884
12881 12884 12885
12881 12885 12886
12887 12881 12886
12874 12881 12887
12882 12880 12888
12888 12880 12889
12880 12879 12889
12874 12887 12870
12878 12890 12879
12891 12879 12890
12879 12891 12892
12879 12892 12893
12879 12893 12894
12886 12895 12887
12887 12895 12870
12886 12896 12895
12895 12896 12897
12895 12897 12898
12870 12895 12898
12870 12898 12868
12897 12899 12898
12898 12899 12868
12897 12900 12899
12901 12868 12899
12899 12902 12901
12899 12900 12902
12902 12903 12901
12903 12904 12901
12901 12904 12905
12905 12906 12901
12901 12906 12907
12901 12907 12908
12908 12909 12901
12909 12872 12901
12868 12901 12872
12909 12908 12910
12908 12911 12910
12912 12910 12911
12910 12912 12913
12911 12914 12912
12912 12915 12913
12914 12915 12912
12914 12911 12916
12911 12908 12916
12908 12917 12916
12909 12873 12872
12907 12918 12908
12908 12918 12919
12908 12919 12920
12921 12922 12923
12924 12921 12923
12921 12924 12925
12926 12925 12924
12926 12924 12927
12927 12928 12926
12927 12929 12928
12929 12930 12928
12929 12931 12930
12931 12932 12930
12933 12932 12931
12934 12935 12936
12879 12894 12937
12938 12939 12940
12939 12941 12940
12941 12942 12940
12941 12943 12942
12943 12944 12942
12944 12943 12945
12945 12946 12944
12946 12945 12947
12947 12948 12946
12949 12939 12938
12950 12939 12949
12949 12938 12951
12949 12951 12952
