byte offset: 0
first index: 0
index count: 12384
topology: trianglelist
format: DXGI_FORMAT_R16_UINT

0 1 2
1 3 2
3 1 4
5 3 4
3 5 6
7 6 5
6 7 8
7 9 8
9 7 10
10 11 9
11 10 12
12 13 11
14 13 12
13 14 15
14 16 15
17 18 19
19 20 17
20 19 21
21 22 20
22 21 23
23 24 22
24 23 25
25 26 24
26 25 27
28 26 27
26 28 29
30 29 28
29 30 31
30 32 31
33 21 19
18 33 19
21 33 34
34 35 21
35 34 36
36 37 35
37 36 38
38 39 37
39 38 40
40 41 39
41 40 42
42 43 41
43 42 44
44 45 43
46 33 47
46 47 48
48 49 46
50 49 48
50 51 49
51 50 52
53 51 52
51 53 54
53 55 54
47 33 56
57 56 33
33 18 57
18 58 57
59 57 58
58 18 60
60 61 58
61 62 58
59 58 62
62 61 63
61 64 63
64 61 65
65 66 64
61 60 67
67 65 61
65 67 68
68 66 65
56 57 69
59 69 57
70 69 59
71 69 70
69 71 72
73 72 71
74 72 73
73 75 74
75 73 76
77 75 76
78 79 80
81 80 79
80 81 82
81 83 82
83 81 84
84 85 83
85 84 86
87 85 86
85 87 88
89 88 87
88 89 90
90 89 91
91 92 90
92 91 93
92 93 94
95 96 97
95 98 96
98 95 99
100 99 95
99 100 101
100 102 101
102 100 103
103 104 102
104 103 105
105 106 104
106 105 107
107 108 106
108 107 109
100 95 110
110 95 97
111 100 110
111 112 100
112 111 113
113 114 112
114 113 115
115 116 114
116 115 117
117 118 116
118 117 119
109 120 108
121 118 119
122 123 124
122 124 125
125 124 126
127 122 125
128 122 127
122 128 129
122 129 130
127 125 131
128 127 131
129 128 132
131 125 133
125 126 133
128 131 134
132 128 134
135 136 137
138 139 140
141 139 138
142 143 144
144 143 145
146 147 148
149 150 151
149 151 152
151 150 153
151 153 154
153 150 155
154 153 155
154 155 156
154 156 157
156 155 158
159 151 154
152 151 159
159 154 160
155 150 161
158 155 161
162 163 164
163 162 165
166 165 162
165 166 167
168 167 166
167 168 169
168 170 169
170 168 171
171 172 170
172 171 173
173 174 172
174 173 175
175 176 174
176 175 177
177 178 176
178 177 179
179 180 178
180 179 181
181 182 180
181 183 182
182 183 184
184 183 185
185 186 184
186 185 187
187 188 186
188 187 189
189 190 188
190 189 191
191 192 190
192 191 193
193 194 192
194 193 195
195 196 194
196 195 197
197 198 196
198 197 199
199 200 198
200 199 201
200 201 202
202 203 200
203 202 204
204 205 203
205 204 206
206 207 205
207 206 208
208 209 207
209 208 210
211 209 210
211 212 209
213 212 211
212 213 214
214 215 212
215 214 216
215 216 217
218 219 220
219 218 221
219 222 220
223 222 219
222 223 224
223 225 224
225 223 226
225 226 227
226 228 227
228 226 229
228 229 230
231 230 229
230 231 232
231 233 232
233 231 234
234 235 233
236 235 234
235 236 237
236 238 237
239 238 236
239 240 238
240 239 241
242 241 239
241 242 243
244 243 242
243 244 245
246 245 244
245 246 247
248 247 246
247 248 249
250 249 248
249 250 251
252 251 250
251 252 253
254 253 252
253 254 255
256 255 254
255 256 257
256 258 257
258 256 259
259 260 258
260 259 261
261 262 260
262 261 263
264 262 263
262 264 265
264 266 265
266 264 267
268 266 267
266 268 269
269 268 270
271 272 273
272 271 274
274 275 272
275 274 276
276 277 275
277 276 278
279 277 278
277 279 280
281 280 279
280 281 282
283 282 281
282 283 284
285 284 283
284 285 286
287 286 285
286 287 288
271 273 289
290 291 292
291 293 292
293 291 294
291 295 294
295 291 296
296 291 290
294 297 293
297 298 293
298 297 299
300 298 299
298 300 301
302 301 300
303 301 302
301 303 304
305 304 303
306 304 305
304 306 307
308 307 306
307 308 309
294 310 297
311 297 310
297 311 312
313 312 311
312 313 314
315 314 313
314 315 316
315 317 316
317 315 318
318 319 317
319 318 320
320 321 319
321 320 322
322 323 321
323 322 324
324 325 323
325 324 326
326 327 325
328 325 327
325 328 309
325 309 308
327 326 329
329 330 327
330 328 327
330 329 331
331 332 330
332 333 330
330 333 328
333 332 334
335 334 332
332 331 335
334 335 336
336 337 334
337 333 334
337 336 338
333 337 339
340 339 337
338 340 337
339 340 341
340 342 341
342 340 343
343 344 342
344 343 345
346 345 343
345 346 347
345 348 344
348 345 349
347 349 345
349 347 350
351 343 340
343 351 346
340 338 351
349 352 348
352 349 353
349 350 353
350 354 353
354 352 353
354 350 355
352 354 356
357 356 354
355 357 354
356 357 358
357 355 359
359 360 357
360 358 357
360 359 361
358 360 362
363 362 360
362 363 364
363 365 364
365 363 366
366 367 365
367 366 368
369 368 366
368 370 367
370 368 371
372 368 369
368 372 371
371 373 370
373 371 374
371 372 374
373 374 375
374 372 375
369 366 376
376 366 363
376 360 361
360 376 363
377 378 379
378 377 380
381 379 378
379 381 382
383 382 381
382 383 384
385 384 383
384 385 386
387 386 385
386 387 388
389 388 387
388 389 390
391 390 389
390 391 392
393 392 391
392 393 394
395 394 393
394 395 396
397 396 395
396 397 398
399 398 397
398 399 400
399 401 400
401 399 402
402 403 401
403 402 404
404 405 403
405 404 406
405 406 407
310 294 295
164 163 408
221 218 409
410 411 412
410 412 413
410 413 414
410 414 415
410 415 416
410 416 417
410 417 418
410 418 419
410 419 420
410 420 421
410 421 422
410 422 423
410 423 424
410 424 425
410 425 426
410 426 427
410 427 428
410 428 429
410 429 430
410 430 411
431 432 433
432 431 434
435 433 432
433 435 436
437 436 435
436 437 438
439 438 437
438 439 440
441 440 439
440 441 442
443 442 441
442 443 444
445 444 443
444 445 446
445 447 446
447 445 448
448 449 447
449 448 450
450 451 449
451 450 452
452 453 451
453 452 454
454 455 453
455 454 456
456 457 455
457 456 458
458 459 457
459 458 460
460 461 459
461 460 462
462 463 461
463 462 464
464 465 463
465 464 466
466 467 465
467 466 468
468 469 467
469 468 470
434 469 470
469 434 431
471 472 473
474 472 471
472 474 475
475 476 472
476 475 477
478 476 477
476 478 479
480 477 475
477 480 481
481 478 477
472 476 482
482 476 479
472 482 473
483 473 482
473 483 484
471 473 484
484 485 471
485 484 486
487 486 484
484 483 487
487 483 488
486 487 489
488 489 487
489 488 490
488 491 490
491 488 492
492 493 491
493 492 494
495 494 492
494 495 496
496 497 494
497 496 498
492 499 495
499 492 488
499 500 495
500 496 495
500 499 501
500 501 502
503 502 501
483 501 499
501 483 504
503 501 504
482 504 483
504 482 505
504 505 503
500 506 496
506 498 496
506 507 498
508 498 507
498 508 509
510 498 509
498 510 497
509 511 510
511 509 512
513 509 508
509 513 512
508 514 513
514 508 515
515 508 516
516 508 507
516 507 517
517 507 506
517 506 518
511 519 510
519 497 510
497 519 520
520 494 497
494 520 493
519 511 521
522 511 512
513 522 512
511 522 523
514 524 513
522 513 524
524 514 525
524 526 522
526 523 522
526 524 527
528 526 527
523 526 529
530 529 526
528 530 526
529 530 531
532 531 530
531 532 533
533 534 531
534 533 535
536 535 533
535 536 537
536 538 537
538 536 539
539 536 540
539 541 538
541 539 542
542 539 540
542 543 541
543 542 544
545 542 540
544 542 545
544 545 546
540 547 545
546 545 547
546 548 544
548 546 549
550 549 546
546 547 550
549 550 551
550 552 551
552 550 553
547 553 550
551 554 549
554 551 555
552 555 551
544 556 543
556 544 548
555 552 557
555 557 558
555 559 554
555 558 559
558 560 559
561 559 560
562 561 560
560 563 562
564 562 563
562 564 565
563 560 566
560 558 566
566 567 563
568 565 564
564 569 568
565 568 570
571 570 568
563 572 564
567 572 563
572 569 564
567 566 573
566 558 573
565 574 562
561 562 574
574 575 561
575 574 576
577 576 574
576 577 578
574 565 579
570 579 565
579 570 580
580 570 581
570 571 581
581 571 582
583 578 577
578 583 584
583 585 584
571 586 582
587 582 586
582 587 588
589 588 587
588 589 590
591 590 589
590 591 592
591 593 592
593 594 592
594 593 595
596 594 595
597 596 595
597 598 596
481 599 600
478 481 600
600 599 601
602 601 599
603 601 602
602 604 603
605 604 602
599 605 602
604 605 606
606 607 604
607 606 608
608 609 607
607 609 610
609 608 611
612 609 611
604 607 613
603 604 613
613 607 610
614 608 606
608 614 615
615 611 608
606 616 614
616 606 605
617 614 616
614 617 618
618 619 614
619 618 620
611 615 621
621 622 611
611 622 612
622 623 612
624 617 616
616 625 624
625 616 605
617 624 626
605 599 625
620 627 619
627 620 628
627 628 629
480 624 625
481 480 625
481 625 599
624 480 630
630 626 624
626 630 631
475 630 480
630 475 474
474 631 630
631 474 632
471 632 474
632 471 485
632 485 633
633 634 632
634 633 635
636 634 635
634 636 637
638 637 636
637 638 639
638 640 639
640 638 641
641 642 640
642 641 643
643 644 642
644 643 645
646 644 645
647 648 649
648 647 650
650 651 648
651 650 652
651 652 653
654 653 652
653 654 655
649 623 647
623 649 656
612 623 656
657 655 654
658 655 657
658 657 659
660 661 662
663 660 662
663 662 664
662 665 664
665 662 666
662 661 666
666 667 665
666 668 667
668 666 661
668 669 667
668 670 669
670 668 671
668 661 671
672 660 663
673 669 670
669 673 674
673 675 674
676 672 663
609 672 676
610 609 676
677 678 679
680 677 679
677 680 681
682 681 680
681 682 683
684 683 682
684 685 683
686 685 684
685 686 687
688 687 686
687 688 689
690 689 688
689 690 691
692 691 690
691 692 693
694 693 692
694 695 693
695 694 696
696 697 695
697 696 698
698 699 697
699 698 700
700 701 699
701 700 702
703 701 702
701 703 704
705 704 703
704 705 706
707 706 705
706 707 708
709 708 707
708 709 710
711 710 709
710 711 712
713 712 711
712 713 714
713 715 714
715 713 716
716 717 715
717 716 718
718 719 717
719 718 720
720 721 719
721 720 722
722 723 721
723 722 724
724 725 723
725 724 726
727 725 726
725 727 728
729 728 727
728 729 730
731 730 729
730 731 732
733 732 731
732 733 734
733 735 734
735 736 734
736 735 737
737 738 736
738 737 739
739 740 738
740 739 741
741 742 740
742 741 743
743 744 742
743 745 744
745 746 744
746 745 747
747 748 746
748 747 749
748 749 750
518 506 500
500 502 518
482 479 505
751 752 753
754 751 753
753 755 754
753 756 755
757 756 753
753 752 757
757 758 756
757 759 758
760 759 757
760 757 761
761 757 752
752 762 761
762 752 763
751 763 752
751 764 763
765 764 751
754 765 751
764 765 766
767 762 763
761 762 768
769 762 767
762 769 768
770 768 769
771 770 769
768 770 772
773 772 770
772 773 774
775 768 772
761 768 775
761 775 776
776 775 777
774 778 772
777 775 778
775 772 778
778 774 779
779 780 778
777 778 780
780 779 781
777 782 776
776 782 760
782 777 783
780 783 777
761 776 760
780 781 784
783 780 784
784 785 783
782 783 786
785 786 783
785 784 787
784 781 788
787 784 788
789 782 786
790 782 789
790 791 782
782 791 760
760 791 759
790 759 791
790 792 759
792 758 759
758 792 793
793 756 758
756 793 794
794 755 756
755 794 795
796 755 795
754 755 796
796 797 754
754 797 765
797 766 765
766 797 798
799 766 798
766 799 800
801 766 800
766 801 764
799 802 800
803 800 802
801 800 803
802 804 803
804 802 805
806 805 802
802 799 806
805 806 807
808 801 803
808 809 801
809 764 801
809 763 764
805 810 804
811 804 810
811 808 812
811 812 804
812 803 804
808 803 812
808 811 813
813 809 808
767 809 813
767 763 809
767 813 814
815 813 811
813 815 814
815 816 814
817 816 815
811 810 817
811 817 815
816 817 818
819 818 817
818 819 820
819 821 820
821 819 822
823 820 821
820 823 824
824 818 820
825 817 810
817 825 819
810 805 825
807 825 805
825 807 826
819 826 822
826 819 825
814 816 771
824 823 827
827 823 828
824 827 829
830 824 829
830 831 824
830 832 831
832 830 833
833 834 832
771 832 834
834 833 835
835 773 834
816 831 832
832 771 816
831 816 818
818 824 831
834 773 770
834 770 771
771 769 814
767 814 769
836 828 823
837 836 823
823 838 837
838 823 821
821 839 838
839 840 838
840 837 838
840 839 841
839 821 822
841 842 840
842 841 843
843 844 842
843 845 844
846 844 845
846 845 847
845 843 848
848 843 841
848 849 845
845 849 847
849 850 847
849 848 851
849 852 850
849 851 852
848 853 851
851 853 852
853 854 852
854 853 855
855 806 854
806 855 807
848 856 853
856 855 853
855 856 857
857 807 855
807 857 826
841 857 856
848 841 856
857 841 839
839 826 857
826 839 822
852 854 858
850 852 858
859 850 858
850 859 860
861 860 859
860 861 862
862 863 860
847 860 863
859 797 861
797 859 798
864 862 861
864 861 797
865 864 797
864 865 866
867 864 866
864 867 862
862 867 868
862 868 863
868 869 863
869 868 870
846 863 869
846 847 863
870 871 869
872 869 871
869 872 846
871 873 872
874 872 873
873 871 875
875 876 873
876 875 877
878 875 871
870 878 871
870 879 878
879 880 878
881 877 875
880 881 878
878 881 875
877 881 882
883 882 881
880 883 881
882 883 884
885 880 879
880 885 886
886 883 880
883 887 884
883 886 887
888 886 885
886 888 889
887 886 889
889 890 887
887 891 884
890 891 887
892 888 885
893 892 885
893 885 894
895 894 885
895 896 894
893 894 896
895 897 896
895 870 897
897 898 896
870 895 879
879 895 885
897 899 898
897 867 899
867 866 899
866 900 899
900 866 901
865 901 866
899 902 898
902 899 900
898 903 896
903 898 902
893 896 903
867 897 868
870 868 897
904 905 906
905 904 907
906 908 904
908 906 909
909 910 908
907 911 905
911 907 912
912 913 911
913 912 914
914 915 913
916 915 914
916 917 915
908 910 918
919 918 910
920 918 919
919 921 920
921 919 922
923 921 922
924 925 926
925 924 927
928 927 924
927 928 929
930 929 928
929 930 931
932 931 930
931 932 933
934 933 932
933 934 935
936 926 925
937 935 934
926 936 938
936 939 938
939 940 938
941 942 943
942 941 944
945 943 942
943 945 946
947 946 945
946 947 948
949 948 947
948 949 950
951 944 941
944 951 952
950 953 948
954 953 950
953 954 955
956 955 954
955 956 957
951 958 952
958 951 959
959 960 958
960 959 961
962 960 961
956 963 957
957 963 964
964 963 965
965 966 964
966 965 967
967 968 966
968 967 969
970 968 969
971 972 973
974 975 976
975 974 977
975 978 976
977 974 979
980 977 979
981 980 979
980 981 982
983 982 981
982 983 984
985 986 987
985 988 986
989 990 991
992 993 994
993 992 995
992 996 995
997 998 999
1000 1001 1002
1001 1003 1002
1003 1001 1004
1004 1005 1003
1006 1005 1004
1007 1005 1006
1008 1007 1006
1005 1007 1009
1007 1008 1010
1007 1010 1011
1011 1009 1007
1009 1011 1012
1013 1012 1011
1012 1013 1014
1013 1015 1014
1015 1013 1016
1013 1017 1016
1017 1013 1018
1011 1018 1013
1016 1019 1015
1019 1016 1020
1020 1021 1019
1021 1020 1022
1022 1023 1021
1023 1022 1024
1024 1025 1023
1025 1024 1026
1026 1027 1025
1027 1026 1028
1028 1029 1027
1029 1028 1030
1031 1016 1017
1016 1031 1020
1031 1022 1020
1018 1032 1017
1032 1018 1033
1034 1033 1018
1018 1011 1034
1033 1034 1035
1035 1034 1036
1037 1026 1024
1024 1038 1037
1031 1039 1038
1039 1031 1040
1038 1041 1037
1041 1038 1039
1042 1037 1041
1037 1042 1043
1042 1044 1043
1044 1042 1045
1045 1046 1044
1046 1045 1047
1047 1048 1046
1048 1047 1049
1049 1050 1048
1050 1049 1051
1051 1052 1050
1026 1037 1043
1028 1043 1044
1043 1028 1026
1030 1044 1046
1044 1030 1028
1053 1046 1048
1046 1053 1030
1054 1048 1050
1048 1054 1053
1050 1055 1054
1050 1052 1055
1052 1056 1055
1056 1052 1057
1057 1058 1056
1058 1057 1059
1059 1060 1058
1060 1059 1061
1061 1062 1060
1062 1061 1063
1063 1064 1062
1064 1063 1065
1065 1066 1064
1066 1065 1067
1067 1068 1066
1068 1067 1069
1069 1070 1068
1070 1069 1071
1071 1072 1070
1072 1071 1073
1073 1074 1072
1074 1073 1075
1075 1076 1074
1076 1075 1077
1077 1078 1076
1078 1079 1076
1079 1078 1080
1081 1079 1080
1080 1082 1081
1082 1080 1083
1084 1082 1083
1082 1084 1085
1086 1085 1084
1085 1086 1087
1087 1086 1088
1089 1073 1090
1090 1091 1089
1091 1092 1089
1091 1093 1092
1093 1094 1092
1093 1095 1094
1073 1096 1090
1096 1073 1071
1097 1096 1071
1071 1069 1097
1069 1098 1097
1069 1099 1098
1099 1069 1067
1067 1100 1099
1100 1067 1065
1065 1101 1100
1101 1065 1063
1063 1102 1101
1102 1063 1061
1061 1103 1102
1103 1104 1102
1104 1103 1105
1103 1061 1059
1059 1106 1103
1106 1105 1103
1106 1059 1057
1057 1107 1106
1107 1108 1106
1105 1106 1108
1108 1107 1109
1109 1107 1110
1107 1057 1052
1052 1111 1107
1110 1107 1111
1112 1110 1111
1110 1112 1113
1051 1112 1111
1111 1052 1051
1112 1051 1049
1114 1113 1112
1113 1114 1115
1116 1115 1114
1114 1117 1116
1118 1116 1117
1116 1118 1119
1120 1119 1118
1119 1120 1121
1122 1121 1120
1121 1122 1123
1124 1123 1122
1122 1040 1124
1040 1122 1039
1120 1039 1122
1123 1124 1125
1125 1126 1123
1126 1125 1127
1125 1128 1127
1032 1124 1040
1040 1017 1032
1017 1040 1031
1124 1032 1129
1125 1129 1128
1129 1125 1124
1033 1129 1032
1129 1033 1130
1130 1128 1129
1128 1130 1131
1130 1132 1131
1132 1130 1133
1035 1130 1033
1130 1035 1133
1133 1035 1036
1131 1134 1128
1132 1134 1131
1128 1134 1135
1127 1128 1135
1022 1031 1038
1038 1024 1022
1036 1034 1010
1011 1010 1034
1136 1137 1138
1137 1136 1139
1139 1140 1137
1140 1139 1141
1142 1136 1138
1141 1143 1140
1143 1141 1144
1144 1145 1143
1145 1144 1146
1146 1147 1145
1147 1146 1148
1148 1149 1147
1149 1148 1150
1150 1151 1149
1151 1150 1152
1152 1153 1151
1153 1152 1154
1154 1155 1153
1155 1154 1156
1156 1157 1155
1157 1156 1158
1158 1159 1157
1159 1158 1160
1160 1161 1159
1161 1160 1162
1162 1163 1161
1163 1162 1164
1164 1165 1163
1165 1164 1166
1166 1167 1165
1167 1166 1168
1168 1169 1167
1169 1168 1170
1171 1169 1170
1169 1171 1172
1173 1172 1171
1172 1173 1174
1175 1174 1173
1174 1175 1176
1177 1176 1175
1176 1177 1178
1177 1179 1178
1179 1177 1180
1180 1181 1179
1181 1180 1182
1181 1182 1183
1184 1185 1186
1185 1184 1187
1184 1188 1187
1188 1184 1189
1189 1190 1188
1190 1189 1191
1191 1192 1190
1192 1191 1193
1193 1194 1192
1194 1193 1195
1195 1196 1194
1196 1195 1197
1198 1186 1185
1186 1198 1199
1200 1199 1198
1199 1200 1201
1200 1202 1201
1202 1200 1203
1203 1204 1202
1204 1203 1205
1206 1204 1205
1204 1206 1207
1208 1207 1206
1207 1208 1209
1210 1209 1208
1209 1210 1211
1212 1211 1210
1211 1212 1213
1214 1213 1212
1213 1214 1215
1216 1215 1214
1215 1216 1217
1216 1218 1217
1218 1216 1219
1219 1220 1218
1220 1219 1221
1221 1222 1220
1223 1224 1225
1224 1223 1226
1225 1227 1223
1223 1227 1228
1228 1226 1223
1227 1225 1229
1229 1230 1227
1230 1231 1227
1230 1229 1232
1233 1232 1229
1232 1233 1234
1235 1232 1234
1232 1235 1236
1230 1232 1237
1237 1232 1236
1238 1229 1225
1229 1238 1233
1225 1239 1238
1239 1225 1224
1240 1234 1233
1234 1240 1241
1242 1233 1238
1233 1242 1240
1243 1240 1242
1240 1243 1244
1244 1241 1240
1245 1234 1241
1234 1245 1235
1241 1246 1245
1246 1241 1247
1241 1244 1247
1242 1248 1243
1248 1242 1249
1249 1238 1239
1238 1249 1242
1250 1243 1248
1243 1250 1251
1251 1244 1243
1244 1251 1252
1252 1247 1244
1253 1252 1251
1253 1251 1250
1252 1253 1254
1255 1254 1253
1254 1255 1256
1257 1256 1255
1256 1257 1258
1259 1258 1257
1247 1252 1260
1254 1260 1252
1260 1254 1261
1256 1261 1254
1261 1256 1262
1258 1262 1256
1262 1258 1263
1259 1263 1258
1263 1259 1264
1265 1264 1259
1264 1265 1266
1267 1266 1265
1266 1267 1268
1269 1268 1267
1268 1269 1270
1271 1270 1269
1270 1271 1272
1273 1272 1271
1272 1273 1274
1275 1260 1261
1260 1275 1276
1261 1277 1275
1263 1277 1262
1277 1261 1262
1274 1273 1278
1273 1279 1278
1280 1278 1279
1281 1280 1279
1282 1280 1281
1283 1282 1281
1283 1284 1282
1282 1284 1285
1286 1285 1284
1285 1286 1287
1286 1288 1287
1288 1286 1289
1289 1290 1288
1291 1290 1289
1291 1292 1290
1292 1291 1293
1292 1293 1294
1295 1296 1297
1296 1295 1298
1296 1299 1297
1299 1296 1300
1300 1301 1299
1302 1299 1301
1299 1302 1303
1303 1297 1299
1301 1304 1302
1304 1301 1305
1305 1306 1304
1306 1305 1307
1301 1300 1308
1308 1305 1301
1307 1305 1309
1305 1308 1310
1309 1305 1310
1297 1303 1311
1311 1197 1297
1197 1311 1196
1307 1312 1306
1247 1276 1246
1276 1247 1260
1277 1263 1313
1264 1313 1263
1313 1264 1314
1315 1314 1264
1314 1315 1316
1317 1316 1315
1316 1317 1318
1319 1318 1317
1318 1319 1320
1321 1320 1319
1320 1321 1322
1323 1322 1321
1322 1323 1324
1325 1324 1323
1324 1325 1326
1327 1326 1325
1326 1327 1328
1329 1328 1327
1226 1228 1330
1228 1331 1330
1331 1228 1332
1332 1333 1331
1333 1332 1334
1332 1335 1334
1336 1335 1332
1228 1336 1332
1337 1336 1228
1337 1338 1336
1338 1337 1231
1338 1339 1336
1336 1339 1335
1338 1231 1340
1231 1230 1340
1340 1230 1237
1338 1341 1339
1338 1340 1341
1227 1231 1337
1228 1227 1337
1339 1341 1342
1237 1236 1343
1343 1344 1237
1344 1343 1345
1345 1346 1344
1346 1345 1347
1347 1348 1346
1348 1347 1349
1349 1350 1348
1295 1351 1298
1352 1353 1354
1355 1353 1352
1353 1356 1354
1357 1354 1356
1354 1357 1358
1359 1358 1357
1358 1359 1360
1361 1362 1363
1362 1361 1364
1364 1365 1362
1365 1363 1362
1365 1364 1366
1363 1365 1367
1368 1367 1365
1367 1368 1369
1370 1369 1368
1369 1370 1371
1370 1372 1371
1370 1373 1372
1374 1372 1373
1372 1374 1375
1376 1375 1374
1375 1376 1377
1378 1377 1376
1377 1378 1379
1380 1379 1378
1379 1380 1381
1382 1381 1380
1381 1382 1383
1373 1370 1384
1368 1384 1370
1384 1368 1385
1365 1385 1368
1385 1365 1366
1386 1387 1388
1387 1386 1389
1390 1387 1389
1390 1391 1387
1390 1392 1391
1392 1390 1393
1394 1392 1393
1395 1396 1397
1396 1395 1398
1397 1399 1395
1399 1397 1400
1400 1401 1399
1401 1400 1402
1402 1403 1401
1403 1402 1404
1405 1403 1404
1403 1405 1406
1406 1405 1407
1398 1408 1396
1408 1398 1409
1409 1410 1408
1410 1409 1411
1412 1413 1414
1413 1412 1415
1416 1414 1413
1414 1416 1417
1418 1417 1416
1417 1418 1419
1420 1415 1412
1415 1420 1421
1422 1419 1418
1419 1422 1423
1424 1421 1420
1421 1424 1425
1424 1426 1425
1427 1423 1422
1425 1426 1428
1429 1428 1426
1428 1429 1430
1117 1114 1431
1431 1045 1117
1042 1117 1045
1117 1042 1118
1041 1118 1042
1118 1041 1120
1039 1120 1041
1045 1431 1047
1049 1047 1431
1112 1431 1114
1049 1431 1112
1432 1433 1434
1433 1432 1435
1436 1435 1432
1435 1436 1437
1438 1434 1433
1434 1438 1439
1440 1439 1438
1439 1440 1441
1442 1441 1440
1441 1442 1443
1444 1443 1442
1443 1444 1445
1446 1445 1444
1445 1446 1447
1437 1436 1448
1449 1447 1446
1447 1449 1450
1451 1450 1449
1450 1451 1452
1453 1452 1451
1452 1453 1454
1455 1454 1453
1454 1455 1456
1457 1456 1455
1456 1457 1458
1459 1458 1457
1458 1459 1460
1461 1460 1459
1460 1461 1462
1462 1461 1463
1464 1465 1448
1465 1464 1466
1467 1466 1464
1466 1467 1468
1437 1448 1465
1469 1468 1467
1470 1468 1469
1471 1470 1469
1470 1471 1472
1473 1472 1471
1471 1474 1473
1475 1123 1126
1123 1475 1121
1476 1121 1475
1121 1476 1119
1477 1119 1476
1119 1477 1116
1115 1116 1477
1478 1479 1480
1479 1478 1481
1482 1480 1479
1480 1482 1483
1482 1104 1483
1104 1482 1102
1478 1484 1481
1484 1478 1485
1485 1486 1484
1486 1485 1487
1487 1488 1486
1488 1487 1489
1489 1490 1488
1490 1489 1491
1492 1490 1491
1493 1494 1495
1030 1053 1029
1496 1497 1498
1497 1499 1498
1500 1501 527
1500 527 524
525 1500 524
1501 528 527
1501 1502 528
1502 1503 528
1503 530 528
1503 532 530
1503 1504 532
1504 533 532
533 1504 536
1504 1503 1505
1503 1506 1505
1503 1502 1506
1507 1505 1506
1505 540 1504
536 1504 540
540 1505 1508
1507 1508 1505
547 540 1508
1508 1509 547
1508 1507 1509
547 1509 553
1510 1511 1512
1513 1511 1510
1513 1514 1511
1515 1511 1514
1511 1515 1516
1511 1516 1512
1516 1515 1517
1516 1518 1512
1518 1516 1517
1518 1517 1519
1520 1518 1519
1518 1520 1521
1518 1521 1512
1522 1513 1510
1519 1523 1520
1523 1519 1524
1523 1524 1525
1526 1513 1522
568 1526 1522
569 1526 568
1527 1528 1529
1528 1527 1530
1531 1529 1528
1529 1531 1532
1533 1532 1531
1532 1533 1534
1533 1535 1534
1535 1533 1536
1537 1530 1527
1536 1538 1535
1538 1536 1539
1540 1538 1539
1538 1540 556
556 1540 543
548 1541 556
1541 548 1542
1542 1543 1541
1543 1542 1544
1544 575 1543
575 1544 561
559 561 1544
1544 554 559
554 1544 1542
549 1542 548
1542 549 554
531 1545 529
1545 531 534
1546 529 1545
529 1546 523
1546 511 523
511 1546 521
557 573 558
1547 1548 876
1549 1548 1547
1548 1549 1550
1551 1550 1549
1550 1551 1552
1551 837 1552
1551 1553 837
837 1553 836
1552 842 1550
842 1552 840
837 840 1552
874 1550 842
1550 874 1548
844 874 842
874 844 872
846 872 844
1548 873 876
1548 874 873
859 799 798
799 859 858
854 799 858
799 854 806
1554 1555 1556
1555 1554 1557
1558 1557 1554
1557 1558 1559
1559 1558 1560
1561 1556 1555
1556 1561 1562
1563 1562 1561
1562 1563 1564
1564 1563 1565
1566 1564 1565
1566 1565 1567
1558 1568 1560
1569 1560 1568
1570 1569 1568
1571 1569 1570
1569 1571 1572
1573 1572 1571
1574 1575 1576
1575 1574 1577
1576 1578 1574
1578 1576 1579
1579 1580 1578
1580 1579 1581
1581 1582 1580
1582 1581 1583
1583 1584 1582
1584 1583 1585
1586 1575 1577
1587 1584 1585
1577 1588 1586
1586 1588 1589
1589 1588 1590
1591 1592 1593
1592 1591 1594
1594 1595 1592
1595 1594 1596
1596 1597 1595
1597 1596 1598
1598 1599 1597
1599 1598 1600
1593 1601 1591
1601 1593 1602
1600 1598 1603
1603 1604 1600
1604 1603 1605
1605 1606 1604
1606 1605 1607
1608 1601 1602
1601 1608 1609
1610 1609 1608
1609 1610 1611
1612 1611 1610
1606 1607 1613
1607 1614 1613
1614 1615 1613
1616 1615 1614
1615 1616 1617
1618 1617 1616
1617 1618 1619
1620 1619 1618
1621 1622 1623
1624 1625 1626
1625 1624 1627
1625 1627 1628
1626 1629 1624
1630 1629 1626
1630 1631 1629
1631 1630 1632
1632 1633 1631
1633 1632 1634
1635 1636 1637
1635 1637 1638
1639 1640 1641
1642 1643 1644
1643 1642 1645
1642 1644 1646
1647 1648 1649
1000 1002 1650
1003 1650 1002
1650 1003 1651
1651 1003 1005
1652 1651 1005
1005 1653 1652
1654 1652 1653
1653 1005 1009
1653 1655 1654
1653 1656 1655
1009 1656 1653
1656 1009 1012
1012 1657 1656
1657 1012 1014
1015 1657 1014
1657 1015 1658
1659 1657 1658
1657 1659 1660
1660 1656 1657
1019 1658 1015
1658 1019 1661
1662 1661 1019
1661 1662 1663
1664 1663 1662
1663 1664 1665
1666 1665 1664
1665 1666 1667
1668 1667 1666
1667 1668 1669
1670 1669 1668
1669 1670 1671
1658 1672 1659
1672 1658 1661
1663 1672 1661
1673 1660 1659
1660 1673 1674
1674 1675 1660
1656 1660 1675
1675 1674 1676
1676 1677 1675
1667 1678 1665
1679 1665 1678
1680 1672 1679
1672 1680 1681
1682 1679 1678
1679 1682 1680
1678 1683 1682
1683 1678 1684
1685 1683 1684
1683 1685 1686
1687 1686 1685
1686 1687 1688
1689 1688 1687
1688 1689 1690
1691 1690 1689
1690 1691 1692
1692 1691 1693
1665 1679 1663
1684 1669 1685
1669 1684 1667
1678 1667 1684
1671 1685 1669
1685 1671 1687
1694 1687 1671
1687 1694 1689
1695 1689 1694
1689 1695 1691
1691 1695 1696
1691 1696 1693
1697 1693 1696
1693 1697 1698
1699 1698 1697
1698 1699 1700
1701 1700 1699
1700 1701 1702
1703 1702 1701
1702 1703 1704
1705 1704 1703
1704 1705 1706
1707 1706 1705
1706 1707 1708
1709 1708 1707
1708 1709 1710
1711 1710 1709
1710 1711 1712
1713 1712 1711
1712 1713 1714
1715 1714 1713
1714 1715 1716
1717 1716 1715
1716 1717 1718
1718 1717 1719
1719 1717 1720
1720 1721 1719
1722 1721 1720
1723 1721 1722
1721 1723 1724
1723 1725 1724
1725 1723 1726
1726 1727 1725
1727 1726 1728
1728 1729 1727
1730 1731 1714
1731 1730 1732
1732 1730 1733
1732 1733 1734
1734 1733 1735
1734 1735 1736
1714 1731 1737
1737 1712 1714
1738 1712 1737
1712 1738 1710
1710 1738 1739
1740 1710 1739
1710 1740 1708
1741 1708 1740
1708 1741 1706
1742 1706 1741
1706 1742 1704
1743 1704 1742
1704 1743 1702
1744 1702 1743
1745 1744 1743
1744 1745 1746
1702 1744 1700
1747 1700 1744
1746 1747 1744
1700 1747 1698
1748 1698 1747
1749 1748 1747
1747 1746 1749
1748 1749 1750
1750 1751 1748
1698 1748 1693
1752 1693 1748
1751 1752 1748
1751 1753 1752
1753 1751 1754
1753 1692 1752
1693 1752 1692
1692 1753 1690
1754 1755 1753
1755 1754 1756
1756 1757 1755
1758 1755 1757
1757 1759 1758
1759 1757 1760
1760 1761 1759
1761 1760 1762
1762 1763 1761
1763 1762 1764
1764 1765 1763
1681 1763 1765
1763 1681 1680
1680 1761 1763
1765 1764 1766
1767 1766 1764
1766 1767 1768
1766 1768 1769
1765 1673 1681
1659 1681 1673
1681 1659 1672
1673 1765 1770
1766 1770 1765
1770 1766 1769
1770 1674 1673
1674 1770 1771
1769 1771 1770
1771 1769 1772
1773 1771 1772
1771 1773 1774
1771 1676 1674
1676 1771 1774
1774 1677 1676
1772 1769 1775
1773 1772 1775
1769 1776 1775
1768 1776 1769
1672 1663 1679
1677 1655 1675
1656 1675 1655
1777 1778 1779
1778 1777 1780
1781 1779 1778
1779 1781 1782
1783 1780 1777
1784 1782 1781
1782 1784 1785
1786 1785 1784
1785 1786 1787
1788 1787 1786
1787 1788 1789
1790 1789 1788
1789 1790 1791
1792 1791 1790
1791 1792 1793
1794 1793 1792
1793 1794 1795
1796 1795 1794
1795 1796 1797
1798 1797 1796
1797 1798 1799
1800 1799 1798
1799 1800 1801
1802 1801 1800
1801 1802 1803
1804 1803 1802
1803 1804 1805
1806 1805 1804
1805 1806 1807
1808 1807 1806
1807 1808 1809
1810 1809 1808
1809 1810 1811
1810 1812 1811
1812 1810 1813
1813 1814 1812
1814 1813 1815
1815 1816 1814
1816 1815 1817
1817 1818 1816
1818 1817 1819
1820 1818 1819
1818 1820 1821
1822 1821 1820
1821 1822 1823
1822 1824 1823
1825 1826 1827
1826 1825 1828
1829 1825 1827
1825 1829 1830
1831 1830 1829
1830 1831 1832
1833 1832 1831
1832 1833 1834
1835 1834 1833
1834 1835 1836
1837 1836 1835
1836 1837 1838
1828 1839 1826
1839 1828 1840
1840 1841 1839
1841 1840 1842
1843 1841 1842
1841 1843 1844
1845 1844 1843
1844 1845 1846
1845 1847 1846
1847 1845 1848
1848 1849 1847
1849 1848 1850
1850 1851 1849
1851 1850 1852
1852 1853 1851
1853 1852 1854
1854 1855 1853
1855 1854 1856
1856 1857 1855
1857 1856 1858
1859 1857 1858
1857 1859 1860
1861 1860 1859
1860 1861 1862
1862 1861 1863
1864 1865 1866
1865 1864 1867
1868 1867 1864
1864 1869 1868
1866 1869 1864
1867 1868 1870
1871 1870 1868
1871 1868 1872
1870 1871 1873
1873 1874 1870
1874 1873 1875
1873 1876 1875
1876 1873 1877
1871 1878 1873
1878 1877 1873
1879 1870 1874
1870 1879 1867
1867 1880 1865
1880 1867 1879
1875 1881 1874
1881 1875 1882
1883 1874 1881
1874 1883 1879
1881 1884 1883
1884 1881 1885
1882 1885 1881
1886 1875 1876
1875 1886 1882
1887 1882 1886
1882 1887 1888
1885 1882 1888
1889 1883 1884
1883 1889 1890
1890 1879 1883
1879 1890 1880
1884 1891 1889
1891 1884 1892
1885 1892 1884
1892 1885 1893
1888 1893 1885
1893 1894 1892
1894 1891 1892
1894 1893 1895
1895 1896 1894
1896 1895 1897
1897 1898 1896
1898 1897 1899
1900 1898 1899
1893 1888 1901
1901 1895 1893
1895 1901 1902
1902 1897 1895
1897 1902 1903
1903 1899 1897
1899 1903 1904
1904 1900 1899
1900 1904 1905
1905 1906 1900
1906 1905 1907
1907 1908 1906
1908 1907 1909
1909 1910 1908
1910 1909 1911
1911 1912 1910
1912 1911 1913
1913 1914 1912
1914 1913 1915
1901 1916 1902
1916 1901 1917
1902 1918 1903
1918 1904 1903
1918 1902 1916
1904 1918 1919
1919 1905 1904
1915 1920 1914
1914 1920 1921
1922 1921 1920
1923 1921 1922
1924 1923 1922
1925 1923 1924
1925 1924 1926
1924 1927 1926
1927 1928 1926
1928 1927 1929
1930 1928 1929
1928 1930 1931
1931 1930 1932
1933 1931 1932
1934 1933 1932
1933 1934 1935
1934 1936 1935
1937 1938 1939
1938 1937 1940
1941 1937 1939
1937 1941 1942
1943 1942 1941
1941 1944 1943
1944 1941 1945
1939 1945 1941
1946 1943 1944
1943 1946 1947
1948 1947 1946
1947 1948 1949
1942 1943 1950
1947 1950 1943
1949 1951 1947
1950 1947 1952
1951 1952 1947
1945 1939 1953
1838 1953 1939
1953 1838 1837
1949 1948 1954
1888 1917 1901
1917 1888 1887
1905 1919 1955
1955 1956 1905
1956 1955 1957
1957 1958 1956
1958 1957 1959
1959 1960 1958
1960 1959 1961
1961 1962 1960
1962 1961 1963
1963 1964 1962
1964 1963 1965
1965 1966 1964
1966 1965 1967
1967 1968 1966
1968 1967 1969
1970 1968 1969
1869 1866 1330
1331 1869 1330
1869 1331 1971
1333 1971 1331
1971 1333 1972
1971 1972 1973
1974 1971 1973
1869 1971 1974
1975 1869 1974
1976 1975 1974
1975 1976 1872
1976 1974 1977
1974 1973 1977
1976 1978 1872
1872 1978 1871
1978 1878 1871
1976 1977 1979
1976 1979 1978
1868 1975 1872
1869 1975 1868
1977 1980 1979
1878 1981 1877
1982 1981 1878
1981 1982 1983
1984 1983 1982
1983 1984 1985
1986 1985 1984
1985 1986 1987
1987 1986 1988
1938 1940 1989
1990 1991 1992
1993 1990 1992
1992 1991 1994
1991 1995 1994
1995 1991 1996
1996 1997 1995
1997 1996 1998
1999 2000 2001
2001 2002 1999
2003 2002 2001
2000 2003 2001
2002 2003 2004
2003 2000 2005
2005 2006 2003
2006 2005 2007
2007 2008 2006
2008 2007 2009
2008 2009 2010
2011 2008 2010
2010 2012 2011
2012 2010 2013
2013 2014 2012
2014 2013 2015
2015 2016 2014
2016 2015 2017
2017 2018 2016
2018 2017 2019
2019 2020 2018
2020 2019 2021
2008 2011 2022
2022 2006 2008
2006 2022 2023
2023 2003 2006
2003 2023 2004
2024 2025 2026
2025 2024 2027
2028 2026 2025
2028 2025 2029
2030 2028 2029
2028 2030 2031
2032 2031 2030
2033 2034 2035
2034 2033 2036
2037 2036 2033
2036 2037 2038
2039 2038 2037
2038 2039 2040
2041 2040 2039
2040 2041 2042
2041 2043 2042
2043 2041 2044
2044 2045 2043
2046 2035 2034
2035 2046 2047
2048 2047 2046
2047 2048 2049
2050 2051 2052
2051 2050 2053
2053 2054 2051
2054 2053 2055
2055 2056 2054
2056 2055 2057
2052 2058 2050
2058 2052 2059
2057 2060 2056
2060 2057 2061
2059 2062 2058
2062 2059 2063
2062 2063 2064
2065 2060 2061
2063 2066 2064
2066 2067 2064
2067 2066 2068
1755 1758 2069
1686 2069 1758
1758 1683 1686
1683 1758 1759
1759 1682 1683
1682 1759 1761
1761 1680 1682
2069 1686 1688
1690 2069 1688
1753 1755 2069
1690 1753 2069
2070 2071 2072
2071 2070 2073
2072 2074 2070
2074 2072 2075
2073 2076 2071
2076 2073 2077
2077 2078 2076
2078 2077 2079
2079 2080 2078
2080 2079 2081
2081 2082 2080
2082 2081 2083
2083 2084 2082
2084 2083 2085
2075 2086 2074
2085 2087 2084
2087 2085 2088
2088 2089 2087
2089 2088 2090
2090 2091 2089
2091 2090 2092
2092 2093 2091
2093 2092 2094
2094 2095 2093
2095 2094 2096
2096 2097 2095
2097 2096 2098
2098 2099 2097
2099 2098 2100
2100 2101 2099
2102 2103 2086
2103 2102 2104
2104 2105 2103
2105 2104 2106
2075 2102 2086
2107 2105 2106
2108 2107 2106
2108 2109 2107
2109 2108 2110
2111 2109 2110
2109 2111 2112
2113 1764 1762
1764 2113 1767
1762 2114 2113
2114 1762 1760
1760 2115 2114
2115 1760 1757
1757 1756 2115
2116 2117 2118
2117 2116 2119
2119 2120 2117
2120 2119 2121
1745 2120 2121
2120 1745 1743
2122 2116 2118
2116 2122 2123
2124 2123 2122
2123 2124 2125
2126 2125 2124
2125 2126 2127
2128 2127 2126
2127 2128 2129
2130 2129 2128
847 850 860
2131 2132 2133
1671 1670 1694
2134 2135 2136
2136 2135 2137
483 499 488
2138 2139 2140
2140 2141 2138
2142 2138 2141
2141 2140 2143
2144 2140 2139
2145 2144 2139
2144 2145 2146
2140 2144 2147
2147 2143 2140
2139 2148 2145
2148 2139 2138
2138 2149 2148
2143 2147 2150
2147 2151 2150
2152 2151 2147
2153 2152 2147
2153 2147 2144
2154 2153 2144
2154 2144 2146
2154 2155 2153
2155 2152 2153
2155 2156 2152
2155 2157 2156
2158 2157 2155
2158 2155 2154
2157 2158 2159
2159 2158 2160
2159 2160 2161
2162 2161 2160
2161 2162 2163
2164 2163 2162
2163 2164 2165
2165 2166 2163
2166 2165 2167
2168 2165 2164
2165 2168 2169
2169 2167 2165
2170 2169 2168
2169 2170 2171
2167 2169 2172
2171 2172 2169
2172 2171 2173
2172 2173 2174
2159 2161 2175
2176 2163 2166
2163 2176 2161
2176 2175 2161
2166 2177 2176
2178 2177 2166
2167 2178 2166
2179 2178 2167
2172 2179 2167
2176 2177 2180
2176 2180 2175
2180 2177 2181
2182 2180 2181
2180 2182 2183
2183 2175 2180
2183 2184 2175
2185 2178 2179
2175 2184 2159
2184 2186 2159
2183 2186 2184
2172 2187 2179
2178 2188 2177
2188 2178 2185
2181 2177 2188
2172 2174 2187
2183 2182 2189
2183 2189 2190
2186 2183 2191
2183 2190 2191
2192 2186 2191
2193 2192 2191
2193 2191 2190
2186 2192 2156
2157 2186 2156
2159 2186 2157
2192 2194 2156
2194 2192 2195
2195 2192 2193
2156 2194 2152
2194 2195 2196
2152 2194 2151
2194 2196 2197
2196 2198 2197
2174 2199 2200
2199 2201 2200
2199 2202 2201
2203 2202 2199
2203 2204 2202
2204 2203 2205
2171 2205 2203
2205 2171 2170
2173 2203 2199
2203 2173 2171
2199 2174 2173
2170 2206 2205
2206 2170 2207
2208 2206 2207
2206 2208 2209
2209 2210 2206
2205 2210 2204
2210 2205 2206
2210 2209 2211
2212 2208 2207
2208 2212 2213
2214 2213 2212
2213 2214 2215
2216 2215 2214
2215 2216 2217
2218 2217 2216
2217 2218 2219
2216 2160 2218
2160 2216 2162
2214 2162 2216
2162 2214 2164
2212 2164 2214
2164 2212 2168
2207 2168 2212
2168 2207 2170
2160 2220 2218
2220 2219 2218
2220 2221 2219
2221 2220 2222
2221 2222 2223
2222 2224 2223
2225 2223 2224
2223 2225 2226
2227 2226 2225
2226 2227 2228
2229 2228 2227
2228 2229 2230
2231 2230 2229
2230 2231 2232
2232 2231 2233
2234 2220 2158
2234 2158 2154
2235 2234 2154
2235 2154 2236
2237 2235 2236
2235 2237 2238
2239 2238 2237
2240 2237 2236
2236 2241 2240
2241 2236 2242
2237 2240 2243
2244 2237 2243
2245 2237 2244
2237 2245 2239
2246 2245 2244
2245 2246 2247
2247 2239 2245
2239 2247 2248
2249 2248 2247
2248 2249 2250
2247 2251 2249
2251 2247 2246
2252 2250 2249
2252 2249 2251
2204 2253 2254
2253 2204 2210
2211 2253 2210
2204 2254 2202
2254 2201 2202
2201 2254 2255
2254 2256 2255
2256 2254 2257
2254 2253 2257
2257 2253 2211
2258 2255 2256
2255 2258 2259
2259 2201 2255
2201 2259 2260
2261 2260 2259
2261 2262 2260
2262 2263 2260
2263 2201 2260
2262 2261 2264
2263 2265 2201
2264 2266 2262
2262 2267 2263
2267 2262 2268
2262 2266 2268
2266 2269 2268
2269 2266 2270
2270 2271 2269
2271 2270 2272
2272 2273 2271
2274 2271 2273
2271 2274 2275
2275 2269 2271
2273 2272 2276
2269 2275 2277
2268 2277 2267
2277 2268 2269
2277 2278 2267
2263 2278 2265
2278 2263 2267
2276 2279 2273
2279 2276 2280
2281 2279 2280
2281 2282 2279
2283 2273 2279
2273 2283 2274
2283 2279 2282
2282 2281 2284
2285 2282 2284
2283 2282 2286
2285 2286 2282
2283 2286 2287
2274 2283 2287
2288 2274 2287
2288 2275 2274
2289 2275 2288
2277 2275 2289
2286 2285 2290
2290 2291 2286
2286 2291 2287
2292 2289 2288
2277 2289 2293
2288 2294 2292
2294 2288 2287
2291 2294 2287
2281 2280 2295
2296 2281 2295
2281 2296 2297
2297 2285 2284
2295 2298 2296
2296 2299 2297
2298 2299 2296
2300 2299 2298
2301 2300 2298
2295 2301 2298
2299 2300 2302
2303 2299 2302
2301 2304 2300
2305 2302 2300
2304 2305 2300
2302 2305 2306
2306 2303 2302
2307 2306 2305
2305 2308 2307
2308 2305 2309
2305 2304 2309
2306 2307 2310
2311 2310 2307
2311 2312 2310
2312 2311 2313
2314 2313 2311
2308 2315 2307
2307 2315 2311
2311 2315 2316
2310 2317 2306
2317 2310 2312
2303 2306 2317
2299 2303 2318
2319 2299 2318
2318 2320 2319
2320 2321 2319
2320 2318 2322
2319 2297 2299
2297 2319 2323
2321 2323 2319
2285 2297 2323
2285 2323 2324
2323 2321 2324
2285 2324 2290
2325 2322 2318
2322 2325 2326
2326 2325 2327
2284 2281 2297
2158 2220 2160
2277 2293 2278
2328 2329 2330
2329 2328 2331
2332 2330 2329
2330 2332 2333
2333 2332 2334
2264 2328 2330
2333 2264 2330
2333 2266 2264
2333 2270 2266
2270 2333 2335
2333 2334 2335
2334 2336 2335
2336 2334 2337
2337 2338 2336
2338 2337 2339
2339 2340 2338
2340 2339 2341
2280 2338 2340
2338 2280 2276
2276 2336 2338
2336 2276 2272
2335 2272 2270
2272 2335 2336
2342 2340 2341
2342 2280 2340
2343 2280 2342
2344 2343 2342
2344 2345 2343
2346 2344 2342
2342 2341 2346
2346 2347 2344
2344 2347 2348
2347 2349 2348
2349 2347 2350
2350 2351 2349
2351 2350 2352
2352 2353 2351
2353 2352 2354
2354 2355 2353
2344 2356 2345
2357 2356 2344
2356 2357 2358
2359 2358 2357
2358 2359 2360
2361 2360 2359
2360 2361 2362
2363 2362 2361
2362 2363 2364
2365 2364 2363
2365 2366 2364
2366 2367 2364
2367 2366 2368
2369 2367 2368
2367 2369 2370
2371 2370 2369
2370 2371 2372
2373 2372 2371
2372 2373 2374
2373 2375 2374
2375 2373 2376
2376 2377 2375
2377 2376 2378
2379 2377 2378
2328 2264 2261
2380 2328 2261
2380 2331 2328
2261 2259 2380
2380 2259 2258
2380 2258 2331
2381 2382 99
2382 2381 2383
2381 2384 2383
2384 2381 2385
2385 2386 2384
2386 2385 2387
2386 2387 2388
2389 99 2382
99 2389 98
2389 2390 98
2391 98 2390
98 2391 2392
2393 2392 2391
2392 2393 2394
2395 2394 2393
2394 2395 2396
2393 2391 2397
2398 2397 2391
2397 2398 2399
2400 2399 2398
2399 2400 2401
2402 2401 2400
2401 2402 2403
2402 2404 2403
2394 2405 2392
2405 2394 2406
96 2392 2405
2392 96 98
2407 2406 2394
2396 2407 2394
2408 2407 2396
2408 2409 2407
2406 2407 2410
2409 2410 2407
2411 2412 2413
2412 2411 2414
2415 2413 2412
2413 2415 2416
2417 2414 2411
2414 2417 2418
2419 2418 2417
2420 2421 2422
2421 2420 2423
2422 2424 2420
2424 2422 2425
2423 2426 2421
2426 2423 2427
2428 2426 2427
2426 2428 2429
2430 2429 2428
2429 2430 2431
2432 2431 2430
2431 2432 2433
2425 2434 2424
2434 2425 2435
2435 2436 2434
2436 2435 2437
2436 2437 2438
2439 2440 2441
2440 2439 2442
2441 2443 2439
2443 2441 2444
2444 2445 2443
2445 2444 2446
2447 2445 2446
2445 2447 2448
2442 2449 2440
2448 2447 2450
2451 2452 2453
2451 2453 2454
2454 2453 2455
2454 2455 2456
2456 2455 2457
2457 2458 2456
2459 2460 2461
2460 2459 2462
2463 2459 2461
2459 2463 2464
2463 2465 2464
2466 2460 2462
2467 2468 2469
2468 2467 2470
2470 2471 2468
2471 2470 2472
2472 2473 2471
2473 2472 2474
2474 2475 2473
2475 2474 2476
2476 2477 2475
2478 2479 2480
2481 2479 2478
2482 2481 2478
2479 2481 2483
2484 2480 2479
2483 2484 2479
2480 2484 2485
2486 2485 2484
2485 2486 2487
2487 2488 2485
2488 2487 2489
2485 2490 2480
2490 2485 2488
2484 2491 2486
2491 2484 2492
2484 2483 2492
2480 2490 2493
2480 2493 2478
2478 2493 2494
2495 2486 2491
2486 2495 2496
2496 2487 2486
2497 2496 2495
2496 2497 2498
2499 2498 2497
2498 2499 2500
2487 2501 2489
2502 2503 2504
2503 2502 2505
2506 2503 2505
2503 2506 2507
2504 2508 2502
2508 2504 2509
2509 2510 2508
2510 2509 2511
2512 2507 2506
2507 2512 2513
2514 2513 2512
2513 2514 2515
2516 2515 2514
2515 2516 2517
2518 2517 2516
2517 2518 2519
2520 2519 2518
2521 2522 2523
2522 2521 2524
2521 2525 2524
2525 2521 2526
2526 2527 2525
2527 2526 2528
2529 2527 2528
2527 2529 2530
2531 2530 2529
2530 2531 2532
2531 2533 2532
2533 2531 2534
2534 2535 2533
2535 2534 2536
2536 2537 2535
2537 2536 2538
2530 2539 2527
2539 2525 2527
2539 2530 2540
2532 2540 2530
2540 2532 2541
2542 2532 2533
2532 2542 2541
2543 2533 2535
2533 2543 2542
2535 2537 2544
2535 2544 2543
2537 2545 2544
2538 2545 2537
2540 2546 2539
2546 2547 2539
2547 2546 2548
2548 2549 2547
2549 2548 2550
2551 2549 2550
2549 2551 2552
2553 2552 2551
2552 2553 2554
2555 2554 2553
2554 2555 2556
2557 2551 2550
2551 2557 2558
2559 2550 2548
2550 2559 2557
2560 2548 2546
2548 2560 2559
2561 2560 2546
2560 2561 2562
2563 2562 2561
2562 2563 2564
2565 2564 2563
2564 2565 2566
2565 2567 2566
2567 2565 2568
2568 2569 2567
2561 2541 2563
2541 2565 2563
2541 2561 2540
2546 2540 2561
2565 2541 2542
2542 2568 2565
2568 2542 2543
2543 2544 2568
2568 2570 2569
2544 2570 2568
2544 2571 2570
2571 2544 2572
2573 2570 2571
2570 2573 2569
2571 2574 2573
2574 2571 2575
2572 2575 2571
2575 2572 2576
2545 2576 2572
2545 2572 2544
2576 2545 2577
2578 2577 2545
2577 2578 2579
2580 2579 2578
2579 2580 2581
2580 2582 2581
2582 2580 2583
2582 2583 2584
2545 2538 2578
2585 2583 2580
2578 2585 2580
2585 2578 2538
2536 2585 2538
2585 2536 2586
2586 2587 2585
2583 2585 2587
2587 2586 2588
2589 2588 2586
2588 2589 2590
2591 2590 2589
2590 2591 2592
2593 2592 2591
2592 2593 2594
2595 2594 2593
2594 2595 2596
2595 2597 2596
2597 2595 2598
2598 2599 2597
2599 2598 2600
2600 2601 2599
2601 2600 2602
2602 2603 2601
2603 2602 2604
2605 2603 2604
2603 2605 2606
2607 2599 2601
2599 2607 2608
2597 2599 2608
2609 2608 2607
2608 2609 2610
2607 2611 2609
2611 2607 2612
2612 2603 2606
2612 2601 2603
2601 2612 2607
2612 2613 2611
2521 2602 2600
2602 2521 2523
2604 2614 2605
2615 2605 2614
2605 2615 2616
2606 2605 2616
2606 2616 2617
2618 2606 2617
2618 2612 2606
2612 2618 2613
2618 2617 2619
2613 2618 2619
2613 2619 2620
2614 2621 2615
2621 2622 2615
2623 2621 2614
2621 2623 2624
2523 2624 2623
2624 2523 2522
2522 2554 2624
2554 2522 2552
2524 2552 2522
2552 2524 2549
2524 2547 2549
2547 2524 2525
2525 2539 2547
2556 2624 2554
2624 2556 2621
2625 2621 2556
2625 2622 2621
2625 2556 2555
2626 2625 2555
2555 2627 2626
2627 2555 2628
2628 2555 2629
2555 2553 2629
2551 2629 2553
2629 2551 2558
2630 2631 2608
2632 2631 2630
2631 2632 2633
2632 2634 2633
2634 2632 2635
2635 2636 2634
2636 2635 2637
2637 2638 2636
2638 2637 2639
2639 2640 2638
2640 2639 2641
2597 2608 2631
2631 2596 2597
2596 2631 2633
2634 2596 2633
2596 2634 2594
2636 2594 2634
2594 2636 2592
2638 2592 2636
2592 2638 2590
2640 2590 2638
2590 2640 2588
2641 2642 2640
2642 2643 2640
2643 2587 2640
2587 2588 2640
2643 2583 2587
2583 2643 2584
2584 2643 2642
2644 2584 2642
2645 2584 2644
2646 2645 2644
2645 2582 2584
2647 2648 2649
2649 2648 2650
2651 2649 2650
2650 2652 2651
2652 2650 2653
2654 2653 2650
2648 2654 2650
2653 2654 2655
2656 2651 2652
2651 2656 2657
2658 2657 2656
2657 2658 2659
2658 2660 2659
2660 2658 2661
2661 2662 2660
2662 2661 2663
2664 2662 2663
2662 2664 2665
2666 2665 2664
2665 2666 2667
2668 2667 2666
2667 2668 2669
2654 2670 2655
2659 2671 2657
2660 2672 2659
2672 2671 2659
2662 2673 2660
2665 2673 2662
2673 2672 2660
2673 2665 2674
2667 2674 2665
2675 2673 2674
2673 2675 2676
2676 2672 2673
2677 2672 2676
2671 2672 2677
2678 2671 2677
2679 2675 2674
2674 2667 2680
2669 2680 2667
2680 2679 2674
2680 2669 2681
2682 2668 2666
2664 2682 2666
2682 2664 2683
2663 2683 2664
2683 2663 2684
2663 2685 2684
2685 2663 2661
2661 2686 2685
2686 2661 2658
2686 2658 2656
2687 2686 2656
2652 2687 2656
2687 2652 2688
2653 2688 2652
2688 2653 2689
2655 2689 2653
2689 2655 2690
2655 2691 2690
2691 2655 2670
2670 2692 2691
2692 2670 2693
2694 2693 2670
2693 2694 2695
2695 2696 2693
2696 2695 2697
2670 2654 2694
2698 2693 2696
2693 2698 2692
2699 2694 2654
2699 2700 2694
2700 2695 2694
2701 2700 2699
2700 2701 2702
2701 2699 2648
2648 2699 2654
2700 2703 2695
2703 2697 2695
2704 2703 2700
2702 2704 2700
2647 2701 2648
2705 2647 2649
2705 2649 2706
2651 2706 2649
2657 2706 2651
2706 2657 2707
2708 2706 2707
2706 2708 2709
2709 2705 2706
2708 2707 2678
2671 2707 2657
2707 2671 2678
2710 2711 2681
2711 2680 2681
2680 2711 2679
2668 2682 2712
2713 2714 2715
2713 2716 2714
2716 2713 2717
2717 2718 2716
2719 2715 2714
2715 2719 2720
2721 2720 2719
2720 2721 2722
2723 2720 2722
2719 2724 2721
2724 2719 2725
2725 2714 2716
2714 2725 2719
2725 2726 2724
2726 2725 2727
2716 2727 2725
2728 2720 2723
2720 2728 2715
2729 2715 2728
2715 2729 2730
2728 2731 2729
2731 2728 2732
2723 2732 2728
2731 2732 2733
2732 2723 2734
2723 2735 2734
2735 2723 2736
2736 2723 2722
2737 2734 2735
2734 2737 2738
2739 2738 2737
2738 2739 2740
2741 2740 2739
2740 2741 2742
2738 2743 2734
2733 2732 2743
2743 2732 2734
2733 2743 2744
2740 2745 2738
2742 2745 2740
2744 2743 2745
2745 2743 2738
2744 2745 2746
2745 2742 2747
2745 2747 2746
2736 2748 2735
2748 2737 2735
2748 2736 2749
2722 2749 2736
2749 2722 2750
2721 2750 2722
2750 2721 2751
2752 2741 2739
2739 2753 2752
2737 2748 2753
2753 2739 2737
2721 2754 2751
2754 2721 2724
2724 2755 2754
2755 2724 2726
2746 2747 2756
2747 2757 2756
2756 2757 2758
2756 2758 2759
2759 2758 2760
2759 2760 2761
2761 2760 2762
2758 2757 2763
2764 2758 2763
2760 2758 2764
2763 2765 2764
2765 2763 2766
2767 2764 2765
2764 2767 2768
2768 2760 2764
2769 2768 2767
2768 2769 2770
2770 2760 2768
2769 2771 2770
2771 2769 2772
2760 2770 2773
2762 2760 2773
2770 2774 2773
2774 2770 2771
2762 2773 2774
2766 2775 2765
2775 2766 2776
2765 2777 2767
2777 2765 2775
2777 2769 2767
2769 2777 2778
2778 2772 2769
2772 2778 2779
2766 2780 2776
2780 2766 2741
2741 2752 2780
2766 2742 2741
2742 2766 2763
2742 2763 2757
2747 2742 2757
2727 2716 2781
2718 2781 2716
2781 2718 2782
2713 2715 2730
2783 2784 2785
2783 2786 2784
2786 2783 2787
2788 2786 2787
2786 2788 2789
2790 2789 2788
2791 2789 2790
2789 2791 2792
2792 2793 2789
2793 2792 2794
2795 2794 2792
2795 2792 2791
2796 2795 2791
2797 2795 2796
2798 2794 2795
2799 2798 2795
2797 2799 2795
2798 2800 2794
2800 2793 2794
2800 2798 2801
2802 2801 2798
2799 2802 2798
2801 2803 2800
2803 2801 2804
2805 2804 2801
2802 2805 2801
2806 2804 2805
2807 2803 2804
2807 2804 2806
2785 2807 2806
2803 2807 2808
2784 2808 2807
2784 2807 2785
2784 2809 2808
2803 2808 2809
2809 2800 2803
2809 2784 2786
2786 2810 2809
2810 2786 2789
2800 2809 2793
2811 2812 2813
2812 2811 2814
2815 2814 2811
2814 2815 2816
2817 2816 2815
2816 2817 2818
2817 2819 2818
2819 2817 2820
2820 2821 2819
2821 2820 2822
2821 2822 2823
2822 2824 2823
2824 2822 2825
2824 2825 2826
2827 2826 2825
2826 2827 2828
2828 2827 2829
2830 2829 2827
2829 2830 2831
2832 2831 2830
2831 2832 2833
2833 2832 2812
2834 2822 2820
2820 2835 2834
2822 2834 2836
2822 2836 2825
2837 2825 2836
2825 2837 2827
2837 2830 2827
2834 2837 2836
2830 2837 2838
2830 2838 2832
2838 2834 2835
2834 2838 2837
2839 2832 2838
2839 2838 2835
2835 2811 2839
2813 2839 2811
2832 2839 2813
2832 2813 2812
2811 2835 2815
2815 2835 2817
2835 2820 2817
2526 2521 2598
2598 2528 2526
2528 2598 2595
2593 2528 2595
2528 2593 2529
2591 2529 2593
2529 2591 2531
2589 2531 2591
2531 2589 2534
2586 2534 2589
2534 2586 2536
2521 2600 2598
2614 2604 2623
2604 2602 2623
2602 2523 2623
2630 2608 2610
2840 2841 2842
2841 2840 2843
2844 2841 2843
2841 2844 2845
2846 2845 2844
2845 2846 2847
2848 2847 2846
2847 2848 2849
2850 2840 2842
2840 2850 2851
2850 2852 2851
2852 2850 2853
2854 2852 2853
2852 2854 2855
2856 2855 2854
2856 2857 2855
2857 2852 2855
2858 2844 2843
2840 2858 2843
2858 2840 2859
2852 2860 2851
2840 2860 2859
2860 2840 2851
2860 2852 2861
2852 2857 2861
2844 2858 2862
2862 2863 2844
2863 2862 2864
2864 2865 2863
2865 2864 2866
2867 2868 2869
2868 2867 2870
2869 2871 2867
2871 2869 2872
2870 2873 2868
2873 2870 2874
2872 2875 2871
2875 2872 2876
2876 2877 2875
2877 2876 2878
2874 2879 2873
2879 2874 2880
2880 2881 2879
2881 2880 2882
2883 2877 2878
2868 2884 2869
2885 2869 2884
2869 2885 2872
2876 2886 2878
2883 2878 2886
2886 2876 2887
2872 2887 2876
2887 2872 2885
2884 2868 2888
2873 2888 2868
2888 2873 2889
2890 2889 2873
2889 2890 2891
2892 2891 2890
2891 2892 2893
2894 2895 2896
2895 2897 2896
2897 2895 2898
2898 2899 2897
2899 2898 2900
2900 2901 2899
2901 2900 2902
2902 2903 2901
2903 2902 2904
2904 2905 2903
2905 2904 2906
2906 2907 2905
2907 2906 2908
2908 2909 2907
2909 2908 2910
2911 2912 2913
2912 2911 2914
2914 2915 2912
2915 2914 2916
2917 2918 2919
2918 2917 2920
2921 2922 2923
2924 2923 2922
2923 2924 2925
2926 2925 2924
2925 2926 2927
2928 2927 2926
2927 2928 2929
2930 2929 2928
2929 2930 2931
2932 2931 2930
2931 2932 2933
2934 2933 2932
2933 2934 2935
2936 2935 2934
2935 2936 2937
2938 2939 2940
2939 2938 2941
2942 2941 2938
2941 2942 2943
2944 2945 2946
2945 2944 2947
2948 2949 2950
2948 2951 2949
2948 2952 2951
2948 2953 2952
2948 2954 2953
2948 2955 2954
2948 2956 2955
2948 2957 2956
2948 2958 2957
2948 2959 2958
2948 2960 2959
2948 2961 2960
2948 2962 2961
2948 2963 2962
2948 2964 2963
2948 2965 2964
2948 2966 2965
2948 2967 2966
2948 2968 2967
2948 2950 2968
2969 2970 2971
2970 2969 2972
2971 2973 2969
2973 2971 2974
2974 2975 2973
2975 2974 2976
2976 2977 2975
2977 2976 2978
2978 2979 2977
2979 2978 2980
2980 2981 2979
2981 2980 2982
2982 2983 2981
2983 2982 2984
2985 2983 2984
2983 2985 2986
2987 2986 2985
2986 2987 2988
2989 2988 2987
2988 2989 2990
2991 2990 2989
2990 2991 2992
2993 2992 2991
2992 2993 2994
2995 2994 2993
2994 2995 2996
2997 2996 2995
2996 2997 2998
2999 2998 2997
2998 2999 3000
3001 3000 2999
3000 3001 3002
3003 3002 3001
3002 3003 3004
3005 3004 3003
3004 3005 3006
3007 3006 3005
3006 3007 3008
3007 2972 3008
2972 3007 2970
3009 3010 3011
3011 3010 3012
3011 3012 3013
3011 3013 3014
3011 3014 3015
3011 3015 3016
3011 3016 3017
3011 3017 3018
3011 3018 3019
3011 3019 3020
3011 3020 3021
3011 3021 3022
3011 3022 3023
3011 3023 3024
3011 3024 3025
3011 3025 3026
3011 3026 3027
3011 3027 3009
3028 3029 3030
3030 3029 3031
3032 3031 3029
3031 3032 3033
3034 3033 3032
3033 3034 3035
3035 3034 3036
3037 3036 3034
3036 3037 3038
3038 3037 3039
3037 3040 3039
3040 3037 3041
3028 3042 3029
3042 3028 3043
3043 3044 3042
3043 3045 3044
3044 3045 3046
3045 3047 3046
3047 3045 3048
3049 3047 3048
3047 3049 3050
3051 3050 3049
3052 3050 3051
3050 3052 3053
3054 3053 3052
3053 3054 3055
3054 3056 3055
3057 3056 3054
3056 3057 3058
3059 3058 3057
3058 3059 3060
3060 3059 3061
3061 3059 3062
3061 3062 3063
3056 3064 3055
3065 3055 3064
3055 3065 3066
3067 3066 3065
3066 3067 3068
3069 3068 3067
3068 3069 3070
3069 3071 3070
3071 3069 3072
3072 3073 3071
3073 3072 3074
3075 3073 3074
3076 3073 3075
3075 3074 3077
3078 3076 3075
3076 3078 3079
3080 3079 3078
3079 3080 3081
3082 3081 3080
3081 3082 3083
3083 3082 3084
3084 3082 3085
3086 3085 3082
3085 3086 3087
3086 3088 3087
3086 3089 3088
3086 3090 3089
3086 3091 3090
3091 3086 3092
3093 3091 3092
3091 3093 3094
3095 3094 3093
3094 3095 3096
3096 3095 3097
3096 3097 3098
3097 3099 3098
3099 3097 3100
3097 3095 3101
3102 3062 3103
3104 3062 3102
3105 3102 3103
3102 3105 3106
3107 3102 3106
3102 3107 3108
3108 3107 3109
3110 3062 3104
3111 3062 3110
3112 3062 3111
3113 3062 3112
3063 3062 3113
3114 3115 3116
3115 3114 3117
3114 3116 3118
3117 3114 3119
3119 3114 3120
3118 3116 3121
3122 3121 3116
3122 3116 3123
3121 3122 3124
3124 3122 3125
3126 3115 3117
3115 3126 3127
3128 3127 3126
3129 3127 3128
3130 3127 3129
3064 3127 3130
3064 3056 3127
3028 3131 3132
3028 3132 3133
3028 3133 3043
3134 3043 3133
3134 3045 3043
3134 3135 3045
3134 3136 3135
3045 3135 3137
3048 3138 3049
3049 3138 3139
3140 3141 3142
3140 3142 3143
3143 3144 3140
3144 3143 3145
3145 3146 3144
3146 3145 3147
3146 3147 3148
3148 3149 3146
3149 3148 3150
3149 3150 3151
3152 3149 3151
3149 3152 3153
3154 3141 3140
3141 3154 3155
3156 3155 3154
3157 3155 3156
3157 3156 3158
3159 3157 3158
3157 3159 3160
3159 3161 3160
3161 3159 3162
3162 3163 3161
3162 3164 3163
3164 3162 3165
3165 3166 3164
3166 3165 3167
3168 3166 3167
3168 3169 3166
3169 3168 3170
3170 3171 3169
3171 3170 3172
3171 3172 3173
3171 3173 3174
3174 3173 3175
3176 3168 3167
3167 3177 3176
3177 3167 3178
3178 3179 3177
3179 3178 3180
3180 3181 3179
3181 3180 3182
3183 3181 3182
3181 3183 3184
3185 3184 3183
3184 3185 3186
3185 3187 3186
3185 3188 3187
3186 3187 3189
3188 3190 3187
3190 3188 3191
3191 3192 3190
3192 3191 3193
3193 3194 3192
3194 3193 3195
3194 3195 3196
3194 3196 3197
3197 3198 3194
3198 3197 3199
3200 3198 3199
3201 3198 3200
3202 3198 3201
3203 3198 3202
3198 3203 3204
3203 3205 3204
3205 3203 3206
3206 3207 3205
3207 3206 3208
3207 3208 3209
3209 3208 3210
3211 3209 3210
3209 3211 3212
3207 3209 3213
3174 3214 3215
3174 3216 3214
3214 3217 3215
3217 3214 3218
3214 3219 3218
3219 3214 3220
3219 3220 3221
3174 3222 3216
3174 3223 3222
3174 3224 3223
3174 3225 3224
3174 3175 3225
3226 3227 3228
3227 3226 3229
3227 3230 3228
3227 3229 3231
3227 3231 3232
3228 3230 3233
3233 3234 3228
3228 3234 3235
3234 3233 3236
3234 3236 3237
3226 3238 3229
3238 3226 3239
3239 3240 3238
3239 3241 3240
3239 3242 3241
3239 3176 3242
3168 3176 3239
3243 3141 3244
3244 3141 3245
3245 3141 3155
3155 3246 3245
3157 3246 3155
3247 3246 3157
3248 3246 3247
3247 3157 3249
3250 3160 3161
3250 3161 3251
3252 3253 3254
3253 3252 3255
3256 3255 3252
3255 3256 3257
3258 3257 3256
3257 3258 3259
3260 3259 3258
3259 3260 3261
3262 3261 3260
3261 3262 3263
3264 3263 3262
3263 3264 3265
3266 3265 3264
3265 3266 3267
3268 3269 3270
3269 3268 3271
3272 3271 3268
3271 3272 3273
3274 3275 3276
3275 3274 3277
3278 3279 3280
3279 3278 3281
3282 3283 3284
3283 3282 3285
3286 3285 3282
3285 3286 3287
3288 3287 3286
3287 3288 3289
3290 3289 3288
3289 3290 3291
3292 3293 3294
3293 3292 3295
3296 3295 3292
3295 3296 3297
3298 3297 3296
3297 3298 3299
3300 3294 3293
3294 3300 3301
3302 3301 3300
3301 3302 3303
3304 3305 3306
3305 3304 3307
3308 3306 3305
3306 3308 3309
3310 3309 3308
3309 3310 3311
3312 3311 3310
3311 3312 3313
3314 3313 3312
3313 3314 3315
3316 3315 3314
3315 3316 3317
3318 3317 3316
3317 3318 3319
3320 3321 3322
3321 3320 3323
3324 3323 3320
3323 3324 3325
3326 3325 3324
3325 3326 3327
3328 3329 3330
3329 3328 3331
3332 3331 3328
3331 3332 3333
3334 3333 3332
3333 3334 3335
3336 3335 3334
3335 3336 3337
3338 3337 3336
3337 3338 3339
3340 3339 3338
3339 3340 3341
3342 3341 3340
3341 3342 3343
3344 3343 3342
3343 3344 3345
3346 3345 3344
3345 3346 3347
3348 3347 3346
3347 3348 3349
3350 3349 3348
3349 3350 3351
3352 3351 3350
3351 3352 3353
3354 3355 3356
3355 3354 3357
3358 3356 3355
3356 3358 3359
3360 3357 3354
3357 3360 3361
3362 3361 3360
3361 3362 3363
3364 3365 3366
3365 3364 3367
3368 3367 3364
3367 3368 3369
3370 3369 3368
3369 3370 3371
3372 3371 3370
3371 3372 3373
3374 3375 3376
3375 3374 3377
3378 3376 3375
3376 3378 3379
3380 3379 3378
3379 3380 3381
3382 3381 3380
3381 3382 3383
3384 3383 3382
3383 3384 3385
3386 3385 3384
3385 3386 3387
3388 3387 3386
3387 3388 3389
3390 3391 3392
3391 3390 3393
3394 3395 3396
3395 3394 3397
3398 3399 3400
3399 3398 3401
3402 3401 3398
3401 3402 3403
3404 3403 3402
3403 3404 3405
3406 3400 3399
3400 3406 3407
3408 3407 3406
3407 3408 3409
3410 3409 3408
3409 3410 3411
3412 3411 3410
3411 3412 3413
3414 3405 3404
3405 3414 3415
3416 3415 3414
3415 3416 3417
3418 3417 3416
3417 3418 3419
3420 3419 3418
3419 3420 3421
3422 3421 3420
3421 3422 3423
3424 3423 3422
3423 3424 3425
3426 3425 3424
3425 3426 3427
3428 3427 3426
3427 3428 3429
3430 3429 3428
3429 3430 3431
3432 3431 3430
3431 3432 3433
3434 3433 3432
3433 3434 3435
3436 3435 3434
3435 3436 3437
3438 3437 3436
3437 3438 3439
3440 3441 3442
3441 3440 3443
3444 3443 3440
3443 3444 3445
3446 3445 3444
3445 3446 3447
3448 3447 3446
3447 3448 3449
3450 3449 3448
3449 3450 3451
3452 3453 3454
3453 3452 3455
3456 3454 3453
3454 3456 3457
3458 3457 3456
3457 3458 3459
3460 3459 3458
3459 3460 3461
3462 3455 3452
3455 3462 3463
3464 3463 3462
3463 3464 3465
3466 3465 3464
3465 3466 3467
3468 3469 3470
3469 3468 3471
3472 3471 3468
3471 3472 3473
3474 3473 3472
3473 3474 3475
3476 3475 3474
3475 3476 3477
3478 3470 3469
3470 3478 3479
3480 3479 3478
3479 3480 3481
3482 3483 3484
3483 3482 3485
3486 3487 3488
3487 3486 3489
3490 3491 3492
3491 3490 3493
3494 3492 3491
3492 3494 3495
3496 3495 3494
3495 3496 3497
3498 3499 3500
3499 3498 3501
3502 3500 3499
3500 3502 3503
3504 3505 3506
3505 3504 3507
3508 3509 3510
3509 3508 3511
3512 3510 3509
3510 3512 3513
3514 3515 3516
3515 3514 3517
3518 3519 3520
3519 3518 3521
3522 3523 3524
3523 3522 3525
3526 3527 3528
3527 3526 3529
3530 3531 3532
3530 3533 3531
3530 3534 3533
3530 3535 3534
3530 3536 3535
3530 3537 3536
3530 3538 3537
3530 3532 3538
3539 3532 3531
3532 3539 3540
3540 3538 3532
3531 3541 3539
3541 3531 3533
3533 3542 3541
3542 3533 3534
3534 3543 3542
3543 3534 3535
3535 3544 3543
3544 3535 3536
3536 3545 3544
3545 3536 3537
3537 3546 3545
3546 3537 3538
3538 3540 3546
3547 3540 3539
3540 3547 3548
3548 3546 3540
3539 3549 3547
3549 3539 3541
3541 3550 3549
3550 3541 3542
3542 3551 3550
3551 3542 3543
3543 3552 3551
3552 3543 3544
3544 3553 3552
3553 3544 3545
3545 3554 3553
3554 3545 3546
3546 3548 3554
3555 3548 3547
3555 3547 3549
3555 3549 3550
3555 3550 3551
3555 3551 3552
3555 3552 3553
3555 3553 3554
3555 3554 3548
3556 3557 3558
3557 3559 3558
3557 3560 3559
3557 3561 3560
3557 3562 3561
3557 3563 3562
3557 3564 3563
3557 3565 3564
3557 3566 3565
3557 3567 3566
3557 3568 3567
3557 3569 3568
3557 3570 3569
3557 3571 3570
3557 3572 3571
3557 3573 3572
3557 3574 3573
3557 3556 3574
