byte offset: 0
first index: 0
index count: 10896
topology: trianglelist
format: DXGI_FORMAT_R16_UINT

0 1 2
3 1 0
3 0 4
5 3 4
5 4 6
6 7 5
6 8 7
1 3 9
1 9 10
11 1 10
1 11 2
3 5 12
3 12 9
13 9 12
13 14 9
14 10 9
14 15 10
16 10 15
11 10 16
12 17 13
5 7 17
5 17 12
18 17 7
18 7 8
19 17 18
13 17 19
16 15 20
21 16 20
13 22 14
22 23 14
14 23 15
15 23 24
15 24 20
13 25 22
19 25 13
19 26 25
19 27 26
18 27 19
24 23 28
24 28 29
30 22 25
30 25 26
23 22 30
20 31 21
31 32 21
31 33 32
24 34 20
20 34 31
34 33 31
34 35 33
36 32 33
35 36 33
37 36 35
38 39 30
40 41 21
40 21 42
41 43 21
41 11 43
11 41 44
41 40 44
11 44 2
42 45 40
46 47 48
46 48 49
49 48 50
49 50 51
51 50 52
47 46 53
47 53 54
55 54 53
55 56 54
57 58 59
57 59 60
61 58 57
61 62 58
63 58 62
63 59 58
63 62 64
64 65 63
64 66 65
63 65 67
67 59 63
68 61 57
68 57 69
57 60 69
70 68 69
70 71 68
72 71 70
72 70 73
65 66 74
65 74 75
76 75 74
76 77 75
77 78 75
77 79 78
78 79 80
80 81 78
81 75 78
67 81 82
80 82 81
67 82 83
81 65 75
72 84 71
85 84 72
86 76 74
66 86 74
66 87 86
87 88 86
88 76 86
88 89 76
90 89 88
87 91 88
91 87 92
91 92 93
94 93 92
94 95 93
94 96 95
89 90 97
89 97 98
97 99 98
100 99 97
100 101 99
102 101 100
102 103 101
104 103 102
104 105 103
97 90 106
97 106 100
106 91 93
100 106 107
100 107 102
106 93 107
107 93 95
102 107 108
102 108 104
107 95 108
95 96 108
104 108 109
109 108 96
109 110 104
104 110 105
96 111 109
111 112 109
112 110 109
98 99 113
113 99 101
113 114 98
113 115 114
116 115 113
116 117 115
116 118 117
116 119 118
115 120 114
121 114 120
121 120 122
121 122 123
122 124 123
123 125 121
123 126 125
127 123 124
126 123 127
127 124 128
128 129 127
130 129 128
130 128 131
131 128 132
124 132 128
131 132 133
129 134 127
126 127 134
135 134 129
136 132 124
122 136 124
137 136 122
136 138 132
125 126 139
130 140 129
135 129 140
135 141 134
141 142 134
136 137 143
136 143 138
143 144 138
144 132 138
144 143 145
146 144 145
144 146 132
146 133 132
145 147 146
146 148 133
145 143 149
149 143 150
151 143 137
151 137 152
137 153 152
153 154 152
143 151 155
143 155 150
153 118 154
153 117 118
154 118 156
156 118 157
118 119 157
156 157 158
156 158 159
156 159 160
161 160 159
159 158 162
159 162 163
163 161 159
164 163 162
164 165 163
165 164 166
165 166 167
119 103 157
116 103 119
116 101 103
113 101 116
157 110 158
158 110 112
158 112 162
162 112 168
162 168 164
164 168 166
169 166 168
160 161 170
171 167 166
171 166 172
172 166 173
166 169 173
169 85 173
174 171 172
175 174 172
175 172 173
175 173 85
176 175 85
177 176 85
177 85 178
179 171 174
180 179 174
181 180 174
181 174 175
176 181 175
180 181 182
180 183 179
180 182 183
184 183 182
184 182 185
181 185 182
184 185 186
178 85 72
176 187 181
177 187 176
177 188 187
187 189 181
189 185 181
188 189 187
186 185 190
73 178 72
191 190 192
83 193 67
193 83 194
195 193 194
196 193 195
60 193 196
197 60 196
197 196 198
198 199 197
199 198 200
198 196 201
200 198 201
201 196 195
202 200 201
195 202 201
203 202 195
194 203 195
204 203 194
202 205 200
206 204 194
207 204 206
206 194 208
209 206 208
209 210 206
206 210 211
206 211 207
209 212 210
209 213 212
213 214 212
212 214 215
216 211 210
216 210 212
83 209 208
83 82 209
82 213 209
82 80 213
80 214 213
80 79 214
217 207 211
204 207 217
217 211 218
217 218 219
220 219 218
211 216 220
211 220 218
220 216 221
221 216 212
221 212 215
220 222 219
220 223 222
220 221 223
219 224 217
217 224 225
217 225 226
217 226 204
223 227 222
228 222 227
228 229 222
223 230 227
223 231 230
223 232 231
221 232 223
221 233 232
234 233 221
233 234 235
233 235 236
234 221 215
237 232 233
236 237 233
237 238 232
232 238 231
239 231 238
240 239 238
240 238 241
239 242 231
238 237 243
243 237 244
235 245 236
240 241 246
247 246 241
247 241 248
236 248 237
247 248 249
249 248 250
250 248 236
245 250 236
251 250 245
245 252 251
235 252 245
253 252 235
253 254 252
255 231 242
256 231 255
255 257 256
256 257 227
257 255 258
227 230 256
256 230 231
257 259 227
259 260 227
259 261 260
228 227 260
255 242 262
263 264 228
62 94 64
61 94 62
61 96 94
68 96 61
68 265 96
96 265 111
111 265 266
266 168 111
267 265 68
265 267 266
267 68 71
169 168 266
84 169 266
71 84 267
84 266 267
64 94 92
64 92 87
64 87 66
168 112 111
169 84 85
268 125 269
125 139 269
139 270 269
270 139 142
139 126 142
142 126 134
268 271 272
273 274 155
273 155 275
276 274 273
137 277 153
137 122 277
122 120 277
277 120 115
277 115 117
277 117 153
278 279 280
280 279 281
280 281 282
281 279 283
284 283 279
285 283 284
286 283 285
160 286 285
286 160 170
286 287 283
288 286 170
288 287 286
289 287 288
156 160 285
285 154 156
285 290 154
285 291 290
284 152 290
152 154 290
284 151 152
151 284 279
88 91 106
88 106 90
157 105 110
157 103 105
234 292 214
200 293 294
200 294 199
293 295 294
204 226 296
296 226 225
67 65 81
193 59 67
60 59 193
83 208 194
297 298 299
300 299 298
300 301 299
301 302 299
302 303 299
299 303 304
297 299 304
303 305 304
306 305 303
306 307 305
297 308 298
309 308 297
309 310 308
309 311 310
312 310 311
312 311 313
313 314 312
315 310 312
312 316 315
312 317 316
312 314 317
314 318 317
314 319 318
319 320 318
319 321 320
317 318 322
317 322 316
318 323 322
318 324 323
324 325 323
324 326 325
321 327 320
321 328 327
329 326 328
329 328 330
331 325 326
331 326 332
332 333 331
332 334 333
335 334 332
335 336 334
333 334 337
338 334 336
315 339 310
339 308 310
339 340 308
340 341 308
340 300 341
342 343 344
344 343 345
344 345 346
347 346 345
347 348 346
349 348 347
349 350 348
351 350 349
352 350 351
352 351 353
352 354 350
354 348 350
351 349 355
351 355 356
353 351 356
357 352 353
357 353 358
358 353 359
359 353 356
360 358 359
361 358 360
357 358 361
360 359 362
363 360 362
363 362 364
365 363 364
365 364 366
367 365 366
367 368 365
369 368 367
369 370 368
371 368 370
371 372 368
363 365 372
368 372 365
361 360 373
363 373 360
374 373 363
363 372 374
359 375 362
362 375 376
362 376 364
364 376 377
364 377 366
366 377 378
366 378 367
367 378 379
367 379 380
380 379 381
380 381 382
382 383 369
369 383 370
384 370 383
371 370 384
384 383 385
385 383 386
387 383 382
381 387 382
359 388 375
356 388 359
356 389 388
356 355 389
390 391 392
391 393 392
390 394 391
390 395 394
396 390 392
397 390 396
396 398 397
399 398 396
392 400 396
392 393 400
400 393 401
401 393 402
401 402 403
402 404 403
404 402 405
400 401 406
407 400 406
399 396 407
396 400 407
402 393 408
402 408 405
409 394 395
405 408 409
391 409 408
405 409 410
411 410 409
410 411 412
410 412 413
410 413 405
354 413 412
354 414 413
411 409 415
414 416 413
413 416 405
404 405 416
417 404 416
416 414 418
418 417 416
419 414 354
414 419 420
414 420 418
419 354 352
357 419 352
348 412 411
354 412 348
348 411 346
346 411 415
346 415 344
344 415 395
344 395 421
344 421 342
421 395 390
421 390 397
342 421 397
409 395 415
342 397 422
342 422 423
398 422 397
391 394 409
357 424 425
426 425 424
426 427 425
428 425 427
429 428 427
429 427 430
431 429 430
431 432 429
433 432 431
433 434 432
433 435 434
434 435 436
434 436 437
438 434 437
438 437 439
433 431 440
428 441 425
441 442 425
441 443 442
441 444 443
441 445 444
446 444 445
447 444 446
448 445 441
448 449 445
450 445 449
449 439 450
450 451 445
446 445 451
452 449 448
452 453 449
449 453 439
454 453 452
454 452 455
443 444 456
443 456 418
443 418 420
443 420 442
420 419 442
419 357 442
357 425 442
418 456 417
456 457 417
456 458 457
404 417 457
404 457 459
444 458 456
404 459 403
444 447 458
460 461 433
460 433 440
462 460 463
464 462 463
464 463 465
431 466 464
430 466 431
430 467 466
427 467 430
427 426 467
468 469 470
469 468 471
469 471 472
472 471 473
472 473 474
474 473 475
474 475 476
468 470 477
478 473 471
477 479 468
479 471 468
479 478 471
480 478 479
480 479 481
477 481 479
481 477 482
477 483 482
477 470 483
484 482 483
484 485 482
482 485 486
481 482 487
487 482 486
486 488 487
481 487 488
486 489 488
485 490 486
490 489 486
485 491 490
484 491 485
490 492 489
493 489 492
494 493 492
495 491 484
496 491 495
492 497 494
494 497 498
494 498 499
500 498 497
500 497 501
501 497 492
501 492 490
501 490 491
500 501 502
501 491 502
502 491 496
500 502 503
503 502 504
502 496 504
503 504 505
506 503 505
506 507 503
507 500 503
508 507 506
508 509 507
510 509 508
510 508 511
498 512 499
498 513 512
507 514 500
515 514 507
515 507 516
517 515 516
517 516 510
517 510 518
519 517 518
511 518 520
521 522 513
521 513 523
522 519 524
522 524 525
526 518 524
522 521 527
522 527 526
523 513 498
523 498 500
528 529 530
528 530 531
529 528 532
529 532 533
533 534 529
534 535 529
536 529 535
535 534 537
538 537 534
533 538 534
539 537 538
537 540 535
541 542 532
543 542 541
544 542 543
545 546 547
545 547 548
549 548 547
545 548 550
546 545 551
551 545 552
553 551 552
553 552 554
553 554 555
553 555 556
557 554 552
557 552 558
558 552 545
558 545 559
559 545 550
555 560 556
561 555 554
561 554 557
561 560 562
563 512 564
563 564 565
566 567 568
481 488 569
569 480 481
393 391 408
570 571 572
570 573 571
573 570 574
573 574 575
575 574 576
575 576 577
572 571 578
572 578 579
579 578 580
580 581 579
582 583 584
585 586 587
585 587 588
589 588 587
589 590 588
591 587 586
589 587 591
591 586 592
589 591 593
589 594 590
589 595 594
593 595 589
595 596 594
595 597 596
593 598 595
597 595 599
599 595 598
599 598 600
598 593 601
598 601 602
600 598 602
600 602 603
602 601 604
602 604 605
603 602 605
605 604 606
607 606 604
607 604 608
601 608 604
609 607 608
609 608 610
605 606 611
605 611 612
605 612 603
611 613 612
611 614 613
611 606 615
611 615 614
615 616 614
615 617 616
618 617 615
618 615 619
619 615 606
619 606 607
620 616 617
620 621 616
621 622 616
623 614 616
623 616 622
613 614 623
624 621 620
624 620 625
625 626 624
625 627 626
625 628 627
625 629 628
629 625 620
629 620 630
630 620 617
630 617 618
627 628 631
631 628 632
631 632 633
634 631 633
634 635 631
636 631 635
627 631 636
626 627 636
636 635 637
637 635 638
637 638 639
637 640 636
626 636 640
637 641 640
641 637 639
642 638 635
642 635 634
641 639 643
644 632 628
644 628 629
644 629 645
644 645 646
630 645 629
630 647 645
648 638 649
618 650 630
618 651 650
619 651 618
619 652 651
607 652 619
607 609 652
653 654 655
653 655 656
654 653 657
654 657 658
653 659 657
653 660 659
660 653 656
657 661 658
657 662 661
657 659 663
657 663 662
662 663 664
662 664 665
665 661 662
660 656 666
656 655 667
656 667 668
668 666 656
668 667 669
668 669 670
670 669 671
670 671 672
672 671 673
672 673 674
669 675 671
675 673 671
669 676 675
676 677 675
676 678 677
679 678 676
679 680 678
681 679 676
681 676 669
669 667 681
675 682 673
683 673 682
683 684 673
685 675 677
685 686 675
687 686 685
687 688 686
689 688 687
689 690 688
679 691 680
691 679 692
693 691 692
680 691 694
695 684 683
695 696 684
695 697 696
698 697 695
698 699 697
700 697 699
700 701 697
696 697 701
696 701 702
703 696 702
703 674 696
696 674 673
696 673 684
700 699 704
699 698 704
692 705 693
705 706 693
695 683 707
708 709 704
707 709 708
707 708 695
690 689 709
710 711 712
713 711 710
712 711 714
715 711 713
714 716 712
714 717 716
718 716 717
718 719 716
719 718 720
720 721 719
722 715 713
723 715 722
720 724 725
725 724 726
726 724 727
726 727 728
725 729 730
731 732 733
731 733 734
731 734 735
734 736 735
735 736 737
738 739 740
738 740 741
740 739 742
740 742 743
743 742 744
738 745 739
738 746 745
747 742 739
747 739 745
744 742 748
748 742 747
748 749 744
748 750 749
748 751 750
752 749 750
752 753 749
744 749 753
751 748 754
751 754 755
756 755 754
757 756 746
756 757 755
757 746 758
744 753 759
759 753 760
760 753 752
746 738 761
738 741 761
761 741 762
761 762 763
761 763 764
763 765 764
763 766 765
766 763 767
761 764 768
761 768 769
746 761 769
764 770 768
768 765 771
771 770 772
771 772 773
774 771 773
773 772 775
773 775 776
777 773 776
774 773 777
778 774 777
778 777 779
780 779 777
780 777 781
782 780 781
782 781 783
782 783 784
783 781 785
786 785 781
777 776 786
786 781 777
784 783 787
785 787 783
788 785 786
785 788 787
788 786 789
776 775 789
776 789 786
790 791 774
790 792 791
791 771 774
793 791 794
793 794 795
796 797 793
797 796 798
793 799 800
801 802 803
801 803 804
805 803 802
805 802 806
807 805 806
807 806 808
808 809 807
808 810 809
810 811 809
810 812 811
812 813 811
814 804 803
814 803 805
814 815 804
805 807 816
805 816 817
805 817 814
818 817 816
817 818 814
818 816 819
807 809 820
807 820 816
821 816 820
821 819 816
821 820 822
820 823 822
820 824 823
809 811 824
809 824 820
825 823 824
825 824 826
813 826 811
826 824 811
826 827 825
826 828 827
826 813 828
829 827 828
829 830 827
813 829 828
813 831 829
831 832 829
833 830 829
834 835 836
836 837 834
837 838 834
838 837 839
837 840 839
838 839 841
841 839 804
804 839 801
801 839 840
841 804 815
842 837 836
843 801 840
837 842 843
837 843 840
843 844 801
844 845 801
844 846 845
846 847 845
846 848 847
846 849 848
850 848 849
850 851 848
852 851 850
852 853 851
852 854 853
855 856 857
858 856 855
858 859 856
858 860 859
857 856 861
860 862 859
860 863 862
859 862 864
859 864 856
856 864 865
861 856 865
866 860 858
858 855 867
855 868 867
869 868 855
869 870 868
871 870 869
871 872 870
858 867 873
858 873 874
873 867 875
867 876 875
873 875 877
877 874 873
877 878 874
874 878 879
880 874 879
881 880 879
879 882 881
880 858 874
883 882 879
878 884 879
879 884 883
880 881 885
881 882 885
880 885 860
886 887 883
886 888 887
889 890 891
889 892 890
889 893 892
893 857 892
893 894 857
890 892 895
861 895 892
861 892 857
891 890 896
890 895 896
889 891 897
897 898 899
900 899 898
900 901 899
902 901 900
902 903 901
904 905 897
897 905 906
907 908 909
907 909 910
911 909 908
911 908 912
913 907 910
913 914 907
915 914 913
916 914 915
916 915 917
917 918 916
919 911 912
920 921 922
920 922 923
924 921 920
924 925 921
922 926 923
922 927 926
922 928 927
927 928 929
927 929 930
930 929 931
930 931 932
924 933 925
613 623 934
601 935 608
935 610 608
935 936 610
593 935 601
593 591 935
936 935 591
936 591 592
937 938 939
938 940 939
941 939 940
941 942 939
943 941 940
943 940 944
944 940 945
938 945 940
944 945 946
946 945 947
946 947 948
948 947 949
948 949 950
950 951 948
950 952 951
953 946 948
953 948 954
955 953 954
956 953 955
956 957 953
957 944 946
957 946 953
958 954 952
958 955 954
958 952 959
959 960 958
959 961 960
958 960 962
958 962 955
961 588 960
961 585 588
590 962 960
590 960 588
962 590 594
962 594 963
955 962 963
955 963 956
964 963 594
964 594 965
966 957 956
966 956 967
967 956 963
967 963 964
966 944 957
966 943 944
655 681 667
668 968 666
670 968 668
670 969 968
969 670 970
969 970 971
971 970 972
971 972 973
974 975 949
974 949 947
974 947 945
974 945 938
975 974 976
937 974 938
976 974 937
976 937 977
937 978 977
937 939 978
978 939 942
979 980 981
980 979 982
983 982 979
980 982 984
980 984 985
980 985 986
986 981 980
986 987 981
987 986 988
985 988 986
987 988 989
989 990 987
989 991 990
985 992 988
992 989 988
992 993 989
994 990 991
995 994 991
995 991 989
995 989 993
994 996 990
994 997 996
998 999 1000
999 1001 1000
999 1002 1001
1002 1003 1001
1002 1004 1003
1004 664 1003
1004 665 664
1005 1006 1007
1005 1007 1008
1006 1005 1009
1006 1009 1010
1007 1011 1008
1007 1012 1011
1009 1013 1010
1014 1013 1009
1015 1013 1014
1016 1013 1015
1017 1011 1012
1017 1018 1011
1017 1019 1018
1020 1021 1022
1020 1022 1023
1021 1020 1024
1025 1023 1022
1026 1023 1025
1026 1025 1027
1027 1028 1026
1026 1028 1029
1026 1029 1030
1020 1031 1030
1020 1030 1032
1024 1033 1032
1023 1034 1030
1024 1032 1035
1036 1035 1032
1036 1032 1030
1036 1030 1037
1027 1038 1028
1028 1039 1029
1028 1040 1039
1038 1040 1028
1038 1041 1040
1042 1029 1039
1037 1043 1042
1037 1044 1043
1042 1039 1045
1040 1046 1039
1046 1045 1039
1040 1047 1046
1047 1040 1041
1047 1041 1048
1049 1047 1048
1049 1048 1050
1051 1049 1050
1052 1049 1051
1047 1049 1052
1047 1052 1046
1046 1052 1053
1046 1053 1054
1046 1054 1045
1053 1052 1055
1051 1056 1052
1051 1057 1056
1052 1056 1058
1059 1056 1057
1059 1057 1060
1056 1059 1061
1056 1061 1058
1062 1063 1064
1062 1064 1065
1066 1062 1065
1066 1065 1067
1068 1064 1063
1068 1069 1064
1070 1066 1067
1070 1071 1066
1072 1069 1068
1072 1068 1073
1073 1074 1072
1071 1070 1075
1075 1070 1076
1077 1078 1079
1080 1077 1079
1080 1081 1077
1082 1081 1080
1082 1080 1083
1082 1083 1084
1085 1084 1083
1085 1086 1084
1086 1085 1087
1086 1087 1088
1089 1088 1087
1089 1087 1090
1090 1091 1089
1090 1092 1091
1091 1092 1093
1094 1095 1096
1094 1096 1097
1094 1097 1098
1095 1099 1096
1098 1097 1100
1098 1100 1101
1102 1101 1100
1102 1100 1103
1102 1103 1104
1105 1104 1103
1104 1105 1106
1107 1108 1106
1107 1109 1108
1110 1111 1112
1110 1112 1113
1114 1113 1112
1110 1115 1111
1114 1116 1113
1114 1117 1116
1118 1116 1117
1119 1116 1118
1119 1118 1120
1119 1120 1121
1122 1123 1124
1122 1124 1125
1126 1125 1124
1126 1124 1127
1128 1122 1125
1128 1125 1129
1130 1124 1123
1127 1124 1130
1125 1126 1131
1125 1131 1129
1128 1129 1132
1133 1129 1131
1134 1129 1133
1134 1133 1135
1136 1134 1135
1136 1137 1134
1136 1138 1137
1138 1139 1137
1140 1137 1139
1141 1129 1140
1141 1140 1142
1142 1140 1139
1138 1143 1139
1143 1138 1144
1145 1138 1136
1145 1144 1138
1145 1146 1144
1146 1147 1144
1146 1148 1147
1149 1147 1148
1149 1148 1150
1150 1151 1149
1152 1153 1154
1153 1152 1155
1153 1155 1156
1156 1154 1153
1156 1155 1157
1158 1157 1155
1159 1157 1158
1160 1157 1159
1161 1157 1160
1156 1157 1162
1162 1157 1161
1163 1154 1156
1164 1154 1163
1163 1165 1164
1163 1166 1165
1163 1156 1166
1164 1167 1154
1168 1167 1164
1169 1168 1164
1169 1164 1165
1168 1170 1167
1171 1168 1169
1171 1172 1168
1168 1172 1170
1173 1159 1158
1173 1174 1159
1175 1174 1173
1175 1176 1174
1175 1177 1176
1178 1176 1177
1178 1177 1179
1180 1178 1179
1181 1182 1183
1181 1183 1184
1183 1185 1184
1182 1181 1186
1182 1186 1187
1186 1188 1187
1186 1189 1188
1187 1190 1182
1191 1183 1182
1191 1182 1190
1191 1185 1183
1187 1188 1192
1187 1192 1190
1188 1189 1193
1188 1193 1194
1188 1194 1192
1193 1195 1194
1191 1196 1185
1197 1185 1196
1197 1196 1198
1199 1200 1201
1199 1201 1202
1202 1203 1199
1202 1204 1203
1205 1203 1204
1205 1206 1203
1207 1206 1205
1207 1205 1208
1202 1209 1204
1210 1205 1204
1210 1208 1205
1210 1204 1209
1202 1201 1211
1202 1211 1209
1208 1212 1207
1201 1213 1211
1214 1215 1216
1214 1216 1217
1218 1215 1214
1218 1219 1215
1217 1216 1220
1221 1219 1218
1159 1219 1221
1159 1221 1160
1222 1156 1162
1223 1224 1225
1226 1223 1225
1226 1225 1227
1226 1227 1228
1228 1227 1229
1230 1228 1229
1228 1230 1231
1232 1231 1230
1232 1230 1233
1231 1232 1234
1231 1234 1235
1235 1234 1236
1235 1236 1237
1238 1231 1235
1228 1231 1238
1239 1228 1238
1226 1228 1239
1239 1238 1240
1238 1241 1240
1238 1242 1241
1238 1235 1242
1237 1242 1235
1237 1243 1242
1244 1241 1242
1244 1242 1243
1243 1245 1244
1243 1246 1245
1243 1237 1246
1246 1247 1245
1246 1248 1247
1248 1249 1247
1248 1250 1249
1250 1251 1249
1250 1252 1251
1251 1252 1253
1254 1249 1251
1251 1253 1254
1254 1255 1249
1247 1249 1256
1245 1247 1256
1256 1249 1255
1246 1257 1258
1246 1258 1259
1259 1258 1260
1259 1260 1261
1262 1261 1260
1262 1263 1261
1253 1263 1262
1237 1236 1257
1246 1237 1257
1264 1265 1266
1264 1267 1265
1264 1266 1268
1266 1269 1268
1268 1269 1233
1268 1233 1230
1267 1270 1265
1230 1229 1268
1271 1272 1273
1271 1273 1274
1275 1274 1273
1274 1275 1276
1274 1276 1277
1278 1277 1276
1278 1279 1277
1277 1279 1280
1277 1280 1281
1279 1282 1280
1279 1283 1282
1283 1284 1282
1283 1285 1284
1285 1286 1284
1285 1287 1286
1288 1286 1287
1288 1287 1289
1289 1290 1288
1281 1280 1291
1281 1291 1292
1293 1291 1280
1293 1280 1282
1294 1283 1279
1285 1283 1294
1294 1279 1278
1295 1293 1282
1286 1295 1284
1295 1282 1284
1285 1294 1296
1296 1287 1285
1297 1295 1286
1296 1298 1287
1298 1289 1287
1299 1297 1286
1299 1286 1300
1298 1301 1289
1302 1299 1288
1302 1288 1290
1303 1289 1301
1303 1301 1304
1304 1305 1303
1306 1305 1304
1306 1307 1305
1308 1307 1306
1309 1307 1308
1307 1309 1310
1290 1310 1302
1290 1311 1310
1307 1310 1311
1312 1313 1314
1312 1314 1315
1316 1313 1312
1316 1317 1313
1315 1314 1318
1315 1318 1319
1320 1319 1318
1320 1321 1319
1322 1321 1320
1322 1323 1321
1324 1323 1322
1324 1325 1323
1325 1324 1326
1326 1327 1325
1326 1328 1327
1329 1327 1328
1330 1317 1316
1331 1317 1330
1332 1331 1330
1333 1329 1334
1335 1333 1334
1335 1334 1336
1337 1335 1336
1337 1338 1335
1338 1337 1339
1338 1339 1340
1340 1339 1341
1340 1341 1342
1343 1342 1341
1344 1345 1346
1344 1346 1347
1347 1346 1348
1347 1348 1349
1349 1348 1350
1314 1345 1344
1351 1352 1353
1353 1354 1351
1353 1355 1354
1356 1353 1352
1357 1351 1354
1357 1358 1351
1359 1358 1357
1360 1274 1277
1360 1277 1281
1281 1292 1360
1271 1274 1360
1275 1273 1361
1362 1363 1364
1363 1365 1364
1366 1364 1365
1366 1367 1364
1367 1368 1364
1362 1364 1368
1362 1368 1369
1367 1370 1368
1370 1369 1368
1367 1366 1371
1367 1371 1372
1371 1373 1372
1371 1374 1373
1375 1373 1374
1375 1374 1376
1376 1377 1375
1376 1378 1377
1375 1379 1373
1379 1375 1380
1379 1380 1381
1378 1382 1377
1378 1383 1382
1384 1382 1383
1384 1385 1382
1385 1384 1386
1385 1386 1387
1388 1387 1386
1389 1381 1380
1389 1380 1390
1391 1389 1390
1391 1390 1392
1392 1393 1391
1392 1394 1393
1395 1394 1388
1393 1394 1395
1396 1397 1398
1396 1398 1399
1400 1396 1399
1400 1399 1401
1401 1399 1370
1401 1370 1402
1400 1401 1403
1402 1403 1401
1400 1403 1404
1405 1398 1397
1405 1397 1406
1407 1405 1406
1407 1406 1408
1408 1409 1407
1408 1410 1409
1411 1409 1410
1411 1410 1412
1411 1412 1413
1411 1413 1414
1410 1408 1415
1410 1415 1416
1408 1406 1417
1408 1417 1415
1402 1418 1403
1419 1403 1418
1419 1418 1420
1403 1419 1404
1421 1414 1413
1421 1422 1414
1423 1422 1421
1424 1423 1421
1424 1425 1423
1426 1425 1424
1426 1427 1425
1428 1427 1426
1428 1426 1429
1428 1430 1427
1431 1430 1428
1431 1432 1430
1433 1432 1431
1434 1433 1431
1434 1431 1428
1428 1429 1434
1435 1433 1434
1433 1436 1432
1437 1436 1433
1438 1437 1433
1433 1435 1438
1437 1439 1436
1426 1424 1440
1426 1440 1429
1440 1424 1441
1441 1424 1421
1421 1413 1441
1442 1441 1413
1443 1442 1413
1443 1413 1412
1410 1443 1412
1410 1416 1443
1402 1372 1444
1402 1444 1418
1444 1420 1418
1367 1372 1402
1367 1402 1370
1399 1369 1370
1398 1369 1399
1445 1419 1420
1445 1446 1419
1447 1446 1445
1447 1445 1448
1449 1447 1448
1449 1448 1450
1449 1450 1451
1452 1453 1454
1455 1453 1452
1455 1456 1453
1457 1456 1455
1457 1458 1456
1459 1458 1457
1459 1457 1460
1454 1461 1452
1454 1462 1461
1463 1461 1462
1464 1459 1460
1465 1466 1467
1465 1467 1468
1469 1467 1466
1469 1466 1470
1471 1469 1470
1471 1470 1472
1471 1472 1473
1404 1465 1468
1404 1468 1474
1474 1400 1404
1474 1475 1400
1396 1400 1475
1396 1475 1476
1397 1396 1476
1397 1476 1477
1406 1397 1477
1406 1477 1417
1478 1479 1480
1480 1479 1481
1480 1481 1482
1481 1483 1482
1482 1483 1484
1483 1485 1484
1486 1485 1483
1486 1483 1487
1487 1488 1486
1489 1490 1491
1492 1493 1494
1492 1494 1495
1496 1492 1495
1496 1497 1492
1498 1497 1496
1499 1500 1494
1499 1501 1500
1363 1362 1502
1363 1502 1503
1503 1502 1504
1503 1504 1505
1504 1506 1505
1507 1508 1509
1507 1509 1510
1510 1509 1511
1510 1511 1512
1513 1512 1511
1513 1514 1512
1515 1513 1511
1516 1513 1515
1513 1516 1517
1514 1513 1517
1515 1511 1518
1515 1518 1519
1515 1519 1520
1520 1519 1521
1520 1522 1515
1522 1516 1515
1520 1523 1522
1523 1520 1524
1524 1520 1521
1525 1524 1521
1526 1525 1521
1526 1521 1527
1519 1527 1521
1525 1528 1524
1519 1529 1527
1518 1529 1519
1518 1530 1529
1530 1531 1529
1523 1524 1532
1533 1522 1523
1533 1523 1532
1533 1534 1522
1533 1532 1535
1536 1526 1527
1529 1536 1527
1537 1535 1532
1524 1528 1537
1524 1537 1532
1537 1538 1535
1537 1528 1539
1525 1539 1528
1537 1539 1540
1540 1538 1537
1540 1541 1538
1529 1531 1542
1542 1536 1543
1544 1534 1533
1544 1545 1534
1546 1545 1544
1544 1547 1546
1544 1548 1547
1533 1535 1548
1533 1548 1544
1546 1549 1545
1550 1549 1546
1546 1547 1550
1550 1551 1549
1552 1547 1548
1553 1547 1552
1553 1554 1547
1547 1554 1550
1554 1555 1550
1555 1551 1550
1554 1556 1555
1557 1556 1554
1557 1554 1553
1558 1556 1557
1558 1559 1556
1560 1559 1558
1560 1561 1559
1562 1561 1560
1562 1563 1561
1562 1564 1563
1562 1565 1564
1565 1566 1564
1565 1567 1566
1567 1568 1566
1567 1569 1568
1569 1570 1568
1569 1571 1570
1571 1572 1570
1571 1573 1572
1570 1572 1574
1570 1574 1575
1566 1568 1576
1570 1575 1576
1568 1570 1576
1566 1576 1577
1563 1564 1578
1578 1566 1577
1563 1578 1579
1573 1580 1572
1573 1581 1580
1572 1580 1582
1572 1582 1574
1581 1583 1580
1582 1580 1583
1582 1583 1584
1585 1583 1581
1584 1583 1585
1584 1585 1586
1587 1586 1585
1579 1588 1589
1588 1590 1589
1588 1591 1590
1591 1592 1590
1591 1593 1592
1593 1594 1592
1593 1595 1594
1595 1596 1594
1595 1597 1596
1597 1598 1596
1597 1599 1598
1600 1598 1599
1600 1599 1601
1602 1600 1601
1603 1602 1601
1603 1604 1602
1605 1604 1603
1606 1607 1608
1606 1608 1609
1607 1606 1516
1608 1610 1609
1608 1611 1610
1611 1612 1610
1611 1613 1612
1614 1612 1613
1614 1613 1615
1615 1616 1614
1534 1607 1516
1534 1516 1522
1545 1607 1534
1545 1617 1607
1618 1617 1545
1618 1545 1549
1551 1618 1549
1551 1619 1618
1620 1619 1551
1620 1551 1621
1555 1621 1551
1620 1621 1622
1621 1555 1622
1555 1623 1622
1556 1623 1555
1620 1622 1624
1556 1559 1623
1625 1623 1559
1623 1625 1626
1622 1623 1626
1627 1626 1625
1625 1559 1561
1579 1625 1561
1627 1625 1579
1579 1561 1563
1579 1589 1627
1626 1628 1622
1628 1624 1622
1628 1626 1629
1628 1629 1630
1629 1631 1630
1630 1631 1632
1631 1633 1632
1632 1633 1634
1633 1635 1634
1633 1636 1635
1636 1637 1635
1636 1638 1637
1637 1638 1639
1640 1641 1642
1641 1643 1642
1641 1644 1643
1645 1643 1644
1645 1644 1646
1646 1647 1645
1552 1548 1648
1535 1648 1548
1535 1538 1648
1538 1541 1648
1525 1649 1539
1526 1649 1525
1526 1650 1649
1651 1652 1653
1652 1654 1653
1652 1655 1654
1656 1654 1655
1656 1655 1657
1658 1656 1657
1651 1653 1659
1651 1659 1660
1660 1659 1661
1660 1661 1662
1518 1511 1530
1530 1511 1509
1530 1509 1508
1530 1508 1531
1663 1664 1665
1663 1665 1666
1666 1665 1667
1666 1667 1668
1668 1667 1669
1668 1669 1670
1671 1664 1663
1672 1669 1673
1672 1673 1674
1675 1673 1676
1675 1676 1677
1678 1676 1679
1678 1679 1680
1680 1679 1681
1680 1681 1682
1681 1683 1682
1606 1517 1516
1578 1684 1566
1685 1686 1687
1686 1688 1687
1686 1689 1688
1688 1689 1690
1689 1691 1690
1687 1692 1685
1687 1693 1692
1694 1693 1687
1694 1687 1688
1695 1694 1688
1695 1688 1690
1690 1691 1696
1690 1696 1695
1693 1694 1697
1698 1693 1697
1698 1692 1693
1694 1695 1699
1694 1699 1700
1694 1700 1697
1701 1700 1699
1701 1702 1700
1702 1703 1700
1700 1703 1697
1697 1703 1704
1698 1697 1704
1695 1696 1705
1695 1705 1699
1699 1705 1706
1699 1706 1701
1703 1702 1707
1702 1701 1708
1707 1702 1708
1701 1706 1709
1701 1709 1710
1708 1701 1710
1711 1708 1710
1711 1712 1708
1711 1713 1712
1711 1714 1713
1715 1713 1714
1715 1714 1716
1717 1715 1716
1712 1713 1718
1713 1715 1718
1712 1718 1719
1719 1707 1708
1719 1708 1712
1720 1707 1719
1720 1719 1721
1721 1722 1720
1721 1723 1722
1723 1721 1724
1719 1718 1724
1719 1724 1721
1723 1724 1725
1724 1726 1725
1724 1727 1726
1718 1727 1724
1722 1703 1720
1718 1728 1727
1715 1717 1728
1718 1715 1728
1703 1707 1720
1728 1717 1729
1727 1728 1729
1730 1727 1729
1730 1731 1727
1727 1731 1726
1730 1732 1731
1730 1733 1732
1733 1734 1732
1733 1735 1734
1736 1732 1734
1731 1732 1736
1736 1734 1737
1734 1738 1737
1734 1739 1738
1740 1739 1734
1740 1741 1739
1741 1742 1739
1741 1743 1742
1743 1744 1742
1739 1742 1745
1739 1745 1738
1742 1744 1745
1746 1733 1730
1729 1746 1730
1729 1747 1746
1748 1746 1747
1748 1747 1749
1749 1747 1750
1749 1750 1751
1752 1749 1751
1752 1753 1749
1754 1749 1753
1754 1748 1749
1755 1750 1747
1755 1747 1717
1717 1747 1729
1746 1748 1733
1748 1754 1756
1748 1756 1757
1733 1748 1757
1752 1758 1753
1753 1758 1759
1753 1759 1754
1754 1759 1760
1754 1760 1756
1761 1759 1758
1760 1759 1761
1761 1758 1762
1762 1763 1761
1762 1764 1763
1764 1762 1765
1765 1762 1758
1765 1758 1752
1761 1763 1766
1766 1763 1767
1767 1763 1764
1764 1768 1767
1764 1765 1768
1761 1766 1769
1760 1761 1769
1717 1716 1755
1770 1755 1716
1771 1770 1716
1770 1772 1755
1772 1773 1755
1773 1772 1774
1775 1770 1771
1775 1776 1770
1770 1776 1772
1776 1774 1772
1774 1776 1777
1777 1776 1775
1777 1778 1774
1774 1778 1779
1779 1778 1780
1771 1716 1714
1781 1771 1714
1775 1771 1781
1782 1775 1781
1781 1709 1782
1710 1709 1781
1710 1781 1711
1781 1714 1711
1773 1774 1783
1783 1780 1784
1784 1773 1783
1784 1785 1773
1786 1785 1784
1786 1787 1785
1773 1785 1788
1785 1787 1789
1788 1785 1789
1790 1786 1784
1784 1780 1790
1791 1786 1790
1791 1792 1786
1786 1792 1793
1793 1792 1794
1789 1793 1794
1755 1795 1788
1796 1797 1798
1797 1796 1799
1797 1799 1800
1799 1801 1800
1799 1802 1801
1803 1802 1799
1796 1803 1799
1803 1804 1802
1801 1802 1805
1804 1805 1802
1801 1805 1806
1806 1805 1807
1807 1805 1808
1804 1808 1805
1807 1808 1809
1806 1807 1810
1808 1804 1811
1807 1812 1810
1809 1812 1807
1809 1813 1812
1814 1813 1809
1814 1815 1813
1814 1816 1815
1814 1817 1816
1818 1817 1814
1808 1818 1809
1809 1818 1814
1818 1819 1817
1820 1811 1804
1819 1821 1817
1821 1816 1817
1819 1822 1821
1823 1821 1822
1823 1822 1824
1825 1823 1824
1825 1824 1826
1824 1822 1827
1824 1827 1828
1826 1824 1828
1826 1828 1829
1829 1830 1826
1829 1831 1830
1832 1830 1831
1833 1830 1832
1833 1834 1830
1826 1830 1834
1826 1834 1825
1832 1831 1835
1835 1831 1836
1835 1836 1837
1837 1838 1835
1835 1838 1832
1837 1839 1838
1840 1838 1839
1840 1839 1841
1838 1842 1832
1843 1842 1838
1843 1838 1840
1844 1842 1843
1845 1844 1843
1845 1843 1846
1844 1847 1842
1837 1836 1848
1837 1848 1849
1849 1839 1837
1850 1845 1846
1850 1846 1851
1852 1850 1851
1839 1853 1841
1841 1853 1854
1841 1854 1855
1855 1854 1856
1855 1856 1857
1842 1847 1858
1857 1859 1855
1859 1841 1855
1859 1840 1841
1840 1859 1860
1861 1860 1859
1861 1859 1862
1857 1862 1859
1861 1862 1863
1863 1862 1857
1861 1863 1864
1863 1857 1865
1864 1863 1866
1864 1866 1867
1868 1867 1866
1868 1869 1867
1870 1869 1868
1871 1870 1868
1871 1868 1866
1871 1866 1872
1863 1865 1872
1863 1872 1866
1840 1860 1843
1873 1874 1875
1875 1796 1873
1796 1875 1803
1803 1875 1876
1875 1874 1876
1803 1876 1820
1876 1877 1820
1876 1878 1877
1874 1878 1876
1874 1879 1878
1880 1878 1879
1878 1880 1881
1878 1881 1882
1878 1882 1877
1881 1883 1882
1881 1884 1883
1884 1885 1883
1886 1883 1885
1886 1887 1883
1887 1882 1883
1887 1886 1829
1887 1829 1828
1886 1831 1829
1886 1836 1831
1885 1836 1886
1884 1888 1885
1888 1884 1889
1885 1888 1890
1885 1890 1848
1885 1848 1836
1884 1881 1891
1889 1884 1891
1828 1892 1887
1887 1892 1882
1877 1882 1892
1828 1827 1892
1893 1892 1827
1877 1892 1893
1893 1827 1894
1811 1893 1894
1877 1893 1811
1811 1894 1895
1894 1827 1822
1894 1822 1819
1895 1894 1819
1895 1819 1818
1808 1895 1818
1808 1811 1895
1849 1848 1890
1849 1890 1896
1849 1896 1897
1849 1897 1898
1849 1898 1839
1839 1898 1853
1899 1853 1898
1899 1898 1897
1900 1853 1899
1900 1854 1853
1901 1854 1900
1901 1856 1854
1902 1856 1901
1902 1903 1856
1857 1856 1903
1857 1903 1904
1905 1904 1903
1905 1903 1906
1906 1903 1902
1905 1906 1907
1905 1907 1908
1908 1907 1909
1896 1890 1910
1911 1896 1910
1911 1912 1896
1912 1911 1913
1914 1913 1911
1915 1913 1914
1915 1916 1913
1914 1911 1917
1917 1911 1910
1918 1913 1916
1912 1913 1918
1918 1916 1919
1919 1916 1920
1920 1916 1915
1917 1910 1921
1910 1922 1921
1910 1890 1922
1923 1921 1922
1888 1922 1890
1889 1922 1888
1889 1923 1922
1889 1924 1923
1889 1891 1924
1891 1881 1880
1832 1842 1858
1832 1858 1833
1925 1797 1926
1925 1926 1927
1798 1797 1925
1926 1797 1800
1926 1800 1928
1801 1928 1800
1801 1929 1928
1801 1930 1929
1806 1930 1801
1806 1810 1930
1873 1796 1798
1931 1932 1933
1931 1933 1934
1931 1934 1935
1931 1935 1936
1937 1935 1934
1937 1934 1938
1938 1934 1933
1939 1933 1932
1939 1940 1933
1940 1939 1941
1940 1941 1942
1943 1933 1940
1943 1940 1942
1943 1944 1933
1938 1933 1944
1945 1942 1941
1945 1946 1942
1947 1942 1946
1943 1942 1947
1947 1946 1948
1949 1946 1945
1949 1950 1946
1946 1950 1948
1951 1935 1937
1935 1952 1953
1935 1953 1936
1954 1955 1956
1955 1954 1957
1956 1955 1958
1959 1960 1961
1959 1961 1962
1959 1962 1963
1959 1963 1964
1964 1963 1965
1964 1965 1966
1966 1965 1967
1966 1967 1968
1968 1967 1969
1968 1969 1970
1970 1969 1971
1972 1961 1960
1973 1974 1975
1973 1975 1976
1976 1977 1973
1976 1978 1977
1979 1977 1978
1980 1977 1979
1980 1981 1977
1981 1973 1977
1982 1981 1980
1982 1980 1983
1982 1983 1984
1979 1978 1985
1981 1986 1973
1987 1973 1986
1987 1974 1973
1987 1986 1988
1988 1986 1989
1988 1989 1990
1991 1989 1986
1992 1989 1991
1992 1993 1989
1991 1986 1994
1995 1979 1985
1995 1985 1996
1985 1997 1996
1985 1998 1997
1999 1998 1985
1998 1999 1976
2000 2001 1995
2000 2002 2001
2003 2002 2000
2003 2004 2002
2005 2004 2003
2006 2007 2008
2008 2007 2009
2007 2010 2009
2011 2010 2007
2011 2012 2010
2011 2013 2012
2014 2012 2013
2014 2013 2015
2016 2014 2015
2017 2016 2015
2016 2018 2014
2016 2019 2018
2016 2020 2019
2020 2016 2021
2021 2016 2017
2020 2021 2022
2022 2021 2023
2024 2019 2022
2025 2024 2022
2026 2025 2022
2026 2027 2025
2027 2026 2028
2029 2028 2026
2030 2029 2026
2031 2029 2030
2031 2030 2023
2030 2026 2032
2032 2023 2030
2033 2028 2029
2034 2028 2033
2035 2028 2034
2027 2028 2035
2035 2034 2036
2034 2037 2036
2034 2038 2037
2037 2038 2039
2037 2039 2040
2041 2039 2038
2042 2039 2041
2042 2043 2039
2039 2043 2040
2044 2040 2043
2044 2043 2045
2045 2043 2042
2046 2044 2045
2046 2045 2047
2046 2047 2048
2041 2038 2049
2049 2038 2050
2045 2042 2051
2052 2045 2051
2052 2053 2045
2048 2053 2052
2050 2038 2034
2034 2033 2050
2054 2055 2056
2057 2055 2054
2057 2058 2055
2058 2059 2055
2055 2059 2060
2055 2060 2061
2062 2055 2061
2063 2055 2062
2056 2055 2063
2061 2060 2064
2061 2064 2065
2061 2065 2066
2061 2066 2067
2067 2066 2068
2067 2068 2069
2070 2069 2068
2070 2068 2071
2070 2071 2072
2073 2056 2063
2074 2054 2056
2075 2054 2074
2075 2074 2076
2077 2075 2076
2077 2078 2075
2075 2057 2054
2075 2078 2057
2074 2056 2079
2074 2079 2080
2074 2080 2081
2082 2081 2080
2082 2083 2081
2084 2083 2082
2084 2085 2083
2086 2085 2084
2086 2087 2085
2088 2087 2086
2088 2089 2087
2090 2089 2088
2077 2076 2091
2076 2092 2091
2076 2093 2092
2092 2093 2094
2092 2094 2095
2095 2094 2096
2095 2096 2097
2097 2096 2098
2097 2098 2099
2098 2100 2099
2101 2102 2103
2101 2103 2104
2105 2102 2101
2105 2106 2102
2106 2105 2107
2103 2108 2104
2109 2108 2103
2110 2108 2109
2105 2111 2107
2112 2113 2114
2112 2114 2115
2116 2113 2112
2116 2117 2113
2118 2117 2116
2118 2119 2117
2118 2120 2119
2121 2122 2123
2124 2121 2123
2124 2123 2125
2126 2124 2125
2127 2128 2129
2127 2129 2130
2128 2131 2129
2128 2132 2131
2132 2133 2131
2132 2134 2133
2134 2135 2133
2127 2130 2136
2137 2138 2139
2137 2140 2138
2137 2141 2140
2138 2140 2142
2143 2137 2139
2143 2144 2137
2145 2137 2144
2145 2146 2137
2146 2141 2137
2147 2141 2146
2147 2148 2141
2149 2148 2147
2150 2147 2146
2138 2142 2151
2138 2151 2139
2151 2152 2139
2153 2152 2151
2153 2154 2152
2155 2154 2153
2156 2154 2155
2156 2157 2154
2158 2157 2156
2158 2159 2157
2160 2159 2158
2160 2161 2159
2160 2162 2161
2161 2162 2163
2161 2163 2164
2164 2163 2165
2164 2165 2166
2166 2165 2167
2168 2169 2170
2171 2172 2173
2008 2174 2175
2175 2006 2008
2006 2176 2007
2011 2007 2176
2011 2176 2177
2013 2011 2177
2013 2177 2178
2179 2013 2178
2180 2013 2179
2013 2180 2015
2179 2181 2180
2181 2015 2182
2015 2181 2017
2183 2181 2179
2183 2179 2184
2183 2184 2185
2183 2185 2186
2186 2185 2187
2186 2187 2188
2188 2187 2189
2190 2191 2192
2191 2190 2029
2191 2029 2031
2190 2192 2193
2193 2192 2194
2193 2194 2195
2195 2194 2196
2197 2198 2199
2197 2199 2200
2197 2201 2198
2197 2202 2201
2025 2201 2202
2202 2197 2203
2202 2203 2204
2024 2202 2204
2025 2202 2024
2024 2204 2205
2206 2024 2205
2206 2207 2024
2018 2207 2206
2018 2206 2208
2197 2200 2209
2197 2209 2203
2209 2200 2210
2211 2200 2199
2212 2213 2208
2212 2014 2213
2012 2014 2212
2012 2212 2214
2010 2012 2214
2010 2214 2215
2009 2010 2215
2022 2207 2020
2216 2217 2218
2216 2218 2219
2219 2218 2220
2219 2220 2221
2221 2220 2222
2221 2222 2223
2223 2222 2224
2223 2224 2225
2225 2224 2226
2225 2226 2227
2227 2226 2228
2228 2226 2229
2228 2229 2230
2216 2231 2217
2232 2231 2216
2231 2233 2234
2234 2233 2235
2234 2235 2236
2236 2237 2234
2236 2238 2237
2236 2239 2238
2236 2240 2239
2235 2240 2236
2239 2240 2241
2234 2237 2242
2243 2242 2237
2244 2242 2243
2244 2245 2242
2246 2245 2244
2247 2245 2246
2242 2245 2248
2245 2247 2249
2245 2249 2248
2250 2247 2246
2250 2251 2247
2252 2251 2250
2252 2253 2251
2254 2253 2252
2254 2252 2255
2254 2255 2256
2247 2257 2258
2258 2257 2259
2259 2257 2260
2259 2260 2261
2262 2261 2260
2262 2263 2261
2262 2264 2263
2262 2265 2264
2266 2264 2265
2266 2265 2267
2266 2267 2268
2268 2267 2269
2268 2269 2270
2270 2269 2271
2270 2271 2272
2272 2271 2273
2274 2275 2276
2277 2275 2274
2277 2278 2275
2279 2278 2277
2279 2280 2278
2281 2274 2276
2281 2282 2274
2283 2282 2281
2283 2284 2282
2285 2284 2283
2285 2286 2284
2287 2286 2285
2279 2288 2280
2289 2288 2279
2289 2279 2290
2291 2292 2293
2291 2293 2294
2295 2292 2291
2295 2296 2292
2297 2296 2295
2297 2298 2296
2299 2298 2297
2299 2300 2298
2299 2301 2300
2302 2301 2299
2302 2303 2301
2304 2303 2302
2305 2303 2304
2305 2306 2303
2307 2306 2305
2307 2308 2306
2309 2308 2307
2310 2311 2312
2310 2312 2313
2313 2312 2314
2313 2314 2315
2316 2311 2310
2316 2310 2317
2318 2316 2317
2318 2317 2319
2320 2318 2319
2320 2321 2318
2322 2321 2320
2323 2324 2325
2323 2325 2326
2323 2326 2327
2328 2329 2330
2331 2332 2333
2331 2333 2334
2331 2334 2335
2335 2334 2336
2332 2337 2333
2332 2338 2337
2338 2339 2337
2338 2340 2339
2340 2341 2339
2340 2342 2341
2341 2342 2343
2343 2342 2344
2336 2345 2335
2336 2346 2345
2345 2346 2347
2344 2348 2343
2344 2349 2348
2349 2350 2348
2349 2351 2350
2350 2351 2352
2347 2346 2353
2354 2355 2356
2356 2355 2357
2354 2356 2358
2354 2358 2359
2359 2358 2360
2359 2360 2361
2361 2360 2362
2357 2355 2363
2357 2363 2364
2364 2363 2365
2366 2364 2365
2362 2367 2361
2362 2368 2367
2369 2366 2365
2370 2366 2369
2371 2370 2369
2370 2371 2372
2370 2372 2373
2370 2373 2374
2374 2373 2375
2376 2377 2378
2376 2378 2379
2377 2376 2380
2377 2380 2381
2382 2379 2378
2382 2383 2379
2384 2383 2382
2380 2385 2381
2386 2387 2388
2386 2388 2389
2390 2387 2386
2390 2391 2387
2392 2391 2390
2392 2393 2391
2393 2394 2391
2393 2395 2394
2387 2396 2388
2387 2397 2396
2391 2394 2397
2391 2397 2387
2393 2398 2395
2393 2392 2398
2395 2398 2399
2400 2401 2402
2400 2402 2403
2404 2401 2400
2404 2405 2401
2406 2405 2404
2406 2407 2405
2408 2407 2406
2408 2409 2407
2410 2409 2408
2410 2411 2409
2412 2411 2410
2412 2413 2411
2412 2414 2413
2402 2415 2403
2416 2417 2418
2416 2418 2419
2416 2420 2417
2416 2421 2420
2422 2420 2421
2422 2423 2420
2424 2423 2422
2424 2425 2423
2425 2424 2426
2425 2426 2427
2427 2426 2428
2429 2430 2431
2429 2431 2432
2433 2432 2431
2433 2431 2434
2435 2430 2429
2435 2436 2430
2435 2437 2436
2217 2231 2234
2438 2439 2440
2438 2440 2441
2438 2441 2442
2442 2441 2443
2442 2443 2444
2444 2443 2445
2444 2445 2446
2446 2445 2447
2446 2447 2448
2448 2447 2449
2448 2449 2450
2450 2449 2451
2450 2451 2452
2452 2451 2453
2454 2455 2456
2454 2456 2457
2458 2455 2454
2458 2459 2455
2460 2459 2458
2460 2458 2461
2460 2461 2462
2460 2462 2463
2463 2462 2464
2463 2464 2465
2465 2464 2466
2457 2456 2467
2457 2467 2468
2468 2467 2469
2470 2471 2472
2473 2471 2470
2473 2474 2471
2474 2473 2475
2474 2475 2476
2476 2475 2477
2472 2471 2478
2479 2480 2481
2482 2480 2479
2483 2484 2485
2483 2485 2486
2487 2488 2489
2487 2489 2490
2491 2490 2489
2491 2492 2490
2493 2492 2491
2493 2494 2492
2493 2495 2494
2493 2496 2495
2497 2495 2496
2497 2496 2498
2499 2497 2498
2499 2498 2500
2501 2499 2500
2501 2502 2499
2501 2503 2502
2488 2487 2504
2504 2487 2505
2506 2507 2508
2506 2508 2509
2510 2511 2512
2510 2512 2513
2513 2512 2514
2513 2514 2515
2516 2511 2510
2516 2517 2511
2516 2518 2517
2519 2520 2521
2519 2521 2522
2520 2523 2521
2520 2524 2523
2525 2523 2524
2526 2519 2522
2527 2528 2529
2527 2529 2530
2529 2531 2530
2532 2533 2534
2532 2534 2535
2536 2535 2534
2536 2537 2535
2537 2536 2538
2537 2538 2539
2539 2538 2540
2539 2540 2541
2542 2541 2540
2542 2543 2541
2543 2542 2544
2543 2544 2545
2545 2544 2546
2545 2546 2547
2547 2546 2548
2532 2549 2533
2550 2549 2532
2551 2552 2553
2551 2553 2554
2555 2551 2554
2555 2554 2556
2557 2555 2556
2557 2556 2558
2559 2557 2558
2559 2558 2560
2560 2561 2559
2560 2562 2561
2561 2562 2563
2563 2562 2564
2565 2563 2564
2565 2566 2563
2566 2565 2567
2552 2568 2553
2553 2568 2569
2570 2571 2572
2570 2572 2573
2570 2573 2574
2574 2573 2575
2575 2573 2576
2577 2575 2576
2577 2578 2575
2579 2578 2577
2579 2577 2580
2581 2579 2580
2581 2580 2582
2583 2581 2582
2583 2582 2584
2585 2583 2584
2585 2584 2586
2585 2586 2587
2588 2589 2590
2588 2590 2591
2592 2588 2591
2592 2591 2593
2589 2594 2590
2589 2595 2594
2596 2592 2593
2596 2593 2597
2594 2595 2598
2597 2599 2596
2597 2600 2599
2596 2599 2601
2602 2603 2604
2602 2604 2605
2602 2605 2606
2606 2605 2607
2606 2607 2608
2608 2607 2609
2608 2609 2610
2610 2609 2611
2610 2611 2612
2612 2611 2613
2604 2603 2614
2615 2616 2617
2618 2617 2616
2618 2616 2619
2620 2618 2619
2620 2621 2618
2622 2621 2620
2622 2623 2621
2624 2623 2622
2624 2622 2625
2624 2625 2626
2625 2627 2626
2628 2629 2630
2631 2632 2176
2633 2634 2635
2633 2636 2634
2633 2637 2636
2638 2636 2637
2638 2639 2636
2640 2639 2638
2640 2641 2639
2641 2640 2642
2643 2642 2640
2644 2642 2643
2645 2642 2644
2641 2642 2645
2645 2644 2646
2646 2644 2647
2646 2647 2648
2648 2647 2649
2647 2644 2650
2644 2643 2650
2647 2650 2651
2652 2653 2654
2655 2656 2657
2658 2659 2660
2661 2662 2663
2664 2665 2666
2667 2668 2669
2668 2667 2670
2668 2670 2671
2672 2671 2670
2672 2670 2673
2667 2669 2674
2674 2669 2675
2672 2673 2676
2677 2678 2679
2679 2680 2681
2679 2681 2682
2683 2682 2681
2683 2684 2682
2684 2683 2685
2684 2685 2686
2686 2685 2687
2688 2689 2690
2691 2689 2688
2691 2692 2689
2693 2692 2691
2693 2694 2692
2695 2694 2693
2695 2696 2694
2695 2697 2696
2696 2697 2698
2699 2700 2701
2702 2703 2704
2705 2706 2707
2708 2709 2710
2711 2712 2713
2714 2715 2716
2714 2717 2715
2718 2714 2716
2718 2719 2714
2720 2721 2722
2723 2724 2725
2726 2727 2728
2729 2730 2731
2732 2733 2734
2735 2736 2737
1803 1820 1804
1820 1877 1811
2738 2739 2740
2739 2738 2741
2741 2738 2742
2742 2738 2743
2742 2743 2744
2743 2745 2744
2739 2741 2746
2741 2747 2746
2746 2747 2748
2748 2747 2749
2748 2749 2750
2747 2751 2749
2752 2749 2751
2752 2753 2749
2749 2753 2750
2754 2753 2752
2754 2755 2753
2750 2753 2756
2753 2755 2756
2755 2757 2756
2755 2758 2757
2755 2754 2759
2755 2759 2758
2760 2758 2759
2760 2759 2761
2762 2760 2761
2762 2761 2763
2758 2760 2764
2758 2764 2765
2760 2762 2766
2760 2766 2764
2766 2762 2767
2767 2762 2768
1722 1704 1703
2769 2770 2771
2769 2771 2772
2771 2770 2773
2771 2773 2774
2771 2774 2775
2771 2775 2772
2773 2776 2774
2777 2776 2773
2777 2773 2770
2776 2777 2778
2775 2779 2772
2776 2778 2780
2780 2781 2776
2776 2781 2774
2774 2781 2782
2783 2781 2780
2784 2782 2781
2784 2781 2783
2785 2782 2784
2785 2786 2782
2787 2782 2786
2774 2782 2787
2787 2788 2774
2775 2788 2779
2788 2775 2774
2789 2786 2785
2789 2790 2786
2791 2790 2789
2791 2792 2790
2793 2790 2792
2793 2794 2790
2786 2790 2794
2795 2786 2794
2787 2786 2795
2795 2796 2787
2796 2788 2787
2792 2797 2793
2798 2793 2797
2798 2797 2799
2799 2797 2800
2799 2800 2801
2792 2802 2797
2791 2802 2792
2802 2800 2797
2791 2803 2802
2802 2804 2800
2803 2804 2802
2803 2805 2804
2804 2806 2800
2807 2806 2804
2807 2804 2805
2808 2806 2807
2794 2809 2795
2809 2796 2795
2810 2796 2809
2810 2809 2811
2811 2809 2798
2811 2798 2812
2812 2798 2799
2793 2798 2809
2793 2809 2794
2799 2801 2813
2812 2799 2813
2808 2814 2806
2806 2814 2815
2816 2814 2808
2817 2814 2816
2818 2814 2817
2813 2801 2818
2801 2819 2818
2800 2814 2801
2779 2796 2810
2779 2788 2796
2820 2821 2822
2820 2823 2821
2820 2824 2823
2825 2823 2824
2825 2824 2826
2827 2825 2826
2827 2828 2825
2822 2821 2829
2821 2830 2829
2821 2831 2830
2821 2823 2831
2829 2830 2832
2830 2833 2832
2830 2834 2833
2835 2833 2834
2835 2834 2836
2836 2837 2835
2837 2836 2838
2836 2834 2838
2834 2839 2838
2834 2830 2839
2839 2830 2831
2832 2840 2829
2840 2841 2829
2842 2828 2827
2842 2843 2828
2844 2843 2842
2843 2844 2845
2843 2845 2846
2844 2847 2845
2844 2848 2847
2846 2828 2843
2846 2849 2828
2849 2825 2828
2849 2850 2825
2838 2839 2850
2838 2850 2849
2851 2847 2848
2851 2848 2852
2823 2825 2850
2853 2849 2846
2845 2853 2846
2853 2838 2849
2845 2854 2853
2847 2854 2845
2853 2854 2855
2853 2855 2837
2837 2838 2853
2837 2855 2856
2854 2857 2855
2858 2855 2857
2855 2858 2856
2854 2859 2857
2860 2857 2859
2861 2857 2860
2861 2862 2857
2862 2858 2857
2860 2859 2863
2860 2864 2861
2860 2865 2864
2863 2865 2860
2864 2865 2866
2866 2865 2867
2863 2867 2865
2866 2867 2868
2868 2867 2869
2852 2869 2867
2867 2863 2851
2852 2867 2851
2863 2859 2847
2863 2847 2851
2847 2859 2854
2829 2841 2822
2831 2823 2850
2839 2831 2850
2837 2856 2835
2870 2871 2872
2870 2872 2873
2871 2874 2872
2871 2875 2874
2873 2876 2870
2877 2874 2875
2877 2875 2878
2879 2877 2878
2879 2880 2877
2881 2878 2875
2879 2878 2881
2881 2875 2882
2882 2875 2871
2879 2881 2883
2884 2880 2879
2883 2884 2879
2884 2885 2880
2883 2886 2884
2884 2887 2885
2884 2888 2887
2886 2888 2884
2889 2887 2888
2889 2888 2890
2886 2891 2888
2892 2893 2890
2892 2890 2894
2892 2894 2895
2896 2893 2897
2882 2871 2898
2898 2871 2899
2899 2871 2870
2870 2900 2899
2901 2900 2870
2870 2876 2901
2902 2900 2901
2902 2903 2900
2904 2905 2906
2904 2906 2907
2907 2906 2908
2907 2908 2909
2909 2910 2911
2912 2913 2914
2912 2914 2915
2913 2912 2916
2913 2916 2917
2916 2918 2917
2916 2919 2918
2920 2918 2919
2920 2921 2918
2922 2921 2920
2922 2923 2921
2924 2915 2914
2924 2914 2925
2924 2925 2926
2924 2926 2927
2928 2927 2926
2928 2926 2929
2928 2929 2930
2928 2930 2931
2932 2931 2930
2932 2933 2931
2934 2935 2923
2934 2923 2936
2937 2935 2934
2937 2938 2935
2938 2937 2939
2938 2939 2940
2940 2939 2941
2940 2941 2942
2943 2942 2941
2943 2941 2944
2943 2944 2945
2943 2945 2946
2946 2945 2947
2946 2947 2948
2948 2947 2949
2948 2949 2950
2951 2950 2949
2951 2949 2952
2953 2951 2952
2953 2932 2951
2954 2955 2956
2956 2955 2957
2957 2955 2958
2958 2955 2959
2959 2955 2960
2961 2955 2954
2962 2955 2961
2963 2955 2962
2964 2955 2963
2965 2955 2964
2966 2955 2965
2967 2955 2966
2968 2955 2967
2969 2955 2968
2970 2955 2969
2971 2955 2970
2972 2955 2971
2973 2955 2972
2974 2955 2973
2975 2955 2974
2976 2977 2978
2976 2978 2979
2979 2980 2976
2979 2981 2980
2980 2981 2982
2980 2982 2983
2984 2983 2982
2984 2982 2985
2986 2984 2985
2986 2985 2987
2988 2978 2977
2988 2989 2978
2988 2990 2989
2988 2991 2990
2992 2990 2991
2992 2993 2990
2992 2994 2993
2992 2995 2994
2996 2994 2995
2996 2995 2997
2998 2999 2987
2998 2987 3000
3001 2998 3000
3001 3000 3002
3002 3003 3001
3002 3004 3003
3004 3005 3003
3004 3006 3005
3007 3005 3006
3007 3008 3005
3007 3009 3008
3007 3010 3009
3010 3011 3009
3010 3012 3011
3012 3013 3011
3012 3014 3013
3015 3013 3014
3015 3016 3013
3017 3016 3015
3017 3015 2996
3018 3019 3020
3019 3021 3020
3021 3022 3020
3022 3023 3020
3023 3024 3020
3025 3018 3020
3026 3025 3020
3027 3026 3020
3028 3027 3020
3029 3028 3020
3030 3029 3020
3031 3030 3020
3032 3031 3020
3033 3032 3020
3034 3033 3020
3035 3034 3020
3036 3035 3020
3037 3036 3020
3038 3037 3020
3039 3038 3020
3040 3041 3042
3042 3041 3043
3043 3041 3044
3044 3041 3045
3045 3041 3046
3046 3041 3047
3047 3041 3048
3048 3041 3049
3049 3041 3050
3050 3041 3051
3051 3041 3052
3052 3041 3053
3053 3041 3054
3054 3041 3055
3055 3041 3056
3056 3041 3057
3057 3041 3058
3058 3041 3040
3059 3060 3061
3061 3060 3062
3062 3060 3063
3063 3060 3064
3064 3060 3065
3065 3060 3066
3066 3060 3067
3067 3060 3068
3068 3060 3069
3069 3060 3070
3070 3060 3071
3071 3060 3072
3072 3060 3073
3073 3060 3074
3074 3060 3075
3075 3060 3076
3076 3060 3077
3077 3060 3059
3078 3079 3080
3079 3078 3081
3079 3081 3082
3083 3081 3078
3083 3078 3084
3085 3083 3084
3085 3084 3086
3087 3085 3086
3088 3078 3080
3088 3089 3078
3088 3090 3089
3090 3091 3089
3090 3092 3091
3093 3091 3092
3094 3095 3096
3094 3096 3097
3097 3096 3098
3097 3099 3100
3099 3101 3100
3101 3099 3102
3103 3099 3104
3105 3103 3104
3105 3104 3106
3103 3107 3098
3098 3107 3108
3108 3109 3098
3110 3111 3112
3110 3112 3113
3113 3112 3114
3113 3114 3115
3115 3114 3116
3117 3118 3119
3117 3119 3120
3121 3122 3123
3121 3123 3124
3125 3126 3123
3125 3123 3127
3128 3129 3130
3130 3129 3131
3128 3130 3132
3131 3129 3133
3131 3133 3134
3134 3133 3135
3134 3135 3136
3134 3137 3138
3138 3137 3139
3139 3137 3140
3140 3141 3139
3141 3140 3142
3143 3137 3144
3143 3144 3145
3146 3143 3145
3143 3147 3136
3147 3148 3136
3148 3149 3136
3149 3148 3150
3150 3151 3149
3146 3145 3152
3153 3146 3152
3154 3153 3152
3154 3155 3153
3156 3157 3158
3159 3157 3156
3159 3160 3157
3156 3158 3161
3162 3163 3164
3162 3164 3165
3165 3164 3166
3165 3166 3167
3167 3166 3168
3167 3168 3169
3169 3168 3170
3171 3172 3173
3172 3171 3174
3174 3175 3172
3176 3175 3174
3177 3175 3176
3172 3175 3178
3179 3180 3181
3179 3181 3182
3183 3180 3179
3184 3180 3183
3184 3185 3180
3186 3185 3184
3186 3187 3185
3186 3188 3187
3182 3181 3189
3182 3189 3190
3190 3189 3191
3191 3192 3193
3191 3193 3194
3191 3194 3195
3195 3194 3196
3195 3196 3197
3198 3199 3192
3198 3192 3200
3201 3198 3200
3201 3200 3202
3203 3201 3202
3204 3203 3202
3204 3202 3205
3206 3204 3205
3206 3205 3207
3206 3207 3208
3199 3209 3192
3209 3210 3189
3209 3211 3210
3209 3212 3211
3212 3213 3211
3212 3214 3213
3215 3216 3217
3215 3218 3216
3218 3219 3216
3218 3220 3219
3220 3221 3219
3222 3223 3224
3222 3224 3225
3226 3227 3228
3229 3226 3228
3229 3228 3230
3226 3231 3227
3232 3233 3234
3232 3234 3235
3233 3236 3234
3233 3237 3236
3237 3238 3236
3237 3239 3238
3239 3240 3238
3241 3242 3243
3243 3244 3241
3244 3243 3245
3246 3244 3245
3247 3246 3245
3243 3248 3245
