byte offset: 0
first index: 0
index count: 8877
topology: trianglelist
format: DXGI_FORMAT_R16_UINT

0 1 2
3 0 2
1 0 4
5 4 0
4 6 1
6 7 1
7 8 1
7 9 8
8 10 1
10 11 1
11 12 1
12 13 1
13 14 1
1 14 15
16 1 15
1 16 17
3 2 18
19 20 5
20 19 21
20 21 22
23 20 22
24 19 25
26 24 25
27 24 26
28 27 26
27 28 29
28 30 29
25 31 26
25 19 5
0 31 25
5 0 25
18 2 1
1 17 32
32 17 33
34 32 33
35 32 34
36 35 34
35 36 37
36 38 37
1 32 39
32 40 39
41 37 38
41 35 37
35 41 42
42 40 32
35 42 32
1 39 43
43 44 1
1 44 45
46 1 45
47 1 46
48 1 47
49 1 48
50 1 49
51 1 50
51 50 52
53 1 51
54 1 53
1 54 18
55 18 54
55 56 18
56 55 57
58 57 55
57 58 59
58 60 59
61 60 58
62 56 57
63 56 62
64 63 62
64 65 63
65 64 66
65 66 67
56 63 68
18 56 68
69 70 71
72 70 69
69 73 72
73 69 74
75 72 73
72 75 76
75 77 76
77 75 78
77 78 79
77 79 80
69 81 74
81 69 71
71 82 81
82 71 83
84 83 71
70 84 71
70 85 84
86 85 70
85 86 87
87 86 88
83 84 89
88 90 87
90 88 91
90 91 92
93 83 89
83 94 82
94 83 93
90 92 95
95 96 90
97 96 95
93 98 94
98 93 99
100 98 99
98 100 101
102 100 99
93 102 99
100 102 103
93 89 104
84 104 89
104 84 105
105 106 104
106 105 107
108 107 105
108 105 109
109 105 84
109 84 85
85 110 109
110 85 87
111 108 109
112 108 111
108 112 113
107 108 113
111 114 112
114 111 115
116 114 115
114 116 117
116 118 117
116 119 118
119 120 118
120 119 121
122 120 121
120 122 123
120 123 124
123 125 124
125 123 126
127 125 126
128 129 130
129 128 131
132 130 129
130 132 133
134 133 132
132 135 134
135 132 136
133 134 137
138 137 134
137 138 139
140 134 135
134 140 138
140 141 138
141 139 138
128 142 131
131 142 143
142 144 143
144 142 145
146 144 145
147 146 145
147 145 142
146 147 148
146 148 149
146 149 150
142 151 147
152 151 142
153 146 150
146 153 154
144 146 154
153 155 154
154 156 144
156 143 144
156 154 157
154 155 157
143 156 158
158 131 143
131 158 159
129 131 159
160 129 159
132 129 160
132 160 161
161 136 132
142 128 152
162 163 164
162 164 165
164 163 166
165 167 162
166 168 164
169 168 166
80 162 167
162 80 79
170 171 172
171 170 173
171 174 172
174 171 175
175 176 174
176 175 177
177 178 176
178 177 179
179 180 178
180 179 181
181 182 180
182 181 183
183 184 182
184 183 185
185 186 184
186 185 187
187 188 186
188 187 189
189 190 188
191 192 193
192 191 194
195 192 194
196 191 193
197 198 199
200 199 198
199 200 201
202 201 200
201 202 203
204 203 202
203 204 205
204 206 205
207 208 209
208 207 210
210 211 208
211 210 212
213 211 212
214 213 212
212 215 214
215 216 214
216 217 214
218 219 220
221 222 223
224 225 226
227 228 229
228 227 230
231 232 233
232 231 234
235 236 237
236 235 238
239 240 241
240 239 242
243 244 245
244 243 246
247 248 249
248 247 250
251 252 253
254 255 256
257 258 259
260 261 262
261 260 263
264 265 266
265 264 267
268 269 270
269 268 271
272 273 274
273 272 275
276 277 278
277 276 279
280 281 282
281 280 283
284 285 286
285 287 286
284 288 285
288 284 289
289 290 288
291 288 290
288 291 292
285 292 287
292 285 288
290 289 293
294 293 289
284 294 289
293 294 295
294 284 296
296 284 286
295 297 293
297 295 298
299 293 297
293 299 290
290 300 291
300 290 299
298 301 297
301 298 302
302 303 301
303 302 304
305 303 304
306 301 303
301 306 307
307 297 301
297 307 299
308 307 306
307 308 309
299 309 300
309 299 307
310 308 306
308 310 311
310 312 311
312 310 313
313 314 312
315 306 303
316 315 303
315 316 317
316 318 317
318 319 317
319 318 320
318 321 320
321 318 316
320 322 319
323 324 325
324 326 325
324 327 326
327 328 326
328 327 329
329 330 328
331 332 333
332 331 334
334 331 335
334 336 332
337 338 339
340 338 337
338 340 341
341 340 342
343 344 345
345 344 346
345 346 347
346 348 347
347 349 345
349 347 350
351 350 347
352 353 305
354 353 352
353 354 355
354 356 355
305 304 352
357 173 170
139 141 101
358 359 360
359 358 361
361 362 359
362 361 363
363 364 362
365 362 364
362 365 366
364 363 367
367 368 364
368 367 369
364 370 365
370 364 368
370 368 371
369 371 368
372 358 360
360 373 372
374 372 373
372 374 375
374 376 375
377 375 376
377 372 375
376 378 377
376 379 378
376 380 379
372 377 381
382 372 381
376 383 380
383 376 384
376 374 384
383 384 385
386 384 374
373 386 374
384 386 387
384 387 385
386 373 388
360 388 373
388 360 389
359 389 360
390 389 359
362 390 359
362 391 390
391 362 366
358 372 382
392 393 110
394 393 392
393 394 395
394 396 395
394 397 396
397 394 398
399 397 398
400 401 402
401 400 403
404 400 402
400 404 405
406 405 404
405 406 407
408 407 406
407 408 409
410 409 408
409 410 411
412 411 410
411 412 413
414 413 412
413 414 415
416 415 414
415 416 417
418 417 416
417 418 419
419 418 420
421 422 423
422 421 424
425 424 421
426 423 422
427 428 429
428 430 429
430 428 431
431 432 430
432 431 433
433 434 432
434 433 435
434 435 436
437 438 439
439 440 437
440 439 441
442 440 441
443 442 441
442 443 444
442 444 445
445 444 446
446 444 447
448 449 450
451 452 453
454 455 456
457 458 459
458 457 460
461 462 463
462 461 464
465 466 467
466 465 468
469 470 471
470 469 472
473 474 475
474 473 476
477 478 479
478 477 480
481 482 483
484 485 486
487 488 489
490 491 492
491 490 493
494 495 496
495 494 497
498 499 500
499 498 501
502 503 504
503 502 505
506 507 508
507 506 509
510 511 512
511 510 513
514 515 516
516 515 517
518 514 516
514 518 519
520 519 518
518 521 520
521 518 522
516 522 518
522 516 517
519 520 523
523 524 519
524 514 519
524 523 525
514 524 526
526 515 514
527 525 523
525 527 528
523 529 527
529 523 520
520 530 529
530 520 521
531 528 527
528 531 532
533 532 531
532 533 534
535 534 533
531 536 533
536 531 537
527 537 531
537 527 529
537 538 536
538 537 539
529 539 537
539 529 530
538 540 536
540 538 541
542 540 541
540 542 543
543 542 544
545 533 536
546 533 545
545 547 546
546 547 548
549 548 547
548 549 550
548 550 551
551 546 548
550 549 552
553 554 555
555 554 556
555 556 557
558 557 556
557 558 559
559 558 560
561 562 563
563 564 561
564 565 561
564 563 566
567 568 569
569 570 567
570 569 571
571 572 570
573 574 575
574 576 575
574 577 576
576 577 578
577 574 579
579 580 577
581 577 580
582 535 583
583 584 582
584 583 585
584 585 586
535 582 534
587 401 403
104 588 93
588 104 106
102 93 588
371 369 103
589 590 591
592 589 591
593 592 591
594 593 591
595 594 591
596 595 591
597 596 591
598 597 591
599 598 591
600 599 591
601 600 591
602 601 591
603 602 591
604 603 591
605 604 591
606 605 591
607 606 591
590 607 591
608 609 610
609 611 610
609 612 611
609 613 612
609 614 613
609 615 614
609 616 615
609 617 616
609 618 617
609 619 618
609 620 619
609 621 620
609 622 621
609 623 622
609 624 623
609 608 624
625 626 627
628 625 627
629 628 627
630 629 627
631 630 627
632 631 627
633 632 627
634 633 627
635 634 627
636 635 627
637 636 627
638 637 627
639 638 627
640 639 627
641 640 627
642 641 627
643 642 627
626 643 627
644 645 646
645 647 646
645 648 647
645 649 648
645 650 649
645 651 650
645 652 651
645 653 652
645 654 653
645 655 654
645 656 655
645 657 656
645 658 657
645 659 658
645 660 659
645 644 660
661 662 663
661 663 664
661 664 665
661 665 666
661 666 667
661 667 668
661 668 669
661 669 670
661 670 671
661 671 672
661 672 673
661 673 674
661 674 675
661 675 676
661 676 677
662 678 663
679 663 678
663 679 664
680 664 679
664 680 665
681 665 680
665 681 666
682 666 681
666 682 667
683 667 682
667 683 668
684 668 683
668 684 669
684 670 669
670 684 685
685 671 670
671 685 686
686 672 671
672 686 687
687 673 672
673 687 688
688 674 673
674 688 689
689 675 674
675 689 690
690 676 675
676 690 691
691 677 676
677 691 692
692 693 677
661 677 693
661 693 694
661 694 695
661 695 696
661 696 662
693 692 697
697 694 693
694 697 698
698 695 694
695 698 699
699 696 695
696 699 700
701 696 700
696 701 662
678 662 701
702 703 704
702 705 703
702 706 705
702 707 706
702 708 707
702 709 708
702 710 709
702 711 710
702 712 711
702 713 712
702 714 713
702 715 714
702 716 715
702 717 716
702 718 717
719 704 703
720 703 705
703 720 719
705 721 720
721 705 706
706 722 721
722 706 707
707 723 722
723 707 708
708 724 723
724 708 709
709 725 724
725 709 710
711 725 710
725 711 726
712 726 711
726 712 727
713 727 712
727 713 728
714 728 713
728 714 729
715 729 714
729 715 730
716 730 715
730 716 731
717 731 716
731 717 732
718 732 717
732 718 733
734 733 718
702 734 718
702 735 734
702 736 735
702 737 736
702 704 737
733 734 738
735 738 734
738 735 739
736 739 735
739 736 740
737 740 736
740 737 741
742 737 704
737 742 741
704 719 742
743 744 745
746 745 744
744 747 746
744 748 747
748 749 747
747 750 746
751 752 753
754 753 752
752 755 754
756 757 758
757 756 759
760 756 758
760 761 756
762 763 764
763 762 765
766 763 765
767 765 762
762 768 767
769 768 762
770 768 769
771 769 762
764 771 762
769 772 770
772 769 773
773 769 774
774 775 773
775 774 776
765 777 766
777 778 766
779 772 773
773 780 779
775 780 773
781 782 783
784 781 783
783 785 784
786 787 788
789 786 788
790 791 792
793 794 795
796 797 798
796 799 797
799 800 797
801 802 803
804 805 806
806 807 804
808 809 810
811 812 813
814 815 816
815 814 817
818 817 814
814 819 818
819 814 820
816 820 814
817 818 821
822 821 818
821 822 823
824 823 822
823 824 825
826 823 825
827 823 826
821 823 827
821 827 828
828 817 821
829 827 826
827 829 830
828 827 830
828 830 831
832 830 829
830 832 833
832 834 833
834 832 835
834 836 833
836 830 833
830 836 831
836 834 837
824 838 825
826 825 838
838 824 839
840 829 826
840 826 838
829 840 841
841 832 829
832 841 842
843 832 842
832 843 844
845 841 840
846 845 840
839 846 838
846 840 838
847 843 842
841 847 842
843 847 848
847 849 848
849 847 850
847 841 850
841 845 850
849 851 848
852 851 849
851 852 853
854 853 852
853 854 855
856 849 850
849 856 852
845 856 850
857 856 845
845 846 857
856 857 858
852 858 854
858 852 856
859 858 857
858 859 860
860 854 858
854 860 861
861 855 854
862 861 860
861 862 863
863 864 861
855 861 864
864 863 865
857 866 859
867 859 866
868 867 866
869 867 868
867 869 870
871 869 868
859 867 872
860 872 862
872 860 859
872 867 870
862 872 873
874 872 870
872 875 873
872 874 875
871 876 869
876 870 869
876 871 877
878 876 877
877 879 878
879 877 880
876 878 881
880 882 879
883 879 882
884 883 882
882 880 885
886 885 880
877 886 880
886 877 871
886 871 887
888 886 887
824 888 887
824 889 888
890 888 889
890 889 891
888 890 892
886 888 892
885 886 892
893 892 890
891 894 890
894 891 895
895 896 894
896 895 897
898 897 895
891 898 895
897 898 899
898 891 900
891 901 900
891 889 901
889 822 901
824 822 889
901 822 818
902 897 899
896 897 902
893 903 892
903 893 904
905 904 893
893 906 905
907 905 906
908 905 907
904 905 908
901 818 819
819 909 901
909 819 910
910 819 820
910 911 909
911 910 912
910 913 912
914 912 913
912 914 915
915 911 912
916 915 914
916 917 915
911 915 917
913 910 918
918 910 820
919 918 820
920 919 820
919 921 918
921 919 922
920 922 919
922 923 921
923 922 924
925 924 922
922 920 925
924 925 926
927 924 926
923 924 927
928 929 920
929 928 930
931 930 928
931 928 932
932 928 920
930 931 933
934 933 931
933 934 935
936 935 934
935 936 937
931 938 934
938 931 932
938 936 934
932 939 938
939 932 816
940 939 816
939 940 941
942 941 940
941 942 943
942 940 815
816 815 940
820 816 932
935 944 933
944 935 945
937 945 935
944 945 946
945 947 946
945 937 947
948 941 943
943 949 948
949 943 950
951 943 942
943 951 952
952 950 943
953 948 949
949 954 953
954 949 955
950 955 949
956 953 954
953 956 957
958 953 957
953 958 959
948 953 959
960 959 958
959 960 961
961 948 959
955 950 962
963 962 950
950 952 963
964 963 952
963 964 965
965 964 966
962 963 967
967 963 965
968 961 960
960 969 968
969 960 970
958 970 960
961 968 971
941 961 971
948 961 941
964 972 966
964 834 972
835 972 834
972 835 973
973 974 972
966 972 974
974 973 975
834 964 837
970 976 969
976 970 977
977 978 976
978 977 979
978 979 980
981 979 977
979 981 982
979 982 980
977 983 981
984 981 983
981 984 985
985 986 981
986 985 987
988 985 984
985 988 989
989 987 985
987 989 990
987 991 986
991 987 992
990 992 987
993 991 992
993 992 994
992 990 994
984 956 988
956 984 957
983 957 984
957 983 958
970 958 983
983 977 970
995 996 997
996 995 998
998 999 996
1000 996 999
996 1000 1001
1001 997 996
999 998 1002
1003 999 1002
1000 999 1003
997 1001 1004
997 1004 938
1005 997 938
997 1005 995
938 1006 1005
1006 938 939
939 941 1006
1007 1008 1009
1007 1010 1008
1008 933 1009
933 1008 930
1010 930 1008
930 1010 929
817 1011 815
1011 817 828
815 1011 942
1011 951 942
951 1011 831
1011 828 831
836 951 831
951 836 837
837 952 951
952 837 964
906 893 1012
1012 893 890
887 868 839
871 868 887
839 868 866
846 839 866
866 857 846
824 887 839
1013 1014 1015
1014 1013 1016
1016 1017 1014
1017 1016 1018
1018 1019 1017
1019 1018 1020
1018 862 1020
1020 1021 1019
1021 1020 873
873 1020 862
1018 1016 863
863 1016 1013
862 1018 863
1022 1017 1019
1017 1022 1023
1024 1023 1022
1024 1022 1025
1019 1025 1022
1025 1019 1021
1026 1014 1017
1014 1026 1027
1026 1028 1027
1027 1028 1029
1015 1027 1029
1027 1015 1014
1030 873 875
875 1031 1030
1032 1030 1031
1030 1032 1033
1033 1034 1030
1034 1033 1035
1036 1035 1033
1032 1036 1033
1031 875 874
873 1030 1034
1037 874 870
874 1037 1038
1037 1039 1038
1039 1037 1040
1041 1039 1040
1041 1040 1042
876 1040 1037
870 876 1037
876 1042 1040
1043 1044 1045
1044 1043 1046
1047 1045 1044
1044 1048 1047
1048 1044 1049
1046 1049 1044
1045 1047 1050
1051 1050 1047
1048 1051 1047
1049 1046 1052
1045 1053 1043
1053 1045 1054
1055 1054 1045
1054 1055 1056
1054 1057 1053
1057 1054 1058
1056 1058 1054
1058 1059 1057
1059 1058 1060
1060 1061 1059
1061 1060 1062
1063 1060 1058
1060 1063 1064
1064 1062 1060
1062 1064 1065
1066 1065 1064
1066 1064 1063
1058 1056 1067
1068 1067 1056
1055 1068 1056
865 1053 1057
865 1043 1053
1043 865 1046
1046 865 863
1046 863 1052
1069 1059 1061
1059 1069 1070
1071 865 1070
865 1071 864
855 864 1071
1070 865 1057
1070 1057 1059
882 1072 884
1072 882 885
885 903 1072
903 885 892
1073 881 878
879 1073 878
1074 1075 1076
1075 1077 1076
1077 1075 1078
1078 1079 1077
1079 1078 1080
1080 1081 1079
1081 1080 1082
1082 1083 1081
1083 1082 1084
1085 1084 1082
1084 1085 1086
1086 1087 1084
1087 1083 1084
1087 1086 1088
1083 1087 1089
1086 1090 1088
1090 1086 1091
1086 1092 1091
1092 1093 1091
1093 1092 1094
1092 1086 1095
1096 1091 1093
1082 1097 1085
1097 1082 1080
1080 1098 1097
1098 1080 1099
1099 1100 1098
1100 1099 1101
1102 1100 1101
1103 1094 1092
1095 1103 1092
1094 1103 1104
1105 1104 1103
1104 1105 1106
1105 1107 1106
1107 1105 1108
1109 1105 1103
1105 1109 1108
1103 1095 1109
1110 1111 1112
1111 1110 1113
1114 1113 1110
1113 1114 1115
1116 1115 1114
1114 1117 1116
1117 1114 1118
1110 1118 1114
1115 1116 1119
1119 1120 1115
1113 1115 1120
1120 1119 1121
1122 1116 1117
1116 1122 1123
1123 1119 1116
1119 1123 1124
1124 1121 1119
1118 1110 1125
1125 1110 1112
1112 1126 1125
1121 1124 1127
1125 1126 1128
1126 1129 1128
1130 1129 1126
1131 1129 1130
1132 1131 1130
1130 1111 1132
1111 1130 1112
1130 1126 1112
1131 1132 1133
1134 1131 1133
1089 1123 1122
1123 1089 1087
1087 1124 1123
1124 1087 1088
1088 1127 1124
1127 1088 1090
1135 1136 1137
1136 1135 1138
1139 1138 1135
1138 1139 1140
1141 1140 1139
1142 1137 1136
1137 1142 1143
1142 1144 1143
1145 1146 1147
1146 1145 1148
1147 1149 1145
1149 1147 1150
1151 1148 1145
1148 1151 1152
1145 1153 1151
1153 1145 1149
1151 1154 1152
1155 1154 1151
1153 1155 1151
1156 1150 1147
1150 1156 1157
1158 1157 1156
1157 1158 1159
1160 1159 1158
1159 1160 1161
1162 1161 1160
1147 1163 1156
1164 1156 1163
1156 1164 1165
1164 1166 1165
1154 1167 1152
1154 1168 1167
1163 1147 1146
1169 1170 1171
1169 1172 1170
1172 1169 1173
1173 1174 1172
1174 1173 1175
1175 1176 1174
1176 1175 1177
1177 1178 1176
1178 1177 1179
1179 1180 1178
1180 1179 1181
1182 1176 1178
1176 1182 1183
1183 1174 1176
1178 1184 1182
1184 1178 1180
1174 1183 1185
1186 1174 1185
1174 1186 1187
1186 1188 1187
1188 1186 1189
1189 1190 1188
1180 1191 1184
1191 1180 1192
1181 1192 1180
1191 1192 1193
1192 1181 1194
1194 1195 1192
1195 1194 1196
1196 1197 1195
1197 1196 1198
1199 1197 1198
1197 1199 1200
1201 1200 1199
1200 1201 1202
1203 1204 1205
1204 1203 1206
1204 1207 1205
1208 1206 1203
1206 1208 1209
1210 1211 1212
1211 1210 1213
1213 1214 1211
1214 1213 1215
1215 1216 1214
1217 1218 1219
1218 1217 1220
1221 1218 1220
1219 1222 1217
1222 1219 1223
1223 1224 1222
1225 1226 1227
1226 1225 1228
1229 1226 1228
1230 1229 1228
1230 1228 1231
1231 1232 1230
1233 1230 1232
1232 1234 1233
1235 1233 1234
1233 1235 1236
1234 1232 1237
1238 1237 1232
1232 1231 1238
1239 1238 1231
1239 1228 1225
1228 1239 1231
1238 1239 1240
1240 1241 1238
1237 1238 1241
1241 1240 1242
1242 1243 1241
1243 1242 1244
1244 1245 1243
1245 1244 1246
1246 1247 1245
1247 1246 1248
1248 1249 1247
1249 1248 1250
1251 1245 1247
1245 1251 1252
1252 1243 1245
1243 1252 1253
1253 1241 1243
1254 1253 1252
1253 1254 1255
1256 1255 1254
1254 1257 1256
1257 1254 1258
1255 1256 1259
1260 1259 1256
1259 1260 1261
1255 1237 1253
1241 1253 1237
1237 1255 1234
1259 1234 1255
1234 1259 1235
1261 1235 1259
1235 1261 1262
1263 1254 1252
1264 1263 1252
1265 1254 1263
1264 1265 1263
1266 1235 1262
1262 1267 1266
1268 1267 1262
1267 1268 1269
1270 1268 1262
1235 1266 1236
1266 1271 1236
1271 1266 1272
1273 1271 1272
1271 1273 1274
1229 1271 1274
1271 1229 1275
1275 1236 1271
1236 1275 1233
1230 1233 1275
1229 1230 1275
1274 1273 1276
1229 1274 1276
1268 1277 1269
1276 1226 1229
1276 1278 1226
1278 1227 1226
1278 1279 1227
1279 1280 1227
1268 1281 1277
1281 1268 1270
1270 1282 1281
1282 1270 1283
1283 1284 1282
1284 1283 1285
1261 1285 1283
1285 1261 1286
1286 1287 1285
1287 1286 1288
1262 1261 1283
1283 1270 1262
1288 1289 1287
1290 1287 1289
1291 1290 1289
1291 1289 1292
1289 1288 1292
1287 1290 1293
1285 1293 1284
1293 1285 1287
1294 1249 1295
1294 1296 1249
1296 1294 1297
1297 1298 1296
1298 1297 1299
1299 1300 1298
1300 1299 1301
1249 1302 1295
1302 1249 1250
1303 1301 1299
1301 1303 1304
1305 1304 1303
1304 1305 1306
1303 1307 1305
1307 1303 1308
1299 1308 1303
1308 1299 1297
1308 1309 1307
1309 1308 1310
1297 1310 1308
1310 1297 1294
1294 1311 1310
1312 1310 1311
1311 1313 1312
1313 1311 1314
1310 1312 1315
1316 1312 1313
1312 1316 1317
1317 1315 1312
1318 1317 1316
1318 1319 1317
1315 1317 1319
1311 1294 1295
1295 1314 1311
1314 1295 1302
1320 1307 1309
1307 1320 1321
1320 1322 1321
1321 1322 1323
1322 1324 1323
1323 1324 1325
1323 1325 1326
1306 1323 1326
1323 1306 1305
1305 1321 1323
1321 1305 1307
1327 1328 1329
1328 1327 1330
1329 1331 1327
1331 1329 1332
1333 1327 1331
1327 1333 1334
1334 1333 1335
1335 1336 1334
1337 1336 1335
1336 1337 1338
1339 1338 1337
1338 1339 1340
1341 1336 1338
1336 1341 1342
1334 1336 1342
1343 1338 1340
1338 1343 1341
1344 1341 1343
1341 1344 1345
1345 1342 1341
1343 1346 1344
1346 1343 1347
1348 1346 1347
1346 1348 1349
1350 1340 1339
1340 1350 1351
1351 1343 1340
1343 1351 1347
1352 1351 1350
1351 1352 1353
1353 1347 1351
1354 1353 1352
1353 1354 1355
1355 1356 1353
1347 1353 1356
1356 1355 1357
1342 1345 1358
1359 1349 1348
1359 1348 1360
1361 1359 1360
1359 1361 1362
1363 1362 1361
1362 1363 1364
1362 1365 1359
1365 1362 1366
1364 1366 1362
1366 1364 1367
1368 1364 1363
1364 1368 1369
1369 1367 1364
1367 1369 1370
1371 1369 1368
1369 1371 1372
1372 1370 1369
1370 1372 1373
1374 1373 1372
1374 1372 1371
1349 1359 1365
1257 1375 1376
1376 1256 1257
1256 1376 1260
1375 1257 1258
1377 1378 1379
1378 1377 1380
1381 1378 1380
1382 1381 1380
1382 1380 1377
1378 1381 1383
1383 1384 1378
1384 1379 1378
1384 1383 1385
1379 1384 1386
1387 1386 1384
1388 1389 1390
1389 1388 1391
1390 1392 1388
1392 1390 1393
1392 1393 1394
1389 1391 1395
1396 1397 1398
1397 1396 1399
1400 1398 1397
1398 1400 1401
1402 1401 1400
1403 1404 1405
1404 1406 1405
1406 1404 1407
1407 1408 1406
1408 1407 1409
1410 1411 1412
1411 1410 1413
1412 1414 1410
1414 1412 1415
1416 1414 1415
1417 1418 1419
1418 1417 1420
1420 1417 1421
1418 1422 1419
1423 1424 1425
1424 1423 1426
1427 1425 1424
1425 1427 1428
1429 1428 1427
1430 1431 1432
1431 1433 1432
1433 1431 1434
1435 1433 1434
1436 1430 1432
1437 1438 1439
1438 1440 1439
1440 1438 1441
1441 1442 1440
1442 1441 1443
1444 1445 1446
1445 1444 1447
1447 1448 1445
1449 1450 1451
1452 1451 1450
1451 1452 1453
1453 1452 1454
1455 1456 1457
1456 1455 1458
1459 1455 1457
1460 1456 1458
1456 1460 1461
1462 1461 1460
1462 1463 1461
1461 1463 1464
1463 1462 1465
1464 1466 1461
1464 1467 1466
1467 1464 1468
1467 1468 1469
1470 1463 1465
1463 1470 1471
1471 1472 1463
1471 1473 1472
1473 1471 1474
1475 1473 1474
1476 1477 1470
1477 1476 1478
1478 1479 1477
1479 1478 1480
1481 1470 1477
1477 1482 1481
1482 1477 1479
1480 1483 1479
1483 1480 1484
1479 1485 1482
1485 1479 1483
1483 1486 1485
1486 1483 1487
1484 1487 1483
1487 1484 1488
1489 1486 1487
1489 1487 1488
1470 1490 1476
1491 1492 1493
1492 1491 1494
1495 1491 1493
1494 1463 1492
1496 1497 1498
1496 1498 1499
1355 1499 1498
1499 1355 1354
1498 1357 1355
1357 1498 1497
1500 1501 1502
1501 1500 1503
1503 1504 1501
1504 1503 1505
1506 1504 1505
1358 1334 1342
1334 1358 1507
1507 1327 1334
1327 1507 1330
1508 1509 1510
1509 1508 1511
1509 1512 1510
1513 1514 1515
1514 1513 1516
1515 1517 1513
1513 1517 1518
1518 1519 1513
1519 1518 1520
1520 1521 1519
1521 1520 1522
1523 1520 1518
1520 1523 1524
1524 1522 1520
1525 1515 1514
1515 1525 1526
1515 1526 1527
1527 1517 1515
1526 1528 1527
1529 1517 1527
1527 1530 1529
1517 1529 1531
1531 1532 1517
1517 1532 1533
1518 1533 1523
1532 1531 1534
1528 1535 1527
1536 1521 1522
1537 1536 1522
1537 1522 1538
1538 1522 1539
1522 1524 1539
1533 1518 1517
1540 1541 1542
1540 1514 1541
1514 1540 1525
1516 1541 1514
1541 1516 1543
1542 1541 1543
1544 1545 1546
1545 1547 1546
1547 1545 1548
1547 1548 1549
1550 1551 1552
1553 1554 1555
1554 1553 1556
1555 1554 1557
1553 1558 1556
1556 1558 1559
1560 1561 1562
1561 1560 1563
1564 1563 1560
1563 1564 1565
1561 1566 1562
1564 1567 1565
1568 1569 1570
1569 1568 1571
1572 1570 1569
1568 1573 1571
1574 1575 1576
1575 1574 1577
1578 1576 1575
1579 1577 1574
1577 1579 1580
1579 1581 1580
1582 1583 1584
1583 1582 1585
1586 1585 1582
1585 1586 1587
1588 1587 1586
1589 1590 1591
1592 1591 1590
1593 1592 1590
1594 1592 1593
1594 1595 1592
1596 1597 1598
1597 1596 1599
1600 1598 1597
1599 1596 1601
1597 1602 1600
1603 1604 1605
1604 1603 1606
1607 1606 1603
1605 1604 1608
1609 1610 1611
1612 1609 1611
1609 1612 1613
1614 1613 1612
1615 1616 1617
1616 1615 1618
1615 1619 1618
1620 1617 1616
1620 1616 1621
1622 1620 1621
1621 1623 1622
1623 1624 1622
1625 1626 1627
1626 1625 1628
1629 1628 1625
1628 1629 1630
1631 1627 1626
1629 1632 1630
1633 1632 1629
1634 1633 1629
1629 1635 1634
1636 1634 1635
1634 1636 1637
1638 1637 1636
1637 1638 1639
1640 1639 1638
1641 1642 1643
1642 1641 1644
1644 1641 1645
1646 1643 1642
1643 1646 1647
1648 1649 1650
1649 1648 1651
1650 1652 1648
1652 1650 1653
1654 1649 1651
1655 1656 1657
1656 1655 1658
1657 1659 1655
1660 1659 1657
1658 1661 1656
1662 1663 1664
1663 1662 1665
1664 1666 1662
1666 1664 1667
1668 1663 1665
1669 1670 1671
1672 1671 1670
1671 1672 1673
1672 1674 1673
1674 1672 1675
1676 1677 1678
1677 1676 1679
1680 1677 1679
1681 1676 1678
1682 1683 1684
1683 1682 1685
1686 1683 1685
1687 1682 1684
1688 1689 1690
1689 1688 1691
1692 1688 1690
1689 1691 1693
1689 1693 1694
1695 1696 1697
1698 1696 1695
1699 1695 1697
1700 1701 1702
1701 1703 1702
1703 1701 1704
1703 1704 1705
1700 1706 1707
1707 1708 1704
1708 1707 1706
1709 1704 1708
1704 1709 1710
1711 1710 1709
1712 1713 1714
1713 1715 1714
1715 1713 1716
1717 1715 1716
1716 1718 1717
1719 1720 1721
1722 1719 1721
1719 1722 1723
1724 1723 1722
1723 1724 1725
1726 1727 1728
1726 1728 1729
1730 1729 1728
1729 1730 1731
1727 1732 1728
1732 1730 1728
1733 1734 1735
1736 1734 1733
1734 1737 1735
1737 1734 1738
1736 1738 1734
1738 1736 1739
1740 1741 1742
1740 1743 1741
1740 1744 1743
1745 1743 1744
1743 1745 1746
1744 1740 1747
1748 1744 1747
1748 1745 1744
1749 1741 1743
1746 1749 1743
1746 1750 1749
1751 1752 1753
1752 1751 1754
1754 1755 1752
1755 1754 1756
1757 1755 1756
1758 1759 1760
1759 1758 1761
1762 1760 1759
1758 1763 1761
1764 1762 1759
1765 1766 1767
1768 1765 1767
1768 1769 1765
1770 1765 1769
1765 1770 1771
1765 1771 1766
1771 1772 1766
1773 1774 1775
1775 1776 1773
1777 1774 1773
1778 1779 1780
1779 1778 1781
1782 1780 1779
1783 1784 1785
1784 1783 1786
1783 1785 1787
1788 1789 1790
1789 1788 1791
1789 1792 1790
1792 1789 1793
1793 1789 1794
1795 1788 1790
1795 1790 1792
1788 1795 1796
1797 1788 1796
1794 1798 1793
1792 1793 1798
1798 1794 1799
1799 1800 1798
1801 1802 1803
1802 1801 1804
1803 1805 1801
1806 1807 1808
1809 1808 1807
1808 1809 1810
1811 1812 1813
1812 1814 1813
1814 1812 1815
1816 1814 1815
1814 1816 1817
1818 1819 1820
1819 1818 1821
1819 1822 1820
1822 1819 1823
1824 1821 1818
1821 1824 1825
1824 1826 1825
1265 1264 1827
1298 1827 1264
1251 1298 1264
1252 1251 1264
1298 1251 1296
1247 1296 1251
1296 1247 1249
1827 1298 1300
920 820 932
1828 1829 1830
1829 1828 1831
1831 1832 1829
1832 1831 1833
1832 1834 1829
1834 1830 1829
1834 1832 1835
1830 1834 1836
1834 1837 1836
1837 1834 1838
1839 1838 1834
1834 1835 1839
1840 1833 1831
1833 1840 1841
1842 1831 1828
1831 1842 1840
1843 1841 1840
1842 1843 1840
1841 1843 1844
1845 1844 1843
1844 1845 1846
1847 1845 1843
1843 1842 1847
1845 1847 1848
1845 1849 1846
1848 1849 1845
1850 1851 1852
1851 1850 1853
1853 1854 1851
1854 1853 1855
1855 1856 1854
1856 1855 1857
1858 1856 1857
1852 1859 1850
1859 1852 1860
1860 1861 1859
1861 1860 1862
1863 1861 1862
1864 1865 1866
1867 1864 1866
1864 1867 1868
1869 1868 1867
1868 1869 1870
1871 1870 1869
1872 1873 1874
1873 1872 1875
1875 1876 1873
1876 1875 1877
1874 1878 1872
1878 1874 1879
1874 1880 1879
1879 1880 1881
1880 1874 1882
1874 1883 1882
1883 1874 1873
1876 1883 1873
1883 1876 1884
1885 1884 1876
1886 1885 1876
1886 1876 1877
1887 1886 1877
1887 1877 1888
1889 1877 1875
1877 1889 1888
1890 1888 1889
1891 1890 1889
1890 1891 1892
1888 1890 1893
1887 1888 1893
1891 1894 1892
1894 1891 1895
1891 1896 1895
1896 1891 1897
1889 1897 1891
1897 1898 1896
1896 1898 1899
1899 1900 1896
1872 1898 1897
1898 1872 1901
1901 1899 1898
1875 1872 1897
1897 1889 1875
1899 1901 1902
1903 1902 1901
1872 1903 1901
1902 1903 1904
1899 1905 1900
1905 1899 1906
1902 1906 1899
1906 1907 1905
1907 1906 1908
1908 1909 1907
1909 1908 1910
1911 1910 1908
1910 1911 1912
1913 1912 1911
1912 1913 1914
1908 1915 1911
1915 1908 1906
1904 1915 1902
1906 1902 1915
1916 1911 1915
1911 1916 1913
1915 1904 1916
1912 1917 1910
1914 1917 1912
1917 1909 1910
1879 1918 1919
1918 1920 1919
1920 1918 1921
1922 1919 1920
1919 1922 1923
1920 1924 1922
1924 1920 1925
1921 1925 1920
1925 1926 1924
1926 1925 1927
1923 1878 1919
1878 1879 1919
1878 1923 1928
1872 1878 1928
1925 1921 1929
1929 1927 1925
1927 1929 1930
1879 1881 1918
1881 1931 1918
1931 1881 1932
1932 1933 1931
1933 1932 1934
1934 1935 1933
1935 1934 1936
1937 1934 1932
1934 1937 1938
1938 1936 1934
1932 1939 1937
1939 1932 1881
1881 1940 1939
1940 1881 1880
1936 1938 1941
1882 1940 1880
1936 1942 1935
1941 1942 1936
1943 1944 1945
1944 1943 1946
1945 1947 1943
1947 1945 1948
1947 1948 1949
1950 1948 1945
1948 1950 1951
1948 1951 1949
1945 1952 1950
1952 1945 1944
1894 1944 1946
1944 1894 1895
1944 1896 1952
1896 1944 1895
1953 1954 1955
1954 1953 1956
1954 1957 1955
1957 1954 1958
1953 1959 1956
1960 1957 1958
1957 1960 1961
1962 1961 1960
1961 1962 1963
1964 1963 1962
1963 1964 1965
1966 1965 1964
1967 1968 1969
1968 1967 1970
1971 1969 1968
1969 1971 1972
1972 1971 1973
1974 1970 1967
1970 1974 1975
1976 1977 1978
1977 1976 1979
1980 1978 1977
1978 1980 1981
1982 1979 1976
1979 1982 1983
1984 1983 1982
1983 1984 1985
1986 1985 1984
1985 1986 1987
1987 1986 1988
1983 1985 1989
1980 1990 1981
1991 1992 1993
1992 1991 1994
1991 1995 1994
1995 1991 1996
1997 1993 1992
1993 1997 1998
1998 1997 1999
1996 2000 1995
2001 2002 2003
2002 2001 2004
2005 2003 2002
2003 2005 2006
2007 2006 2005
2006 2007 2008
2004 2001 2009
2010 2009 2001
2001 2011 2010
2012 2011 2001
2011 2012 2013
2014 2013 2012
2013 2014 2015
2016 2015 2014
2015 2016 2017
2009 2018 2004
2016 2019 2017
2020 2008 2007
2021 2022 2023
2024 2023 2022
2023 2024 2025
2026 2023 2025
2026 2025 2027
2025 2024 2028
2029 2030 2031
2032 2031 2030
2033 2032 2030
2029 2031 2034
2034 2031 2035
2036 2029 2034
2037 2038 2039
2040 2038 2037
2037 2041 2040
2041 2042 2040
2037 2039 2043
2041 2037 2044
2043 2044 2037
2045 2046 2047
2047 2048 2045
2049 2050 2051
2050 2049 2052
2053 2054 2055
2056 2057 2058
2059 2060 2061
2059 2061 2062
2062 2061 2063
2064 2065 2066
2065 2067 2066
2068 2069 2070
2071 2072 2073
2072 2071 2074
2075 2076 2077
2078 2079 2080
2081 2082 2083
2084 2081 2083
1927 2085 1926
2085 1927 1930
2086 2087 2088
2087 2086 2089
2090 2089 2086
2089 2090 2091
2091 2090 2092
2093 2094 2095
2094 2093 2096
2093 2097 2096
2097 2093 2098
2099 2097 2098
2100 2101 2102
2101 2100 2103
2104 2102 2101
2105 2106 2107
2106 2105 2108
2107 2109 2105
2109 2107 2110
2111 2109 2110
2112 2113 2114
2115 2114 2113
2114 2115 2116
2117 2118 2119
2120 2121 2122
2123 2124 2125
2126 2127 2128
2129 2130 2131
2132 2133 2134
2135 2136 2137
2138 2139 2140
2139 2138 2141
2140 2142 2138
2142 2140 2143
2142 2143 2144
2141 2145 2139
2145 2141 2146
2146 2147 2145
2147 2146 2148
2149 2147 2148
2147 2149 2150
2149 2151 2150
2151 2149 2152
2153 2151 2152
2154 2155 2156
2155 2154 2157
2158 2154 2156
2154 2158 2159
2160 2159 2158
2159 2160 2161
2157 2162 2155
2162 2157 2163
2163 2164 2162
2163 2165 2164
2160 2166 2161
2166 2167 2161
2168 2169 2170
2169 2168 2171
2172 2169 2171
2169 2172 2173
2174 2173 2172
2173 2174 2175
2170 2176 2168
2176 2170 2177
2177 2178 2176
2174 2179 2175
2179 2180 2175
2177 2181 2178
2182 2183 2184
2183 2182 2185
2186 2182 2184
2182 2186 2187
2188 2187 2186
2187 2188 2189
2190 2189 2188
2189 2190 2191
2190 2192 2191
2192 2190 2193
2193 2194 2192
2194 2193 2195
2195 2196 2194
2196 2195 2197
2197 2198 2196
2198 2197 2199
2184 2200 2186
2201 2186 2200
2186 2201 2188
2202 2201 2200
2201 2202 2203
2200 2204 2202
2204 2200 2205
2206 2204 2205
2204 2206 2207
2203 2208 2201
2208 2203 2209
2209 2210 2208
2210 2209 2211
2211 2212 2210
2212 2211 2213
2205 2183 2206
2183 2205 2184
2200 2184 2205
2208 2188 2201
2188 2208 2190
2208 2193 2190
2193 2208 2210
2210 2195 2193
2195 2210 2212
2213 2214 2212
2214 2213 2215
2216 2214 2215
2214 2216 2217
2212 2218 2195
2218 2212 2219
2219 2220 2218
2220 2219 2221
2222 2217 2216
2217 2222 2223
2224 2223 2222
2223 2224 2225
2226 2225 2224
2225 2226 2227
2228 2220 2221
2220 2228 2229
2230 2229 2228
2229 2230 2231
2232 2231 2230
2231 2232 2233
2226 2234 2227
2234 2226 2235
2236 2233 2232
2233 2236 2237
2238 2237 2236
2237 2238 2239
2240 2239 2238
2239 2240 2241
2235 2242 2234
2242 2235 2243
2244 2242 2243
2242 2244 2245
2246 2245 2244
2245 2246 2247
2248 2247 2246
2247 2248 2249
2250 2249 2248
2249 2250 2251
2252 2251 2250
2251 2252 2253
2254 2253 2252
2253 2254 2255
2254 2256 2255
2256 2254 2257
2257 2258 2256
2258 2257 2259
2259 2260 2258
2260 2259 2261
2262 2260 2261
2260 2262 2263
2264 2263 2262
2264 2265 2263
2265 2264 2266
2267 2265 2266
2267 2268 2265
2268 2267 2269
2270 2268 2269
2268 2270 2271
2272 2271 2270
2271 2272 2273
2274 2273 2272
2273 2274 2275
2274 2276 2275
2276 2274 2277
2277 2278 2276
2278 2277 2279
2279 2280 2278
2280 2279 2281
2282 2280 2281
2280 2282 2283
2284 2283 2282
2283 2284 2285
2286 2285 2284
2285 2286 2287
2288 2287 2286
2287 2288 2289
2290 2289 2288
2289 2290 2291
2292 2291 2290
2291 2292 2293
2294 2293 2292
2293 2294 2295
2294 2199 2295
2199 2294 2198
2296 2258 2271
2258 2296 2297
2296 2298 2297
2298 2296 2299
2300 2298 2299
2298 2300 2301
2302 2301 2300
2301 2302 2303
2304 2303 2302
2303 2304 2305
2306 2305 2304
2305 2306 2307
2308 2271 2258
2271 2308 2309
2263 2309 2308
2309 2263 2265
2241 2307 2306
2307 2241 2240
2310 2311 2312
2311 2310 2313
2312 2314 2310
2314 2312 2315
2316 2314 2315
2314 2316 2317
2311 2317 2316
2317 2311 2313
2318 2313 2310
2313 2318 2319
2320 2310 2314
2310 2320 2318
2317 2320 2314
2320 2317 2321
2313 2321 2317
2321 2313 2319
2322 2311 2316
2311 2322 2323
2316 2324 2322
2324 2316 2315
2312 2324 2315
2324 2312 2325
2325 2311 2323
2311 2325 2312
2322 2326 2323
2326 2325 2323
2326 2322 2327
2324 2327 2322
2327 2324 2328
2324 2329 2328
2329 2324 2325
2325 2326 2329
2330 2331 2332
2332 2331 2333
2334 2331 2330
2331 2334 2335
2335 2333 2331
2333 2335 2336
2337 2335 2334
2335 2337 2338
2338 2336 2335
2336 2338 2339
2340 2333 2336
2339 2340 2336
2333 2340 2341
2333 2341 2342
2333 2342 2332
2330 2343 2334
2343 2337 2334
2343 2330 2344
2345 2344 2330
2330 2332 2345
2340 2339 2346
2337 2343 2347
2347 2348 2337
2339 2349 2346
2350 2349 2339
2348 2350 2337
2337 2350 2338
2338 2350 2339
2348 2351 2350
2351 2349 2350
2352 2345 2332
2342 2352 2332
2353 2354 2355
2354 2356 2355
2355 2356 2357
2358 2355 2357
2353 2359 2354
2353 2360 2359
2360 2353 2361
2353 2362 2361
2362 2353 2363
2355 2363 2353
2358 2363 2355
2363 2364 2362
2364 2363 2358
2365 2362 2364
2362 2365 2366
2366 2361 2362
2361 2366 2367
2367 2360 2361
2365 2368 2366
2366 2368 2367
2358 2369 2364
2369 2365 2364
2369 2358 2370
2357 2370 2358
2365 2369 2371
2360 2367 2372
2371 2373 2365
2373 2368 2365
2374 2368 2373
2374 2375 2368
2368 2375 2367
2367 2375 2372
2376 2377 2378
2377 2376 2379
2379 2380 2377
2380 2379 2381
2381 2382 2380
2382 2381 2383
2384 2376 2378
2376 2384 2385
2386 2385 2384
2385 2386 2387
2388 2387 2386
2387 2388 2389
2383 2390 2382
2390 2383 2391
2392 2389 2388
2389 2392 2393
2394 2390 2391
2390 2394 2395
2392 2396 2393
2396 2392 2397
2398 2395 2394
2397 2398 2396
2395 2398 2399
2398 2397 2399
2400 2390 2395
2390 2400 2401
2402 2390 2401
2390 2402 2382
2403 2382 2402
2382 2403 2380
2404 2380 2403
2380 2404 2377
2405 2377 2404
2377 2405 2378
2395 2406 2400
2406 2395 2399
2397 2406 2399
2406 2397 2407
2392 2407 2397
2407 2392 2408
2392 2409 2408
2409 2392 2388
2388 2410 2409
2410 2388 2386
2386 2411 2410
2411 2386 2384
2384 2405 2411
2405 2384 2378
2412 2413 2414
2414 2413 2415
2416 2413 2412
2413 2416 2417
2417 2415 2413
2415 2417 2418
2419 2417 2416
2417 2419 2420
2420 2418 2417
2418 2420 2421
2422 2415 2418
2421 2422 2418
2415 2422 2423
2415 2423 2424
2415 2424 2414
2412 2425 2416
2425 2419 2416
2425 2412 2426
2427 2426 2412
2412 2414 2427
2422 2421 2428
2419 2425 2429
2429 2430 2419
2421 2431 2428
2432 2431 2421
2430 2432 2419
2419 2432 2420
2420 2432 2421
2430 2433 2432
2433 2431 2432
2434 2427 2414
2424 2434 2414
2435 2436 2437
2436 2438 2437
2437 2438 2439
2440 2437 2439
2435 2441 2436
2435 2442 2441
2442 2435 2443
2435 2444 2443
2444 2435 2445
2437 2445 2435
2440 2445 2437
2445 2446 2444
2446 2445 2440
2447 2444 2446
2444 2447 2448
2448 2443 2444
2443 2448 2449
2449 2442 2443
2447 2450 2448
2448 2450 2449
2440 2451 2446
2451 2447 2446
2451 2440 2452
2439 2452 2440
2447 2451 2453
2442 2449 2454
2453 2455 2447
2455 2450 2447
2456 2450 2455
2456 2457 2450
2450 2457 2449
2449 2457 2454
2458 2459 2460
2459 2458 2461
2461 2462 2459
2462 2461 2463
2463 2464 2462
2464 2463 2465
2466 2458 2460
2458 2466 2467
2468 2467 2466
2467 2468 2469
2470 2469 2468
2469 2470 2471
2465 2472 2464
2472 2465 2473
2474 2471 2470
2471 2474 2475
2476 2472 2473
2472 2476 2477
2474 2478 2475
2478 2474 2479
2480 2477 2476
2479 2480 2478
2477 2480 2481
2480 2479 2481
2482 2472 2477
2472 2482 2483
2484 2472 2483
2472 2484 2464
2485 2464 2484
2464 2485 2462
2486 2462 2485
2462 2486 2459
2487 2459 2486
2459 2487 2460
2477 2488 2482
2488 2477 2481
2479 2488 2481
2488 2479 2489
2474 2489 2479
2489 2474 2490
2474 2491 2490
2491 2474 2470
2470 2492 2491
2492 2470 2468
2468 2493 2492
2493 2468 2466
2466 2487 2493
2487 2466 2460
2494 2495 2496
2495 2494 2497
2498 2497 2494
2497 2498 2499
2498 2500 2499
2500 2498 2501
2502 2496 2495
2496 2502 2503
2504 2503 2502
2503 2504 2505
2504 2506 2505
2506 2504 2507
2507 2508 2506
2508 2507 2509
2509 2510 2508
2510 2509 2511
2512 2501 2498
2494 2512 2498
2512 2494 2513
2494 2514 2513
2514 2494 2496
2501 2512 2515
2510 2516 2508
2516 2510 2517
2508 2518 2506
2518 2508 2516
2518 2505 2506
2505 2518 2519
2496 2520 2514
2503 2519 2520
2520 2496 2503
2519 2503 2505
2521 2522 2523
2522 2521 2524
2523 2525 2521
2525 2523 2526
2527 2525 2526
2525 2527 2528
2524 2529 2522
2529 2524 2530
2531 2529 2530
2529 2531 2532
2533 2532 2531
2532 2533 2534
2535 2534 2533
2534 2535 2536
2535 2537 2536
2537 2535 2538
2539 2540 2541
2540 2539 2542
2541 2543 2539
2543 2541 2544
2545 2540 2542
2540 2545 2546
2547 2548 2549
2548 2547 2550
2551 2547 2549
2547 2551 2552
2553 2552 2551
2552 2553 2554
2555 2556 2557
2556 2555 2558
2557 2559 2555
2558 2560 2556
2561 2562 2563
2562 2561 2564
2561 2565 2564
2562 2566 2563
2567 2568 2569
2568 2567 2570
2569 2571 2567
2571 2569 2572
2573 2568 2570
2568 2573 2574
2575 2576 2577
2576 2575 2578
2579 2575 2577
2575 2579 2580
2581 2580 2579
2580 2581 2582
2583 2584 2585
2584 2583 2586
2585 2587 2583
2586 2588 2584
2589 2590 2591
2590 2589 2592
2589 2593 2592
2590 2594 2591
2595 2596 2597
2596 2595 2598
2598 2599 2596
2599 2598 2600
2600 2601 2599
2601 2600 2602
2597 2603 2595
2603 2597 2604
2605 2603 2604
2603 2605 2606
2605 2607 2606
2607 2605 2608
2608 2609 2607
2609 2608 2610
2611 2609 2610
2609 2611 2612
2598 2613 2600
2613 2602 2600
2613 2598 2614
2602 2613 2615
2612 2616 2609
2616 2607 2609
2616 2612 2617
2607 2616 2618
2618 2606 2607
2606 2618 2619
2620 2606 2619
2606 2620 2603
2620 2595 2603
2595 2614 2598
2614 2595 2621
2595 2620 2621
2622 2623 2624
2623 2622 2625
2626 2622 2624
2622 2626 2627
2628 2627 2626
2627 2628 2629
2630 2623 2625
2623 2630 2631
2630 2632 2631
2632 2630 2633
2634 2632 2633
2632 2634 2635
2636 2635 2634
2635 2636 2637
2636 2638 2637
2638 2636 2639
2640 2641 2642
2641 2640 2643
2642 2644 2640
2644 2642 2645
2646 2644 2645
2644 2646 2647
2641 2647 2646
2647 2641 2643
2640 2648 2643
2648 2647 2643
2648 2640 2649
2644 2649 2640
2649 2644 2650
2651 2644 2647
2644 2651 2650
2647 2648 2651
2652 2653 2654
2653 2652 2655
2654 2656 2652
2656 2654 2657
2658 2653 2655
2653 2658 2659
2660 2661 2662
2661 2660 2663
2664 2660 2662
2660 2664 2665
2666 2665 2664
2665 2666 2667
2668 2669 2670
2669 2668 2671
2670 2672 2668
2671 2673 2669
2674 2675 2676
2675 2674 2677
2674 2678 2677
2675 2679 2676
2680 2681 2682
2681 2680 2683
2682 2684 2680
2684 2682 2685
2686 2681 2683
2681 2686 2687
2688 2689 2690
2689 2688 2691
2692 2688 2690
2688 2692 2693
2694 2693 2692
2693 2694 2695
2696 2697 2698
2697 2696 2699
2698 2700 2696
2699 2701 2697
2702 2703 2704
2703 2702 2705
2702 2706 2705
2703 2707 2704
2708 2709 2710
2709 2708 2711
2712 2711 2708
2711 2712 2713
2712 2714 2713
2714 2712 2715
2716 2710 2709
2710 2716 2717
2716 2718 2717
2718 2716 2719
2719 2720 2718
2720 2719 2721
2721 2722 2720
2722 2721 2723
2724 2722 2723
2722 2724 2725
2726 2715 2712
2712 2727 2726
2727 2712 2708
2710 2727 2708
2727 2710 2728
2715 2726 2729
2725 2730 2722
2730 2725 2731
2722 2732 2720
2732 2722 2730
2732 2718 2720
2718 2732 2733
2733 2717 2718
2717 2733 2734
2734 2710 2717
2710 2734 2728
2735 2736 2737
2736 2735 2738
2737 2739 2735
2739 2737 2740
2741 2739 2740
2739 2741 2742
2738 2743 2736
2743 2738 2744
2745 2743 2744
2743 2745 2746
2747 2746 2745
2746 2747 2748
2747 2749 2748
2749 2747 2750
2750 2751 2749
2751 2750 2752
2753 2754 2755
2754 2753 2756
2757 2756 2753
2756 2757 2758
2757 2759 2758
2759 2757 2760
2761 2755 2754
2755 2761 2762
2761 2763 2762
2763 2761 2764
2764 2765 2763
2765 2764 2766
2766 2767 2765
2767 2766 2768
2769 2767 2768
2767 2769 2770
2771 2760 2757
2757 2772 2771
2772 2757 2753
2755 2772 2753
2772 2755 2773
2762 2773 2755
2760 2771 2774
2770 2775 2767
2775 2770 2776
2767 2777 2765
2777 2767 2775
2778 2765 2777
2765 2778 2763
2779 2763 2778
2763 2779 2762
2773 2762 2779
2780 2781 2782
2781 2780 2783
2782 2784 2780
2784 2782 2785
2786 2784 2785
2784 2786 2787
2783 2788 2781
2788 2783 2789
2790 2788 2789
2788 2790 2791
2792 2791 2790
2791 2792 2793
2794 2793 2792
2793 2794 2795
2794 2796 2795
2796 2794 2797
2798 2799 2800
2799 2798 2801
2798 2802 2801
2802 2798 2803
2803 2804 2802
2804 2800 2799
2804 2803 2805
2800 2804 2805
2801 2806 2799
2806 2801 2807
2807 2808 2806
2809 2808 2807
2809 2801 2802
2801 2809 2807
2810 2808 2809
2806 2808 2810
2810 2802 2804
2802 2810 2809
2799 2810 2804
2810 2799 2806
2811 2812 2813
2812 2811 2814
2815 2811 2813
2811 2815 2816
2817 2816 2815
2814 2817 2812
2816 2817 2818
2817 2814 2818
2819 2814 2811
2816 2819 2811
2814 2819 2820
2820 2818 2814
2819 2821 2820
2822 2821 2819
2819 2816 2822
2818 2822 2816
2823 2821 2822
2820 2821 2823
2822 2818 2823
2818 2820 2823
2824 2825 2826
2825 2824 2827
2828 2825 2827
2825 2828 2829
2830 2829 2828
2826 2830 2824
2829 2830 2831
2830 2826 2831
2832 2828 2827
2828 2832 2833
2834 2827 2824
2827 2834 2832
2830 2834 2824
2834 2830 2835
2828 2835 2830
2835 2828 2833
