byte offset: 0
first index: 47193
index count: 4992
topology: trianglelist
format: DXGI_FORMAT_R16_UINT

12647 12648 12649
12648 12647 12650
12650 12651 12648
12651 12650 12652
12652 12653 12651
12653 12652 12654
12655 12649 12648
12649 12655 12656
12657 12656 12655
12656 12657 12658
12655 12659 12657
12659 12655 12660
12660 12648 12651
12648 12660 12655
12660 12661 12659
12661 12660 12662
12662 12651 12653
12651 12662 12660
12663 12654 12652
12654 12663 12664
12665 12664 12663
12665 12663 12666
12667 12665 12666
12666 12668 12667
12668 12666 12669
12669 12670 12668
12670 12669 12671
12663 12672 12666
12672 12663 12673
12673 12674 12672
12674 12673 12675
12676 12672 12674
12672 12676 12677
12677 12666 12672
12666 12677 12669
12678 12677 12676
12677 12678 12679
12679 12669 12677
12669 12679 12671
12680 12670 12671
12679 12680 12671
12680 12679 12681
12681 12682 12680
12683 12682 12681
12679 12683 12681
12683 12679 12678
12682 12683 12684
12685 12682 12684
12650 12675 12673
12673 12652 12650
12652 12673 12663
12675 12650 12647
12686 12687 12688
12687 12686 12689
12688 12687 12690
12691 12689 12686
12689 12691 12692
12691 12693 12692
12693 12691 12694
12692 12695 12689
12689 12695 12696
12697 12693 12694
12693 12697 12698
12699 12698 12697
12698 12699 12700
12701 12700 12699
12700 12701 12702
12703 12702 12701
12702 12703 12704
12705 12704 12703
12704 12705 12706
12705 12707 12706
12707 12705 12708
12708 12709 12707
12709 12708 12710
12710 12711 12709
12711 12710 12712
12712 12713 12711
12713 12712 12714
12715 12713 12714
12713 12715 12716
12717 12716 12715
12716 12717 12718
12719 12718 12717
12718 12719 12720
12721 12720 12719
12720 12721 12722
12721 12723 12722
12723 12721 12724
12724 12725 12723
12725 12724 12726
12726 12727 12725
12727 12726 12728
12728 12729 12727
12729 12728 12730
12730 12731 12729
12731 12730 12732
12733 12731 12732
12731 12733 12734
12733 12735 12734
12735 12733 12736
12736 12737 12735
12737 12736 12738
12738 12739 12737
12734 12735 12740
12735 12741 12740
12742 12743 12744
12744 12745 12742
12742 12745 12746
12744 12747 12745
12745 12748 12746
12748 12749 12746
12750 12748 12745
12747 12750 12745
12751 12750 12747
12748 12752 12749
12753 12749 12752
12754 12752 12748
12750 12754 12748
12755 12754 12750
12751 12755 12750
12756 12755 12751
12744 12743 12757
12744 12757 12758
12758 12747 12744
12759 12747 12758
12759 12751 12747
12759 12760 12751
12760 12756 12751
12760 12761 12756
12762 12749 12753
12658 12762 12753
12762 12658 12657
12657 12763 12762
12763 12657 12659
12659 12764 12763
12764 12659 12661
12765 12763 12764
12763 12765 12766
12766 12762 12763
12762 12766 12749
12767 12766 12765
12765 12768 12767
12769 12767 12768
12767 12769 12742
12766 12767 12746
12746 12749 12766
12742 12746 12767
12742 12769 12743
12770 12771 12772
12771 12770 12773
12774 12772 12771
12772 12774 12775
12776 12775 12774
12777 12773 12770
12773 12777 12778
12779 12778 12777
12778 12779 12780
12779 12781 12780
12781 12779 12782
12782 12783 12781
12783 12782 12784
12784 12785 12783
12785 12784 12786
12786 12787 12785
12787 12786 12788
12788 12789 12787
12789 12788 12790
12791 12789 12790
12789 12791 12792
12793 12792 12791
12792 12793 12794
12795 12794 12793
12794 12795 12796
12795 12797 12796
12797 12795 12798
12798 12799 12797
12799 12798 12800
12800 12801 12799
12801 12800 12802
12803 12801 12802
12801 12803 12804
12805 12804 12803
12804 12805 12806
12807 12806 12805
12806 12807 12808
12809 12808 12807
12808 12809 12810
12811 12810 12809
12810 12811 12812
12811 12813 12812
12813 12811 12814
12814 12815 12813
12815 12814 12816
12816 12817 12815
12817 12816 12818
12818 12819 12817
12819 12818 12820
12821 12819 12820
12822 12823 12824
12823 12822 12825
12824 12826 12822
12826 12824 12827
12827 12828 12826
12828 12827 12829
12825 12830 12823
12830 12825 12831
12831 12832 12830
12832 12831 12833
12833 12834 12832
12834 12833 12835
12836 12834 12835
12834 12836 12837
12838 12837 12836
12837 12838 12839
12838 12840 12839
12840 12838 12841
12842 12840 12841
12840 12842 12843
12844 12843 12842
12843 12844 12845
12846 12845 12844
12845 12846 12847
12846 12848 12847
12848 12846 12849
12850 12851 12852
12851 12850 12853
12851 12854 12852
12854 12851 12855
12855 12856 12854
12856 12855 12857
12858 12856 12857
12856 12858 12859
12860 12861 12862
12861 12860 12863
12864 12861 12863
12861 12864 12865
12866 12867 12868
12867 12866 12869
12869 12870 12867
12870 12869 12871
12871 12872 12870
12872 12871 12873
12873 12874 12872
12874 12873 12875
12875 12876 12874
12876 12875 12877
12876 12877 12878
12879 12880 12868
12880 12879 12881
12882 12881 12879
12881 12882 12883
12882 12829 12883
12829 12882 12828
12884 12885 12886
12885 12884 12887
12888 12887 12884
12887 12888 12889
12890 12889 12888
12889 12890 12891
12886 12892 12884
12892 12886 12893
12893 12894 12892
12894 12893 12895
12896 12892 12894
12892 12896 12897
12884 12897 12888
12897 12884 12892
12898 12897 12896
12897 12898 12899
12888 12899 12890
12899 12888 12897
12891 12900 12889
12900 12891 12901
12902 12900 12901
12902 12903 12900
12904 12903 12902
12905 12903 12904
12903 12905 12906
12907 12906 12905
12906 12907 12908
12909 12900 12903
12900 12909 12910
12911 12910 12909
12910 12911 12912
12909 12913 12911
12913 12909 12914
12903 12914 12909
12914 12903 12906
12914 12915 12913
12915 12914 12916
12906 12916 12914
12916 12906 12908
12917 12908 12907
12917 12916 12908
12916 12917 12918
12918 12917 12919
12919 12920 12918
12916 12920 12915
12920 12916 12918
12920 12919 12921
12922 12921 12919
12912 12887 12910
12889 12910 12887
12910 12889 12900
12887 12912 12885
12923 12924 12925
12924 12923 12926
12923 12927 12926
12924 12926 12928
12926 12927 12929
12929 12927 12930
12931 12926 12929
12928 12926 12931
12932 12928 12931
12929 12930 12933
12934 12933 12930
12935 12929 12933
12931 12929 12935
12936 12931 12935
12932 12931 12936
12937 12932 12936
12924 12938 12925
12924 12939 12938
12939 12924 12928
12940 12939 12928
12940 12928 12932
12940 12932 12941
12941 12932 12937
12941 12937 12942
12943 12934 12930
12943 12895 12934
12895 12943 12894
12944 12894 12943
12894 12944 12896
12945 12896 12944
12896 12945 12898
12944 12946 12945
12946 12944 12947
12943 12947 12944
12947 12943 12930
12947 12948 12946
12946 12948 12949
12948 12950 12949
12950 12948 12923
12948 12947 12927
12927 12947 12930
12923 12948 12927
12923 12925 12950
12951 12952 12953
12952 12951 12954
12955 12953 12952
12953 12955 12956
12957 12956 12955
12956 12957 12958
12959 12954 12951
12954 12959 12960
12961 12960 12959
12960 12961 12962
12963 12962 12961
12962 12963 12964
12963 12965 12964
12965 12963 12966
12966 12967 12965
12967 12966 12968
12969 12967 12968
12967 12969 12970
12969 12971 12970
12971 12969 12972
12972 12973 12971
12973 12972 12974
12974 12975 12973
12975 12974 12976
12977 12975 12976
12975 12977 12978
12979 12980 12981
12980 12979 12982
12983 12980 12982
12980 12983 12984
12985 12984 12983
12984 12985 12986
12985 12987 12986
12987 12985 12988
12989 12990 12991
12990 12989 12992
12993 12992 12989
12992 12993 12994
12995 12994 12993
12994 12995 12996
12997 12996 12995
12996 12997 12998
12999 12998 12997
12998 12999 13000
12999 13001 13000
13002 13003 12991
13003 13002 13004
13004 13005 13003
13005 13004 13006
12958 13005 13006
13005 12958 12957
13007 13008 13009
13007 13010 13008
13010 13007 13011
13011 13012 13010
13012 13011 13013
13013 13014 13012
13014 13013 13015
13015 13016 13014
13016 13015 13017
13018 13016 13017
13016 13018 13019
13020 13019 13018
13019 13020 13021
13022 13021 13020
13021 13022 13023
13024 13023 13022
13023 13024 13025
13026 13025 13024
13025 13026 13027
13028 13027 13026
13027 13028 13029
13030 13029 13028
13029 13030 13031
13032 13031 13030
13031 13032 13033
13034 13019 13021
13023 13034 13021
13019 13034 13035
13034 13023 13036
13025 13036 13023
13036 13025 13037
13027 13037 13025
13037 13027 13038
13029 13038 13027
13038 13029 13039
13031 13039 13029
13039 13031 13040
13033 13040 13031
13040 13033 13041
13030 13042 13032
13042 13030 13043
13028 13043 13030
13043 13028 13044
13016 13035 13045
13045 13014 13016
13014 13045 13046
13046 13012 13014
13012 13046 13047
13047 13010 13012
13010 13047 13048
13048 13008 13010
13008 13048 13049
13050 13008 13049
13008 13050 13009
13035 13016 13019
13026 13044 13028
13044 13026 13051
13024 13051 13026
13051 13024 13052
13022 13052 13024
13052 13022 13053
13020 13053 13022
13053 13020 13054
13018 13054 13020
13054 13018 13055
13017 13055 13018
13055 13017 13056
13017 13057 13056
13057 13017 13015
13015 13058 13057
13058 13015 13013
13013 13059 13058
13059 13013 13011
13011 13060 13059
13060 13011 13007
13060 13007 13061
13061 13007 13009
13062 13060 13061
13063 13064 13065
13064 13063 13066
13067 13065 13064
13065 13067 13068
13067 13069 13068
13069 13067 13070
13070 13071 13069
13071 13070 13072
13072 13073 13071
13073 13072 13074
13074 13075 13073
13075 13074 13076
13076 13077 13075
13077 13076 13078
13078 13079 13077
13079 13078 13080
13081 13079 13080
13079 13081 13082
13083 13082 13081
13082 13083 13084
13085 13084 13083
13084 13085 13086
13087 13086 13085
13086 13087 13088
13089 13090 13091
13090 13089 13092
13091 13093 13089
13093 13091 13094
13095 13091 13090
13090 13096 13095
13097 13095 13096
13095 13097 13098
13098 13099 13095
13091 13095 13099
13099 13094 13091
13099 13098 13100
13100 13101 13099
13094 13099 13101
13101 13100 13102
13103 13098 13097
13098 13103 13104
13104 13100 13098
13105 13104 13103
13104 13105 13106
13106 13107 13104
13100 13104 13107
13107 13102 13100
13107 13106 13108
13108 13109 13107
13102 13107 13109
13109 13108 13110
13111 13106 13105
13106 13111 13112
13112 13108 13106
13108 13112 13113
13113 13110 13108
13110 13113 13114
13115 13114 13113
13114 13115 13116
13117 13116 13115
13116 13117 13118
13119 13117 13115
13119 13120 13117
13121 13120 13119
13122 13112 13111
13112 13122 13123
13123 13113 13112
13113 13123 13115
13119 13115 13123
13121 13119 13123
13123 13124 13121
13124 13123 13122
13125 13090 13126
13090 13125 13127
13096 13090 13127
13128 13129 13130
13129 13128 13131
13132 13133 13134
13133 13132 13135
13136 13134 13133
13134 13136 13137
13136 13138 13137
13138 13136 13139
13139 13140 13138
13140 13139 13141
13142 13135 13132
13135 13142 13143
13144 13143 13142
13143 13144 13145
13141 13146 13140
13146 13141 13147
13148 13146 13147
13146 13148 13149
13150 13151 13152
13151 13150 13153
13151 13154 13152
13154 13151 13155
13155 13156 13154
13156 13155 13157
13157 13158 13156
13158 13157 13159
13160 13153 13150
13153 13160 13161
13160 13162 13161
13162 13160 13163
13164 13158 13159
13158 13164 13165
13164 13166 13165
13166 13164 13167
13168 13169 13170
13169 13168 13171
13172 13173 13174
13173 13172 13175
13176 13177 13178
13177 13176 13179
13180 13181 13182
13181 13180 13183
13182 13184 13180
13184 13182 13185
13186 13184 13185
13184 13186 13187
13188 13187 13186
13187 13188 13189
13190 13189 13188
13189 13190 13191
13192 13191 13190
13191 13192 13193
13194 13193 13192
13193 13194 13195
13196 13195 13194
13195 13196 13197
13196 13198 13197
13198 13196 13199
13199 13200 13198
13200 13199 13201
13201 13202 13200
13202 13201 13203
13203 13204 13202
13204 13203 13205
13206 13207 13208
13206 13209 13207
13210 13209 13206
13206 13211 13210
13212 13210 13211
13210 13212 13213
13214 13213 13212
13213 13214 13215
13211 13206 13216
13216 13206 13208
13217 13215 13214
13215 13217 13218
13219 13218 13217
13218 13219 13220
13219 13221 13220
13221 13219 13222
13222 13223 13221
13223 13222 13224
13224 13225 13223
13225 13224 13226
13226 13227 13225
13227 13226 13228
13228 13229 13227
13229 13228 13230
13230 13231 13229
13231 13230 13232
13232 13233 13231
13233 13232 13234
13235 13231 13233
13231 13235 13236
13236 13229 13231
13237 13236 13235
13236 13237 13238
13238 13239 13236
13229 13236 13239
13239 13227 13229
13239 13238 13240
13240 13241 13239
13227 13239 13241
13241 13240 13242
13242 13243 13241
13243 13242 13244
13244 13245 13243
13245 13244 13246
13246 13247 13245
13247 13246 13248
13248 13249 13247
13249 13248 13250
13250 13251 13249
13251 13250 13252
13253 13251 13252
13251 13253 13254
13255 13254 13253
13254 13255 13256
13257 13256 13255
13256 13257 13258
13259 13258 13257
13258 13259 13209
13221 13245 13247
13245 13221 13223
13223 13243 13245
13243 13223 13225
13225 13241 13243
13241 13225 13227
13256 13215 13254
13218 13254 13215
13254 13218 13251
13218 13249 13251
13249 13218 13220
13247 13220 13221
13220 13247 13249
13209 13210 13258
13213 13258 13210
13215 13256 13213
13258 13213 13256
13259 13260 13261
13209 13259 13261
13207 13209 13261
13262 13216 13208
13263 13264 13265
13264 13263 13266
13267 13265 13264
13265 13267 13268
13265 13269 13263
13269 13265 13270
13268 13270 13265
13270 13271 13269
13271 13270 13272
13270 13273 13272
13273 13270 13274
13270 13268 13274
13274 13275 13273
13274 13276 13275
13276 13274 13268
13277 13275 13276
13268 13278 13276
13278 13268 13267
13279 13276 13278
13276 13279 13280
13277 13276 13280
13281 13280 13279
13281 13277 13280
13282 13269 13271
13269 13282 13283
13283 13263 13269
13263 13283 13284
13284 13266 13263
13266 13284 13285
13286 13285 13284
13285 13286 13287
13288 13287 13286
13287 13288 13289
13286 13290 13288
13290 13286 13291
13284 13291 13286
13291 13284 13283
13291 13292 13290
13292 13291 13293
13283 13293 13291
13293 13283 13282
13294 13289 13288
13289 13294 13295
13288 13296 13294
13296 13288 13290
13297 13290 13292
13290 13297 13296
13298 13295 13294
13295 13298 13299
13300 13299 13298
13299 13300 13301
13298 13302 13300
13302 13298 13303
13294 13303 13298
13303 13294 13296
13303 13304 13302
13304 13303 13305
13296 13305 13303
13305 13296 13297
13306 13307 13308
13307 13306 13309
13309 13310 13307
13310 13309 13311
13312 13309 13306
13309 13312 13313
13313 13314 13309
13314 13313 13315
13316 13313 13312
13313 13316 13317
13316 13318 13317
13318 13316 13319
13320 13317 13318
13320 13321 13317
13321 13320 13322
13317 13323 13313
13323 13317 13324
13311 13325 13310
13325 13311 13326
13315 13326 13314
13326 13315 13327
13324 13327 13323
13327 13324 13328
13322 13328 13321
13322 13329 13328
13330 13329 13322
13329 13330 13331
13330 13332 13331
13332 13333 13331
13333 13332 13334
13333 13335 13331
13335 13333 13336
13337 13335 13336
13335 13337 13338
13337 13339 13338
13339 13337 13340
13341 13338 13339
13338 13341 13342
13343 13335 13338
13335 13343 13344
13345 13331 13335
13331 13345 13346
13340 13347 13339
13347 13340 13348
13348 13349 13347
13349 13348 13350
13351 13349 13350
13349 13351 13352
13353 13349 13352
13349 13353 13354
13354 13347 13349
13355 13352 13351
13352 13355 13356
13356 13353 13352
13353 13356 13357
13358 13356 13355
13356 13358 13359
13359 13357 13356
13360 13359 13358
13359 13360 13361
13362 13361 13360
13361 13362 13363
13363 13364 13361
13364 13363 13365
13361 13366 13359
13366 13361 13364
13357 13359 13366
13367 13365 13363
13365 13367 13368
13369 13368 13367
13368 13369 13370
13371 13369 13367
13369 13371 13372
13363 13373 13367
13373 13363 13362
13373 13371 13367
13364 13374 13366
13374 13357 13366
13357 13374 13375
13374 13376 13375
13376 13374 13377
13378 13376 13377
13377 13379 13378
13379 13377 13380
13374 13380 13377
13380 13381 13379
13381 13380 13382
13383 13379 13381
13379 13383 13384
13384 13378 13379
13378 13384 13385
13381 13386 13383
13386 13381 13387
13382 13387 13381
13387 13382 13388
13388 13389 13387
13389 13388 13390
13376 13378 13391
13385 13391 13378
13391 13392 13376
13392 13391 13393
13394 13392 13393
13392 13394 13395
13396 13394 13393
13394 13396 13397
13398 13393 13391
13393 13398 13396
13391 13385 13398
13399 13395 13394
13395 13399 13400
13394 13401 13399
13401 13394 13397
13307 13400 13399
13400 13307 13402
13399 13308 13307
13308 13399 13401
13392 13375 13376
13375 13392 13403
13395 13403 13392
13403 13395 13404
13400 13404 13395
13404 13400 13405
13402 13405 13400
13405 13402 13325
13406 13405 13325
13405 13406 13407
13407 13404 13405
13339 13407 13406
13407 13339 13347
13347 13354 13407
13404 13407 13354
13354 13403 13404
13403 13354 13353
13353 13375 13403
13375 13353 13357
13342 13325 13326
13325 13342 13341
13344 13326 13327
13326 13344 13343
13327 13346 13345
13346 13327 13328
13408 13409 13410
13409 13408 13411
13412 13410 13409
13410 13412 13413
13414 13411 13408
13411 13414 13415
13413 13416 13410
13416 13413 13417
13417 13418 13416
13418 13417 13419
13419 13420 13418
13420 13419 13421
13422 13418 13420
13418 13422 13423
13423 13416 13418
13424 13423 13422
13423 13424 13425
13416 13423 13426
13425 13426 13423
13426 13425 13427
13426 13410 13416
13410 13426 13408
13408 13427 13414
13427 13408 13426
13421 13428 13420
13428 13421 13429
13429 13430 13428
13430 13429 13431
13431 13432 13430
13432 13431 13433
13434 13430 13432
13430 13434 13435
13435 13428 13430
13436 13435 13434
13435 13436 13437
13438 13432 13433
13432 13438 13439
13440 13439 13438
13441 13439 13440
13442 13441 13440
13439 13441 13443
13432 13443 13434
13443 13432 13439
13444 13443 13441
13443 13444 13445
13434 13445 13436
13445 13434 13443
13441 13442 13446
13442 13447 13446
13437 13448 13435
13428 13435 13448
13448 13437 13449
13448 13420 13428
13420 13448 13422
13449 13422 13448
13422 13449 13424
13450 13441 13446
13441 13450 13444
13447 13450 13446
13451 13452 13386
13452 13451 13453
13454 13453 13451
13386 13454 13451
13453 13454 13455
13454 13386 13387
13454 13389 13455
13389 13454 13387
13456 13457 13458
13457 13456 13459
13460 13458 13457
13458 13460 13461
13462 13461 13460
13461 13462 13463
13464 13459 13456
13459 13464 13465
13466 13463 13462
13463 13466 13467
13467 13468 13463
13468 13467 13469
13470 13463 13468
13463 13470 13461
13461 13471 13458
13471 13461 13470
13472 13458 13471
13458 13472 13456
13473 13456 13472
13456 13473 13464
13465 13474 13459
13474 13465 13475
13476 13459 13474
13459 13476 13457
13477 13457 13476
13457 13477 13460
13478 13460 13477
13460 13478 13462
13479 13462 13478
13462 13479 13466
13475 13480 13474
13480 13475 13481
13474 13482 13476
13482 13474 13480
13480 13483 13482
13483 13480 13484
13485 13482 13483
13482 13485 13486
13486 13476 13482
13476 13486 13477
13487 13486 13485
13486 13487 13488
13477 13488 13478
13488 13477 13486
13487 13489 13488
13478 13489 13479
13489 13478 13488
13489 13487 13490
13491 13492 13493
13492 13491 13494
13495 13493 13492
13493 13495 13496
13497 13496 13495
13496 13497 13498
13499 13498 13497
13498 13499 13500
13500 13499 13501
13501 13502 13500
13502 13501 13503
13493 13504 13491
13504 13493 13505
13496 13505 13493
13505 13496 13506
13498 13506 13496
13506 13498 13507
13498 13508 13507
13508 13498 13500
13500 13509 13508
13509 13500 13502
13505 13510 13504
13510 13505 13511
13506 13511 13505
13511 13512 13510
13512 13511 13513
13514 13513 13511
13511 13506 13514
13507 13514 13506
13513 13514 13515
13516 13515 13514
13514 13507 13516
13515 13516 13517
13516 13518 13517
13518 13516 13519
13519 13507 13508
13507 13519 13516
13519 13520 13518
13520 13519 13521
13521 13508 13509
13508 13521 13519
13513 13522 13512
13522 13513 13523
13515 13523 13513
13523 13515 13524
13517 13524 13515
13524 13517 13525
13517 13526 13525
13526 13517 13518
13518 13527 13526
13527 13518 13520
13523 13528 13522
13528 13523 13529
13524 13529 13523
13529 13530 13528
13530 13529 13531
13532 13531 13529
13529 13524 13532
13525 13532 13524
13531 13532 13533
13534 13533 13532
13532 13525 13534
13533 13534 13535
13536 13535 13534
13525 13536 13534
13536 13525 13526
13535 13536 13537
13536 13538 13537
13538 13536 13539
13539 13526 13527
13526 13539 13536
13531 13540 13530
13540 13531 13541
13533 13541 13531
13541 13469 13540
13469 13541 13468
13542 13468 13541
13541 13533 13542
13535 13542 13533
13468 13542 13470
13543 13470 13542
13542 13535 13543
13537 13543 13535
13470 13543 13471
13544 13471 13543
13543 13537 13544
13538 13544 13537
13471 13544 13472
13545 13472 13544
13544 13538 13545
13472 13545 13473
13546 13547 13548
13547 13546 13549
13548 13550 13546
13550 13548 13551
13551 13552 13550
13552 13551 13553
13549 13554 13547
13554 13549 13555
13553 13556 13552
13556 13553 13557
13558 13557 13553
13557 13558 13559
13553 13560 13558
13560 13553 13551
13561 13551 13548
13551 13561 13560
13548 13562 13561
13562 13548 13547
13547 13563 13562
13563 13547 13554
13564 13555 13549
13555 13564 13565
13549 13566 13564
13566 13549 13546
13546 13567 13566
13567 13546 13550
13550 13568 13567
13568 13550 13552
13552 13569 13568
13569 13552 13556
13570 13565 13564
13565 13570 13571
13564 13572 13570
13572 13564 13566
13573 13570 13572
13570 13573 13574
13572 13575 13573
13575 13572 13576
13566 13576 13572
13576 13566 13567
13576 13577 13575
13577 13576 13578
13567 13578 13576
13578 13567 13568
13579 13577 13578
13568 13579 13578
13579 13568 13569
13577 13579 13580
13581 13582 13583
13582 13581 13584
13584 13585 13582
13585 13584 13586
13586 13587 13585
13587 13586 13588
13588 13589 13587
13589 13588 13590
13590 13591 13589
13592 13591 13590
13591 13592 13593
13594 13584 13581
13584 13594 13595
13595 13586 13584
13586 13595 13596
13596 13588 13586
13588 13596 13597
13598 13588 13597
13588 13598 13590
13599 13590 13598
13590 13599 13592
13600 13595 13594
13595 13600 13601
13601 13596 13595
13602 13601 13600
13601 13602 13603
13603 13604 13601
13596 13601 13604
13604 13597 13596
13604 13603 13605
13605 13606 13604
13597 13604 13606
13606 13605 13607
13608 13606 13607
13606 13608 13609
13609 13597 13606
13597 13609 13598
13610 13609 13608
13609 13610 13611
13611 13598 13609
13598 13611 13599
13612 13603 13602
13603 13612 13613
13613 13605 13603
13605 13613 13614
13614 13607 13605
13607 13614 13615
13607 13616 13608
13616 13607 13615
13617 13608 13616
13608 13617 13610
13618 13613 13612
13613 13618 13619
13619 13614 13613
13620 13619 13618
13619 13620 13621
13621 13622 13619
13614 13619 13622
13622 13615 13614
13622 13621 13623
13623 13624 13622
13615 13622 13624
13624 13623 13625
13625 13626 13624
13615 13626 13616
13626 13615 13624
13626 13625 13627
13628 13626 13627
13626 13628 13629
13629 13616 13626
13616 13629 13617
13630 13621 13620
13621 13630 13631
13631 13623 13621
13559 13631 13630
13631 13559 13558
13558 13632 13631
13623 13631 13632
13632 13625 13623
13632 13558 13560
13560 13633 13632
13625 13632 13633
13633 13627 13625
13633 13560 13561
13561 13634 13633
13627 13633 13634
13634 13628 13627
13634 13561 13562
13562 13635 13634
13628 13634 13635
13635 13562 13563
13636 13637 13638
13637 13636 13639
13640 13638 13637
13638 13640 13641
13642 13641 13640
13641 13642 13643
13644 13643 13642
13643 13644 13645
13646 13639 13636
13639 13646 13647
13648 13647 13646
13647 13648 13649
13645 13650 13643
13650 13645 13651
13643 13652 13641
13652 13643 13650
13641 13653 13638
13653 13641 13652
13654 13638 13653
13638 13654 13636
13636 13655 13646
13655 13636 13654
13655 13648 13646
13648 13655 13656
13657 13658 13659
13658 13657 13660
13659 13661 13657
13661 13659 13662
13662 13663 13661
13663 13662 13664
13664 13665 13663
13665 13664 13666
13666 13667 13665
13667 13666 13668
13668 13669 13667
13669 13668 13670
13671 13663 13665
13663 13671 13672
13672 13661 13663
13661 13672 13673
13673 13657 13661
13657 13673 13674
13674 13660 13657
13660 13674 13675
13676 13667 13669
13667 13676 13677
13677 13665 13667
13665 13677 13671
13678 13679 13680
13679 13678 13681
13681 13682 13679
13682 13681 13683
13683 13684 13682
13684 13683 13685
13686 13684 13685
13684 13686 13687
13686 13688 13687
13688 13686 13689
13689 13690 13688
13690 13689 13691
13692 13690 13691
13690 13692 13693
13692 13694 13693
13694 13692 13695
13695 13696 13694
13696 13695 13697
13698 13696 13697
13696 13698 13699
13700 13699 13698
13699 13700 13701
13678 13701 13700
13701 13678 13680
13702 13703 13704
13703 13702 13705
13704 13706 13702
13706 13704 13707
13708 13706 13707
13706 13708 13709
13710 13709 13708
13709 13710 13711
13712 13711 13710
13711 13712 13713
13714 13713 13712
13713 13714 13715
13714 13716 13715
13716 13714 13717
13717 13718 13716
13718 13717 13719
13720 13718 13719
13718 13720 13721
13722 13721 13720
13721 13722 13723
13724 13723 13722
13723 13724 13725
13724 13705 13725
13705 13724 13703
13726 13727 13728
13727 13726 13729
13728 13730 13726
13730 13728 13731
13731 13732 13730
13732 13731 13733
13733 13734 13732
13734 13733 13735
13729 13736 13727
13736 13729 13737
13737 13738 13736
13738 13737 13739
13740 13735 13733
13735 13740 13741
13733 13742 13740
13742 13733 13731
13731 13743 13742
13743 13731 13728
13728 13744 13743
13738 13745 13736
13727 13745 13744
13745 13727 13736
13744 13728 13727
13745 13738 13746
13747 13748 13749
13748 13747 13750
13751 13750 13747
13750 13751 13752
13753 13752 13751
13752 13753 13754
13755 13754 13753
13754 13755 13756
13757 13756 13755
13756 13757 13758
13759 13758 13757
13758 13759 13760
13753 13761 13755
13761 13753 13762
13751 13762 13753
13762 13751 13763
13747 13763 13751
13763 13747 13764
13749 13764 13747
13764 13749 13765
13757 13766 13759
13766 13757 13767
13755 13767 13757
13767 13755 13761
13768 13769 13770
13769 13768 13771
13772 13770 13769
13770 13772 13773
13774 13773 13772
13773 13774 13775
13774 13776 13775
13776 13774 13777
13778 13776 13777
13776 13778 13779
13780 13779 13778
13779 13780 13781
13780 13782 13781
13782 13780 13783
13784 13782 13783
13782 13784 13785
13786 13785 13784
13785 13786 13787
13786 13788 13787
13788 13786 13789
13789 13790 13788
13790 13789 13791
13791 13768 13790
13768 13791 13771
13792 13793 13794
13793 13792 13795
13796 13795 13792
13795 13796 13797
13796 13798 13797
13798 13796 13799
13799 13800 13798
13800 13799 13801
13801 13802 13800
13802 13801 13803
13803 13804 13802
13804 13803 13805
13806 13804 13805
13804 13806 13807
13808 13807 13806
13807 13808 13809
13808 13810 13809
13810 13808 13811
13811 13812 13810
13812 13811 13813
13813 13814 13812
13814 13813 13815
13794 13814 13815
13814 13794 13793
13816 13817 13818
13816 13819 13817
13816 13820 13819
13816 13821 13820
13816 13822 13821
13816 13823 13822
13816 13824 13823
13816 13825 13824
13816 13826 13825
13816 13827 13826
13816 13828 13827
13816 13818 13828
13829 13830 13831
13829 13832 13830
13829 13833 13832
13829 13834 13833
13829 13835 13834
13829 13836 13835
13829 13837 13836
13829 13838 13837
13829 13839 13838
13829 13840 13839
13829 13841 13840
13829 13831 13841
13842 13843 13844
13842 13845 13843
13842 13846 13845
13842 13847 13846
13842 13848 13847
13842 13849 13848
13842 13850 13849
13842 13851 13850
13842 13852 13851
13842 13853 13852
13842 13854 13853
13842 13844 13854
13855 13856 13857
13855 13858 13856
13855 13859 13858
13855 13860 13859
13855 13861 13860
13855 13862 13861
13855 13863 13862
13855 13864 13863
13855 13865 13864
13855 13866 13865
13855 13867 13866
13855 13857 13867
13868 13869 13870
13871 13868 13870
13871 13872 13868
13872 13873 13868
13871 13870 13874
13870 13875 13874
13871 13874 13876
13874 13877 13876
13871 13876 13878
13876 13879 13878
13871 13878 13880
13878 13881 13880
13871 13880 13882
13871 13882 13872
13882 13883 13872
13880 13884 13882
13870 13885 13875
13869 13885 13870
13886 13873 13872
13883 13886 13872
13882 13887 13883
13884 13887 13882
13880 13888 13884
13881 13888 13880
13878 13889 13881
13879 13889 13878
13868 13890 13869
13873 13890 13868
13876 13891 13879
13877 13891 13876
13874 13892 13877
13875 13892 13874
13893 13894 13895
13893 13896 13894
13893 13897 13896
13893 13898 13897
13893 13899 13898
13893 13900 13899
13893 13901 13900
13893 13902 13901
13893 13903 13902
13893 13904 13903
13893 13905 13904
13893 13895 13905
13906 13907 13908
13906 13909 13907
13906 13910 13909
13906 13911 13910
13906 13912 13911
13906 13913 13912
13906 13914 13913
13906 13915 13914
13906 13916 13915
13906 13917 13916
13906 13918 13917
13906 13908 13918
13919 13920 13921
13919 13922 13920
13919 13923 13922
13919 13924 13923
13919 13925 13924
13919 13926 13925
13919 13927 13926
13919 13928 13927
13919 13929 13928
13919 13930 13929
13919 13931 13930
13919 13921 13931
13932 13933 13934
13932 13935 13933
13932 13936 13935
13932 13937 13936
13932 13938 13937
13932 13939 13938
13932 13940 13939
13932 13941 13940
13932 13942 13941
13932 13943 13942
13932 13944 13943
13932 13934 13944
13945 13946 13947
13946 13945 13948
13945 13949 13948
13949 13945 13950
13951 13950 13945
13947 13951 13945
13950 13951 13952
13951 13947 13953
13954 13946 13948
13949 13954 13948
13946 13954 13955
13956 13955 13954
13955 13956 13957
13958 13957 13956
13957 13958 13959
13958 13960 13959
13960 13958 13961
13958 13962 13961
13962 13958 13963
13958 13964 13963
13964 13958 13956
13965 13956 13954
13956 13965 13964
13954 13949 13965
13966 13952 13951
13953 13966 13951
13966 13953 13967
13967 13968 13966
13968 13969 13966
13952 13966 13969
13969 13968 13970
13968 13971 13970
13971 13968 13972
13968 13973 13972
13973 13968 13974
13970 13971 13975
13968 13976 13974
13976 13968 13977
13968 13967 13977
13977 13978 13976
13979 13980 13981
13980 13979 13982
13983 13981 13980
13981 13983 13984
13985 13982 13979
13982 13985 13986
13987 13986 13985
13986 13987 13988
13987 13989 13988
13989 13987 13990
13991 13984 13983
13984 13991 13992
13993 13992 13991
13992 13993 13994
13993 13995 13994
13995 13993 13996
13997 13998 13996
13998 13997 13999
14000 13999 13997
13999 14000 14001
14002 14001 14000
14001 14002 14003
14002 14004 14003
14004 14002 14005
14005 14006 14004
14006 14005 14007
14007 14008 14006
14008 14007 14009
14010 14011 14009
14011 14010 14012
14010 14013 14012
14013 14010 14014
14014 14015 14013
14015 14014 14016
14016 14017 14015
14017 14016 14018
14018 14019 14017
14019 14018 14020
14020 14021 14019
14021 14020 14022
14022 14023 14021
14023 14022 14024
14025 14023 14024
14023 14025 14026
14027 13390 13388
13390 14027 14028
13388 14029 14027
14029 13388 13382
13382 14030 14029
14030 13382 13380
13380 13374 14030
13374 13364 14030
13365 14030 13364
14030 13365 14029
13368 14029 13365
14029 13368 14027
13370 14027 13368
14027 13370 14028
13371 14031 13372
14031 13371 14032
14032 14033 14031
14033 14032 13373
13371 13373 14032
