byte offset: 0
first index: 0
index count: 10824
topology: trianglelist
format: DXGI_FORMAT_R16_UINT

0 1 2
0 2 3
2 1 4
2 4 5
6 5 4
6 7 5
8 7 6
8 9 7
9 8 10
9 10 11
12 11 10
12 10 13
12 13 14
4 15 6
4 16 15
4 1 17
4 17 16
18 8 6
18 6 15
19 9 11
12 14 20
11 12 20
21 7 9
21 9 19
21 19 22
21 22 23
24 23 22
24 22 25
26 25 22
19 26 22
27 26 19
20 26 27
26 28 25
29 28 26
30 25 28
30 28 29
31 30 29
32 30 31
30 32 33
30 33 34
34 24 25
30 34 25
34 35 24
34 33 36
34 36 35
37 21 23
24 37 23
37 38 21
24 39 37
39 24 35
39 35 40
41 40 35
41 35 36
42 40 41
42 41 43
37 44 38
37 45 44
44 45 46
44 46 47
48 46 45
48 45 37
48 37 39
48 39 40
48 40 42
48 49 46
50 49 48
50 48 42
43 50 42
3 44 47
3 2 44
51 3 47
44 2 5
44 5 38
38 5 7
38 7 21
47 46 52
43 53 50
54 50 53
54 53 55
47 52 56
50 54 57
50 57 49
46 49 57
46 57 58
58 59 46
52 46 59
60 0 3
60 3 61
0 60 62
0 62 63
17 0 63
17 1 0
64 65 66
64 66 67
66 65 68
68 65 69
65 70 69
70 65 71
71 65 64
69 70 72
70 73 72
73 70 74
74 70 75
75 70 71
74 76 73
76 74 77
77 74 78
78 74 75
77 79 76
79 77 80
81 79 80
81 80 82
83 81 82
83 84 81
84 83 85
83 86 85
87 86 83
87 83 82
87 82 80
77 88 80
88 77 78
87 80 88
89 90 91
89 91 92
91 90 93
91 93 94
95 94 93
95 93 96
92 97 89
92 98 97
97 98 99
97 99 100
99 101 100
99 102 101
103 101 102
103 104 101
104 103 67
101 104 105
105 100 101
93 106 96
93 107 106
108 107 93
108 93 90
109 108 90
109 90 89
89 110 109
105 111 100
97 111 110
89 97 110
105 104 112
104 66 112
67 66 104
112 66 68
97 100 111
113 96 106
113 95 96
113 114 95
115 114 113
115 116 114
117 115 113
117 113 118
113 106 118
115 119 116
115 120 119
117 120 115
117 121 120
122 120 121
119 120 122
119 122 123
122 121 124
125 122 124
125 126 122
123 122 126
126 125 127
128 123 126
128 126 129
128 129 130
131 132 133
131 133 134
131 135 132
131 136 135
136 137 135
136 138 137
139 137 138
139 140 137
141 140 139
141 142 140
143 142 141
143 144 142
145 144 143
145 146 144
146 145 147
148 147 145
149 147 148
150 147 149
151 150 149
151 152 150
149 153 151
149 154 153
154 149 148
155 151 153
152 151 155
150 156 147
146 147 156
142 144 157
142 157 158
142 158 140
137 140 158
137 158 159
137 159 160
137 160 135
160 132 135
160 161 132
133 132 161
133 161 162
162 163 133
164 133 163
164 134 133
162 165 163
166 167 168
166 168 169
167 166 170
167 170 171
170 172 171
170 173 172
173 174 172
173 175 174
175 176 174
175 177 176
177 178 176
177 179 178
179 180 178
171 172 181
171 181 182
183 167 171
183 171 182
167 183 184
167 184 168
172 174 185
172 185 181
186 168 184
169 168 186
169 186 187
186 184 188
179 189 180
189 179 177
189 177 190
189 190 191
190 192 191
192 193 191
194 193 192
194 195 193
196 193 195
196 195 197
198 191 193
198 193 196
196 197 199
196 199 200
196 200 201
196 201 198
198 201 202
191 198 202
203 191 202
204 201 200
204 200 205
204 206 201
201 206 202
207 205 200
207 200 199
208 195 194
208 209 195
197 195 209
197 209 210
197 210 211
197 211 199
199 211 212
199 212 207
211 213 212
211 214 213
215 209 208
215 216 209
216 210 209
217 216 215
217 215 218
216 217 219
216 219 220
219 214 220
216 220 210
211 210 220
211 220 214
219 221 214
213 214 221
218 215 166
218 166 169
170 166 215
170 215 208
208 173 170
208 194 173
218 222 217
213 221 223
224 223 221
224 221 225
219 225 221
218 226 222
219 227 225
228 227 219
228 219 217
228 217 229
222 229 217
175 173 194
175 194 192
192 177 175
192 190 177
230 231 232
230 232 233
231 234 232
235 231 230
235 236 231
236 234 231
234 237 232
232 237 238
238 239 232
239 233 232
237 240 238
238 240 241
241 242 238
242 243 238
243 239 238
242 241 244
244 245 242
245 246 242
246 243 242
245 244 247
247 248 245
247 249 248
247 250 249
251 249 250
251 252 249
251 253 252
252 253 254
252 254 255
252 255 249
255 248 249
245 248 256
256 246 245
255 256 248
257 258 259
257 259 260
261 258 257
261 257 262
261 262 263
261 263 264
265 260 259
265 266 260
266 265 267
266 267 268
268 267 269
268 269 270
235 270 269
235 271 270
269 272 235
272 269 267
273 265 259
261 264 274
261 274 275
276 261 275
276 258 261
258 276 277
258 277 259
277 273 259
272 236 235
230 271 235
278 279 274
279 278 280
279 280 281
278 274 264
263 278 264
263 282 278
280 278 282
280 282 283
284 280 283
281 280 284
284 283 285
286 284 285
281 284 287
287 284 286
287 286 288
289 288 286
289 290 288
289 291 290
292 289 286
292 286 285
292 293 289
289 293 294
289 294 295
265 296 267
265 273 296
296 272 267
297 298 299
297 299 300
298 301 299
298 302 301
303 301 302
303 304 301
305 304 303
305 303 306
307 305 306
307 308 305
309 308 307
309 307 310
311 309 310
311 310 312
312 313 311
314 311 313
315 314 313
315 313 316
312 316 313
315 316 317
317 318 315
317 319 318
320 315 318
320 321 315
321 314 315
322 320 318
319 322 318
307 323 310
307 324 323
307 306 324
324 306 303
324 303 325
326 325 303
326 303 302
327 326 302
327 302 298
327 298 297
327 297 328
329 328 297
330 329 297
330 297 300
329 331 328
332 333 334
332 334 335
332 336 333
337 334 333
337 338 334
337 339 338
337 340 339
336 341 333
340 337 341
341 337 333
340 341 342
340 342 343
339 340 343
342 344 343
342 345 344
342 346 345
342 347 346
341 347 342
341 348 347
348 349 347
349 350 347
350 346 347
351 349 348
351 348 341
351 341 336
351 352 349
352 351 353
352 353 354
354 355 352
355 349 352
355 354 356
357 354 353
357 358 354
354 358 356
351 359 353
357 353 359
351 336 359
357 359 360
359 336 332
360 359 361
361 359 332
360 361 362
363 360 362
363 362 364
364 365 363
364 366 365
365 366 367
361 332 368
332 335 368
335 369 368
335 370 369
334 370 335
334 371 370
338 371 334
338 372 371
373 372 338
373 338 339
365 374 363
365 375 374
374 375 376
375 377 376
375 378 377
377 379 376
376 357 374
376 358 357
380 358 376
379 380 376
360 374 357
360 363 374
375 381 378
382 378 381
382 381 383
381 384 383
381 385 384
375 365 381
381 367 385
381 365 367
358 380 356
356 380 379
367 386 385
386 387 385
387 388 385
385 388 389
385 389 390
391 392 390
393 384 394
383 393 395
383 396 397
397 398 378
399 400 343
399 401 400
402 401 399
403 399 343
402 399 403
403 343 344
402 404 401
402 405 404
401 373 400
401 404 373
344 406 403
345 406 344
407 406 345
345 346 407
408 407 409
407 408 410
409 411 408
412 413 409
412 414 413
413 415 409
413 416 415
413 417 416
350 417 413
413 346 350
350 418 417
417 419 416
349 420 350
349 355 420
420 355 421
420 421 422
420 422 417
422 423 417
424 425 426
424 426 427
424 427 428
424 429 425
430 429 424
430 431 429
431 432 429
433 429 432
433 425 429
431 434 432
435 432 434
432 436 433
432 435 436
436 437 433
433 438 425
438 433 439
433 437 439
440 438 439
440 439 206
206 439 437
206 437 202
202 437 203
437 436 203
203 436 189
204 440 206
441 430 424
441 424 442
441 428 443
444 191 203
436 180 444
445 446 447
445 447 448
448 447 449
450 447 446
450 446 451
452 450 451
452 451 453
449 447 454
454 450 452
454 447 450
454 452 455
452 456 455
453 456 452
456 457 455
456 458 457
455 457 459
455 459 460
461 454 455
461 455 460
461 460 462
462 460 463
463 460 459
462 464 461
464 449 454
464 454 461
462 465 464
466 464 465
466 467 464
466 465 468
468 465 462
468 469 466
470 467 466
470 466 471
466 469 471
472 464 467
472 467 470
472 449 464
472 470 473
472 448 449
474 472 473
475 474 473
475 473 470
475 476 474
477 476 475
477 478 476
477 479 478
474 480 472
480 448 472
480 481 448
448 481 445
482 445 481
482 483 445
446 445 483
446 483 484
451 446 484
451 484 485
453 451 485
453 485 486
477 475 487
477 487 488
487 489 488
488 489 490
488 490 491
490 489 492
487 471 489
493 489 471
492 489 493
487 470 471
475 470 487
491 477 488
491 494 477
494 491 495
494 495 496
497 494 496
497 496 498
494 497 479
494 479 477
471 469 493
469 492 493
479 497 499
499 497 500
500 497 501
502 501 497
502 503 501
504 502 505
506 507 498
496 508 506
496 509 510
509 491 511
512 456 513
512 513 514
515 512 514
516 456 512
515 516 512
516 458 456
515 514 517
515 517 518
514 513 486
514 486 517
458 516 519
457 458 519
520 457 519
457 520 459
463 459 521
521 522 463
463 522 523
522 521 524
522 524 525
526 524 521
526 521 527
528 527 521
528 521 529
530 527 520
520 531 530
527 530 532
462 463 533
462 533 468
533 534 468
533 535 534
533 522 535
535 522 536
537 538 539
537 540 541
541 539 542
541 542 543
541 543 544
545 541 544
545 546 541
537 541 546
545 547 546
545 548 547
545 549 548
550 549 545
550 545 544
551 548 549
549 550 552
549 552 551
552 550 553
552 553 554
554 20 552
550 544 555
555 556 550
550 556 553
557 556 555
557 31 556
31 553 556
31 29 553
553 29 554
32 31 557
29 26 554
558 554 26
552 558 14
11 20 27
19 11 27
559 560 561
559 561 562
559 562 563
561 560 564
561 564 565
566 565 564
566 564 567
567 568 566
568 569 566
568 570 569
570 571 569
571 570 572
571 572 573
572 574 573
574 575 573
575 574 576
575 576 577
578 577 576
578 579 577
580 579 578
580 581 579
581 580 582
583 584 585
583 585 586
586 587 583
588 585 584
588 589 585
590 589 588
590 588 591
590 591 592
591 593 592
593 594 592
593 595 594
595 596 594
595 597 596
598 596 597
598 597 599
600 598 599
600 599 601
601 602 600
601 603 602
604 602 603
604 603 605
605 606 604
607 608 218
607 218 169
609 610 611
609 611 612
610 609 613
610 613 614
615 610 614
610 615 616
616 615 617
616 617 618
619 616 618
619 618 620
619 620 621
619 622 616
622 611 610
622 610 616
620 623 621
620 624 623
625 623 624
625 624 626
627 625 626
627 626 628
629 627 628
629 628 630
631 629 630
631 632 629
631 633 632
631 634 633
634 635 633
634 636 635
635 636 637
630 628 638
626 638 628
630 638 639
631 630 639
640 631 639
641 631 640
641 642 631
626 643 638
624 643 626
624 644 643
645 644 624
645 624 620
618 645 620
618 617 645
646 647 648
646 649 647
646 650 649
649 651 647
649 652 651
650 653 652
651 652 653
654 651 653
653 650 655
656 653 655
654 653 656
654 656 657
658 657 656
656 655 658
658 659 657
654 657 660
657 661 660
662 650 646
663 662 646
662 664 650
655 650 664
663 646 665
663 665 666
666 665 667
665 668 667
667 669 666
668 665 648
648 665 646
667 668 670
670 671 667
669 667 671
671 672 669
671 670 673
673 674 671
672 671 674
674 675 672
674 673 676
676 677 674
675 674 677
677 678 675
679 678 677
677 676 679
680 681 682
683 680 682
683 684 680
685 680 684
685 684 686
687 683 682
687 688 683
685 689 680
680 689 681
690 689 685
691 688 687
691 692 688
692 691 693
692 693 694
695 694 693
696 695 693
696 697 695
695 698 694
699 696 693
699 693 691
700 699 691
700 691 687
700 687 701
701 687 682
682 681 701
659 690 702
659 702 657
661 657 702
702 686 661
686 702 685
690 685 702
703 704 705
706 703 705
706 705 707
707 708 706
706 708 709
710 709 708
710 711 709
710 708 712
712 708 707
712 713 710
714 711 710
710 713 714
713 715 714
714 716 711
717 716 714
714 715 717
718 717 715
717 719 716
720 719 717
717 718 720
719 720 721
722 721 720
721 722 723
722 724 723
722 725 724
720 726 722
725 722 726
726 720 718
723 724 727
724 728 727
728 724 729
729 724 725
727 728 730
731 730 728
731 728 732
732 728 729
733 730 731
732 734 731
731 734 735
735 733 731
736 733 735
734 737 735
737 736 735
734 738 737
737 738 739
740 737 739
736 737 740
703 741 742
742 704 703
743 744 745
746 747 748
746 748 749
750 749 748
751 747 746
751 746 752
751 752 753
754 755 756
754 756 757
758 759 760
758 760 761
759 762 760
759 763 762
761 760 764
760 762 764
765 766 767
765 767 768
766 769 767
766 770 769
771 770 766
766 765 772
766 772 773
766 773 771
771 773 774
771 774 775
776 775 774
776 777 775
777 776 778
777 778 779
780 779 778
780 781 779
781 780 782
781 782 783
783 782 784
783 784 785
786 785 784
787 785 786
788 787 786
788 786 789
782 790 784
786 784 790
786 790 791
792 786 791
792 791 793
794 792 793
794 795 792
794 796 795
782 797 790
780 797 782
780 798 797
798 780 778
798 778 799
776 799 778
776 800 799
800 776 774
800 774 801
773 801 774
773 772 801
802 803 804
802 804 805
802 805 806
805 804 807
805 807 808
806 808 809
807 809 808
810 809 807
809 811 806
812 811 809
810 812 809
813 812 810
813 814 812
815 812 814
812 815 811
815 814 816
814 813 817
818 802 806
819 802 818
818 806 820
811 820 806
819 821 802
819 822 821
822 823 821
821 823 824
823 822 825
824 803 821
803 802 821
823 826 824
826 823 827
825 827 823
827 825 828
827 829 826
829 827 830
828 830 827
830 828 831
830 832 829
832 830 833
831 833 830
833 831 834
835 833 834
833 835 832
836 837 838
839 837 836
839 840 837
841 839 836
841 836 842
837 840 843
837 843 844
842 836 845
836 838 845
846 842 845
847 844 843
847 848 844
849 848 847
849 850 848
851 850 849
852 850 851
852 853 850
851 849 854
855 850 853
855 848 850
856 848 855
856 844 848
856 857 844
846 858 842
816 858 846
816 814 858
841 842 858
858 817 841
817 858 814
837 857 838
857 837 844
859 860 861
862 861 860
860 863 862
860 864 863
865 863 864
865 864 866
865 867 863
867 862 863
867 865 868
869 865 866
865 869 868
868 869 870
869 866 871
872 869 871
869 872 870
873 870 872
872 871 874
875 872 874
872 875 873
874 876 875
877 875 876
876 878 877
877 878 879
877 879 880
875 877 881
880 881 877
881 873 875
878 882 879
879 882 883
883 884 879
884 880 879
882 885 883
886 883 885
886 887 883
887 884 883
888 886 885
887 886 889
886 890 889
890 886 888
891 890 888
889 890 892
892 890 891
889 892 893
892 894 893
895 894 892
891 895 892
859 896 897
859 861 896
897 898 859
899 900 901
902 903 904
902 904 905
906 905 904
902 907 903
902 908 907
908 909 907
910 911 912
910 912 913
914 915 916
914 916 917
915 914 918
915 918 919
917 920 914
914 920 918
921 922 923
921 923 924
921 924 925
921 925 926
926 927 921
928 922 921
928 921 927
927 929 928
927 930 929
929 930 931
929 931 932
933 925 924
933 924 934
924 923 935
924 935 934
931 936 932
931 937 936
937 938 936
937 939 938
937 931 940
941 940 931
931 930 941
942 941 930
930 927 942
934 943 933
935 943 934
938 939 944
944 945 938
945 944 946
946 947 945
946 948 947
946 949 948
950 948 949
940 951 937
939 937 951
952 939 951
944 939 952
953 944 952
946 944 953
953 954 946
949 946 954
949 954 955
949 955 956
955 957 956
956 957 958
926 942 927
959 960 961
959 961 962
963 960 959
963 959 964
964 959 965
959 962 966
959 966 965
965 966 967
965 967 968
969 968 967
969 967 970
960 963 971
960 971 972
973 961 960
973 960 972
974 969 970
974 970 975
975 976 974
975 977 976
974 978 969
979 969 978
969 979 968
980 968 979
968 980 965
972 971 981
973 972 981
977 982 976
982 977 983
983 984 982
984 983 985
986 984 985
986 985 987
988 986 987
978 974 989
976 989 974
990 989 976
982 990 976
991 990 982
984 991 982
991 984 992
986 992 984
986 993 992
986 994 993
993 994 995
994 996 995
964 965 980
997 998 999
999 998 1000
999 1000 1001
998 1002 1000
999 1001 1003
1004 1003 1001
1004 1001 1005
1006 1003 1004
1006 1007 1003
999 1003 1007
1008 1007 1006
1009 1008 1006
1009 1006 1010
1006 1004 1010
1009 1010 1011
1009 1012 1008
1013 1012 1009
1013 1009 1011
1013 1014 1012
1014 1013 1015
1015 1013 1016
1013 1011 1016
1015 1016 1017
1014 1015 1018
1015 1019 1018
1015 1020 1019
1020 1021 1019
1020 1022 1021
1020 1023 1017
1020 1017 1024
1020 1024 1025
1020 1025 1026
1026 1027 1021
1026 1028 1027
1029 1027 1028
1029 1030 1027
1028 1031 1029
1032 1029 1031
1032 1033 1029
1033 1030 1029
1028 1034 1031
1026 1025 1034
1026 1034 1028
1033 1035 1030
1033 1036 1035
1033 1037 1036
1037 1038 1036
1039 1038 1037
1039 1037 1033
1039 1033 1032
1040 998 1041
1041 1042 1040
997 1041 998
1043 997 999
1043 999 1007
1008 1043 1007
1044 1045 1046
1047 1046 1045
1047 1048 1046
1046 1048 1049
1047 1045 1050
1051 1050 1045
1051 1045 1044
1047 1050 1052
1053 1047 1052
1053 1054 1047
1055 1052 1050
1056 1055 1050
1056 1050 1051
1055 1056 1057
1055 1057 1058
1059 1055 1058
1059 1060 1055
1060 1053 1052
1060 1052 1055
1057 1061 1058
1057 1062 1061
1062 1063 1061
1064 1061 1063
1064 1065 1061
1058 1061 1065
1058 1065 1059
1062 1066 1063
1067 1063 1066
1067 1068 1063
1067 1069 1068
1067 1070 1069
1069 1071 1068
1064 1068 1071
1069 1072 1071
1073 1072 1069
1073 1069 1074
1075 1073 1074
1076 1075 1074
1076 1077 1075
1075 1078 1073
1079 1078 1075
1079 1075 1077
1079 1080 1078
1081 1076 1074
1081 1074 1069
1079 1077 1082
1083 1079 1082
1083 1082 1084
1083 1084 1085
1086 1083 1085
1086 1080 1079
1086 1079 1083
1087 1046 1088
1088 1089 1087
1044 1046 1087
1064 1090 1068
1091 1092 1093
1091 1093 1094
1095 1094 1093
1094 1095 1096
1096 1095 1097
1096 1097 1098
1099 1098 1097
1099 1097 1100
1099 1100 1101
1099 1101 1102
1103 1100 1097
1095 1103 1097
1103 1104 1100
1101 1100 1104
1101 1104 1105
1095 1106 1103
1095 1093 1106
1094 1096 1107
1108 1094 1107
1108 1091 1094
1091 1108 1109
1091 1109 1110
1109 1111 1110
1109 1112 1111
1110 1092 1091
1110 1113 1092
1111 1113 1110
1111 1114 1113
1115 1111 1112
1115 1116 1111
1114 1111 1116
1117 1116 1115
1117 1118 1116
1118 1119 1116
1114 1116 1119
1118 1120 1119
1118 1121 1120
1121 1118 1117
1122 1123 1124
1122 1124 1125
1126 1123 1122
1126 1127 1123
1122 1125 1128
1122 1128 1129
1130 1126 1122
1130 1122 1129
1130 1129 1131
1132 1124 1123
1132 1123 1127
1132 1133 1124
1132 1127 1134
1132 1105 1133
1132 1101 1105
1132 1134 1102
1132 1102 1101
1131 1129 1135
1131 1135 1136
1131 1136 1137
1138 1129 1128
1139 1140 1141
1139 1141 1142
1139 1143 1140
1139 1144 1143
1145 1143 1144
1144 1146 1145
1147 1145 1146
1147 1148 1145
1147 1149 1148
1147 1150 1149
1151 1145 1148
1151 1152 1145
1145 1152 1143
1148 1149 1153
1148 1153 1151
1144 1154 1146
1154 1144 1139
1154 1139 1155
1141 1156 1142
1157 1142 1156
1157 1158 1142
1157 1156 1159
1157 1159 1160
1158 1155 1139
1158 1139 1142
1156 1161 1159
1156 1162 1161
1141 1162 1156
1163 1160 1159
1163 1159 1164
1164 1159 1161
1165 1163 1164
1165 1164 1166
1167 1166 1164
1166 1167 1168
1168 1165 1166
1167 1164 1169
1164 1161 1169
1170 1171 1172
1170 1172 1173
1174 1172 1171
1174 1175 1172
1176 1173 1172
1176 1177 1173
1172 1175 1178
1172 1178 1176
1178 1179 1176
1180 1171 1170
1180 1181 1171
1182 1174 1171
1182 1171 1181
1180 1149 1181
1149 1182 1181
1180 1153 1149
1149 1150 1182
1179 1183 1176
1179 1184 1183
1179 1185 1184
1186 1177 1176
1187 1188 1189
1187 1189 1190
1191 1192 1193
1194 1195 1196
1194 1196 1197
1198 1199 1200
1201 1202 1203
1203 1204 1201
1203 1205 1204
1206 1204 1205
1206 1205 1207
1208 1206 1207
1208 1209 1206
1208 1210 1209
1208 1211 1210
1208 1212 1211
1213 1212 1208
1208 1214 1213
1205 1214 1207
1207 1214 1208
1211 1215 1210
1216 1211 1212
1215 1211 1216
1216 1217 1215
1216 1212 1218
1219 1216 1218
1217 1216 1219
1219 1218 1220
1221 1217 1219
1222 1219 1220
1221 1219 1222
1222 1220 1223
1224 1222 1223
1225 1222 1224
1222 1225 1221
1224 1223 1226
1225 1224 1227
1228 1224 1226
1227 1224 1228
1228 1226 1229
1229 1230 1228
1230 1229 1231
1230 1232 1228
1228 1232 1227
1231 1233 1230
1230 1234 1232
1234 1230 1235
1235 1236 1234
1235 1231 1237
1238 1235 1237
1236 1235 1238
1238 1239 1236
1238 1237 1240
1240 1241 1238
1239 1238 1241
1240 1242 1241
1243 1241 1242
1243 1244 1241
1245 1244 1243
1245 1246 1244
1246 1247 1244
1248 1247 1246
1248 1246 1245
1241 1249 1239
1244 1247 1249
1249 1241 1244
1250 1251 1252
1252 1253 1250
1253 1252 1254
1254 1252 1255
1256 1255 1252
1252 1251 1256
1254 1255 1257
1257 1255 1258
1255 1256 1259
1259 1258 1255
1258 1259 1260
1260 1261 1258
1250 1253 1262
1250 1263 1251
1264 1263 1250
1262 1264 1250
1265 1264 1262
1266 1264 1265
1264 1266 1267
1264 1267 1263
1266 1268 1267
1266 1265 1269
1269 1270 1266
1268 1266 1270
1270 1271 1268
1270 1269 1272
1272 1273 1270
1271 1270 1273
1273 1272 1274
1274 1275 1273
1276 1273 1275
1273 1276 1271
1276 1275 1277
1278 1275 1274
1275 1278 1279
1277 1275 1279
1277 1279 1280
1279 1281 1280
1279 1278 1281
1282 1283 1284
1282 1285 1283
1286 1285 1282
1287 1283 1285
1288 1287 1285
1288 1285 1289
1289 1285 1290
1291 1288 1289
1284 1283 1292
1293 1292 1283
1283 1287 1293
1284 1292 1294
1294 1292 1295
1294 1295 1296
1297 1295 1292
1292 1293 1297
1296 1295 1298
1299 1298 1295
1295 1297 1299
1298 1299 1300
1300 1301 1298
1301 1300 1302
1258 1301 1302
1298 1301 1303
1298 1303 1296
1301 1260 1303
1258 1302 1257
1304 1305 1306
1307 1305 1304
1307 1308 1305
1309 1308 1307
1308 1309 1310
1309 1311 1310
1312 1311 1309
1313 1311 1312
1313 1314 1311
1312 1309 1315
1309 1307 1315
1311 1314 1316
1317 1311 1316
1311 1317 1310
1314 1313 1318
1319 1316 1314
1319 1314 1320
1318 1320 1314
1319 1320 1321
1319 1321 1322
1320 1318 1323
1323 1321 1320
1324 1321 1323
1325 1322 1321
1324 1325 1321
1325 1326 1322
1327 1326 1325
1328 1327 1325
1325 1324 1328
1327 1329 1326
1328 1330 1327
1327 1331 1329
1327 1332 1331
1330 1332 1327
1331 1332 1333
1333 1334 1331
1333 1332 1335
1332 1330 1335
1334 1333 1336
1333 1335 1337
1337 1338 1333
1338 1337 1339
1338 1340 1334
1338 1341 1340
1338 1342 1341
1339 1342 1338
1342 1343 1341
1342 1344 1343
1342 1339 1345
1345 1344 1342
1346 1343 1344
1346 1347 1343
1346 1348 1347
1346 1349 1348
1349 1346 1350
1351 1349 1350
1351 1348 1349
1344 1345 1352
1346 1352 1350
1352 1346 1344
1353 1354 1355
1354 1353 1356
1356 1357 1354
1357 1358 1354
1359 1354 1358
1354 1359 1355
1357 1360 1358
1360 1361 1358
1358 1362 1359
1362 1358 1361
1361 1363 1362
1363 1361 1364
1353 1365 1356
1353 1355 1366
1367 1353 1366
1365 1353 1367
1368 1365 1367
1369 1368 1367
1367 1370 1369
1367 1366 1370
1369 1370 1371
1369 1372 1368
1372 1369 1373
1371 1373 1369
1373 1371 1374
1373 1375 1372
1375 1373 1376
1374 1376 1373
1376 1377 1375
1377 1376 1378
1379 1378 1376
1376 1374 1379
1379 1380 1378
1381 1377 1378
1378 1382 1381
1380 1382 1378
1380 1383 1382
1382 1383 1384
1382 1384 1381
1385 1386 1387
1385 1387 1388
1389 1385 1388
1390 1388 1387
1390 1391 1388
1391 1392 1388
1390 1393 1391
1394 1391 1393
1386 1395 1387
1396 1387 1395
1387 1396 1390
1386 1397 1395
1397 1398 1395
1397 1399 1398
1400 1395 1398
1395 1400 1396
1399 1401 1398
1402 1398 1401
1398 1402 1400
1401 1403 1402
1403 1401 1404
1404 1405 1403
1361 1405 1404
1401 1406 1404
1401 1399 1406
1404 1406 1363
1361 1360 1405
1407 1408 1409
1407 1409 1410
1411 1407 1410
1411 1410 1412
1413 1410 1409
1413 1414 1410
1412 1410 1414
1412 1414 1415
1416 1415 1414
1416 1414 1413
1416 1417 1415
1418 1408 1407
1418 1407 1419
1420 1419 1407
1420 1407 1411
1420 1421 1419
1421 1418 1419
1420 1422 1421
1411 1423 1420
1411 1424 1423
1424 1411 1412
1424 1412 1425
1412 1415 1426
1412 1426 1425
1427 1425 1426
1427 1428 1425
1427 1429 1428
1427 1430 1429
1431 1429 1430
1431 1432 1429
1433 1430 1427
1433 1434 1430
1434 1431 1430
1427 1426 1435
1427 1435 1433
1434 1436 1431
1431 1437 1432
1431 1438 1437
1439 1438 1431
1439 1431 1436
1440 1437 1438
1440 1438 1441
1415 1435 1426
1415 1417 1435
1442 1429 1432
1437 1442 1432
1442 1443 1429
1428 1429 1443
1428 1443 1444
1444 1443 1445
1444 1445 1446
1423 1444 1446
1423 1424 1444
1444 1424 1425
1444 1425 1428
1441 1447 1440
1441 1448 1447
1449 1447 1448
1449 1450 1447
1450 1449 1451
1450 1451 1452
1450 1452 1453
1450 1453 1454
1455 1453 1452
1452 1451 1455
1455 1456 1453
1455 1451 1457
1455 1457 1458
1451 1459 1457
1459 1451 1449
1459 1460 1457
1459 1449 1461
1461 1462 1459
1459 1462 1463
1462 1464 1463
1465 1464 1462
1465 1462 1466
1461 1467 1462
1462 1467 1468
1462 1468 1466
1466 1468 1469
1465 1466 1469
1470 1467 1461
1470 1461 1471
1472 1470 1471
1471 1441 1472
1438 1472 1441
1438 1473 1472
1474 1472 1473
1472 1474 1470
1474 1473 1475
1438 1439 1473
1471 1448 1441
1470 1474 1476
1470 1476 1477
1467 1470 1477
1467 1477 1468
1474 1475 1478
1474 1478 1476
1479 1476 1478
1479 1480 1476
1479 1481 1480
1471 1449 1448
1471 1461 1449
1480 1481 1482
1476 1480 1482
1476 1482 1477
1477 1482 1468
1482 1481 1483
1468 1482 1483
1469 1468 1483
1484 1469 1483
1485 1469 1484
1465 1469 1485
1486 1479 1478
1486 1478 1475
1486 1475 1487
1473 1487 1475
1473 1488 1487
1489 1488 1473
1489 1490 1488
1490 1489 1491
1491 1489 1492
1439 1492 1489
1489 1473 1439
1491 1492 1493
1492 1494 1493
1492 1495 1494
1496 1495 1492
1439 1496 1492
1496 1497 1495
1495 1497 1498
1495 1498 1499
1500 1495 1499
1500 1499 1501
1502 1501 1499
1498 1502 1499
1502 1503 1501
1498 1504 1502
1490 1491 1505
1506 1502 1504
1506 1507 1502
1507 1506 1508
1507 1508 1509
1509 1510 1507
1510 1502 1507
1509 1511 1510
1511 1512 1510
1511 1513 1512
1511 1514 1513
1511 1515 1514
1511 1516 1515
1511 1517 1516
1516 1517 1508
1518 1513 1514
1512 1513 1518
1518 1514 1519
1512 1518 1520
1521 1520 1518
1521 1518 1522
1522 1518 1519
1512 1520 1523
1512 1523 1524
1524 1510 1512
1524 1525 1510
1510 1525 1502
1526 1515 1516
1515 1526 1514
1526 1516 1527
1528 1527 1516
1528 1516 1529
1516 1508 1529
1530 1524 1523
1530 1531 1524
1532 1531 1530
1532 1530 1533
1503 1524 1531
1503 1531 1501
1531 1532 1500
1531 1500 1501
1534 1533 1530
1534 1530 1535
1536 1532 1533
1493 1532 1536
1493 1494 1532
1493 1536 1537
1493 1537 1491
1538 1491 1537
1538 1505 1491
1539 1505 1538
1505 1539 1540
1541 1540 1539
1541 1542 1540
1505 1540 1490
1540 1488 1490
1540 1543 1488
1542 1543 1540
1544 1488 1543
1544 1487 1488
1545 1542 1541
1546 1545 1541
1546 1541 1547
1548 1545 1546
1548 1549 1545
1550 1549 1548
1545 1551 1542
1545 1549 1551
1544 1486 1487
1544 1552 1486
1549 1550 1553
1549 1554 1551
1549 1555 1554
1553 1555 1549
1551 1554 1556
1556 1554 1557
1556 1557 1558
1558 1557 1559
1558 1559 1560
1558 1560 1561
1551 1556 1562
1558 1562 1556
1551 1562 1542
1558 1563 1562
1558 1561 1564
1558 1564 1563
1561 1565 1564
1560 1565 1561
1542 1562 1543
1544 1543 1562
1544 1562 1563
1564 1544 1563
1564 1552 1544
1552 1564 1566
1560 1567 1565
1567 1568 1565
1568 1569 1565
1565 1569 1564
1564 1569 1566
1566 1569 1570
1571 1566 1570
1479 1571 1570
1486 1571 1479
1486 1552 1566
1486 1566 1571
1572 1573 1458
1572 1574 1573
1458 1573 1575
1573 1574 1576
1577 1573 1576
1575 1455 1458
1455 1575 1578
1578 1579 1577
1579 1573 1577
1577 1580 1578
1456 1455 1578
1578 1581 1456
1581 1578 1582
1583 1581 1582
1583 1584 1581
1581 1584 1456
1456 1584 1585
1586 1583 1582
1586 1587 1583
1587 1588 1583
1588 1584 1583
1589 1584 1588
1589 1585 1584
1589 1590 1585
1585 1590 1591
1590 1592 1591
1453 1585 1591
1456 1585 1453
1453 1591 1454
1593 1454 1591
1593 1450 1454
1593 1447 1450
1447 1593 1594
1447 1594 1440
1437 1440 1594
1437 1594 1595
1437 1595 1442
1593 1591 1596
1596 1594 1593
1591 1592 1596
1592 1597 1596
1596 1597 1594
1592 1598 1597
1594 1597 1598
1594 1598 1595
1442 1595 1598
1592 1599 1598
1599 1600 1598
1442 1598 1600
1600 1599 1601
1443 1442 1600
1443 1600 1445
1601 1445 1600
1601 1446 1445
1601 1602 1446
1446 1602 1423
1420 1423 1602
1420 1602 1422
1603 1413 1604
1603 1604 1605
1416 1413 1603
1606 1604 1413
1606 1413 1409
1409 1408 1606
1606 1408 1607
1408 1418 1607
1607 1418 1608
1418 1609 1608
1418 1610 1609
1421 1610 1418
1609 1611 1608
1611 1609 1587
1609 1612 1587
1612 1609 1610
1587 1612 1613
1587 1613 1588
1611 1587 1586
1614 1615 1577
1615 1616 1578
1617 1618 1619
1617 1619 1620
1618 1621 1619
1619 1622 1620
1623 1622 1619
1624 1623 1621
1625 1623 1619
1623 1624 1626
1627 1623 1626
1626 1624 1628
1534 1629 1630
1629 1631 1630
1629 1632 1631
1629 1633 1632
1633 1634 1632
1632 1634 1635
1636 1635 1634
1636 1634 1633
1637 1636 1633
1638 1636 1637
1639 1638 1637
1546 1636 1638
1638 1548 1546
1546 1547 1636
1636 1547 1635
1541 1635 1547
1541 1539 1635
1539 1538 1635
1632 1635 1538
1631 1632 1538
1631 1538 1537
1630 1631 1537
1630 1537 1536
1536 1533 1630
1639 1640 1638
1638 1640 1548
1639 1641 1640
1642 1548 1640
1643 1642 1640
1641 1643 1640
1643 1644 1642
1642 1644 1550
1548 1642 1550
1645 1644 1643
1645 1643 1646
1646 1643 1641
1646 1641 1647
1646 1647 1648
1649 1646 1648
1650 1646 1649
1630 1533 1534
1649 1651 1650
1519 1651 1649
1519 1649 1652
1648 1652 1649
1522 1519 1652
1653 1651 1519
1514 1653 1519
1526 1653 1514
1654 1645 1646
1520 1521 1535
1520 1535 1523
1530 1523 1535
1655 1656 1657
1658 1656 1655
1658 1655 1659
1659 1660 1658
1661 1658 1660
1661 1660 1662
1662 1660 1663
1655 1664 1659
1661 1665 1658
1657 1666 1655
1655 1666 1664
1667 1666 1657
1667 1668 1666
1666 1669 1664
1666 1670 1669
1670 1671 1669
1669 1671 1672
1673 1671 1668
1671 1674 1672
1671 1675 1674
1676 1675 1671
1675 1677 1674
1672 1674 1678
1672 1678 1679
1680 1679 1678
1680 1681 1679
1678 1682 1680
1678 1683 1682
1674 1677 1683
1674 1683 1678
1684 1682 1683
1679 1681 1685
1680 1682 1686
1681 1680 1686
1687 1681 1686
1685 1681 1687
1679 1688 1672
1688 1679 1685
1669 1672 1688
1664 1669 1688
1664 1688 1689
1659 1664 1689
1690 1659 1689
1690 1689 1691
1690 1691 1692
1663 1690 1692
1663 1692 1693
1692 1694 1693
1692 1691 1694
1695 1694 1691
1695 1691 1696
1696 1691 1689
1689 1688 1696
1694 1697 1693
1694 1695 1697
1660 1659 1690
1690 1663 1660
1698 1699 1700
1701 1700 1699
1701 1702 1700
1703 1700 1702
1703 1704 1700
1705 1700 1704
1705 1698 1700
1705 1704 1706
1707 1705 1706
1707 1706 1708
1709 1698 1705
1707 1709 1705
1709 1710 1698
1711 1710 1709
1707 1711 1709
1711 1712 1710
1698 1710 1713
1701 1699 1714
1701 1714 1715
1715 1714 1716
1715 1716 1717
1718 1717 1716
1718 1719 1717
1720 1718 1716
1720 1721 1718
1722 1721 1720
1722 1720 1723
1719 1718 1724
1718 1721 1724
1721 1722 1725
1716 1714 1726
1716 1726 1720
1723 1720 1726
1726 1714 1699
1726 1699 1698
1698 1727 1726
1723 1726 1727
1728 1729 1730
1728 1730 1731
1730 1732 1731
1728 1731 1733
1732 1733 1731
1728 1733 1734
1735 1729 1728
1735 1736 1729
1737 1728 1734
1738 1736 1737
1738 1739 1736
1740 1739 1738
1740 1741 1739
1739 1742 1736
1704 1736 1742
1743 1704 1742
1743 1742 1739
1743 1706 1704
1706 1743 1744
1704 1703 1736
1745 1741 1740
1745 1746 1741
1747 1741 1746
1747 1748 1741
1741 1748 1749
1739 1741 1749
1743 1739 1749
1749 1748 1750
1743 1749 1751
1744 1743 1751
1749 1750 1751
1750 1748 1752
1748 1747 1752
1753 1746 1745
1753 1754 1746
1754 1747 1746
1755 1754 1753
1755 1756 1754
1757 1756 1755
1757 1755 1758
1758 1755 1753
1757 1759 1756
1760 1756 1759
1760 1761 1756
1762 1761 1760
1762 1763 1761
1762 1760 1764
1764 1760 1759
1762 1764 1765
1764 1766 1765
1764 1767 1766
1768 1766 1767
1768 1769 1766
1768 1770 1769
1768 1771 1770
1767 1772 1768
1772 1771 1768
1767 1773 1772
1773 1767 1764
1774 1772 1773
1775 1772 1774
1775 1776 1772
1772 1776 1771
1774 1773 1777
1774 1777 1778
1774 1778 1779
1779 1775 1774
1780 1779 1778
1780 1778 1781
1781 1782 1780
1781 1783 1782
1784 1783 1781
1784 1781 1785
1778 1785 1781
1784 1786 1783
1779 1787 1775
1779 1780 1788
1779 1788 1787
1788 1780 1782
1777 1773 1789
1777 1789 1790
1791 1778 1777
1791 1777 1790
1791 1785 1778
1792 1785 1791
1790 1789 1759
1764 1759 1789
1773 1764 1789
1790 1759 1757
1791 1790 1757
1791 1757 1793
1794 1791 1793
1792 1795 1785
1785 1795 1784
1796 1795 1792
1797 1795 1796
1797 1796 1798
1799 1787 1788
1799 1775 1787
1799 1800 1775
1800 1776 1775
1800 1801 1776
1799 1788 1802
1802 1803 1799
1800 1799 1803
1802 1804 1803
1804 1802 1805
1805 1802 1788
1804 1805 1806
1788 1782 1805
1807 1805 1782
1807 1808 1805
1807 1782 1809
1810 1809 1782
1810 1782 1783
1811 1801 1800
1800 1803 1811
1811 1812 1801
1813 1812 1811
1803 1813 1811
1813 1814 1812
1815 1801 1812
1814 1815 1812
1815 1816 1801
1816 1815 1817
1816 1817 1818
1770 1816 1818
1770 1818 1819
1819 1818 1817
1770 1819 1820
1769 1770 1820
1770 1771 1816
1771 1801 1816
1819 1817 1821
1771 1776 1801
1822 1814 1813
1822 1823 1814
1813 1824 1822
1825 1822 1824
1825 1826 1822
1826 1823 1822
1825 1824 1827
1825 1827 1828
1829 1827 1824
1813 1829 1824
1803 1829 1813
1803 1830 1829
1829 1830 1827
1826 1831 1823
1831 1832 1823
1833 1823 1832
1832 1834 1833
1817 1833 1834
1821 1817 1834
1821 1834 1835
1817 1815 1833
1814 1833 1815
1836 1835 1834
1832 1836 1834
1836 1837 1835
1833 1814 1823
1837 1836 1838
1832 1838 1836
1837 1838 1839
1832 1840 1838
1832 1841 1840
1831 1842 1832
1843 1839 1838
1843 1838 1844
1844 1838 1840
1844 1840 1845
1843 1844 1846
1845 1846 1844
1843 1846 1847
1845 1848 1846
1847 1846 1849
1848 1849 1846
1847 1849 1850
1848 1851 1849
1850 1849 1852
1849 1853 1852
1842 1831 1854
1855 1854 1831
1856 1854 1855
1856 1857 1854
1854 1857 1858
1854 1858 1859
1856 1855 1860
1856 1860 1861
1858 1857 1862
1858 1862 1863
1862 1864 1863
1862 1865 1864
1865 1862 1866
1866 1862 1857
1866 1857 1856
1865 1866 1867
1866 1868 1867
1866 1869 1868
1869 1866 1856
1869 1856 1861
1864 1865 1870
1865 1867 1871
1867 1868 1871
1860 1855 1826
1855 1831 1826
1872 1826 1825
1872 1825 1828
1872 1828 1873
1874 1872 1873
1874 1875 1872
1874 1876 1875
1875 1876 1877
1878 1875 1877
1875 1878 1872
1826 1872 1878
1874 1879 1876
1876 1879 1880
1881 1876 1880
1877 1876 1881
1882 1883 1884
1882 1884 1885
1885 1886 1882
1885 1887 1886
1888 1886 1887
1883 1889 1884
1883 1890 1889
1891 1889 1890
1891 1890 1892
1892 1893 1891
1892 1894 1893
1893 1894 1895
1896 1897 1898
1898 1897 1899
1900 1898 1899
1900 1899 1901
1902 1903 1899
1903 1902 1904
1905 1903 1901
1903 1904 1906
1901 1903 1906
1906 1907 1901
1906 1904 1908
1909 1906 1908
1907 1906 1909
1909 1910 1907
1910 1909 1911
1912 1911 1909
1908 1912 1909
1902 1899 1913
1913 1899 1914
1913 1914 1915
1915 1914 1916
1912 1917 1911
1917 1918 1911
1919 1911 1918
1910 1911 1919
1920 1910 1919
1910 1920 1921
1919 1922 1920
1919 1923 1922
1919 1918 1924
1925 1924 1918
1925 1918 1926
1918 1917 1926
1920 1927 1921
1928 1921 1927
1927 1929 1928
1928 1929 1930
1929 1931 1930
1932 1930 1931
1932 1931 1933
1932 1933 1934
1935 1936 1934
1936 1935 1937
1936 1937 1938
1939 1938 1937
1939 1937 1940
1941 1939 1940
1941 1942 1939
1910 1942 1941
1943 1944 1945
1943 1945 1946
1946 1947 1943
1946 1948 1947
1944 1943 1949
1944 1949 1950
1943 1947 1951
1943 1951 1949
1946 1945 1952
1948 1946 1952
1951 1953 1949
1953 1950 1949
1951 1954 1953
1954 1955 1953
1954 1956 1955
1955 1956 1957
1955 1957 1958
1810 1958 1957
1810 1959 1958
1955 1958 1959
1810 1786 1959
1783 1786 1810
1786 1960 1959
1786 1784 1960
1955 1959 1961
1962 1953 1955
1962 1955 1961
1953 1962 1950
1950 1962 1963
1950 1963 1964
1964 1963 1965
1966 1963 1962
1966 1965 1963
1967 1966 1962
1967 1962 1961
1968 1967 1961
1960 1968 1959
1959 1968 1961
1967 1968 1969
1960 1969 1968
1967 1969 1970
1970 1966 1967
1970 1971 1966
1971 1965 1966
1971 1972 1965
1973 1965 1972
1973 1964 1965
1973 1972 1974
1964 1973 1975
1964 1975 1976
1976 1977 1964
1977 1950 1964
1976 1978 1977
1973 1974 1979
1973 1979 1975
1978 1976 1980
1976 1975 1980
1975 1979 1980
1981 1982 1969
1797 1981 1969
1960 1797 1969
1798 1981 1797
1798 1983 1981
1981 1983 1984
1981 1984 1985
1981 1985 1982
1986 1985 1984
1987 1985 1986
1987 1982 1985
1988 1982 1987
1988 1987 1989
1989 1987 1990
1986 1990 1987
1989 1990 1991
1991 1990 1992
1991 1992 1993
1994 1992 1990
1986 1994 1990
1994 1995 1992
1994 1986 1996
1986 1984 1996
1994 1996 1997
1998 1995 1994
1998 1994 1997
1993 1992 1999
1992 1995 1999
1995 1998 1999
1984 1983 2000
2001 2002 2003
2004 2002 2001
2004 1803 2002
2005 2004 2001
1803 1804 2002
1804 2006 2002
2002 2006 2003
2005 2001 2007
2001 2003 2007
2003 2008 2007
2005 2007 2009
2007 2010 2009
2010 2007 2008
2011 2010 2008
2010 2011 2012
2013 2010 2012
2010 2013 2009
1804 1806 2006
2014 2015 2016
2017 2015 2014
2017 2018 2015
2019 2018 2017
2019 2017 2020
2019 2020 2021
2022 2023 2024
2024 2023 2025
2025 2026 2024
2027 2025 2023
2027 2028 2025
2029 2027 2023
2029 2023 2022
2027 2030 2028
2027 2031 2030
2027 2029 2031
2032 2030 2031
2032 2031 2033
2031 2034 2033
2031 2029 2034
2033 2034 2035
2036 2033 2035
2036 2032 2033
2036 2035 2037
2028 2030 2038
2038 2039 2028
2028 2039 2040
2028 2040 2025
2025 2040 2026
2041 2042 2043
2044 2045 2042
2044 2046 2045
2046 2047 2045
2044 2042 2048
2045 2047 2049
2049 2047 2050
2051 2049 2050
2051 2050 2052
2052 2053 2051
2052 2054 2053
2054 2055 2053
2056 2057 2058
2056 2058 2059
2057 2060 2058
2057 2061 2060
2062 2057 2056
2062 2063 2057
2063 2061 2057
2063 2064 2061
1710 2064 2063
1710 1712 2064
1713 1710 2063
1713 2063 2062
2058 2065 2059
2060 2065 2058
2066 2067 2068
2066 2068 2069
2067 2070 2068
2071 2066 2069
2071 2069 2072
2072 2073 2071
2072 2074 2073
2075 2076 2077
2075 2077 2078
2075 2079 2076
2075 2080 2079
2077 2081 2078
2077 2082 2081
2082 2083 2081
2082 2084 2083
2085 2083 2084
2085 2086 2083
2087 2086 2085
2088 2080 2089
2088 2089 2090
2090 2089 2091
2090 2091 2092
2091 2093 2092
2094 2095 1761
2094 1761 1763
2095 1756 1761
2095 1754 1756
1754 2095 1747
2094 1747 2095
2094 1752 1747
1808 1807 2096
1808 2096 2097
2098 2096 1807
2098 1807 1809
2096 2099 2097
2096 2100 2099
2100 2096 2098
2100 2098 2101
2100 2101 2102
2100 2102 2103
2102 2104 2103
2103 2104 2105
2106 2105 2104
2106 2107 2105
2108 2106 2104
2102 2108 2104
2108 2109 2106
2108 2110 2109
2108 2111 2110
2103 2105 2112
2113 2111 2108
2113 2108 2102
2107 2106 2114
2106 2109 2114
2109 2110 2114
2115 2100 2103
2115 2103 2112
2116 2113 2102
2116 2102 2101
2116 2101 2117
2117 2098 1810
1810 2098 1809
2101 2098 2117
2118 1982 2119
1795 1797 1960
1795 1960 1784
2120 2121 1740
2120 1740 1738
1737 2120 1738
1737 2122 2120
1737 1734 2122
1740 2123 2124
1740 2124 1745
2125 1745 2124
2125 1753 1745
1758 1753 2125
1842 1854 2126
2127 2128 2129
2130 2131 2132
2132 2131 2133
2132 2133 2134
2135 2134 2133
2136 2134 2135
2137 2134 2136
2137 2136 2138
2138 2136 2139
2140 2138 2139
2136 2141 2139
2136 2135 2141
2138 2142 2137
2138 2143 2142
2144 2142 2140
2144 2145 2142
2146 2143 2147
2148 2149 2150
2148 2150 2151
2149 2152 2150
2149 2153 2152
2154 2150 2152
2155 2154 2152
2155 2152 2156
2152 2153 2156
2156 2157 2155
2157 2156 2158
2153 2158 2156
2157 2158 2159
2157 2159 2160
2161 2150 2154
2153 2162 2158
2158 2162 2159
2162 2153 2163
2153 2149 2163
2163 2164 2162
2165 2162 2164
2159 2165 2160
2165 2159 2162
2163 2166 2164
2163 2149 2166
2149 2167 2166
2166 2167 2168
2169 2168 2167
2170 2169 2171
2172 2169 2170
2173 2174 2175
2175 2174 2176
2176 2174 2177
2176 2177 2178
2179 2176 2178
2178 2180 2179
2181 2180 2178
2181 2178 2177
2181 2177 2182
2177 2174 2182
2182 2174 2173
2179 2183 2176
2183 2179 2184
2183 2185 2186
2187 2188 2189
2190 2191 1683
1708 1706 1744
2192 2193 2194
2192 2194 2195
2196 2192 2195
2196 2197 2192
2196 2198 2197
2196 2199 2198
2200 2198 2199
2194 2201 2195
2201 2196 2195
2194 2202 2201
2201 2203 2196
2196 2203 2204
2196 2204 2199
2204 2205 2199
2204 2206 2205
2206 2207 2205
2208 2205 2207
2208 2200 2199
2199 2205 2208
2208 2207 2209
2210 2209 2207
2206 2211 2207
2210 2207 2211
2208 2212 2200
2213 2212 2208
2213 2208 2214
2215 2213 2214
2216 2202 2194
2216 2194 2193
2216 2193 2217
2218 2219 2220
2218 2220 2221
2222 2218 2221
2223 2224 2219
2224 2225 2219
2226 2227 2228
2226 2228 2229
2227 2230 2228
2229 2228 2231
2229 2231 2232
2228 2230 2233
2234 2229 2235
2236 2237 2238
2236 2238 2239
2237 2240 2238
2237 2241 2240
2242 2239 2238
2242 2238 2243
2240 2243 2238
2242 2243 2244
2242 2244 2245
2244 2246 2245
2244 2247 2246
2248 2246 2247
2248 2247 2249
2250 2248 2249
2237 2251 2241
2237 2252 2251
2253 2252 2237
2253 2237 2236
2240 2254 2243
2255 2243 2254
2244 2243 2255
2244 2255 2256
2256 2255 2257
2255 2254 2257
2256 2257 2258
2259 2256 2258
2259 2260 2256
2261 2260 2259
2261 2262 2260
2262 2256 2260
2262 2263 2256
2244 2256 2263
2264 2265 2266
2264 2266 2267
2268 2265 2264
2266 2269 2267
2270 2269 2266
2270 2271 2269
2272 2271 2270
2273 2271 2272
2273 2274 2271
2275 2274 2273
2273 2276 2275
2275 2276 2277
2278 2277 2276
2278 2276 2279
2273 2279 2276
2278 2279 2280
2281 2277 2278
2277 2282 2275
2283 2277 2281
2283 2281 2284
2283 2284 2285
2283 2286 2277
2286 2287 2277
2277 2287 2282
2288 2286 2283
2285 2288 2283
2288 2289 2286
2281 2278 2290
2281 2290 2284
2291 2284 2290
2291 2290 2292
2292 2293 2291
2292 2294 2293
2293 2295 2291
2295 2284 2291
2293 2296 2295
2296 2293 2297
2296 2297 2298
2293 2294 2299
2293 2299 2297
2300 2297 2299
2298 2297 2300
2289 2288 2301
2289 2301 2302
2303 2302 2301
2303 2301 2304
2305 2303 2304
2305 2304 2306
2305 2306 2307
2305 2308 2303
2309 2306 2304
2309 2304 2301
2305 2307 2310
2308 2305 2310
2288 2309 2301
2285 2311 2288
2312 2311 2285
2312 2285 2313
2314 2312 2313
2314 2313 2315
2316 2314 2315
2316 2315 2317
2315 2313 2295
2315 2295 2318
2318 2317 2315
2316 2317 2319
2317 2320 2319
2318 2320 2317
2285 2284 2313
2313 2284 2295
2321 2322 2323
2321 2323 2324
2325 2322 2321
2325 2321 2326
2269 2324 2323
2322 2267 2323
2267 2269 2323
2322 2327 2267
2328 2327 2322
2328 2322 2325
2329 2328 2325
2329 2325 2326
2330 2331 2332
2330 2332 2333
2333 2334 2335
2334 2336 2337
2338 2334 2337
2339 2332 2338
2335 2338 2340
2340 2338 2287
2340 2341 2286
2342 2343 2344
2342 2344 2279
2344 2280 2279
2344 2345 2280
2346 2345 2344
2346 2344 2343
2346 2347 2345
2346 2343 2348
2347 2346 2349
2346 2348 2349
2273 2342 2279
2350 2351 2352
2352 2353 2354
2352 2354 2355
2356 2355 2354
2356 2354 2357
2358 2357 2354
2358 2354 2359
2359 2354 2353
2356 2357 2360
2357 2358 2360
2359 2353 2361
2362 2361 2353
2362 2363 2361
2364 2363 2365
2366 51 47
2367 2368 2369
2370 2369 2368
2371 2370 2368
2372 2370 2371
2373 2372 2371
2371 2368 2374
2375 2371 2374
2376 2371 2375
2367 2369 2377
2367 2377 2378
2379 2378 2377
2380 2379 2377
2381 2379 2380
2382 2381 2380
2383 2377 2369
2380 2377 2383
2382 2380 2384
2384 2380 2383
2374 2385 2386
2367 2386 2385
2367 2378 2387
2367 2387 2388
2389 2388 2387
2390 2389 2387
2391 2389 2390
2392 2391 2390
2393 2387 2378
2390 2387 2393
2392 2390 2394
2394 2390 2393
2367 2388 2395
2367 2395 2396
2397 2396 2395
2398 2397 2395
2399 2397 2398
2400 2399 2398
2401 2395 2388
2398 2395 2401
2400 2398 2402
2402 2398 2401
2367 2396 2403
2367 2403 2386
2404 2386 2403
2405 2403 2396
2406 2403 2405
2406 2407 2403
2408 2407 2406
2409 2408 2406
2409 2406 2410
2410 2406 2405
2411 2412 2413
2411 2414 2415
2415 2414 2416
2416 2413 2417
2418 2417 2414
2419 2418 2413
2420 2419 2413
2420 2414 2421
2422 2423 2417
2424 2425 2423
2424 2426 2427
2427 2426 2422
2428 2417 2426
2429 2428 2423
2430 2429 2423
2430 2426 2431
2432 2433 2434
2432 2435 2436
2436 2435 2437
2437 2434 2438
2439 2438 2435
2440 2439 2434
2441 2440 2434
2441 2435 2442
2443 2444 2438
2445 2446 2444
2445 2447 2448
2448 2447 2443
2449 2438 2447
2450 2449 2444
2451 2450 2444
2451 2447 2452
2453 2454 2438
2455 2456 2454
2455 2457 2458
2458 2457 2453
2459 2438 2457
2460 2459 2454
2461 2460 2454
2461 2457 2462
2463 2464 2465
2463 2466 2464
2467 2465 2464
2465 2467 2468
2464 2469 2467
2469 2464 2466
2468 2470 2465
2471 2470 2466
2471 2465 2470
2470 2468 2472
2472 2466 2470
2473 2467 2469
2473 2469 2466
2473 2468 2467
2474 2466 2472
2474 2472 2468
2475 2476 2477
2475 2477 2478
2477 2476 2479
2477 2479 2480
2479 2481 2480
2479 2482 2481
2481 2482 2483
2483 2482 2484
2481 2483 2485
2483 2486 2485
2485 2486 2487
2488 2475 2478
2488 2489 2475
2489 2488 2490
2489 2490 2491
2491 2490 2492
2491 2492 2493
2492 2494 2493
2492 2495 2494
2494 2495 2496
2492 2497 2495
2492 2498 2497
2499 2500 2501
2499 2501 2502
2503 2504 2505
2503 2505 2506
2507 2508 2509
2507 2509 2510
2511 2512 2513
2511 2513 2514
2515 2516 2517
2515 2517 2518
2519 2520 2521
2519 2521 2522
2523 2524 2525
2523 2525 2526
2527 2528 2529
2527 2529 2530
2531 2532 2533
2532 2531 2534
2532 2534 2535
2536 2531 2537
2536 2537 2538
2537 2532 2539
2540 2541 2542
2540 2542 2543
2544 2545 2546
2544 2546 2547
2548 2549 2550
2548 2550 2551
2552 2551 2550
2552 2550 2553
2552 2553 2554
2552 2554 2555
2555 2556 2552
2555 2557 2556
2555 2554 2558
2555 2558 2559
2555 2559 2560
2560 2559 2561
2560 2561 2562
2557 2563 2556
2557 2564 2563
2565 2563 2564
2565 2566 2563
2567 2566 2565
2568 2569 2570
2568 2570 2571
2568 2571 2572
2573 2572 2571
2573 2571 2574
2575 2573 2574
2575 2574 2576
2577 2578 2579
2579 2578 2580
2580 2578 2581
2582 2579 2580
2582 2580 2583
2583 2584 2582
2583 2585 2584
2586 2584 2585
2586 2587 2584
2588 2587 2586
2588 2589 2587
2590 2578 2577
2591 2592 2593
2591 2593 2594
2591 2594 2595
2591 2595 2596
2591 2596 2597
2591 2597 2598
2598 2597 2599
2598 2599 2600
2601 2600 2599
2601 2599 2602
2601 2602 2603
2595 2604 2596
2596 2604 2605
2593 2592 2606
2606 2592 2607
2605 2604 2608
2605 2608 2609
2610 2611 2612
2610 2612 2613
2614 2615 2616
2614 2616 2617
2618 2619 2620
2618 2620 2621
2622 2623 2624
2622 2624 2625
2626 2627 2628
2626 2628 2629
2629 2628 2630
2629 2630 2631
2632 2633 2634
2632 2634 2635
2636 2637 2638
2639 2638 2637
2639 2640 2638
2641 2638 2642
2641 2642 2643
2644 2643 2642
2644 2645 2643
2646 2647 2648
2646 2648 2649
2650 2651 2652
2653 2654 2655
2656 2657 2658
2656 2658 2659
2656 2660 2657
2656 2661 2660
2660 2661 2662
2663 2659 2658
2664 2659 2663
2664 2663 2665
2665 2666 2664
2664 2666 2667
2667 2666 2668
2667 2668 2669
2670 2669 2668
2670 2671 2669
2671 2670 2672
2672 2670 2673
2672 2673 2674
2674 2673 2675
2671 2672 2676
2677 2678 2679
2677 2679 2680
2681 2680 2679
2681 2682 2680
2683 2684 2685
2683 2685 2686
2687 2685 2684
2687 2688 2685
2689 2688 2687
2689 2687 2690
2690 2691 2689
2692 2693 2694
2692 2694 2695
2692 2696 2693
2692 2697 2696
2698 2699 2700
2698 2701 2699
2698 2700 2702
2703 2704 2705
2705 2704 2706
2705 2706 2707
2708 2705 2707
2708 2709 2705
2708 2710 2709
2708 2711 2710
2712 2707 2706
2712 2713 2707
2708 2707 2713
2712 2714 2713
2715 2711 2708
2715 2708 2716
2708 2713 2716
2713 2714 2717
2716 2713 2717
2718 2709 2710
2703 2705 2719
2718 2719 2709
2709 2719 2705
2718 2710 2720
2716 2717 2721
2716 2721 2722
2719 2723 2703
2723 2724 2703
2725 2726 2727
2728 2726 2725
2728 2729 2726
2726 2729 2730
2731 2732 2730
2733 2732 2731
2727 2732 2733
2734 2735 2736
2737 2735 2734
2738 2735 2737
2739 2735 2738
2736 2735 2739
2740 2741 2742
2740 2743 2741
2740 2744 2743
2744 2745 2743
2744 2746 2745
2747 2745 2746
2745 2747 2748
2741 2749 2742
2750 2742 2749
2750 2749 2751
2752 2748 2747
2752 2753 2748
2754 2753 2752
2748 2753 2755
2756 2757 2758
2756 2758 2759
2760 2757 2756
2760 2761 2757
2762 2761 2760
2762 2760 2763
2759 2758 2764
2759 2764 2765
2766 2765 2764
2766 2767 2765
2768 2767 2766
2768 2766 2769
2770 2771 2772
2772 2771 2773
2772 2773 2774
2775 2772 2774
2770 2772 2775
2775 2774 2776
2773 2771 2777
2771 2778 2777
2771 2779 2778
2770 2779 2771
2770 2780 2779
2779 2781 2778
2779 2780 2781
2781 2780 2782
2770 2783 2784
2783 2785 2784
2783 2786 2785
2787 2786 2783
2787 2788 2786
2785 2789 2784
2784 2789 2790
2784 2790 2791
2791 2790 2792
2791 2792 2793
2770 2791 2793
2770 2787 2783
2770 2784 2791
2792 2794 2793
2795 2796 2797
2798 2799 2800
2800 2799 2801
2802 2803 2804
2805 2804 2803
2805 2806 2804
2807 2805 2803
2807 2803 2808
2809 2807 2808
2809 2810 2807
2805 2811 2806
2805 2812 2811
2812 2805 2807
2807 2810 2813
2807 2813 2814
2812 2807 2814
2815 2809 2808
2802 2816 2803
2815 2808 2816
2808 2803 2816
2816 2802 2817
2817 2802 2818
2815 2819 2809
2820 2821 2822
2821 2823 2822
2823 2821 2824
2823 2824 2825
2824 2826 2825
2827 2828 2829
2830 2827 2829
2830 2829 2831
2829 2832 2831
2833 2832 2834
2835 2833 2834
2828 2835 2834
2836 2837 2838
2839 2836 2838
2840 2839 2838
2841 2840 2838
2837 2841 2838
2842 2843 2844
2845 2842 2844
2845 2844 2846
2847 2845 2846
2847 2846 2848
2849 2847 2848
2848 2850 2849
2844 2843 2851
2852 2851 2843
2852 2853 2851
2854 2849 2850
2854 2850 2855
2856 2854 2855
2850 2857 2855
2858 2859 2860
2858 2860 2861
2860 2862 2861
2860 2863 2862
2862 2863 2864
2862 2864 2865
2858 2866 2859
2858 2867 2866
2868 2866 2867
2868 2869 2866
2870 2869 2868
2870 2871 2869
2872 2873 2874
2875 2876 2877
2876 2878 2877
2879 2880 2881
2882 2879 2881
2883 2882 2881
2884 2883 2881
2885 2884 2881
2881 2886 2885
2880 2887 2881
2888 2886 2881
2889 2888 2881
2890 2889 2881
2891 2890 2881
2892 2891 2881
2893 2892 2881
2894 2893 2881
2895 2881 2887
2895 2896 2881
2894 2881 2896
2897 2898 2899
2897 2900 2898
2897 2901 2900
2897 2902 2901
2897 2903 2902
2897 2904 2903
2897 2905 2904
2897 2906 2905
2897 2907 2906
2897 2908 2907
2897 2909 2908
2897 2910 2909
2897 2911 2910
2897 2912 2911
2897 2913 2912
2897 2914 2913
2897 2915 2914
2897 2916 2915
2897 2917 2916
2897 2899 2917
2918 2919 2920
2918 2920 2921
2918 2921 2922
2918 2922 2923
2924 2923 2922
2924 2925 2923
2926 2925 2924
2926 2924 2927
2928 2926 2927
2928 2929 2926
2930 2929 2928
2930 2928 2931
2932 2920 2919
2932 2933 2920
2932 2934 2933
2932 2935 2934
2936 2934 2935
2936 2937 2934
2938 2937 2936
2938 2936 2939
2940 2941 2930
2940 2930 2942
2941 2940 2943
2941 2943 2944
2944 2943 2945
2944 2945 2946
2947 2946 2945
2947 2948 2946
2948 2947 2949
2948 2949 2950
2951 2950 2949
2951 2949 2952
2953 2951 2952
2953 2954 2951
2953 2955 2954
2953 2956 2955
2957 2955 2956
2957 2956 2958
2939 2957 2958
2939 2958 2959
2960 2961 2962
2963 2960 2962
2964 2963 2962
2965 2964 2962
2966 2965 2962
2967 2966 2962
2968 2967 2962
2969 2968 2962
2970 2969 2962
2971 2970 2962
2972 2971 2962
2973 2972 2962
2974 2973 2962
2975 2974 2962
2976 2975 2962
2977 2976 2962
2978 2977 2962
2979 2978 2962
2980 2979 2962
2961 2980 2962
2981 2982 2983
2984 2982 2981
2985 2982 2984
2986 2982 2985
2987 2982 2986
2982 2987 2988
2983 2982 2989
2990 2982 2988
2991 2982 2990
2992 2982 2991
2993 2982 2992
2994 2982 2993
2995 2982 2994
2996 2982 2995
2997 2989 2982
2997 2982 2998
2996 2998 2982
2999 3000 3001
3002 3000 2999
3003 3000 3002
3004 3000 3003
3005 3000 3004
3006 3000 3005
3007 3000 3006
3008 3000 3007
3009 3000 3008
3010 3000 3009
3011 3000 3010
3012 3000 3011
3013 3000 3012
3014 3000 3013
3015 3000 3014
3016 3000 3015
3017 3000 3016
3018 3000 3017
3019 3000 3018
3001 3000 3019
3020 3021 3022
3020 3022 3023
3020 3023 3024
3020 3024 3025
3020 3025 3026
3020 3026 3027
3020 3027 3028
3020 3028 3029
3020 3029 3030
3020 3030 3031
3020 3031 3032
3020 3032 3033
3020 3033 3034
3020 3034 3035
3020 3035 3036
3020 3036 3037
3020 3037 3038
3020 3038 3039
3020 3039 3040
3020 3040 3021
3041 3042 3043
3041 3043 3044
3041 3045 3042
3041 3046 3045
3047 3045 3046
3047 3046 3048
3049 3047 3048
3049 3050 3047
3051 3050 3049
3051 3049 3052
3053 3051 3052
3053 3054 3051
3055 3044 3043
3055 3043 3056
3055 3056 3057
3055 3057 3058
3059 3058 3057
3059 3057 3060
3061 3059 3060
3061 3062 3059
3063 3064 3053
3063 3053 3065
3065 3066 3063
3065 3067 3066
3067 3068 3066
3067 3069 3068
3070 3068 3069
3070 3069 3071
3071 3072 3070
3071 3073 3072
3074 3072 3073
3074 3075 3072
3076 3075 3074
3076 3074 3077
3076 3077 3078
3076 3078 3079
3080 3079 3078
3080 3081 3079
3062 3081 3080
3062 3082 3081
