byte offset: 0
first index: 48216
index count: 2766
topology: trianglelist
format: DXGI_FORMAT_R16_UINT

14196 14197 14198
14196 14198 14199
14200 14198 14197
14200 14197 14201
14201 14202 14200
14201 14203 14202
14202 14203 14204
14205 14206 14199
14205 14207 14206
14208 14209 14210
14211 14212 14213
14214 14215 14216
14214 14216 14217
14215 14218 14216
14215 14219 14218
14220 14218 14219
14220 14221 14218
14220 14222 14221
14223 14214 14224
14223 14224 14225
14226 14227 14228
14229 14230 14231
14232 14233 14234
14232 14234 14235
14233 14232 14236
14234 14237 14235
14234 14238 14237
14238 14239 14237
14240 14241 14242
14240 14242 14243
14241 14244 14242
14241 14245 14244
14246 14247 14248
14246 14248 14249
14248 14250 14249
14248 14251 14250
14252 14253 14254
14252 14254 14255
14256 14254 14253
14256 14253 14257
14258 14259 14260
14258 14260 14261
14262 14258 14261
14262 14261 14263
14264 14265 14266
14264 14267 14265
14268 14269 14270
14270 14269 14271
14270 14271 14272
14268 14273 14269
14274 14271 14269
14274 14269 14273
14275 14276 14277
14275 14277 14278
14279 14280 14281
14279 14281 14282
14279 14282 14283
14279 14283 14284
14285 14286 14287
14285 14287 14288
14289 14290 14291
14289 14291 14292
14293 14294 14295
14293 14295 14296
14297 14298 14299
14297 14299 14300
14301 14297 14300
14301 14302 14297
14303 14304 14305
14303 14305 14306
14307 14308 14309
14307 14309 14310
14311 14312 14313
14314 14311 14313
14314 14313 14315
14316 14314 14315
14316 14315 14317
14318 14314 14316
14316 14319 14318
14319 14316 14317
14318 14320 14314
14321 14314 14320
14314 14321 14311
14319 14317 14322
14319 14322 14323
14319 14323 14324
14315 14313 14325
14315 14325 14326
14327 14326 14325
14327 14325 14328
14329 14327 14328
14329 14330 14327
14330 14329 14331
14330 14331 14332
14333 14332 14331
14333 14334 14332
14333 14335 14334
14336 14324 14323
14336 14337 14324
14336 14323 14338
14336 14338 14339
14340 14339 14338
14340 14341 14339
14340 14342 14341
14340 14343 14342
14343 14344 14342
14343 14345 14344
14338 14346 14340
14343 14340 14347
14345 14343 14347
14347 14340 14346
14345 14347 14348
14349 14347 14346
14347 14349 14350
14347 14350 14348
14345 14348 14351
14346 14338 14352
14322 14352 14338
14322 14338 14323
14322 14353 14352
14322 14317 14353
14346 14352 14354
14354 14352 14353
14349 14346 14354
14342 14344 14355
14355 14344 14356
14315 14353 14317
14315 14326 14353
14354 14353 14326
14354 14326 14327
14330 14349 14354
14330 14354 14327
14330 14350 14349
14330 14332 14350
14332 14357 14350
14350 14357 14358
14357 14359 14358
14332 14334 14357
14357 14334 14360
14357 14360 14359
14355 14356 14361
14361 14356 14362
14361 14362 14363
14361 14363 14364
14355 14361 14365
14364 14365 14366
14367 14364 14363
14364 14368 14365
14369 14368 14364
14369 14364 14367
14370 14368 14369
14370 14371 14368
14358 14359 14372
14373 14358 14372
14358 14373 14374
14348 14358 14374
14350 14358 14348
14351 14348 14374
14375 14351 14374
14375 14376 14351
14351 14376 14377
14377 14376 14378
14377 14378 14379
14379 14380 14377
14377 14380 14345
14345 14351 14377
14345 14380 14344
14380 14379 14381
14344 14380 14381
14356 14344 14381
14382 14356 14381
14362 14356 14382
14383 14384 14385
14383 14385 14386
14387 14384 14383
14387 14383 14388
14389 14386 14385
14389 14385 14390
14391 14389 14390
14391 14390 14392
14388 14393 14387
14394 14387 14393
14394 14395 14387
14388 14396 14393
14388 14383 14397
14397 14383 14386
14388 14397 14398
14396 14388 14398
14397 14386 14399
14399 14386 14389
14399 14389 14400
14389 14391 14401
14389 14401 14400
14392 14402 14391
14403 14391 14402
14404 14391 14403
14404 14403 14405
14390 14406 14392
14406 14407 14392
14406 14365 14407
14408 14407 14365
14395 14394 14409
14395 14409 14410
14355 14365 14406
14355 14406 14411
14390 14411 14406
14385 14411 14390
14385 14412 14411
14384 14412 14385
14384 14413 14412
14413 14384 14387
14413 14387 14395
14413 14395 14410
14413 14410 14414
14415 14412 14413
14415 14413 14414
14415 14411 14412
14415 14416 14411
14355 14411 14416
14337 14410 14409
14337 14336 14410
14410 14336 14339
14410 14339 14414
14415 14414 14339
14415 14339 14341
14342 14416 14415
14342 14415 14341
14342 14355 14416
14417 14418 14419
14418 14420 14419
14420 14418 14333
14333 14418 14421
14335 14333 14421
14333 14422 14420
14420 14422 14419
14333 14423 14422
14424 14423 14333
14425 14424 14333
14426 14424 14425
14425 14333 14331
14425 14331 14427
14331 14428 14427
14331 14329 14428
14329 14429 14428
14430 14429 14329
14328 14430 14329
14328 14431 14430
14432 14431 14328
14432 14328 14433
14328 14434 14433
14328 14435 14434
14325 14435 14328
14436 14435 14325
14436 14325 14437
14438 14437 14325
14438 14325 14313
14313 14439 14438
14313 14440 14439
14440 14313 14312
14428 14429 14441
14442 14443 14444
14443 14360 14444
14445 14360 14443
14359 14360 14445
14444 14360 14446
14446 14335 14444
14334 14335 14446
14360 14334 14446
14372 14359 14445
14447 14448 14449
14448 14450 14449
14448 14451 14450
14452 14450 14451
14453 14451 14370
14370 14451 14371
14396 14454 14455
14454 14456 14457
14454 14457 14458
14459 14458 14457
14459 14457 14460
14461 14460 14457
14461 14462 14460
14463 14462 14461
14463 14464 14462
14464 14463 14465
14464 14465 14466
14467 14458 14459
14467 14454 14458
14467 14459 14468
14459 14469 14468
14469 14459 14470
14470 14459 14460
14457 14456 14471
14457 14471 14461
14461 14471 14472
14461 14472 14463
14465 14463 14472
14465 14472 14404
14466 14465 14473
14474 14473 14465
14401 14474 14465
14401 14475 14474
14476 14462 14464
14476 14477 14462
14462 14477 14478
14470 14460 14478
14462 14478 14460
14479 14469 14470
14479 14470 14480
14478 14480 14470
14478 14481 14480
14477 14481 14478
14477 14482 14481
14476 14482 14477
14476 14483 14482
14484 14483 14476
14484 14476 14485
14485 14476 14464
14485 14464 14466
14466 14486 14485
14466 14487 14486
14488 14486 14487
14485 14486 14489
14485 14489 14484
14480 14490 14479
14480 14491 14490
14491 14492 14490
14491 14493 14492
14492 14493 14494
14492 14494 14495
14496 14495 14494
14496 14497 14495
14496 14498 14497
14496 14499 14498
14500 14498 14499
14500 14499 14501
14500 14501 14502
14497 14503 14495
14504 14503 14497
14504 14497 14498
14505 14504 14498
14498 14500 14505
14506 14501 14499
14506 14499 14507
14508 14506 14507
14508 14507 14509
14510 14508 14509
14510 14509 14511
14512 14510 14511
14512 14511 14513
14513 14514 14512
14513 14515 14514
14514 14515 14516
14517 14501 14506
14518 14501 14517
14518 14517 14519
14517 14506 14520
14518 14502 14501
14508 14510 14521
14521 14510 14522
14510 14523 14522
14524 14523 14510
14524 14510 14512
14525 14524 14512
14525 14512 14514
14525 14514 14526
14527 14525 14526
14523 14528 14522
14529 14520 14506
14529 14506 14530
14506 14508 14530
14508 14531 14530
14508 14532 14531
14533 14532 14508
14533 14508 14534
14508 14521 14534
14526 14514 14535
14514 14536 14535
14514 14537 14536
14537 14514 14538
14514 14539 14538
14516 14539 14514
14536 14540 14535
14541 14540 14536
14538 14542 14537
14537 14542 14536
14542 14541 14536
14543 14542 14538
14541 14544 14540
14515 14545 14516
14545 14546 14516
14547 14545 14515
14546 14545 14547
14548 14547 14515
14549 14548 14515
14549 14550 14548
14548 14550 14551
14548 14551 14547
14549 14515 14513
14549 14513 14511
14549 14511 14552
14553 14549 14552
14549 14553 14550
14553 14552 14554
14553 14554 14555
14555 14554 14556
14557 14555 14556
14557 14556 14558
14559 14558 14556
14559 14556 14560
14559 14560 14493
14559 14493 14491
14555 14557 14561
14555 14561 14562
14553 14555 14562
14494 14493 14560
14494 14560 14563
14560 14556 14564
14552 14564 14554
14564 14563 14560
14554 14564 14556
14563 14496 14494
14563 14565 14496
14564 14566 14563
14566 14565 14563
14552 14566 14564
14559 14491 14480
14559 14480 14481
14558 14559 14481
14558 14481 14482
14565 14499 14496
14565 14507 14499
14509 14507 14565
14509 14565 14566
14511 14509 14566
14511 14566 14552
14562 14561 14567
14568 14562 14567
14569 14568 14567
14568 14569 14570
14568 14570 14571
14567 14572 14569
14561 14572 14567
14573 14572 14561
14484 14573 14561
14483 14484 14561
14557 14482 14483
14483 14561 14557
14557 14558 14482
14484 14489 14573
14489 14574 14573
14489 14575 14574
14489 14576 14575
14577 14575 14576
14577 14576 14578
14576 14486 14578
14576 14579 14486
14577 14578 14580
14581 14580 14578
14581 14582 14580
14582 14581 14583
14584 14582 14583
14585 14583 14586
14587 14586 14583
14587 14588 14586
14589 14588 14587
14488 14590 14486
14487 14591 14488
14592 14422 14593
14422 14423 14593
14419 14422 14592
14592 14593 14594
14407 14408 14595
14408 14365 14596
14597 14598 14599
14599 14600 14601
14602 14603 14600
14604 14605 14606
14606 14605 14607
14607 14605 14608
14609 14546 14610
14610 14546 14547
14611 14610 14547
14551 14611 14547
14612 14611 14551
14550 14612 14551
14613 14612 14550
14550 14614 14613
14553 14614 14550
14615 14614 14553
14562 14615 14553
14616 14614 14615
14616 14615 14571
14562 14568 14615
14615 14568 14571
14467 14617 14398
14618 14572 14573
14574 14618 14573
14619 14620 14621
14620 14622 14623
14624 14623 14625
14626 14627 14628
14627 14629 14628
14629 14630 14628
14631 14632 14633
14631 14633 14634
14633 14632 14635
14633 14635 14636
14636 14635 14637
14632 14631 14638
14638 14631 14639
14639 14640 14638
14639 14641 14640
14639 14642 14641
14643 14642 14639
14644 14642 14643
14644 14645 14642
14646 14644 14643
14639 14646 14643
14639 14647 14646
14648 14647 14639
14648 14649 14647
14650 14649 14648
14650 14648 14651
14647 14649 14652
14647 14652 14653
14646 14654 14644
14647 14653 14655
14655 14656 14647
14655 14653 14657
14655 14657 14658
14658 14659 14656
14658 14656 14660
14661 14647 14656
14662 14661 14656
14662 14656 14663
14657 14653 14664
14653 14652 14664
14657 14664 14665
14666 14667 14668
14666 14668 14669
14667 14666 14670
14666 14671 14670
14667 14670 14672
14667 14672 14673
14667 14673 14674
14673 14672 14675
14675 14672 14670
14673 14675 14676
14675 14670 14677
14670 14671 14678
14670 14678 14677
14674 14679 14667
14680 14679 14674
14680 14681 14679
14682 14668 14667
14683 14668 14682
14683 14682 14684
14682 14685 14684
14682 14686 14685
14682 14687 14686
14688 14687 14682
14685 14686 14689
14685 14689 14690
14685 14690 14691
14685 14691 14692
14693 14685 14692
14694 14689 14686
14694 14686 14687
14695 14688 14682
14695 14696 14688
14695 14697 14696
14695 14682 14667
14683 14684 14698
14684 14685 14698
14699 14683 14698
14699 14698 14700
14700 14698 14701
14700 14701 14702
14703 14702 14701
14703 14701 14704
14701 14705 14704
14701 14706 14705
14707 14701 14693
14698 14708 14707
14708 14709 14707
14708 14710 14709
14669 14711 14712
14669 14712 14713
14712 14711 14714
14714 14711 14715
14715 14711 14716
14715 14717 14714
14714 14717 14712
14718 14717 14715
14719 14718 14715
14719 14720 14718
14719 14721 14720
14722 14721 14719
14722 14723 14721
14715 14724 14722
14716 14724 14715
14724 14716 14725
14716 14726 14725
14727 14724 14725
14727 14728 14724
14724 14728 14722
14728 14723 14722
14727 14729 14728
14728 14729 14723
14727 14730 14729
14731 14717 14718
14731 14718 14720
14732 14717 14731
14712 14717 14732
14712 14732 14733
14734 14733 14732
14732 14731 14734
14734 14735 14733
14726 14736 14725
14736 14726 14637
14637 14737 14736
14736 14737 14725
14637 14738 14737
14637 14739 14738
14737 14738 14740
14737 14740 14741
14742 14737 14741
14725 14737 14742
14725 14742 14743
14744 14743 14742
14744 14742 14745
14742 14741 14745
14746 14740 14738
14746 14738 14739
14747 14748 14735
14747 14735 14749
14748 14747 14750
14751 14747 14749
14751 14749 14752
14753 14751 14752
14753 14754 14751
14747 14751 14712
14751 14713 14712
14751 14754 14713
14755 14743 14756
14755 14756 14757
14754 14758 14666
14666 14758 14759
14760 14759 14758
14760 14761 14759
14760 14762 14763
14760 14763 14764
14765 14766 14727
14638 14767 14768
14768 14769 14770
14768 14770 14771
14772 14771 14770
14772 14770 14773
14768 14771 14774
14774 14775 14767
14638 14776 14775
14775 14777 14767
14775 14778 14777
14779 14778 14775
14779 14775 14640
14640 14780 14779
14640 14641 14780
14641 14781 14780
14641 14642 14781
14771 14782 14774
14771 14772 14782
14782 14632 14774
14782 14772 14783
14635 14632 14782
14635 14782 14784
14782 14785 14784
14786 14785 14782
14787 14785 14786
14787 14786 14788
14786 14789 14788
14786 14790 14789
14790 14786 14782
14773 14789 14790
14773 14790 14791
14785 14787 14792
14785 14792 14793
14794 14785 14793
14637 14635 14784
14795 14637 14784
14796 14795 14784
14797 14796 14794
14784 14798 14797
14796 14799 14795
14800 14795 14799
14800 14801 14795
14795 14801 14637
14796 14802 14799
14803 14797 14798
14803 14804 14797
14804 14802 14805
14804 14805 14806
14807 14808 14800
14807 14739 14808
14801 14809 14810
14811 14696 14812
14811 14812 14813
14814 14680 14815
14814 14815 14816
14817 14818 14769
14817 14769 14819
14820 14821 14822
14636 14637 14726
14823 14824 14825
14823 14825 14826
14827 14824 14823
14827 14823 14828
14828 14829 14827
14824 14830 14825
14830 14831 14825
14831 14830 14832
14831 14832 14833
14831 14833 14834
14835 14831 14834
14831 14835 14836
14831 14836 14837
14838 14831 14837
14838 14837 14839
14840 14838 14839
14840 14839 14841
14837 14842 14839
14837 14843 14842
14835 14844 14836
14835 14845 14844
14837 14846 14843
14846 14837 14847
14848 14843 14846
14848 14846 14849
14850 14847 14837
14851 14847 14850
14851 14850 14852
14843 14848 14853
14843 14853 14854
14842 14843 14854
14855 14847 14856
14855 14856 14849
14857 14858 14859
14857 14859 14860
14860 14861 14857
14857 14861 14862
14860 14863 14861
14860 14864 14863
14860 14865 14864
14863 14864 14866
14863 14866 14867
14861 14863 14867
14861 14867 14868
14862 14861 14868
14862 14868 14869
14865 14860 14870
14871 14865 14870
14871 14870 14872
14871 14866 14873
14871 14873 14865
14874 14860 14859
14875 14874 14859
14875 14876 14874
14874 14876 14877
14874 14877 14878
14874 14878 14879
14880 14874 14879
14881 14878 14877
14881 14879 14878
14881 14877 14882
14882 14877 14883
14884 14883 14877
14882 14883 14885
14881 14886 14879
14880 14887 14886
14880 14886 14888
14889 14880 14888
14889 14890 14880
14890 14874 14880
14890 14860 14874
14891 14884 14892
14892 14893 14894
14892 14894 14895
14893 14891 14896
14895 14897 14892
14895 14898 14897
14899 14896 14891
14899 14891 14900
14901 14897 14900
14901 14900 14902
14903 14894 14893
14903 14893 14875
14875 14893 14876
14876 14893 14877
14858 14904 14905
14858 14906 14904
14904 14907 14905
14907 14908 14905
14908 14909 14905
14908 14907 14910
14907 14904 14910
14911 14908 14910
14912 14908 14911
14913 14912 14911
14910 14913 14911
14913 14914 14912
14912 14914 14915
14912 14915 14916
14908 14916 14917
14909 14908 14917
14917 14918 14909
14909 14918 14919
14920 14918 14917
14917 14916 14920
14920 14916 14915
14920 14921 14918
14922 14921 14920
14922 14920 14923
14920 14915 14923
14910 14924 14913
14910 14925 14924
14910 14926 14925
14925 14926 14927
14904 14927 14926
14904 14926 14910
14925 14927 14928
14919 14918 14929
14929 14829 14919
14829 14929 14930
14929 14918 14930
14829 14930 14931
14829 14931 14932
14931 14930 14933
14930 14934 14933
14930 14935 14934
14918 14935 14930
14918 14936 14935
14934 14935 14936
14934 14936 14937
14936 14938 14937
14936 14921 14938
14931 14933 14939
14939 14932 14931
14939 14940 14932
14941 14921 14942
14943 14944 14932
14943 14932 14945
14946 14947 14943
14946 14943 14948
14948 14949 14946
14948 14950 14949
14949 14951 14946
14946 14951 14829
14946 14829 14947
14829 14951 14827
14827 14951 14952
14952 14951 14953
14954 14952 14953
14955 14954 14953
14954 14955 14956
14954 14956 14957
14957 14952 14954
14955 14953 14958
14959 14957 14956
14959 14956 14960
14961 14958 14953
14961 14962 14958
14963 14961 14953
14827 14952 14824
14952 14964 14824
14965 14964 14952
14966 14964 14965
14967 14966 14965
14967 14965 14968
14967 14969 14966
14967 14970 14969
14968 14965 14971
14968 14971 14960
14965 14952 14971
14952 14972 14971
14830 14966 14973
14964 14973 14974
14830 14974 14975
14973 14970 14976
14973 14976 14974
14832 14974 14976
14832 14976 14977
14977 14833 14832
14977 14978 14833
14834 14833 14978
14834 14978 14979
14951 14980 14981
14981 14980 14982
14981 14982 14983
14984 14950 14982
14984 14982 14985
14980 14963 14949
14857 14986 14987
14988 14857 14987
14986 14989 14987
14986 14990 14989
14991 14992 14989
14991 14989 14993
14994 14988 14995
14994 14995 14996
14996 14997 14994
14996 14998 14997
14997 14998 14928
14997 14928 14999
14999 15000 14997
14997 14904 14994
14994 14904 14906
14994 14906 14988
15001 15002 14835
15001 14835 15003
15004 15005 15006
14947 15007 15008
14828 14919 14829
