byte offset: 0
first index: 0
index count: 10782
topology: trianglelist
format: DXGI_FORMAT_R16_UINT

0 1 2
3 1 0
1 3 4
0 2 5
3 6 4
4 6 7
6 3 8
8 9 6
10 6 9
9 11 10
12 11 9
9 8 12
6 10 13
6 13 7
14 8 3
0 14 3
8 14 15
15 12 8
12 15 16
11 12 16
14 17 15
17 14 18
17 18 19
19 20 17
21 17 20
22 11 21
20 22 21
21 11 23
17 21 23
23 15 17
15 23 16
11 16 23
22 20 24
20 19 25
25 24 20
26 18 14
14 27 26
14 0 27
0 5 27
5 26 27
26 5 28
28 5 29
26 30 18
30 19 18
29 5 2
31 29 2
32 33 34
33 32 35
36 35 32
36 37 35
38 37 36
37 38 39
40 39 38
41 40 38
42 40 41
39 40 43
44 43 40
42 44 40
43 44 45
46 45 44
45 46 47
48 44 42
48 46 44
49 46 48
49 48 50
49 50 51
48 52 50
52 48 42
53 52 42
41 53 42
41 54 53
46 55 47
51 56 55
55 56 57
55 57 47
55 58 51
58 55 46
58 49 51
49 58 46
59 54 60
54 41 60
41 38 60
60 38 36
60 36 61
59 60 61
62 59 61
63 62 61
62 63 64
34 64 63
64 34 65
34 66 65
66 34 33
61 36 32
34 63 32
61 32 63
66 67 68
67 66 69
67 70 68
70 67 71
72 67 69
73 72 69
72 73 74
75 72 74
72 75 76
74 77 75
77 74 78
76 79 72
67 72 79
79 71 67
79 76 80
80 81 79
71 79 81
81 80 82
83 68 70
68 83 84
78 85 77
85 78 86
81 87 71
87 81 88
82 88 81
89 87 88
90 89 88
88 82 90
78 91 86
92 86 91
86 92 93
94 93 92
86 95 85
95 86 93
96 95 93
93 94 96
94 97 96
98 71 99
99 100 98
100 101 98
71 98 70
101 70 98
70 101 83
91 78 102
102 78 74
102 74 73
103 104 105
103 106 104
106 103 107
103 108 107
108 103 109
110 109 103
110 103 105
109 110 111
112 111 110
111 112 113
105 114 110
114 112 110
113 112 115
114 115 112
115 114 116
117 115 116
115 117 118
106 119 104
119 106 120
120 121 119
122 119 121
119 122 123
121 120 124
125 124 120
124 125 126
120 127 125
125 127 128
127 129 128
129 127 130
129 131 128
128 131 132
125 128 133
133 126 125
133 128 132
131 134 132
134 131 135
129 135 131
127 120 106
106 130 127
130 106 107
107 136 130
136 107 108
126 133 137
137 133 132
132 138 137
138 132 139
134 139 132
130 140 129
140 130 136
135 129 140
118 141 142
118 143 141
117 143 118
115 118 142
115 142 113
123 104 119
104 123 105
84 66 68
66 84 144
145 146 147
147 148 145
148 147 149
145 150 146
151 150 145
151 152 150
152 151 153
154 150 152
154 146 150
155 153 151
151 156 155
156 157 155
157 158 155
153 155 158
156 151 159
159 151 145
148 159 145
160 161 162
161 160 163
161 163 164
161 165 162
161 166 165
166 161 167
164 167 161
168 164 163
168 163 160
166 169 165
170 165 169
165 170 171
165 171 162
169 166 172
169 173 170
172 173 169
174 175 176
175 174 177
176 178 174
178 176 179
180 177 174
178 180 174
177 180 181
180 178 182
183 178 179
178 183 184
184 182 178
184 183 185
186 184 185
182 184 186
187 188 189
188 187 190
189 191 187
191 189 192
192 193 191
193 192 194
190 195 188
195 190 196
197 189 188
195 197 188
195 198 197
189 197 199
199 192 189
199 197 200
198 200 197
192 199 201
201 194 192
202 201 199
202 199 200
201 202 203
201 204 194
204 201 203
203 205 204
206 194 204
194 206 207
204 208 206
208 204 205
209 207 206
207 209 210
206 211 209
211 206 208
209 212 210
211 212 209
195 213 198
213 195 214
214 215 213
216 215 214
196 214 195
214 196 217
216 214 217
218 216 217
216 218 219
219 218 220
216 219 221
222 220 218
217 222 218
222 217 196
190 222 196
190 223 222
222 223 224
220 222 224
224 223 225
223 226 225
227 226 223
190 227 223
226 227 228
229 228 227
228 229 230
231 230 229
230 231 232
225 233 224
234 232 231
232 234 235
236 235 234
227 190 187
187 229 227
229 187 191
231 229 191
234 231 193
231 191 193
237 236 234
238 236 237
239 238 237
237 234 240
240 239 237
234 193 240
239 240 241
240 194 241
194 240 193
242 243 244
243 242 245
243 246 244
246 243 247
245 248 243
248 245 249
250 243 248
243 250 247
251 242 244
242 251 252
244 253 251
253 244 246
251 253 254
248 255 250
255 248 249
256 252 251
256 251 254
257 256 254
256 257 258
258 259 256
252 256 259
259 258 260
261 258 257
258 261 262
262 260 258
262 261 263
264 262 263
260 262 264
265 252 259
260 265 259
252 265 266
267 266 265
266 267 268
268 269 266
269 268 270
270 271 269
271 270 272
272 273 271
273 272 274
265 275 267
275 265 276
277 275 276
278 277 264
263 278 264
277 278 279
279 280 277
275 277 280
274 255 273
249 271 273
255 249 273
271 249 245
245 269 271
269 245 242
242 266 269
266 242 252
260 277 276
265 260 276
277 260 264
281 282 283
282 281 284
285 284 281
284 285 286
283 287 281
287 283 288
289 281 287
281 289 285
286 290 284
290 286 291
282 284 292
284 290 292
293 291 286
291 293 294
291 294 295
286 296 293
296 286 285
296 297 293
297 296 298
296 299 298
299 296 300
300 285 289
285 300 296
301 293 297
293 301 302
302 294 293
301 297 303
297 304 303
304 297 305
305 306 304
306 305 307
308 304 306
304 308 309
309 303 304
307 310 306
310 307 311
311 312 310
312 313 310
306 313 308
313 306 310
303 309 314
300 315 299
303 314 316
317 316 314
316 317 318
319 318 317
318 319 320
321 320 319
320 321 322
323 322 321
322 323 324
325 324 323
324 325 326
327 326 325
326 327 328
328 327 329
330 328 329
331 330 329
330 331 332
333 334 292
334 282 292
335 336 337
336 338 337
336 339 338
336 315 339
337 288 335
288 337 287
338 287 337
315 300 339
339 289 338
289 339 300
287 338 289
340 341 342
341 340 343
344 343 340
343 344 345
340 346 344
346 340 347
342 347 340
342 341 348
349 344 346
344 349 350
350 345 344
349 351 350
352 350 351
350 352 353
350 353 345
351 349 354
355 354 349
355 349 346
354 355 356
356 357 354
357 356 358
359 352 351
354 359 351
359 354 357
360 359 357
359 360 361
362 359 361
359 362 363
352 359 363
364 357 358
357 364 360
360 365 361
364 365 360
365 362 361
355 346 366
346 367 366
367 346 347
368 367 347
368 369 367
369 368 370
371 369 370
369 371 372
372 373 369
373 367 369
373 372 374
373 375 367
370 376 371
376 370 377
378 370 368
370 378 377
375 379 367
380 379 375
379 380 381
382 381 380
380 383 382
383 380 384
374 384 373
384 380 375
373 384 375
384 385 383
386 383 385
387 386 385
385 388 387
388 385 389
384 374 389
384 389 385
390 389 374
389 390 388
391 390 374
386 387 392
383 386 393
393 382 383
382 393 394
393 395 394
392 396 386
396 392 397
397 398 396
396 398 399
399 386 396
386 399 393
374 372 391
400 394 401
394 400 382
381 382 400
402 401 394
403 404 405
404 403 406
405 404 407
404 408 407
404 409 408
409 404 410
406 410 404
406 411 410
412 407 408
413 408 409
413 412 408
414 412 413
413 415 414
415 413 416
416 413 409
415 417 414
417 415 418
417 418 419
420 411 406
421 420 406
420 421 422
422 423 420
423 424 420
411 420 424
424 423 425
422 426 423
426 425 423
426 422 427
425 426 428
427 429 426
429 428 426
428 429 430
425 431 424
432 424 431
424 432 411
433 411 432
411 433 410
434 410 433
410 434 409
431 425 435
428 435 425
435 428 436
430 436 428
436 430 437
438 430 429
430 438 439
439 437 430
440 439 438
441 440 438
439 440 442
443 439 442
444 443 442
440 444 442
445 444 440
441 445 440
439 443 446
437 439 446
447 441 438
416 409 434
447 438 429
427 447 429
448 449 450
449 448 451
452 450 449
450 452 453
454 453 452
453 454 455
456 455 454
455 456 457
456 458 457
458 459 457
459 460 457
457 460 461
462 457 461
457 462 455
463 455 462
455 463 453
464 453 463
453 464 450
465 450 464
450 465 448
466 451 448
451 466 467
468 448 465
448 468 466
469 467 466
467 469 470
471 466 468
466 471 469
472 463 462
473 472 462
461 473 462
460 473 461
463 472 474
475 463 474
463 475 464
476 464 475
464 476 465
476 468 465
477 470 469
470 477 478
467 479 451
480 451 479
451 480 449
481 449 480
449 481 452
482 452 481
452 482 454
478 483 470
483 478 484
485 470 483
470 485 467
467 485 479
482 456 454
486 478 477
478 486 487
487 484 478
486 488 487
489 488 486
490 488 489
488 491 487
484 487 491
489 492 490
492 489 493
477 489 486
489 477 493
494 493 477
477 469 494
469 471 494
471 495 494
495 493 494
493 495 492
496 492 495
495 497 496
497 495 498
495 471 498
498 499 497
499 498 500
499 500 476
468 476 500
498 468 500
468 498 471
501 502 503
503 504 501
504 503 505
505 503 506
503 507 506
508 506 507
506 508 509
507 503 510
502 510 503
505 506 511
506 509 511
504 512 501
512 502 501
512 504 513
502 512 514
514 515 502
502 515 510
515 514 516
516 514 517
516 517 518
519 518 517
519 520 518
521 519 517
517 522 521
514 522 517
522 514 512
513 522 512
522 513 523
523 521 522
524 521 523
521 524 525
525 519 521
524 526 525
526 527 525
519 525 527
527 520 519
527 526 528
528 529 527
520 527 529
529 528 530
531 530 528
530 531 532
533 528 526
528 533 531
534 533 526
526 524 534
533 534 535
536 532 531
532 536 537
536 538 537
538 536 539
539 540 538
540 539 541
539 542 541
543 541 542
543 540 541
543 542 544
542 545 544
545 542 546
542 539 546
536 546 539
547 538 540
543 547 540
538 547 548
549 548 547
543 549 547
548 549 550
550 551 548
551 550 552
538 548 553
548 551 553
546 554 545
554 546 555
546 536 555
531 555 536
555 531 533
535 555 533
555 535 554
544 545 556
557 556 545
557 554 535
554 557 545
556 557 558
558 557 559
558 560 556
560 558 561
558 559 562
563 558 562
564 562 559
565 564 559
566 556 560
566 544 556
543 544 566
567 557 535
534 567 535
568 569 570
569 568 571
572 571 568
571 572 573
574 569 571
569 574 575
576 571 573
571 576 574
577 569 575
569 577 578
579 569 578
569 579 570
577 580 578
581 576 573
576 581 582
583 582 581
583 581 584
573 584 581
584 573 572
585 586 587
586 585 588
587 589 585
589 587 590
591 586 588
586 591 592
593 590 587
590 593 594
587 595 593
595 587 586
586 596 595
596 586 592
597 596 592
597 592 591
598 599 600
599 598 601
602 600 599
603 601 598
601 603 604
605 604 603
604 605 606
601 607 599
602 599 607
607 601 608
604 608 601
608 604 609
604 610 609
610 604 611
612 610 611
605 613 606
614 615 616
615 614 617
614 618 617
618 614 619
616 620 614
621 620 616
620 621 622
621 623 622
623 621 624
625 623 624
623 625 626
619 627 618
620 628 614
628 620 629
622 629 620
629 622 630
631 623 626
623 631 632
622 632 630
632 622 623
633 631 626
633 626 625
628 634 635
628 636 634
636 628 637
638 637 628
639 638 628
640 638 639
638 640 641
642 641 640
641 642 643
637 638 644
641 644 638
641 645 644
645 641 643
646 643 642
643 646 647
648 647 646
648 649 647
643 649 645
649 643 647
634 636 650
614 635 651
614 628 635
614 651 619
652 615 653
615 652 654
655 654 652
654 655 656
653 615 617
657 656 655
656 657 658
659 658 657
654 616 615
616 654 660
660 661 616
662 661 660
661 662 663
662 664 663
664 662 665
666 664 665
666 665 667
662 667 665
660 654 668
660 668 662
667 662 668
658 668 656
654 656 668
659 669 658
668 658 669
670 671 672
672 671 673
673 671 674
675 672 673
376 672 675
672 376 377
672 377 378
672 378 670
670 378 348
378 342 348
378 368 342
347 342 368
676 677 678
677 676 679
676 680 679
680 676 681
682 680 681
680 682 683
683 684 680
684 683 685
685 686 684
687 684 686
684 687 688
688 680 684
686 685 689
680 688 690
691 676 678
678 692 691
692 678 693
677 693 678
693 677 694
695 689 685
689 695 696
697 696 695
696 697 698
697 699 698
698 699 700
701 688 687
702 692 693
702 693 694
701 703 704
703 701 705
706 704 703
707 706 703
707 703 705
704 706 708
688 701 704
708 688 704
688 708 690
676 691 709
709 681 676
681 709 710
711 681 710
681 711 682
712 713 714
713 712 715
712 716 715
716 712 717
717 718 716
718 717 719
719 720 718
720 719 721
717 722 719
722 721 719
722 717 723
712 723 717
723 712 724
714 724 712
724 714 725
721 722 726
713 727 714
728 720 721
728 721 726
729 730 731
732 730 729
730 732 733
734 733 732
735 730 733
734 735 733
730 735 736
736 731 730
731 736 737
737 738 731
738 739 731
739 738 740
741 740 738
740 741 742
741 743 742
744 741 738
738 737 744
741 744 745
746 741 745
741 746 743
739 747 731
747 748 731
749 748 747
750 751 752
753 751 750
754 755 756
757 758 759
760 757 759
761 760 759
760 761 762
763 757 760
757 763 764
765 766 760
766 765 767
767 768 766
769 768 770
771 772 773
773 772 774
772 775 774
775 772 776
777 778 774
778 777 779
774 778 780
781 782 783
782 781 784
783 785 781
785 783 786
787 781 785
781 787 788
788 784 781
789 786 783
786 789 790
789 791 790
791 789 792
792 793 791
794 793 792
789 794 792
794 789 795
783 795 789
795 783 782
784 788 796
787 797 788
797 796 788
797 787 798
796 797 799
797 800 799
798 800 797
800 801 799
800 802 801
800 803 802
803 804 802
804 801 802
804 803 805
803 806 805
806 803 807
807 803 800
807 808 806
809 805 806
805 809 810
810 804 805
811 806 808
806 811 809
811 812 809
812 811 813
804 810 814
815 814 810
814 815 816
801 804 817
818 816 815
815 819 818
819 815 820
810 820 815
820 810 809
821 820 809
812 821 809
816 818 822
823 822 818
822 823 824
824 825 822
825 824 826
827 826 824
823 827 824
823 828 827
826 827 829
827 830 829
830 827 831
831 832 830
833 832 831
827 833 831
833 827 828
834 822 825
822 834 816
835 816 834
816 835 814
814 835 804
835 817 804
817 835 836
817 836 837
838 837 836
837 838 839
840 839 838
839 840 841
838 842 840
842 838 843
836 843 838
843 836 835
840 844 841
842 844 840
845 839 841
844 845 841
839 845 846
847 839 846
839 847 837
817 837 848
801 817 848
801 848 799
837 796 848
837 847 796
848 796 799
849 850 851
851 850 852
851 853 849
853 851 854
852 854 851
854 852 855
855 856 854
857 853 854
853 857 858
858 857 859
860 861 862
861 863 862
863 864 862
862 864 860
864 865 860
864 863 866
866 865 864
867 866 863
866 867 868
869 866 868
863 870 867
870 863 871
863 861 871
865 866 872
872 866 869
873 860 865
874 868 867
868 874 875
876 875 874
875 876 877
874 878 876
878 874 879
867 879 874
879 867 870
880 875 877
875 880 881
881 868 875
868 881 869
882 881 880
881 882 883
883 869 881
884 882 880
884 880 885
877 885 880
884 885 886
886 887 884
887 886 888
889 877 876
877 889 890
885 877 890
891 890 889
890 891 892
892 885 890
885 892 886
889 893 891
893 889 894
895 891 893
891 895 896
896 892 891
895 897 896
898 896 897
896 898 899
892 896 899
898 888 899
886 892 899
899 888 886
897 895 900
900 901 897
901 900 902
901 902 903
903 902 904
905 897 901
897 905 898
903 905 901
906 903 904
905 903 906
906 907 905
905 908 898
908 905 907
888 898 908
876 894 889
894 876 878
909 910 911
910 909 912
913 909 911
909 913 914
914 913 915
916 914 915
917 916 915
913 917 915
918 916 917
917 919 918
917 913 920
917 920 919
912 921 910
921 912 922
922 923 921
924 925 926
925 924 927
928 927 924
927 928 929
928 930 929
930 928 931
932 931 928
931 932 933
934 933 932
933 934 935
936 933 935
933 936 937
933 938 931
938 933 937
939 938 937
936 939 937
928 940 932
940 928 924
926 940 924
940 926 941
939 942 938
931 942 930
942 931 938
941 943 940
940 943 944
932 944 934
944 932 940
943 941 945
946 945 941
945 946 947
941 948 946
949 946 948
950 949 948
949 950 951
926 950 948
948 941 926
950 926 925
946 949 952
952 947 946
952 949 953
951 954 949
953 955 952
947 952 955
955 953 956
957 956 953
958 956 957
959 956 958
956 959 955
960 955 959
955 960 961
962 961 960
961 962 963
964 963 962
965 964 962
960 965 962
964 965 966
963 964 967
966 968 964
968 966 969
969 970 968
970 969 971
969 972 971
972 973 971
973 970 971
972 969 974
969 975 974
975 969 966
964 976 967
976 964 968
977 976 968
970 977 968
973 977 970
978 966 965
966 978 975
979 978 965
980 981 982
980 983 981
984 981 983
982 981 985
981 986 985
984 986 981
986 987 985
987 986 988
984 988 986
987 989 985
989 987 990
990 987 991
992 990 991
992 991 993
994 992 993
993 995 994
995 993 996
997 995 996
995 997 998
992 994 999
999 1000 992
812 998 997
998 812 813
1001 994 995
993 1002 996
1002 993 991
996 1002 997
813 1003 998
1003 813 1004
997 821 812
821 997 1005
1002 1005 997
1002 1006 1005
1007 998 1003
998 1007 995
999 1008 1000
1009 1000 1008
1008 999 1010
999 1011 1010
1011 999 994
994 1001 1011
811 1004 813
1004 811 1012
808 1012 811
1012 808 1013
807 1013 808
1006 819 1005
819 1006 1014
1006 1015 1014
1015 1006 1016
1014 818 819
1014 1017 818
1016 988 1015
988 1016 987
1018 1015 988
988 984 1018
1019 1018 984
1018 1019 1020
1021 1018 1020
1018 1021 1022
1015 1018 1022
1014 1022 1017
1022 1014 1015
823 1022 1021
1022 823 1017
1017 823 818
991 987 1016
1016 1002 991
1002 1016 1006
984 1023 1019
1023 984 983
980 1023 983
1024 980 982
985 1024 982
1024 985 989
1025 1026 1027
1027 1026 1028
1029 1025 1027
1029 1030 1025
1028 1031 1027
1031 1028 1032
1033 1032 1028
1032 1033 1034
1033 1035 1034
1031 1032 1036
1031 1036 1027
1036 1029 1027
1037 1029 1036
1036 1038 1037
1038 1036 1039
1034 1039 1032
1032 1039 1036
1039 1040 1038
1040 1039 1041
1039 1034 1041
1035 1041 1034
1042 1029 1037
1038 1043 1037
1040 1044 1038
1038 1044 1043
1044 1040 1045
1046 1045 1040
1041 1046 1040
1045 1046 1047
1048 1037 1043
1043 1049 1048
1049 1043 1050
1050 1051 1049
1051 1050 1052
1051 1052 1053
1052 1054 1053
1054 1052 1055
1055 1056 1054
1057 1056 1055
1052 1057 1055
1057 1052 1050
1058 1056 1057
1050 1058 1057
1058 1050 1043
1056 1058 1059
1051 1060 1049
1051 1061 1060
1049 1060 1062
1058 1063 1059
1063 1058 1043
1049 1062 1064
1062 1065 1064
1065 1062 1066
1066 1067 1065
1049 1064 1068
1068 1048 1049
1048 1068 1069
1070 1048 1069
1048 1070 1071
1037 1048 1071
1071 1042 1037
1072 1071 1070
1073 1074 1075
1074 1076 1075
1076 1077 1075
1078 1075 1077
1075 1078 1079
1079 1073 1075
1080 1079 1078
1079 1080 1081
1081 1082 1079
1073 1079 1082
1082 1081 1083
1081 1084 1083
1084 1081 1080
1078 1085 1080
1085 1084 1080
1085 1078 1086
1077 1086 1078
1086 1077 1087
1077 1076 1088
1089 1088 1076
1088 1089 1090
1091 1090 1089
1092 1077 1088
1092 1087 1077
1088 1093 1092
1093 1088 1090
1094 1095 1096
1095 1094 1097
1096 1098 1094
1098 1096 1099
1099 1100 1098
1100 1099 1101
1102 1101 1099
1103 1102 1099
1099 1096 1103
1096 1095 1103
1102 1103 1104
1101 1105 1100
1098 1106 1094
1106 1098 1107
1100 1107 1098
1107 1100 1108
1109 1100 1105
1109 1108 1100
1110 1106 1107
1108 1110 1107
1106 1110 1111
1112 1105 1101
1110 1108 1113
1109 1113 1108
1113 1109 1114
1104 1115 1102
1115 1104 1116
1115 1116 1117
1115 1118 1102
1115 1119 1118
1120 1118 1119
1118 1120 1121
1101 1118 1121
1102 1118 1101
1122 1119 1115
1123 1119 1122
1124 1123 1122
1125 1124 1122
1125 1126 1124
1126 1125 1127
1127 1128 1126
1128 1127 1129
1127 1125 1130
1131 1126 1128
1126 1131 1132
1132 1124 1126
1133 1129 1127
1134 1133 1127
1127 1130 1134
1124 1132 1135
1125 1136 1130
1137 1125 1122
1136 1125 1137
1131 1138 1132
1138 1135 1132
1137 1117 1136
1117 1137 1115
1115 1137 1122
1139 1140 1141
1140 1142 1141
1141 1143 1139
1143 1141 1144
1144 1145 1143
1145 1144 1146
1147 1143 1145
1143 1147 1148
1148 1139 1143
1145 1149 1147
1150 1147 1149
1147 1150 1151
1151 1148 1147
1149 1152 1150
1152 1149 1153
1153 1154 1152
1154 1153 1155
1156 1155 1153
1155 1156 1157
1150 1158 1151
1154 1158 1152
1158 1150 1152
1149 1145 1159
1159 1153 1149
1153 1159 1156
1146 1159 1145
1146 1144 1160
1159 1146 1161
1161 1156 1159
1156 1161 1162
1162 1157 1156
1162 1161 1163
1157 1162 1164
1162 1165 1164
1162 1166 1165
1162 1167 1166
1167 1162 1163
1166 1167 1168
1161 1146 1169
1146 1170 1169
1160 1170 1146
1171 1160 1144
1141 1171 1144
1142 1171 1141
1142 1172 1171
1142 1173 1172
1174 1175 1176
1177 1174 1176
1178 1176 1175
1178 1179 1176
1179 1180 1176
1180 1177 1176
1180 1179 1181
1179 1182 1181
1182 1179 1183
1175 1184 1178
1183 1185 1182
1185 1186 1182
1186 1181 1182
1185 1183 1187
1187 1188 1185
1188 1187 1189
1187 1190 1189
1190 1187 1191
1187 1183 1191
1183 1192 1191
1193 1188 1189
1188 1193 1194
1194 1195 1188
1195 1194 1196
1193 1197 1194
1197 1193 1198
1199 1194 1197
1188 1200 1185
1200 1188 1195
1201 1197 1198
1197 1201 1202
1202 1201 1203
1204 1203 1201
1198 1204 1201
1203 1204 1205
1202 1206 1197
1206 1199 1197
1203 1207 1202
1202 1208 1206
1208 1202 1207
1196 1209 1195
1209 1200 1195
1194 1199 1210
1204 1198 1211
1204 1211 1212
1213 1212 1211
1198 1213 1211
1212 1213 1214
1190 1214 1213
1212 1214 1215
1213 1189 1190
1189 1213 1193
1213 1198 1193
1210 1216 1194
1191 1217 1190
1192 1217 1191
1218 1219 1220
1219 1218 1221
1221 1222 1219
1222 1221 1223
1224 1218 1220
1218 1224 1225
1221 1226 1223
1226 1227 1223
1227 1222 1223
1227 1226 1228
1229 1227 1228
1230 1229 1228
1231 1228 1226
1228 1231 1230
1226 1221 1231
1218 1231 1221
1231 1232 1230
1232 1231 1233
1231 1218 1233
1225 1233 1218
1234 1232 1233
1235 1230 1232
1230 1235 1236
1237 1236 1235
1236 1237 1238
1239 1230 1236
1239 1229 1230
1240 1239 1236
1238 1240 1236
1240 1241 1239
1241 1229 1239
1233 1242 1234
1242 1243 1234
1243 1242 1244
1242 1245 1244
1245 1242 1246
1242 1247 1246
1247 1242 1233
1235 1232 1248
1225 1247 1233
1244 1249 1243
1245 1249 1244
1234 1248 1232
1250 1251 1252
1251 1250 1253
1250 1254 1253
1255 1253 1254
1255 1254 1256
1257 1256 1254
1250 1257 1254
1256 1257 1258
1259 1260 1261
1262 1259 1261
1177 1261 1260
1261 1177 1180
1261 1181 1262
1181 1261 1180
1263 1264 1265
1264 1263 1266
1267 1265 1264
1264 1266 1268
1269 1268 1266
1270 1268 1269
1263 1265 1271
1267 1271 1265
1272 1263 1271
1267 1273 1271
1273 1272 1271
1267 1274 1273
1274 1275 1273
1272 1273 1275
1275 1274 1276
1276 1274 1277
1278 1276 1277
1279 1278 1277
1280 1281 1282
1283 1281 1280
1282 1284 1280
1283 1280 1284
1283 1284 1285
1286 1285 1284
1284 1282 1286
1285 1286 1287
1288 1287 1286
1287 1288 1289
1290 1286 1282
1286 1290 1288
1282 1291 1290
1291 1282 1292
1281 1292 1282
1283 1293 1281
1292 1294 1291
1294 1292 1295
1295 1281 1293
1281 1295 1292
1287 1289 1296
1297 1294 1295
1293 1297 1295
1297 1298 1294
1299 1300 1301
1301 1302 1299
1302 1301 1303
1303 1304 1302
1304 1303 1305
1305 1306 1304
1305 1307 1306
1303 1307 1305
1306 1307 1308
1301 1300 1309
1310 1303 1301
1303 1310 1311
1303 1311 1312
1307 1303 1312
1312 1308 1307
1311 1313 1312
1308 1312 1313
1314 1313 1311
1313 1314 1315
1315 1314 1316
1317 1309 1300
1318 1319 1320
1321 1320 1319
1320 1321 1322
1322 1321 1323
1319 1324 1321
1324 1319 1325
1318 1325 1319
1326 1324 1325
1318 1326 1325
1324 1326 1327
1328 1327 1326
1326 1318 1328
1327 1328 1329
1329 1330 1327
1330 1329 1331
1332 1331 1329
1331 1332 1333
1329 1334 1332
1334 1329 1328
1318 1334 1328
1335 1327 1330
1327 1335 1324
1321 1335 1323
1335 1321 1324
1336 1322 1323
1322 1336 1337
1338 1337 1336
1337 1338 1339
1340 1341 1342
1341 1340 1343
1343 1344 1341
1341 1345 1342
1345 1341 1346
1344 1346 1341
1346 1347 1345
1347 1346 1348
1348 1349 1347
1349 1348 1350
1351 1350 1348
1350 1351 1352
1353 1348 1346
1348 1353 1351
1346 1344 1353
1349 1350 1354
1352 1354 1350
1354 1352 1355
1356 1347 1349
1349 1357 1356
1357 1349 1358
1358 1349 1354
1359 1357 1358
1359 1358 1354
1357 1359 1360
1361 1359 1354
1362 1361 1354
1362 1354 1355
1361 1362 1363
1360 1364 1357
1364 1360 1365
1357 1366 1356
1366 1357 1364
1366 1367 1356
1347 1356 1367
1367 1366 1368
1369 1365 1360
1365 1369 1370
1369 1371 1370
1371 1369 1372
1369 1373 1372
1373 1369 1374
1360 1374 1369
1375 1373 1374
1363 1375 1361
1374 1361 1375
1373 1375 1376
1375 1377 1376
1377 1375 1378
1379 1371 1372
1379 1372 1373
1379 1376 1377
1376 1379 1373
1375 1363 1378
1380 1367 1368
1367 1380 1381
1381 1345 1347
1381 1347 1367
1381 1342 1345
1342 1381 1382
1383 1382 1381
1381 1380 1383
1382 1383 1384
1385 1342 1382
1382 1384 1385
1342 1385 1340
1386 1387 1388
1387 1386 1389
1390 1389 1386
1389 1391 1387
1391 1389 1392
1390 1392 1389
1390 1393 1392
1393 1391 1392
1391 1393 1394
1395 1394 1393
1395 1396 1394
1397 1398 1399
1398 1397 1400
1401 1398 1400
1402 1401 1400
1402 1400 1403
1400 1397 1403
1404 1405 1406
1405 1404 1407
1408 1405 1407
1409 1408 1407
1409 1407 1404
1405 1410 1406
1408 1410 1405
1404 1411 1409
1404 1412 1411
1411 1412 1413
1414 1415 1416
1414 1417 1415
1416 1418 1414
1419 1420 1421
1422 1423 1424
1425 1424 1423
1424 1425 1426
1422 1424 1427
1426 1427 1424
1427 1426 1428
1429 1422 1427
1427 1430 1429
1430 1427 1428
1431 1432 1433
1431 1433 1434
1435 1436 1437
1436 1435 1438
1439 1436 1438
1440 1438 1435
1438 1440 1441
1439 1438 1441
1439 1441 1442
1443 1442 1441
1440 1443 1441
1444 1445 1446
1445 1444 1447
1444 1448 1447
1449 1450 1451
1450 1449 1452
1449 1453 1452
1452 1454 1450
1454 1452 1455
1453 1455 1452
1456 1454 1455
1455 1457 1456
1457 1458 1456
1458 1459 1456
1454 1456 1459
1459 1458 1460
1460 1458 1461
1451 1462 1449
1463 1464 1465
1463 1465 1466
1465 1467 1466
1468 1469 1470
1469 1471 1470
1472 1473 1474
1475 1473 1472
1476 1477 1478
1478 1477 1479
1480 1481 1482
1481 1480 1483
1480 1484 1483
1484 1480 1485
1485 1486 1484
1486 1485 1487
1488 1486 1487
1487 1489 1488
1489 1487 1490
1490 1491 1489
1491 1490 1492
1493 1489 1491
1493 1488 1489
1493 1494 1488
1486 1488 1494
1490 1495 1492
1495 1490 1496
1487 1496 1490
1496 1487 1485
1496 1485 1480
1497 1486 1494
1494 1493 1497
1493 1498 1497
1498 1499 1497
1486 1497 1499
1499 1498 1500
1500 1501 1499
1501 1500 1502
1502 1503 1501
1503 1502 1504
1505 1503 1504
1503 1505 1506
1507 1504 1502
1500 1508 1502
1502 1508 1507
1508 1500 1509
1500 1510 1509
1510 1500 1498
1511 1509 1510
1493 1511 1510
1493 1510 1498
1509 1511 1512
1509 1513 1508
1513 1509 1512
1513 1507 1508
1484 1499 1501
1499 1484 1486
1481 1503 1506
1514 1481 1506
1514 1515 1481
1515 1514 1516
1517 1515 1516
1518 1481 1515
1481 1518 1482
1515 1519 1518
1519 1515 1517
1520 1519 1517
1501 1483 1484
1483 1501 1503
1503 1481 1483
1095 1521 1103
1521 1522 1103
1523 1524 1525
1524 1523 1526
1527 1525 1524
1526 1527 1524
1525 1527 1528
1527 1526 1529
1530 1523 1525
1528 1530 1525
1530 1528 1531
1526 1523 1532
1532 1533 1526
1526 1533 1529
1533 1532 1534
1535 1536 1537
1536 1535 1538
1539 1535 1537
1540 1541 1542
1543 1544 1545
1546 1547 1548
1547 1546 1549
1550 1549 1546
1549 1550 1551
1550 1051 1551
1051 1550 1061
1550 1552 1061
1552 1553 1061
1554 1553 1552
1552 1550 1555
1555 1554 1552
1550 1556 1555
1556 1550 1546
1548 1556 1546
1557 1555 1556
1558 1557 1556
1556 1548 1558
1557 1558 1559
1560 1557 1559
1557 1560 1561
1555 1557 1562
1554 1555 1562
1562 1557 1561
1562 1561 1563
1562 1563 1564
1554 1562 1565
1564 1565 1562
1559 1566 1560
1566 1559 1558
1566 1558 1548
1547 1566 1548
1567 1568 1569
1568 1567 1570
1570 1571 1568
1571 1570 1572
1569 1573 1567
1571 1574 1568
1574 1569 1568
1574 1571 1575
1576 1574 1575
1577 1574 1576
1574 1577 1578
1577 1573 1578
1569 1574 1578
1573 1569 1578
1579 1576 1575
1580 1570 1567
1573 1580 1567
1570 1580 1581
1570 1581 1582
1570 1582 1583
1583 1572 1570
1582 1584 1583
883 1585 1586
1586 1587 883
1588 1587 1586
1588 1589 1587
1589 1588 1590
873 1589 1590
869 883 1587
1587 872 869
872 1587 1589
865 872 1589
873 865 1589
882 1585 883
1591 1592 1593
1593 1594 1591
1595 1591 1594
1591 1595 1596
1597 1591 1596
1591 1597 1592
1594 1593 1598
1595 1594 1599
1594 1600 1599
1600 1594 1601
1595 1599 1602
1600 1603 1599
1603 1602 1599
1593 1604 1598
1604 1593 1605
1593 1606 1605
1606 1593 1592
1597 1596 1607
1595 1607 1596
1608 1605 1606
1605 1608 1609
1608 1610 1609
1605 1611 1604
1605 1609 1611
1610 1611 1609
1610 1612 1611
1612 1604 1611
1604 1612 1613
1613 1598 1604
1603 1614 1602
1614 1603 1615
1615 1616 1614
1616 1615 1617
1618 1616 1617
1598 1613 1619
1619 1594 1598
1594 1619 1601
1620 1621 1622
1622 1621 1623
1624 1620 1622
1623 1624 1622
1620 1624 1625
1626 1625 1624
1624 1623 1627
1627 1628 1624
1629 1630 1631
1630 1629 1632
1630 1633 1631
1633 1630 1634
1631 1635 1629
1635 1631 1636
1633 1636 1631
1637 1635 1636
1637 1636 1638
1636 1633 1638
1630 1632 1639
537 538 553
1640 1641 1642
1641 1640 1643
1644 1640 1642
1640 1644 1645
1646 1644 1642
1646 1642 1641
1643 1640 1647
1640 1648 1647
1645 1648 1640
1643 1647 1649
1649 1647 1650
1649 1650 1651
1648 1645 1652
1645 1653 1652
1654 1652 1653
1374 1360 1359
1361 1374 1359
1655 1656 1657
1658 1656 1655
954 1658 1655
1656 1658 1659
1658 1660 1659
1660 1658 951
1658 954 951
951 1661 1660
1661 951 1662
1663 1661 1662
1661 1663 1664
1661 1664 1665
1666 1665 1664
1665 1666 1667
1666 1668 1667
1669 1668 1666
1664 1669 1666
1669 1664 1663
1667 1668 1670
1671 1667 1670
1667 1671 1665
1672 1665 1671
1665 1672 1673
1661 1665 1673
1674 1673 1672
1673 1674 1675
1676 1675 1674
1675 1676 1677
1678 1677 1676
1673 1675 1679
1659 1679 1675
1673 1679 1661
1660 1679 1659
1679 1660 1661
1680 1681 1682
1683 1681 1680
1683 1684 1681
1681 1684 1685
1686 1687 1688
1687 1686 1689
1690 1686 1688
1691 1690 1688
1691 1688 1687
1686 1690 1692
1686 1693 1689
1694 1689 1693
1689 1694 1695
1695 1694 1696
1697 1695 1696
1697 1696 1698
1699 1700 1701
1702 1700 1699
1702 1699 1703
1704 1702 1703
1702 1704 1705
1706 1702 1705
1707 1706 1705
1705 1704 1708
1705 1709 1707
1709 1705 1708
1708 1710 1709
1710 1708 1711
1712 1710 1711
1706 1713 1702
1700 1702 1713
1714 1715 1716
1717 1716 1715
1718 992 1719
992 1718 990
1009 1718 1719
1009 1719 1000
1000 1719 992
1005 820 821
820 1005 819
1720 1721 1722
1720 1722 1723
1724 1723 1722
1722 1725 1724
1726 1727 1728
1727 1726 1729
1730 1728 1727
1728 1730 1731
1730 1732 1731
1732 1730 1733
1734 1733 1730
1727 1734 1730
1733 1734 1735
1734 1727 1736
1736 1727 1729
1737 1736 1729
1738 1729 1726
1729 1738 1739
1739 1737 1729
1738 1740 1739
1740 1738 1741
1742 1740 1741
1740 1742 1743
1739 1744 1737
1744 1739 1740
1740 1745 1744
1745 1740 1743
1733 1746 1732
1746 1733 1747
1735 1747 1733
1747 1748 1746
1748 1747 1749
1749 1750 1748
1750 1749 1751
1751 1752 1750
1752 1751 1753
1754 1753 1751
1753 1754 1755
1751 1756 1754
1756 1751 1749
1756 1749 1747
1735 1756 1747
1757 1758 1759
1759 1758 1760
1761 1757 1759
1757 1761 1762
1763 1762 1761
1762 1763 1764
1761 1765 1763
1765 1761 1766
1766 1759 1760
1759 1766 1761
1767 1763 1765
1763 1767 1768
1768 1764 1763
1764 1768 1769
1770 1768 1767
1768 1770 1771
1771 1769 1768
1772 1771 1770
1771 1772 1773
1774 1771 1773
1771 1774 1775
1769 1771 1775
1776 1775 1774
1775 1776 1777
1778 1777 1776
1777 1778 1779
1780 1779 1778
1779 1780 1781
1780 1782 1781
1782 1780 1783
1784 1774 1773
1774 1784 1785
1776 1786 1778
1786 1776 1787
1774 1787 1776
1787 1774 1785
1788 1773 1772
1773 1788 1784
1778 1789 1780
1789 1778 1786
1780 1790 1783
1790 1780 1789
1791 1781 1782
1781 1791 1792
1793 1792 1791
1793 1791 1794
1794 1795 1793
1795 1796 1793
1792 1793 1796
1796 1795 1797
1798 1796 1797
1796 1798 1799
1799 1792 1796
1797 1800 1798
1800 1797 1801
1795 1801 1797
1801 1795 1802
1803 1802 1795
1795 1794 1803
1802 1803 1804
1800 1805 1798
1805 1800 1806
1807 1798 1805
1798 1807 1799
1808 1806 1800
1801 1808 1800
1806 1808 1809
1808 1810 1809
1810 1808 1811
1812 1811 1808
1808 1801 1812
1811 1812 1813
1812 1814 1813
1814 1812 1815
1801 1815 1812
1815 1801 1802
1815 1816 1814
1816 1815 1817
1817 1802 1804
1802 1817 1815
1813 1818 1811
1814 1818 1813
1818 1814 1816
1818 1810 1811
1807 1819 1799
1792 1799 1819
1819 1781 1792
1781 1819 1779
1820 1779 1819
1819 1821 1820
1821 1819 1822
1822 1823 1821
1823 1822 1824
1825 1821 1823
1821 1825 1826
1826 1820 1821
1820 1826 1827
1827 1777 1820
1779 1820 1777
1777 1827 1775
1824 1828 1823
1828 1824 1829
1829 1830 1828
1830 1829 1831
1832 1828 1830
1828 1832 1833
1833 1823 1828
1823 1833 1825
1831 1834 1830
1834 1831 1835
1835 1836 1834
1836 1835 1837
1838 1834 1836
1834 1838 1839
1839 1830 1834
1830 1839 1832
1837 1840 1836
1836 1840 1838
1841 1842 1843
1844 1842 1841
1845 1844 1841
1843 1845 1841
1844 1845 1846
1847 1846 1845
1848 1847 1845
1845 1843 1848
1847 1848 1849
1849 1850 1847
1850 1851 1847
1846 1847 1851
1851 1850 1852
1853 1852 1850
1852 1853 1854
1850 1855 1853
1855 1850 1856
1850 1849 1856
1857 1854 1853
1854 1857 1858
1859 1858 1857
1858 1859 1860
1857 1861 1859
1861 1857 1862
1862 1853 1855
1853 1862 1857
1863 1860 1859
1860 1863 1864
1865 1859 1861
1859 1865 1863
1866 1863 1865
1863 1866 1867
1867 1864 1863
1868 1867 1866
1867 1868 1869
1869 1870 1867
1864 1867 1870
1870 1869 1871
1872 1869 1868
1869 1872 1873
1873 1871 1869
1871 1873 1874
1875 1876 1877
1876 1875 1878
1879 1876 1878
1877 1880 1875
1880 1877 1881
1882 1880 1881
1882 1881 1883
1884 1881 1877
1881 1884 1883
1885 1884 1877
1884 1885 1886
1885 1887 1886
1888 1889 1890
1889 1888 1891
1889 1892 1890
1893 1891 1888
1894 1891 1893
1891 1894 1895
1896 1895 1894
1895 1896 1897
1898 1897 1896
1897 1898 1899
1898 1900 1899
1900 1901 1899
1901 1900 1902
1903 1902 1900
1902 1903 1904
1905 1901 1902
1901 1905 1906
1906 1905 1907
1907 1908 1906
1908 1907 1909
1910 1908 1909
1908 1910 1911
1902 1912 1905
1912 1902 1904
1910 1913 1911
1904 1914 1912
1914 1904 1915
1915 1916 1914
1916 1915 1917
1915 1918 1917
1918 1915 1919
1904 1919 1915
1920 1916 1917
1918 1920 1917
1919 1904 1903
1921 1922 1923
1923 1922 1924
1924 1922 1925
1925 1926 1924
1927 1921 1923
1921 1927 1928
1927 1929 1928
1929 1927 1930
1930 1931 1929
1931 1930 1932
1932 1933 1931
1933 1932 1934
1934 1935 1933
1935 1934 1936
1937 1936 1934
1938 1937 1934
1937 1938 1939
1940 1939 1938
1939 1940 1941
1940 1942 1941
1942 1940 1943
1936 1937 1944
1938 1945 1940
1934 1945 1938
1945 1934 1932
1930 1945 1932
1930 1946 1945
1946 1940 1945
1947 1942 1943
1948 1935 1936
1944 1948 1936
1935 1948 1949
1950 1949 1948
1951 1950 1948
1948 1944 1951
1950 1951 1952
1949 1950 1953
1952 1954 1950
1950 1954 1953
1955 1956 1957
1956 1958 1957
1959 1958 1956
1958 1959 1960
1959 1961 1960
1961 1962 1960
1962 1958 1960
1962 1961 1963
1961 1959 1964
1961 1964 1965
1965 1963 1961
1958 1962 1966
1967 1968 1969
1968 1967 1970
1970 1971 1968
1971 1970 1972
1973 1972 1970
1967 1973 1970
1972 1973 1974
1975 1972 1974
1975 1971 1972
1973 1967 1976
1977 1978 1979
1979 1978 1980
1980 1978 1981
1981 1978 1982
1982 1978 1983
1983 1978 1984
1984 1978 1985
1985 1978 1986
1986 1978 1987
1987 1978 1988
1988 1978 1989
1989 1978 1990
1990 1978 1991
1991 1978 1992
1992 1978 1993
1993 1978 1994
1995 1979 1980
1979 1995 1996
1996 1977 1979
1977 1996 1997
1980 1998 1995
1998 1980 1981
1981 1999 1998
1999 1981 1982
1982 2000 1999
2000 1982 1983
1983 2001 2000
2001 1983 1984
1984 2002 2001
2002 1984 1985
1986 2002 1985
2002 1986 2003
1987 2003 1986
2003 1987 2004
1988 2004 1987
2004 1988 2005
1989 2005 1988
2005 1989 2006
1990 2006 1989
2006 1990 2007
1991 2007 1990
2007 1991 2008
1992 2008 1991
2008 1992 2009
1993 2009 1992
2009 1993 2010
1994 2010 1993
2010 1994 2011
2012 2011 1994
1994 1978 2012
2012 1978 2013
2013 1978 2014
2014 1978 1977
2011 2012 2015
2013 2015 2012
2015 2013 2016
2014 2016 2013
2016 2014 2017
2014 1997 2017
1997 2014 1977
2018 2019 2020
2020 2019 2021
2021 2019 2022
2022 2019 2023
2023 2019 2024
2024 2019 2025
2025 2019 2026
2026 2019 2027
2027 2019 2028
2028 2019 2029
2029 2019 2030
2030 2019 2031
2031 2019 2032
2032 2019 2033
2033 2019 2034
2034 2019 2035
2035 2019 2036
2036 2019 2018
2037 2038 2039
2038 2040 2039
2040 2041 2039
2041 2042 2039
2042 2043 2039
2043 2044 2039
2044 2045 2039
2045 2046 2039
2046 2047 2039
2047 2048 2039
2048 2049 2039
2049 2050 2039
2050 2051 2039
2051 2052 2039
2052 2053 2039
2053 2054 2039
2054 2055 2039
2055 2037 2039
2056 2057 2058
2057 2059 2058
2058 2059 2060
2059 2061 2060
2061 2059 2062
2059 2063 2062
2063 2059 2057
2063 2057 2064
2064 2065 2063
2065 2064 2066
2063 2067 2062
2066 2068 2065
2067 2063 2069
2063 2065 2069
2065 2070 2069
2058 2060 2071
2065 2072 2070
2065 2068 2072
2068 2073 2072
2074 2075 2076
2074 2076 2077
2077 2078 2074
2079 2078 2077
2077 2076 2080
2076 2081 2080
2077 2080 2082
2082 2079 2077
2079 2083 2078
2083 2084 2078
2084 2085 2078
2085 2086 2078
2078 2086 2074
2086 2085 2087
2087 2085 2088
2088 2085 2089
2085 2090 2089
2084 2090 2085
2088 2089 2091
2092 2093 2094
2093 2092 2095
2093 2096 2094
2097 2094 2096
2096 2093 2098
2094 2099 2092
2100 2095 2092
2099 2100 2092
2098 2101 2096
2101 2097 2096
2102 2094 2097
2102 2103 2094
2094 2103 2099
2102 2104 2103
2104 2099 2103
2104 2102 2105
2097 2105 2102
2106 2093 2095
2095 2107 2106
2108 2106 2107
2106 2108 2109
2108 2110 2109
2110 2108 2111
2111 2098 2110
2093 2106 2109
2110 2093 2109
2093 2110 2098
2112 2113 2114
2115 2114 2113
2116 2113 2112
2113 2116 2117
2118 2113 2117
2113 2118 2115
2119 2120 2121
2122 2123 2124
2123 2122 2125
2125 2126 2123
2126 2125 2127
2128 2124 2123
2124 2128 2129
2128 2130 2129
2130 2128 2131
2128 2132 2131
2132 2128 2133
2123 2133 2128
2133 2123 2126
2122 2134 2125
2134 2127 2125
2134 2122 2135
2136 2134 2135
2134 2136 2137
2138 2137 2136
2137 2138 2139
2139 2140 2137
2140 2139 2141
2137 2142 2134
2142 2137 2140
2127 2134 2142
2139 2143 2141
2143 2139 2144
2144 2145 2143
2145 2144 2146
2146 2147 2145
2147 2146 2148
2148 2149 2147
2149 2148 2150
2151 2150 2148
2146 2151 2148
2150 2151 2152
2151 2146 2153
2154 2146 2144
2146 2154 2153
2139 2154 2144
2154 2139 2138
2155 2156 2157
2156 2155 2158
2158 2159 2156
2159 2158 2160
2160 2161 2159
2161 2160 2162
2157 2163 2155
2163 2157 2164
2164 2165 2163
2165 2164 2166
2166 2167 2165
2167 2166 2168
2168 2169 2167
2169 2168 2170
2171 2169 2170
2169 2171 2172
2173 2172 2171
2172 2173 2174
2175 2174 2173
2174 2175 2176
2177 2178 2179
2178 2177 2180
2181 2177 2179
2177 2181 2182
2178 2183 2179
2183 2178 2184
2185 2183 2184
2183 2185 2186
2187 2183 2186
2183 2187 2188
2179 2188 2181
2188 2179 2183
2189 2180 2177
2182 2189 2177
2180 2189 2190
2191 2190 2189
2190 2191 2192
2191 2193 2192
2193 2191 2194
2195 2194 2191
2194 2195 2196
2191 2197 2195
2197 2191 2189
2189 2182 2197
2194 2198 2193
2198 2194 2199
2196 2199 2194
2199 2200 2198
2200 2199 2201
2201 2202 2200
2202 2201 2203
2201 2204 2203
2204 2201 2205
2199 2205 2201
2203 2206 2202
2206 2203 2207
2208 2203 2204
2203 2208 2207
2205 2199 2209
2199 2196 2209
2210 2211 2212
2211 2210 2213
2214 2212 2211
2212 2214 2215
2216 2215 2214
2215 2216 2217
2218 2213 2210
2213 2218 2219
2220 2219 2218
2219 2220 2221
2222 2221 2220
2221 2222 2223
2224 2223 2222
2223 2224 2225
2224 2226 2225
2226 2224 2227
2227 2228 2226
2228 2227 2229
2229 2230 2228
2230 2229 2231
2232 2233 2234
2233 2232 2235
2234 2236 2232
2236 2234 2237
2237 2238 2236
2238 2237 2239
2235 2240 2233
2240 2235 2241
2241 2242 2240
2242 2241 2243
2243 2244 2242
2244 2243 2245
2245 2246 2244
2246 2245 2247
2247 2248 2246
2248 2247 2249
2234 2250 2237
2250 2239 2237
2239 2250 2251
2248 2252 2246
2252 2244 2246
2252 2248 2253
2244 2252 2254
2255 2244 2254
2244 2255 2242
2255 2240 2242
2240 2255 2256
2250 2234 2257
2234 2258 2257
2258 2234 2233
2258 2240 2256
2240 2258 2233
2259 2260 2261
2262 2260 2259
2263 2260 2262
2264 2260 2263
2265 2260 2264
2266 2260 2265
2267 2260 2266
2261 2260 2267
2268 2269 2270
2269 2268 2271
2271 2272 2269
2272 2271 2273
2273 2274 2272
2274 2273 2275
2276 2274 2275
2274 2276 2277
2278 2277 2276
2277 2278 2279
2280 2279 2278
2279 2280 2281
2282 2281 2280
2281 2282 2283
2284 2283 2282
2283 2284 2285
2286 2284 2282
2280 2286 2282
2284 2286 2287
2286 2280 2288
2278 2288 2280
2288 2278 2289
2276 2289 2278
2289 2276 2290
2275 2290 2276
2290 2275 2291
2275 2292 2291
2292 2275 2273
2273 2293 2292
2293 2273 2271
2271 2294 2293
2294 2271 2268
2295 2296 2297
2296 2295 2298
2299 2297 2296
2297 2299 2300
2301 2300 2299
2300 2301 2302
2303 2302 2301
2302 2303 2304
2305 2298 2295
2298 2305 2306
2307 2306 2305
2306 2307 2308
2309 2308 2307
2308 2309 2310
2311 2310 2309
2310 2311 2312
2305 2313 2307
2313 2309 2307
2313 2305 2314
2305 2315 2314
2315 2305 2295
2297 2315 2295
2315 2297 2316
2309 2313 2317
2318 2309 2317
2309 2318 2311
2297 2319 2316
2319 2297 2300
2302 2319 2300
2319 2302 2320
2302 2321 2320
2321 2302 2304
2322 2323 2324
2325 2322 2324
2326 2325 2324
2327 2326 2324
2328 2327 2324
2329 2328 2324
2330 2329 2324
2323 2330 2324
2331 2332 2333
2332 2331 2334
2335 2334 2331
2334 2335 2336
2337 2336 2335
2336 2337 2338
2337 2339 2338
2339 2337 2340
2340 2341 2339
2341 2340 2342
2342 2343 2341
2343 2342 2344
2344 2345 2343
2345 2344 2346
2346 2347 2345
2347 2346 2348
2347 2349 2345
2349 2343 2345
2349 2347 2350
2343 2349 2351
2351 2341 2343
2341 2351 2352
2352 2339 2341
2339 2352 2353
2353 2338 2339
2338 2353 2354
2355 2338 2354
2338 2355 2336
2356 2336 2355
2336 2356 2334
2357 2334 2356
2334 2357 2332
2358 2359 2360
2359 2361 2360
2361 2359 2362
2361 2362 2363
2363 2362 2364
2358 2365 2359
2365 2366 2359
2367 2364 2366
2365 2367 2366
2364 2367 2368
2364 2368 2369
2363 2364 2369
2370 2363 2369
2363 2370 2371
2372 2371 2370
2371 2372 2373
2367 2365 2374
2365 2375 2374
2375 2365 2376
2377 2375 2376
2375 2377 2378
2377 2379 2378
2380 2379 2377
2380 2381 2379
2381 2380 2382
2382 2383 2381
2383 2382 2384
2380 2377 2385
2386 2380 2385
2387 2386 2385
2386 2387 2388
2358 2388 2387
2387 2376 2365
2358 2387 2365
2389 2390 2391
2390 2389 2392
2390 2393 2391
2393 2390 2394
2394 2395 2393
2395 2394 2396
2397 2395 2396
2395 2397 2398
2399 2398 2397
2398 2399 2400
2389 2401 2392
2401 2389 2402
2403 2401 2402
2401 2403 2404
2405 2404 2403
2404 2405 2406
2405 2407 2406
2407 2405 2408
2408 2409 2407
2409 2408 2410
2411 2412 2413
2412 2411 2414
2413 2415 2411
2415 2413 2416
2417 2415 2416
2415 2417 2418
2419 2418 2417
2418 2419 2420
2421 2420 2419
2420 2421 2422
2423 2412 2414
2412 2423 2424
2425 2424 2423
2424 2425 2426
2425 2427 2426
2427 2425 2428
2428 2429 2427
2429 2428 2430
2431 2429 2430
2429 2431 2432
2433 2434 2435
2433 2436 2434
2436 2437 2434
2436 2438 2437
2439 2434 2437
2434 2439 2440
2439 2441 2440
2434 2440 2442
2434 2442 2435
2443 2437 2438
2437 2443 2439
2444 2439 2443
2439 2444 2441
2445 2441 2444
2445 2446 2441
2447 2446 2445
2446 2447 2448
2448 2447 2449
2446 2448 2450
2450 2441 2446
2441 2450 2451
2441 2452 2440
2441 2451 2452
2453 2440 2452
2448 2454 2450
2448 2455 2454
2455 2448 2456
2457 2450 2454
2454 2458 2457
2454 2459 2458
2450 2457 2460
2450 2460 2461
2448 2462 2456
2448 2463 2462
2448 2449 2463
2449 2464 2463
2465 2454 2455
2454 2465 2459
2465 2455 2466
2465 2466 2467
2465 2467 2468
2469 2459 2465
2465 2468 2469
2450 2461 2470
2470 2451 2450
2452 2451 2470
2470 2453 2452
2453 2471 2440
2440 2471 2442
2472 2473 2474
2474 2473 2475
2476 2472 2474
2477 2476 2474
2474 2478 2477
2478 2474 2479
2474 2475 2479
2479 2480 2478
2481 2478 2480
2480 2482 2481
2480 2483 2482
2480 2484 2483
2484 2480 2485
2484 2485 2486
2483 2487 2482
2487 2483 2488
2484 2488 2483
2489 2485 2480
2486 2485 2489
2479 2489 2480
2484 2490 2488
2484 2491 2490
2491 2484 2492
2490 2491 2493
2493 2494 2490
2495 2487 2488
2488 2496 2495
2496 2497 2495
2498 2488 2490
2488 2498 2499
2488 2499 2500
2488 2500 2496
2501 2498 2490
2494 2501 2490
2501 2502 2498
2501 2503 2502
2504 2503 2501
2505 2504 2501
2501 2494 2505
2506 2492 2484
2486 2506 2484
2489 2507 2486
2489 2479 2507
2479 2508 2507
2475 2508 2479
2509 2510 2511
2511 2510 2476
2477 2509 2511
2477 2511 2476
2509 2477 2478
2478 2481 2509
2512 2513 2514
2515 2516 2517
2518 2519 2520
2518 2521 2519
2521 2518 2522
2522 2523 2521
2518 2524 2522
2524 2518 2525
2526 2518 2520
2526 2527 2518
2524 2528 2522
2522 2528 2529
2529 2530 2522
2530 2529 2531
2531 2532 2530
2532 2531 2533
2532 2533 2534
2535 2526 2520
2535 2536 2526
2536 2537 2526
2537 2538 2526
2538 2539 2526
2539 2540 2526
2540 2541 2526
2541 2542 2526
2526 2542 2527
2522 2543 2544
2522 2545 2543
2523 2522 2544
2543 2545 2546
2545 2547 2546
2545 2548 2547
2548 2545 2549
2549 2550 2548
2551 2552 2553
2552 2551 2554
2555 2554 2551
2554 2555 2556
2556 2555 2557
2558 2555 2551
2551 2559 2558
2560 2559 2551
2561 2560 2551
2560 2561 2562
2563 2562 2561
2562 2563 2564
2565 2564 2563
2555 2558 2566
2566 2567 2555
2555 2568 2557
2568 2569 2557
2555 2570 2568
2570 2555 2571
2568 2570 2572
2568 2572 2573
2568 2573 2574
2568 2574 2575
2568 2575 2576
2568 2576 2577
2569 2568 2577
2578 2579 2580
2579 2578 2581
2582 2581 2578
2580 2579 2583
2579 2584 2583
2551 2584 2579
2584 2551 2553
2585 2586 2587
2588 2589 2590
2591 2592 2593
2592 2594 2593
2594 2595 2593
2595 2596 2593
2596 2597 2593
2597 2598 2593
2598 2599 2593
2599 2600 2593
2600 2601 2593
2601 2602 2593
2602 2603 2593
2603 2604 2593
2604 2605 2593
2605 2606 2593
2606 2607 2593
2607 2608 2593
2608 2609 2593
2609 2610 2593
2610 2611 2593
2611 2591 2593
2598 2612 2599
2612 2600 2599
2600 2612 2613
2613 2601 2600
2601 2613 2614
2614 2602 2601
2602 2614 2615
2615 2603 2602
2603 2615 2616
2616 2604 2603
2604 2616 2617
2617 2605 2604
2605 2617 2618
2618 2606 2605
2606 2618 2619
2619 2607 2606
2607 2619 2620
2620 2608 2607
2608 2620 2621
2621 2609 2608
2609 2621 2622
2622 2610 2609
2610 2622 2623
2623 2611 2610
2611 2623 2624
2625 2611 2624
2611 2625 2591
2626 2591 2625
2591 2626 2592
2627 2592 2626
2592 2627 2594
2628 2594 2627
2594 2628 2595
2629 2595 2628
2595 2629 2596
2630 2596 2629
2596 2630 2597
2631 2597 2630
2597 2631 2598
2612 2598 2631
2518 2632 2525
2633 2634 2635
2636 2637 2638
2639 2640 2641
2641 2640 2642
2643 2639 2641
2639 2643 2644
2645 2641 2642
2641 2645 2643
2646 2644 2643
2644 2646 2647
2648 2647 2646
2647 2648 2649
2646 2650 2648
2650 2646 2651
2651 2643 2645
2643 2651 2646
2652 2648 2650
2648 2652 2653
2653 2649 2648
2654 2653 2652
2653 2654 2655
2654 2656 2655
2656 2654 2657
2656 2658 2655
2658 2659 2655
2658 2656 2660
2656 2661 2660
2661 2656 2662
2657 2662 2656
2649 2653 2663
2655 2663 2653
2663 2655 2659
2662 2657 2664
2665 2666 2667
2668 2666 2665
2665 2669 2668
2669 2665 2670
2667 2670 2665
2670 2667 2671
2670 2672 2669
2672 2670 2673
2671 2673 2670
2673 2674 2672
2674 2673 2675
2676 2675 2673
2673 2671 2676
2675 2676 2677
2675 2678 2674
2678 2675 2679
2677 2679 2675
2679 2680 2678
2680 2679 2681
2681 2682 2680
2682 2681 2683
2681 2684 2683
2685 2683 2684
2683 2685 2686
2686 2682 2683
2684 2681 2687
2681 2688 2687
2679 2688 2681
2679 2677 2689
2688 2679 2689
2682 2686 2690
216 2691 2692
215 216 2692
2691 216 221
2693 2691 221
2694 2695 2696
2697 2694 2696
2696 2698 2697
2695 2699 2696
2700 2699 2695
2699 2700 2701
2700 2702 2701
2702 2703 2701
2698 2704 2697
2698 2705 2704
2706 2704 2705
2704 2706 2707
2708 2707 2706
2707 2708 2709
2710 2709 2708
2711 2712 2713
2712 2711 2714
2712 2715 2713
2716 2714 2711
2716 2711 2717
2717 2711 2718
2713 2718 2711
2715 2719 2713
2718 2713 2720
2720 2713 2719
2721 2718 2720
2718 2721 2722
2721 2723 2722
2723 2721 2724
2725 2724 2721
2724 2725 2726
2727 2721 2720
2721 2727 2725
2720 2719 2727
2724 2728 2723
2728 2724 2729
2726 2729 2724
2730 2723 2728
2723 2730 2731
2732 2723 2731
2723 2732 2722
2733 2730 2728
2729 2733 2728
2730 2733 2734
2733 2735 2734
2735 2733 2736
2736 2737 2735
2738 2737 2736
2737 2738 2739
2738 2740 2739
2736 2741 2738
2741 2736 2733
2733 2729 2741
2738 2741 2740
2741 2742 2740
2741 2729 2742
2729 2726 2742
2743 2722 2732
2722 2743 2718
2717 2718 2743
2744 2745 2746
2744 2747 2745
2744 2748 2747
2749 2747 2748
2747 2749 2750
2751 2749 2748
2748 2744 2752
2751 2748 2752
2753 2754 2755
2754 2753 2756
2753 2755 2757
2755 2758 2757
2757 2758 2759
2760 2761 2762
2761 2760 2763
2761 2764 2762
2765 2763 2760
2766 2767 2768
2767 2766 2769
2770 2768 2767
2768 2770 2771
2769 2766 2772
2766 2773 2772
2773 2766 2774
2768 2774 2766
2774 2768 2775
2771 2775 2768
2775 2771 2776
2771 2777 2776
2777 2771 2778
2771 2770 2778
2779 2772 2773
2780 2772 2779
2769 2772 2780
2774 2781 2773
2781 2774 2782
2774 2783 2782
2783 2774 2775
2776 2783 2775
2783 2776 2784
2777 2784 2776
2784 2777 2785
2773 2786 2779
2786 2773 2781
2786 2787 2779
2787 2788 2779
2788 2780 2779
2789 2790 2791
2791 2790 2792
2793 2789 2791
2792 2793 2791
2789 2793 2794
2793 2792 2795
2796 2794 2793
2795 2796 2793
2794 2796 2797
2798 2797 2796
2799 2798 2796
2796 2795 2799
2798 2799 2800
2800 2801 2798
2802 2798 2801
2798 2802 2803
2797 2798 2803
2801 2800 2804
2805 2806 2807
2806 2805 2808
2809 2806 2808
2806 2809 2810
2811 2810 2809
2809 2812 2811
2810 2811 2813
2811 2814 2813
2812 2814 2811
2812 2815 2814
2816 2814 2815
2814 2816 2817
2816 2818 2817
2817 2818 2819
2819 2814 2817
2814 2819 2820
2814 2820 2813
2813 2820 2821
2822 2823 2824
2824 2823 2825
2826 2822 2824
2825 2826 2824
2822 2826 2827
2826 2825 2828
2829 2830 2831
2830 2832 2831
2830 2833 2832
2833 2834 2832
2834 2833 2835
2836 2835 2833
2830 2836 2833
2835 2836 2837
2838 2837 2836
2838 2839 2837
2840 2841 2842
2843 2844 2845
2844 2843 2846
2846 2847 2844
2847 2846 2848
2845 2849 2843
2849 2845 2850
2848 2851 2847
2851 2848 2852
2853 2849 2850
2849 2853 2854
2848 2855 2852
2855 2848 2856
2857 2848 2846
2848 2857 2856
2858 2846 2843
2846 2858 2857
2859 2843 2849
2843 2859 2858
2849 2860 2859
2860 2849 2854
2861 2860 2854
2861 2854 2853
2862 2863 2864
2863 2862 2865
2866 2865 2862
2865 2866 2867
2868 2867 2866
2867 2868 2869
2870 2869 2868
2866 2871 2868
2870 2868 2871
2871 2866 2872
2862 2872 2866
2872 2862 2873
2864 2873 2862
2873 2864 2874
2875 995 1007
2875 1001 995
1120 2876 1121
2876 2877 1121
1121 2877 1101
1101 2878 1112
2879 2880 2881
2881 2882 2879
2881 2883 2882
2884 2885 2886
2884 2886 2887
2884 2887 2888
2887 2889 2888
2889 2887 2890
2886 2890 2887
2890 2886 2891
2885 2891 2886
2891 2892 2890
2892 2891 2893
2891 2885 2894
2891 2894 2895
2891 2895 2893
2896 2893 2895
2895 2894 2897
2896 2895 2897
2898 2896 2897
2899 2889 2890
2900 2899 2890
2890 2892 2900
2900 2901 2899
303 316 2902
303 2902 301
1045 2903 1044
2903 1045 1047
2904 2905 2906
2905 2904 2907
2907 2908 2905
2908 2907 2909
2906 2910 2904
2910 2906 2911
2912 2913 2914
2913 2912 2915
2913 2916 2914
2916 2913 2917
2918 2916 2917
2919 2920 2921
2922 2919 2921
2920 2923 2921
2923 2924 2921
2922 2921 2924
2924 2925 2922
2926 2924 2923
2926 2925 2924
2927 2928 2929
2929 2928 2930
2931 2932 2933
2932 2931 2934
2935 2933 2932
2933 2935 2936
2937 2936 2935
2936 2937 2938
2939 2940 2941
2940 2939 2942
2940 2943 2941
2943 2940 2944
2939 2945 2942
2946 2947 2948
2949 2947 2946
2950 2951 2952
2952 2953 2950
2953 2952 2954
2955 2953 2954
2956 2951 2950
2956 2950 2957
2953 2957 2950
2955 2957 2953
2958 2959 2960
403 421 406
2961 2962 2963
2961 2964 2962
2965 2964 2961
2964 2965 2966
2967 2966 2965
2966 2967 2968
2969 2968 2967
2968 2969 2970
2971 2970 2969
2970 2971 2972
295 2972 2971
2972 295 2973
294 2973 295
294 302 2973
2438 2974 2443
2436 2974 2438
2975 2976 2977
2978 2976 2979
