byte offset: 0
first index: 45258
index count: 1827
topology: trianglelist
format: DXGI_FORMAT_R16_UINT

13072 13073 13074
13073 13072 13075
13073 13076 13074
13077 13078 13079
13078 13077 13080
13077 13081 13080
13081 13077 13082
13083 13081 13082
13081 13083 13084
13083 13085 13084
13085 13083 13086
13087 13088 13089
13088 13087 13090
13089 13091 13087
13091 13089 13092
13093 13088 13090
13088 13093 13094
13095 13094 13093
13094 13095 13096
13097 13098 13099
13098 13097 13100
13097 13101 13100
13101 13102 13100
13103 13102 13101
13102 13103 13104
13105 13103 13101
13103 13105 13106
13105 13107 13106
13107 13105 13108
13109 13107 13108
13107 13109 13110
13110 13109 13111
13111 13104 13110
13104 13111 13102
13098 13112 13099
13112 13098 13113
13112 13113 13114
13114 13113 13115
13115 13116 13114
13116 13115 13117
13116 13118 13114
13118 13116 13119
13120 13118 13119
13118 13120 13121
13122 13111 13109
13111 13122 13123
13124 13117 13115
13125 13124 13115
13126 13124 13125
13124 13126 13127
13120 13127 13121
13124 13127 13128
13117 13124 13128
13127 13120 13128
13123 13102 13111
13129 13130 13131
13130 13129 13132
13129 13133 13132
13133 13134 13132
13135 13132 13134
13132 13135 13136
13132 13137 13130
13137 13132 13136
13136 13138 13137
13138 13136 13139
13136 13140 13139
13140 13136 13135
13130 13141 13131
13141 13130 13142
13141 13142 13143
13143 13142 13144
13142 13145 13144
13145 13142 13146
13146 13130 13137
13130 13146 13142
13147 13137 13138
13137 13147 13146
13148 13146 13147
13146 13148 13145
13147 13149 13148
13149 13147 13150
13138 13150 13147
13150 13138 13151
13139 13151 13138
13150 13152 13149
13152 13150 13153
13154 13152 13153
13155 13154 13153
13155 13150 13151
13150 13155 13153
13154 13155 13156
13152 13154 13157
13158 13156 13155
13156 13158 13159
13158 13160 13159
13160 13158 13161
13159 13162 13156
13162 13154 13156
13162 13159 13163
13159 13164 13163
13164 13159 13160
13154 13162 13165
13165 13157 13154
13157 13165 13166
13167 13161 13158
13155 13167 13158
13161 13167 13168
13167 13155 13151
13151 13139 13167
13139 13168 13167
13168 13139 13140
13169 13170 13171
13170 13169 13172
13173 13174 13175
13176 13173 13175
13176 13175 13177
13178 13176 13177
13176 13178 13179
13178 13180 13179
13180 13178 13181
13181 13182 13180
13182 13181 13183
13184 13182 13183
13182 13184 13185
13186 13185 13184
13185 13186 13187
13188 13189 13190
13189 13188 13191
13192 13193 13194
13193 13192 13195
13196 13197 13198
13197 13196 13199
13200 13201 13202
13201 13200 13203
13204 13205 13206
13205 13204 13207
13208 13209 13210
13210 13211 13208
13211 13210 13212
13213 13214 13215
13214 13213 13216
13217 13218 13219
13218 13217 13220
13220 13221 13218
13221 13220 13222
13223 13221 13222
13221 13223 13224
13225 13224 13223
13224 13225 13226
13225 13227 13226
13227 13225 13228
13228 13229 13227
13229 13228 13230
13231 13232 13233
13232 13231 13234
13235 13236 13237
13236 13235 13238
13239 13240 13241
13240 13239 13242
13243 13244 13245
13244 13243 13246
13247 13248 13249
13248 13247 13250
13251 13252 13253
13252 13254 13253
13255 13252 13251
13251 13256 13255
13256 13251 13257
13257 13258 13256
13258 13257 13259
13260 13252 13255
13252 13260 13261
13261 13262 13252
13252 13262 13254
13262 13261 13263
13263 13264 13262
13264 13263 13265
13266 13264 13265
13264 13266 13267
13255 13268 13260
13268 13255 13256
13256 13258 13269
13269 13268 13256
13265 13270 13266
13270 13265 13271
13263 13271 13265
13271 13263 13272
13273 13263 13261
13263 13273 13272
13274 13261 13260
13261 13274 13273
13275 13260 13268
13260 13275 13274
13275 13268 13276
13268 13269 13277
13278 13268 13277
13268 13278 13279
13280 13266 13270
13266 13280 13281
13266 13281 13267
13270 13282 13280
13282 13270 13283
13271 13283 13270
13283 13284 13282
13284 13283 13285
13286 13285 13283
13283 13271 13286
13272 13286 13271
13285 13286 13287
13288 13287 13286
13287 13288 13289
13289 13290 13287
13290 13289 13291
13289 13292 13291
13292 13289 13293
13288 13293 13289
13293 13294 13292
13294 13293 13295
13295 13296 13294
13296 13295 13297
13293 13288 13298
13298 13295 13293
13295 13298 13299
13299 13297 13295
13297 13299 13300
13287 13301 13285
13301 13287 13290
13302 13301 13290
13301 13302 13303
13304 13302 13290
13292 13304 13291
13290 13291 13304
13302 13304 13305
13306 13305 13304
13304 13292 13306
13294 13306 13292
13305 13306 13307
13308 13307 13306
13306 13294 13308
13307 13308 13309
13310 13309 13308
13309 13310 13311
13300 13312 13297
13313 13297 13312
13297 13313 13296
13296 13311 13310
13311 13296 13313
13301 13284 13285
13284 13301 13303
13310 13308 13294
13310 13294 13296
13314 13312 13315
13315 13316 13314
13316 13315 13317
13318 13317 13315
13315 13312 13318
13317 13318 13319
13312 13314 13320
13312 13300 13318
13275 13318 13300
13300 13274 13275
13274 13300 13299
13299 13273 13274
13273 13299 13298
13298 13272 13273
13272 13298 13288
13286 13272 13288
13318 13275 13276
13279 13319 13318
13319 13279 13278
13320 13321 13322
13322 13321 13323
13321 13324 13323
13324 13321 13325
13326 13323 13324
13323 13326 13327
13328 13327 13326
13327 13328 13329
13329 13330 13327
13330 13329 13331
13331 13332 13330
13332 13331 13333
13333 13334 13332
13334 13333 13335
13335 13336 13334
13336 13335 13337
13338 13337 13335
13337 13338 13339
13340 13337 13339
13337 13340 13341
13341 13336 13337
13336 13341 13342
13342 13343 13336
13343 13334 13336
13343 13342 13344
13344 13345 13343
13345 13344 13346
13334 13343 13347
13347 13332 13334
13332 13347 13348
13346 13349 13345
13349 13346 13350
13351 13345 13349
13345 13351 13352
13343 13352 13347
13352 13343 13345
13352 13351 13353
13353 13347 13352
13347 13353 13348
13354 13348 13353
13348 13354 13355
13330 13348 13355
13348 13330 13332
13355 13327 13330
13327 13355 13323
13354 13323 13355
13323 13354 13322
13356 13357 13358
13357 13356 13359
13359 13360 13357
13360 13359 13361
13362 13360 13361
13360 13362 13363
13364 13358 13357
13360 13364 13357
13358 13364 13365
13364 13360 13366
13363 13366 13360
13366 13363 13367
13368 13367 13363
13367 13368 13369
13370 13369 13368
13369 13370 13371
13372 13371 13370
13371 13372 13373
13374 13365 13364
13366 13374 13364
13365 13374 13375
13374 13366 13376
13367 13376 13366
13377 13374 13376
13374 13377 13378
13378 13375 13374
13379 13378 13377
13380 13379 13377
13379 13380 13381
13382 13381 13380
13381 13382 13383
13384 13383 13382
13383 13384 13385
13386 13385 13384
13385 13386 13387
13378 13379 13388
13388 13389 13378
13375 13378 13389
13389 13388 13390
13377 13391 13380
13391 13377 13376
13380 13392 13382
13392 13380 13391
13393 13382 13392
13382 13393 13384
13384 13394 13386
13394 13384 13393
13391 13369 13392
13369 13391 13367
13376 13367 13391
13371 13392 13369
13392 13371 13393
13393 13373 13394
13373 13393 13371
13395 13390 13388
13390 13395 13396
13397 13396 13395
13395 13398 13397
13399 13397 13398
13397 13399 13400
13400 13401 13397
13396 13397 13401
13401 13400 13402
13403 13399 13398
13399 13403 13404
13405 13404 13403
13404 13405 13406
13407 13406 13405
13406 13407 13408
13409 13408 13407
13408 13409 13410
13398 13395 13411
13398 13412 13403
13412 13398 13411
13403 13413 13405
13413 13403 13412
13405 13414 13407
13414 13405 13413
13415 13407 13414
13407 13415 13409
13411 13381 13412
13381 13411 13379
13411 13388 13379
13388 13411 13395
13412 13383 13413
13383 13412 13381
13413 13385 13414
13385 13413 13383
13387 13414 13385
13414 13387 13415
13410 13416 13408
13417 13408 13416
13416 13418 13417
13419 13417 13418
13417 13419 13420
13421 13420 13419
13420 13421 13422
13423 13422 13421
13422 13423 13424
13418 13416 13425
13426 13425 13416
13425 13426 13427
13424 13423 13428
13423 13429 13428
13423 13430 13429
13423 13431 13430
13421 13431 13423
13402 13424 13428
13424 13402 13400
13400 13422 13424
13422 13400 13399
13422 13404 13420
13404 13422 13399
13406 13420 13404
13420 13406 13417
13408 13417 13406
13427 13432 13425
13432 13427 13433
13433 13434 13432
13435 13432 13434
13432 13435 13436
13434 13433 13437
13433 13438 13437
13438 13433 13439
13438 13440 13437
13427 13439 13433
13439 13427 13441
13427 13442 13441
13436 13425 13432
13425 13436 13418
13443 13418 13436
13436 13435 13443
13435 13444 13443
13443 13444 13445
13418 13443 13419
13445 13419 13443
13419 13445 13421
13431 13421 13445
13446 13431 13445
13444 13446 13445
13431 13446 13430
13447 13448 13449
13448 13450 13449
13450 13448 13451
13451 13452 13450
13452 13451 13453
13449 13362 13447
13362 13449 13454
13450 13454 13449
13454 13450 13455
13452 13455 13450
13455 13452 13456
13456 13370 13455
13370 13456 13372
13368 13455 13370
13455 13368 13454
13363 13454 13368
13454 13363 13362
13362 13457 13447
13457 13362 13361
13457 13361 13359
13458 13459 13460
13461 13460 13459
13460 13461 13462
13463 13462 13461
13462 13463 13464
13458 13465 13459
13466 13465 13458
13466 13467 13465
13467 13459 13465
13467 13466 13338
13335 13467 13338
13467 13335 13333
13333 13468 13467
13459 13467 13468
13468 13461 13459
13468 13333 13331
13331 13469 13468
13461 13468 13469
13469 13463 13461
13469 13331 13329
13329 13470 13469
13463 13469 13470
13470 13329 13328
13339 13338 13466
13471 13472 13473
13472 13474 13473
13474 13472 13475
13475 13476 13474
13475 13477 13476
13478 13477 13475
13477 13478 13479
13478 13480 13479
13480 13478 13481
13481 13482 13480
13481 13483 13482
13481 13484 13483
13473 13485 13471
13485 13473 13486
13486 13487 13485
13488 13485 13487
13485 13488 13489
13487 13490 13488
13490 13487 13491
13492 13490 13491
13490 13492 13493
13494 13492 13491
13492 13494 13495
13496 13491 13487
13491 13496 13494
13487 13486 13496
13497 13493 13492
13495 13497 13492
13493 13497 13498
13499 13498 13497
13498 13499 13500
13501 13499 13497
13497 13495 13501
13499 13501 13502
13503 13500 13499
13502 13503 13499
13500 13503 13504
13505 13504 13503
13504 13505 13506
13503 13507 13505
13507 13503 13508
13503 13502 13508
13509 13505 13507
13509 13506 13505
13506 13509 13510
13509 13507 13511
13507 13512 13511
13513 13511 13512
13511 13513 13514
13514 13509 13511
13515 13514 13513
13514 13515 13516
13516 13517 13514
13509 13514 13517
13517 13516 13518
13519 13515 13513
13512 13519 13513
13519 13512 13520
13520 13521 13519
13521 13520 13522
13523 13521 13522
13524 13522 13520
13522 13524 13525
13525 13523 13522
13520 13526 13524
13526 13520 13512
13512 13507 13526
13523 13525 13527
13259 13528 13258
13528 13259 13529
13529 13530 13528
13530 13529 13531
13532 13530 13531
13530 13533 13528
13533 13258 13528
13258 13533 13269
13532 13534 13530
13534 13532 13535
13535 13536 13534
13537 13534 13536
13534 13537 13538
13530 13534 13538
13533 13539 13269
13539 13540 13269
13533 13541 13539
13541 13533 13530
13530 13542 13541
13542 13530 13538
13543 13541 13542
13543 13542 13538
13537 13543 13538
13541 13543 13544
13539 13544 13540
13544 13539 13541
13416 13410 13426
13321 13320 13314
13314 13325 13321
13325 13314 13316
13545 13546 13547
13548 13545 13547
13545 13548 13549
13550 13551 13552
13551 13550 13553
13552 13554 13550
13484 13555 13556
13471 13489 13557
13489 13471 13485
