byte offset: 0
first index: 0
index count: 9933
topology: trianglelist
format: DXGI_FORMAT_R16_UINT

0 1 2
1 3 2
2 3 4
4 5 2
5 6 2
6 7 2
7 0 2
3 8 4
9 0 7
10 9 7
11 9 10
12 11 10
11 12 13
14 11 13
11 15 9
11 14 15
15 16 9
15 17 16
15 18 17
14 18 15
18 19 17
20 17 19
21 20 19
21 19 22
23 21 22
23 22 24
25 23 24
26 25 24
27 26 24
28 26 27
29 17 20
17 29 16
30 29 20
26 28 31
32 26 31
25 26 32
33 23 25
34 33 25
34 25 32
33 34 35
36 33 35
33 36 37
38 33 37
33 38 23
37 36 39
36 40 39
40 41 39
41 42 39
41 43 42
43 44 42
43 45 44
45 46 44
46 45 47
48 46 47
46 48 49
48 50 49
51 49 50
52 51 50
53 52 50
54 52 53
54 55 52
55 56 52
51 52 56
56 55 57
58 53 50
58 50 48
58 59 53
56 57 60
61 60 57
62 60 61
63 62 61
61 64 63
65 56 60
65 51 56
60 62 65
62 66 65
66 67 65
67 51 65
67 68 51
68 49 51
46 49 68
44 46 68
69 62 63
70 69 63
64 70 63
71 70 64
64 72 71
73 71 72
74 73 72
75 67 66
76 75 66
69 76 62
76 66 62
75 77 67
77 68 67
44 68 77
42 44 77
73 78 71
78 70 71
78 79 70
79 69 70
79 80 69
80 76 69
80 81 76
81 75 76
77 75 82
75 81 82
42 77 82
83 79 78
84 83 78
78 73 84
83 85 79
85 80 79
86 85 83
87 86 83
85 88 80
88 81 80
88 85 86
82 81 89
81 88 89
90 89 88
91 90 88
91 88 86
87 83 92
83 84 92
92 84 93
94 92 93
93 95 94
95 96 94
96 95 97
91 30 90
30 20 90
86 87 98
99 86 98
30 91 99
91 86 99
98 87 100
87 92 100
95 93 74
93 73 74
73 93 84
95 74 101
97 95 101
94 102 92
102 100 92
94 96 102
102 103 100
103 104 100
104 99 98
100 104 98
104 105 99
30 99 105
102 106 103
102 107 106
107 108 106
108 109 106
108 110 109
110 111 109
112 111 110
104 103 8
103 106 8
106 109 8
3 104 8
3 105 104
3 1 105
96 107 102
96 113 107
113 108 107
113 114 108
114 110 108
113 115 114
116 114 115
117 116 115
112 110 118
114 116 118
114 118 110
109 4 8
109 111 4
111 5 4
111 119 5
111 120 119
112 120 111
5 119 121
6 5 121
122 117 115
96 97 113
113 97 123
113 123 115
115 123 122
6 121 124
6 124 125
126 6 125
7 6 126
7 126 127
128 7 127
10 7 128
10 128 129
130 10 129
12 10 130
13 12 130
131 13 130
132 13 131
133 13 132
133 132 134
135 133 134
136 133 135
137 133 136
138 137 136
136 135 139
140 136 139
136 140 138
141 137 138
142 141 138
22 141 142
24 22 142
24 142 143
27 24 143
141 22 19
18 141 19
141 18 137
18 14 137
144 27 143
144 143 145
145 146 144
147 146 145
146 147 148
149 146 148
150 147 145
149 148 151
152 149 151
147 153 148
148 153 154
154 151 148
154 155 151
147 156 153
151 155 157
157 152 151
146 149 158
146 158 144
28 144 158
149 159 158
28 158 159
149 152 159
145 160 150
160 140 150
147 150 161
140 162 150
162 163 150
161 150 163
140 164 162
31 28 159
140 160 138
138 160 142
160 143 142
143 160 145
159 165 31
165 166 31
165 167 166
168 167 165
169 167 168
167 170 166
167 169 170
166 170 171
170 172 171
170 173 172
170 169 173
173 169 174
173 175 172
173 176 175
173 174 176
176 177 175
35 171 172
178 35 172
178 172 175
36 35 178
40 36 178
179 178 175
177 180 175
180 179 175
177 181 180
181 182 180
181 183 182
183 181 184
183 184 185
185 184 186
187 183 185
188 186 184
189 188 184
181 189 184
181 177 189
177 176 189
189 176 188
176 190 188
174 190 176
179 191 178
178 191 40
191 41 40
192 193 157
157 193 152
168 152 193
168 165 152
152 165 159
194 58 48
195 194 48
47 195 48
38 21 23
21 38 90
90 38 89
38 37 89
89 37 39
82 89 39
39 42 82
20 21 90
196 147 161
147 196 156
28 27 144
35 34 171
34 32 171
166 171 32
31 166 32
120 112 197
9 16 0
16 1 0
16 29 1
29 105 1
29 30 105
140 139 164
13 133 14
133 137 14
198 199 200
199 201 200
201 199 202
199 203 202
198 204 199
204 203 199
204 205 203
205 206 203
206 207 203
203 207 202
208 206 205
209 208 205
210 208 209
211 210 209
212 210 211
210 212 213
214 210 213
215 213 212
216 215 212
216 212 217
212 218 217
218 212 211
219 215 216
220 219 216
220 216 221
216 217 221
220 221 222
223 220 222
223 224 220
224 219 220
225 219 224
224 223 226
227 226 223
227 223 222
227 228 226
229 215 219
230 215 229
230 229 231
232 230 231
233 230 232
234 233 232
233 234 235
235 236 233
236 237 233
234 238 235
231 229 239
219 239 229
219 225 239
230 233 213
233 237 213
236 235 240
235 241 240
235 238 241
240 241 242
241 243 242
243 241 244
238 244 241
245 243 244
242 243 246
243 245 246
230 213 215
247 248 206
206 248 207
206 208 247
247 208 210
214 247 210
249 250 251
251 250 252
249 251 253
251 254 253
254 251 255
251 252 255
253 254 256
254 257 256
254 255 257
256 257 258
255 259 257
257 259 260
257 260 258
260 261 258
261 262 258
259 263 260
260 263 264
263 265 264
265 266 264
262 261 267
267 261 268
267 268 269
268 270 269
269 270 271
272 271 270
273 274 275
274 276 275
273 277 274
277 278 274
278 277 279
278 280 274
280 276 274
280 278 281
282 280 281
282 281 283
283 281 284
285 282 283
286 281 278
278 279 286
284 281 286
279 287 286
286 287 288
284 286 288
289 285 290
291 289 290
285 292 290
293 294 295
295 296 293
296 295 297
298 296 297
297 299 298
299 300 298
299 297 301
301 302 299
302 303 299
299 303 304
299 304 300
297 305 301
297 295 305
295 294 305
300 304 306
307 306 304
308 303 302
309 303 308
310 311 312
312 311 313
310 312 314
315 310 314
314 312 316
312 313 316
317 315 314
318 317 314
314 316 318
317 318 319
318 320 319
319 320 321
320 318 322
318 323 322
316 323 318
324 322 323
324 325 322
322 325 326
326 325 327
328 329 330
330 329 331
328 330 332
330 333 332
331 334 330
334 333 330
333 334 335
333 335 332
334 336 335
336 337 335
337 338 335
337 339 338
339 340 338
339 341 340
341 342 340
340 342 343
342 344 343
343 345 340
345 338 340
335 338 346
338 345 346
335 346 332
344 342 347
342 341 347
348 344 347
347 349 348
341 350 347
347 350 351
352 347 351
347 352 349
349 352 353
352 351 353
354 355 356
357 354 356
358 357 356
359 354 357
357 358 360
360 361 357
362 358 356
358 362 363
360 358 364
358 363 364
359 357 365
357 361 365
359 365 366
365 367 366
367 368 366
368 369 366
370 368 367
371 370 367
365 371 367
361 371 365
370 372 368
373 368 372
373 369 368
373 374 369
373 375 374
376 375 373
373 377 376
373 378 377
373 379 378
373 372 379
379 372 380
379 380 381
378 379 381
380 382 381
382 380 383
380 384 383
383 384 385
385 384 386
380 387 384
387 386 384
380 372 387
385 386 388
386 389 388
387 389 386
388 389 390
391 385 388
388 390 391
390 389 371
389 387 370
371 389 370
392 385 391
391 393 392
392 394 385
392 395 394
396 395 392
392 393 396
395 396 397
397 396 398
398 396 393
397 398 399
399 398 400
400 398 401
401 363 400
390 371 402
391 402 393
390 402 391
371 361 402
402 361 403
393 403 398
403 401 398
402 403 393
403 360 401
361 360 403
360 364 401
401 364 363
404 405 406
406 405 407
408 406 407
409 406 408
410 409 408
404 411 405
406 409 412
413 406 412
404 406 413
413 412 414
412 415 414
416 414 415
417 416 415
414 418 413
418 419 413
404 413 419
419 418 420
418 414 421
414 416 421
416 422 421
422 423 421
421 423 424
422 416 425
416 417 425
425 417 426
417 415 426
415 412 426
412 409 426
409 410 426
427 428 429
429 428 430
428 431 430
430 431 432
433 432 431
434 433 431
435 433 434
435 436 433
435 437 436
436 438 433
427 429 439
440 441 442
441 443 442
441 440 444
445 441 444
446 440 442
447 446 442
448 446 447
448 449 446
446 449 440
449 444 440
441 450 443
451 450 441
443 450 452
452 453 443
454 455 456
455 457 456
457 458 456
455 454 459
454 460 459
459 460 461
462 463 464
463 465 464
463 466 465
466 467 465
468 462 464
469 468 464
468 469 470
471 472 473
472 474 473
472 471 475
476 472 475
477 476 475
478 477 475
476 477 479
480 476 479
472 476 481
476 480 481
481 474 472
482 474 481
475 483 478
483 475 471
483 484 478
485 471 473
485 483 471
483 485 486
484 483 486
485 487 486
487 485 473
488 489 490
489 491 490
492 490 491
488 490 493
494 488 493
492 495 490
489 488 496
488 497 496
494 498 488
498 497 488
496 497 499
497 498 499
492 491 500
501 502 503
504 502 501
504 501 505
506 504 505
507 508 509
508 510 509
511 507 509
512 513 514
513 515 514
516 513 512
516 517 513
517 518 513
515 513 518
519 518 517
519 520 518
520 521 518
521 515 518
520 519 522
523 520 522
519 524 522
524 519 517
524 525 522
526 516 512
526 512 527
512 514 527
528 529 530
528 531 529
532 528 530
533 532 530
532 534 528
529 535 530
536 537 538
538 537 539
539 537 540
541 539 540
540 542 541
542 543 541
542 540 544
540 545 544
540 537 545
543 542 546
542 544 546
547 543 546
541 543 547
548 541 547
539 541 548
549 539 548
539 549 550
537 551 545
552 551 537
553 554 555
554 556 555
554 553 557
558 556 554
554 559 558
554 557 559
557 553 560
555 561 553
561 562 553
560 553 562
555 563 561
556 564 555
564 563 555
556 558 564
563 564 565
564 566 565
566 564 558
563 565 567
565 568 567
569 567 568
570 571 572
571 573 572
571 570 574
570 575 574
574 575 576
577 574 576
572 573 578
579 580 578
580 579 581
582 580 581
581 583 582
583 584 582
583 585 584
585 586 584
585 587 586
587 588 586
587 589 588
587 590 589
589 591 588
591 589 592
593 594 595
594 596 595
597 593 595
594 598 596
598 599 596
599 598 600
601 602 603
602 604 603
605 604 602
606 605 602
604 605 607
605 608 607
605 606 609
606 610 609
607 611 604
604 611 612
613 604 612
613 614 604
604 614 603
614 613 615
610 606 616
606 617 616
617 606 618
606 602 618
618 602 619
602 601 619
616 617 620
617 618 620
618 619 620
621 622 623
622 624 623
621 623 625
623 626 625
625 626 627
628 625 627
627 626 629
626 630 629
630 626 631
626 623 631
621 632 622
632 633 622
632 621 634
621 625 634
625 628 634
628 635 634
633 632 636
632 634 636
634 635 636
637 638 639
638 640 639
637 639 641
642 637 641
639 643 641
643 639 640
643 644 641
645 641 644
646 645 644
647 643 640
647 640 648
640 638 648
649 650 651
651 650 652
650 653 652
654 653 650
653 655 652
652 655 656
657 652 656
651 652 657
658 650 649
659 660 661
660 662 661
663 660 659
664 663 659
661 662 665
664 666 663
667 666 664
668 669 670
669 671 670
668 670 672
673 668 672
668 673 674
675 668 674
668 675 669
675 676 669
673 677 674
672 677 673
669 676 678
676 679 678
678 679 680
678 680 681
671 669 681
669 678 681
680 682 681
679 683 680
684 680 683
682 680 684
685 684 683
684 685 686
687 684 686
684 687 688
688 682 684
687 689 688
690 689 687
691 690 687
692 691 687
687 686 692
691 692 693
690 694 689
695 696 697
696 698 697
695 697 699
700 695 699
698 696 701
702 698 701
703 700 699
704 703 699
705 703 704
706 707 708
707 709 708
709 710 708
710 711 708
708 711 706
711 710 712
713 711 712
711 713 714
715 711 714
711 715 706
716 717 718
717 719 718
717 716 720
716 721 720
719 717 722
723 719 722
722 717 724
717 720 724
722 724 725
726 722 725
716 718 727
718 728 727
729 730 731
730 732 731
730 733 732
733 734 732
733 735 734
735 736 734
735 733 737
738 735 737
736 735 739
735 738 739
739 740 736
736 740 734
741 730 729
730 741 742
730 742 733
733 742 737
740 743 734
729 731 744
744 731 745
746 747 748
747 749 748
747 746 750
750 746 751
746 748 752
753 746 752
751 746 753
752 754 753
749 747 755
755 756 749
756 757 749
748 749 757
757 756 758
759 757 758
759 748 757
760 759 758
752 748 760
748 759 760
761 760 758
760 761 752
761 754 752
747 762 755
762 747 763
764 765 766
765 767 766
768 766 767
769 768 767
765 764 770
764 771 770
769 767 772
773 769 772
774 773 772
765 775 767
775 772 767
771 764 776
777 771 776
777 776 778
776 779 778
766 779 764
779 776 764
779 780 778
768 780 766
780 779 766
780 768 781
782 780 781
780 782 778
772 775 783
774 772 783
784 785 786
786 785 787
788 786 787
787 785 789
785 790 789
791 790 785
788 787 792
792 793 788
793 794 788
788 794 795
793 792 796
792 797 796
787 797 792
797 798 796
797 787 798
787 789 798
798 789 799
800 798 799
798 800 796
801 802 803
804 801 803
805 801 804
805 806 801
806 807 801
808 805 804
806 805 809
805 810 809
805 808 810
809 810 811
810 812 811
808 812 810
801 807 813
814 815 816
817 816 815
818 817 815
819 817 818
820 819 818
819 820 821
822 823 824
823 822 825
826 823 825
826 825 827
828 829 830
829 831 830
831 829 832
833 831 832
834 833 832
829 835 832
835 829 836
829 837 836
837 829 828
838 837 828
830 831 839
831 833 839
839 833 840
833 834 840
837 841 836
841 842 836
843 842 841
844 845 846
847 845 844
848 847 844
849 847 848
846 845 850
845 851 850
850 851 852
851 853 852
847 853 845
853 851 845
853 854 852
849 854 847
854 853 847
844 855 848
856 855 844
857 858 859
858 860 859
859 860 861
862 863 864
865 862 864
866 865 864
865 866 867
866 868 867
867 868 869
870 871 872
870 872 873
871 870 874
875 871 874
875 874 876
877 878 879
879 880 877
880 881 877
881 880 882
883 884 885
884 886 885
884 883 887
884 887 888
889 884 888
884 889 886
888 890 889
890 891 889
891 890 892
893 891 892
893 894 891
894 895 891
896 894 893
897 894 896
894 897 898
898 895 894
895 898 899
900 896 893
896 900 901
896 901 897
900 893 902
902 893 892
901 903 897
903 901 904
901 900 905
905 904 901
906 904 905
904 906 907
907 903 904
905 900 908
900 902 908
907 909 903
909 907 910
910 911 909
910 907 912
907 906 913
912 907 913
908 914 905
905 914 906
914 915 906
906 915 913
915 916 913
912 913 916
912 916 917
917 916 918
915 919 916
916 919 918
918 919 920
920 919 921
920 921 922
922 923 920
915 924 919
924 921 919
915 914 924
914 925 924
914 908 925
908 902 925
902 892 925
892 926 925
892 890 926
890 927 926
890 888 927
888 928 927
888 887 928
883 929 887
929 883 930
931 929 930
930 932 931
932 933 931
932 934 933
934 935 933
932 930 936
932 936 934
930 937 936
930 883 937
883 885 937
937 885 938
939 937 938
936 937 939
940 938 885
886 940 885
886 941 940
889 941 886
941 889 891
895 941 891
899 941 895
941 899 940
942 936 939
936 943 934
943 936 942
944 934 943
944 943 945
945 943 942
934 944 935
946 947 948
947 949 948
948 950 946
950 951 946
951 950 952
950 953 952
953 954 952
952 954 955
956 952 955
956 951 952
957 956 955
957 955 958
959 957 958
955 960 958
954 960 955
960 961 958
959 958 962
958 961 962
961 963 962
963 964 962
963 965 964
964 965 966
967 964 966
967 966 968
969 967 968
969 968 970
970 971 969
969 972 967
973 972 969
974 973 969
974 975 973
972 976 967
967 976 964
976 977 964
977 978 964
969 979 974
969 971 979
973 975 980
962 978 959
964 978 962
981 982 983
983 984 981
981 984 949
981 949 982
984 985 949
949 985 948
985 986 948
948 986 950
986 953 950
949 947 982
987 988 989
990 988 987
987 989 991
991 989 992
991 992 993
992 994 993
992 995 994
995 992 996
992 989 996
989 997 996
988 998 989
989 998 997
999 998 988
990 999 988
990 1000 999
998 1001 997
1002 1003 1004
1005 1003 1002
1005 1002 1006
1005 1006 1007
1008 1005 1007
1008 1007 1009
1010 1008 1009
1011 1010 1009
1012 1011 1009
1013 1011 1012
1014 1013 1012
1013 1014 1015
1014 1016 1015
1017 1015 1016
1011 1013 1018
1010 1011 1018
1018 1013 1019
1019 1013 1020
1013 1015 1020
1015 1021 1020
1017 1021 1015
1022 1010 1018
1023 1024 1025
1004 1026 1027
1027 1026 1028
1027 1028 1029
1027 1029 1030
1030 1029 1031
1031 1029 1032
1004 1003 1026
1033 1034 1035
1034 1036 1035
1034 1033 1037
1034 1037 1038
1038 1037 1039
1036 1040 1035
1041 1042 1043
1042 1044 1043
1042 1045 1044
1046 1045 1042
1045 1046 1047
1046 1048 1047
1049 1048 1046
1048 1049 1050
1051 1048 1050
1052 1048 1051
1053 1052 1051
1051 1050 1054
1055 1051 1054
1053 1051 1055
1048 1052 1056
1048 1056 1047
1057 1053 1055
1057 1055 1058
1055 1054 1058
1047 1056 1059
1056 1060 1059
1061 1059 1060
1062 1061 1060
1063 1061 1062
1064 1063 1062
1049 1065 1066
1065 1067 1066
1066 1067 1068
1067 1069 1068
1070 1068 1069
1046 1065 1049
1071 1072 1046
1072 1073 1046
1073 1072 1074
1075 1073 1074
1075 1074 1076
1077 1075 1076
1078 1077 1076
1046 1042 1071
1079 1080 1081
1080 1082 1081
1080 1079 1083
1079 1084 1083
1081 1082 1085
1082 1086 1085
1087 1085 1086
1088 1089 1090
1089 1091 1090
1090 1091 1092
1091 1093 1092
1092 1093 1094
1093 1095 1094
1096 1089 1088
1097 1096 1088
1091 1089 1098
1093 1091 1098
1089 1099 1098
1093 1100 1095
1100 1093 1098
1100 1101 1095
1101 1102 1095
1095 1102 1094
1096 1103 1089
1103 1099 1089
1104 1103 1096
1105 1104 1096
1097 1105 1096
1106 1107 1108
1106 1108 1109
1109 1108 1110
1111 1112 1113
1114 1115 1116
1117 1118 1119
1120 1121 1122
1122 1121 1123
1124 1125 1126
1125 1127 1126
1127 1125 1128
1129 1127 1128
1129 1128 1130
1131 1129 1130
1131 1130 1132
1130 1133 1132
1126 1127 1134
1135 1126 1134
1134 1127 1136
1136 1127 1137
1127 1129 1137
1137 1129 1138
1129 1131 1138
1138 1131 1139
1131 1132 1139
1140 1139 1132
1133 1140 1132
1126 1135 1141
1124 1126 1141
1135 1142 1141
1124 1141 1143
1143 1141 1144
1145 1143 1144
1145 1144 1146
1147 1145 1146
1147 1146 1148
1149 1150 1151
1150 1152 1151
1153 1150 1149
1154 1153 1149
1155 1153 1154
1156 1155 1154
1155 1156 1157
1158 1155 1157
1149 1151 1159
1151 1160 1159
1159 1161 1149
1154 1149 1162
1149 1161 1162
1156 1154 1163
1154 1162 1163
1157 1156 1164
1156 1163 1164
1165 1157 1164
1158 1157 1165
1152 1166 1151
1160 1151 1166
1167 1160 1166
1152 1168 1166
1166 1168 1169
1168 1170 1169
1169 1170 1171
1170 1172 1171
1172 1173 1171
1168 1152 1174
1175 1176 1174
1176 1177 1174
1178 1177 1179
1180 1178 1179
1181 1178 1180
1182 1183 1184
1185 1184 1183
1186 1185 1183
1186 1187 1185
1188 1187 1186
1188 1186 1183
1189 1188 1183
1189 1183 1190
1190 1183 1191
1191 1183 1182
1192 1193 1194
1193 1195 1194
1194 1196 1192
1196 1197 1192
1192 1197 1198
1197 1199 1198
1198 1199 1200
1199 1201 1200
1198 1202 1192
1202 1193 1192
1200 1202 1198
1196 1194 1203
1194 1195 1203
1204 1205 1206
1205 1204 1207
1208 1205 1207
1209 1208 1207
1209 1210 1208
1211 1212 1213
1212 1214 1213
1215 1211 1213
1214 1216 1217
1216 1218 1217
1219 1217 1218
1220 1221 1222
1221 1223 1222
1223 1224 1222
1224 1223 1225
1226 1224 1225
1224 1226 1222
1226 1227 1222
1227 1228 1222
1228 1229 1222
1229 1220 1222
1230 1231 1232
1231 1233 1232
1234 1232 1233
1235 1234 1233
1235 1233 1236
1237 1235 1236
1237 1236 1238
1239 1237 1238
1231 1240 1233
1240 1236 1233
1238 1236 1240
1234 1241 1232
1232 1241 1230
1242 1243 1244
1244 1245 1242
1246 1245 1244
1247 1245 1246
1247 1246 1248
1249 1250 1251
1250 1252 1251
1251 1252 1253
1252 1254 1253
1250 1249 1255
1249 1256 1255
1256 1257 1255
1257 1258 1255
1258 1257 1259
1260 1258 1259
1259 1261 1260
1261 1262 1260
1262 1261 1263
1264 1265 1266
1265 1267 1266
1266 1267 1268
1269 1265 1264
1270 1269 1264
1269 1270 1271
1272 1269 1271
1271 1273 1272
1273 1274 1272
1274 1273 1275
1276 1277 1278
1277 1279 1278
1280 1277 1276
1281 1280 1276
1280 1281 1282
1281 1283 1282
1282 1283 1284
1283 1285 1284
1284 1285 1286
1285 1287 1286
1286 1287 1288
1289 1278 1279
1290 1289 1279
1291 1292 1293
1291 1293 1294
1294 1293 1295
1293 1296 1295
1293 1292 1296
1295 1296 1297
1296 1298 1297
1299 1297 1298
1300 1299 1298
1300 1298 1301
1302 1300 1301
1303 1300 1302
1304 1303 1302
1303 1304 1305
1306 1303 1305
1301 1298 1307
1298 1296 1307
1292 1307 1296
1299 1300 1308
1300 1303 1308
1303 1306 1308
1306 1309 1308
1306 1310 1309
1305 1310 1306
1305 1311 1310
1311 1312 1310
1310 1313 1309
1310 1312 1313
1314 1315 1316
1317 1314 1316
1315 1314 1318
1319 1315 1318
1319 1318 1320
1321 1319 1320
1322 1320 1318
1323 1322 1318
1317 1323 1314
1323 1318 1314
1324 1320 1322
1324 1321 1320
1324 1325 1321
1326 1324 1322
1324 1327 1325
1324 1326 1327
1326 1328 1327
1327 1329 1325
1327 1330 1329
1328 1330 1327
1328 1331 1330
1330 1331 1332
1332 1333 1330
1330 1333 1329
1334 1333 1332
1332 1331 1335
1336 1337 1338
1337 1336 1339
1338 1340 1336
1338 1337 1341
1341 1337 1342
1343 1342 1337
1337 1339 1343
1344 1341 1342
1341 1344 1345
1346 1341 1345
1345 1347 1346
1347 1348 1346
1341 1346 1349
1349 1350 1340
1349 1346 1350
1351 1340 1350
1351 1336 1340
1352 1351 1350
1353 1350 1346
1346 1348 1353
1344 1342 1354
1342 1355 1354
1355 1342 1356
1342 1343 1356
1354 1355 1357
1354 1357 1358
1359 1354 1358
1354 1359 1344
1359 1345 1344
1358 1360 1359
1360 1361 1359
1355 1362 1357
1355 1363 1362
1355 1356 1363
1359 1361 1345
1361 1347 1345
1360 1358 1364
1358 1365 1364
1358 1357 1365
1357 1366 1365
1357 1362 1366
1362 1367 1366
1367 1362 1368
1362 1363 1368
1364 1365 1369
1365 1370 1369
1365 1366 1370
1369 1370 1371
1370 1372 1371
1372 1370 1373
1370 1374 1373
1366 1374 1370
1375 1373 1374
1376 1375 1374
1367 1376 1366
1376 1374 1366
1377 1375 1376
1378 1377 1376
1368 1378 1367
1378 1376 1367
1371 1372 1379
1380 1371 1379
1373 1381 1372
1381 1379 1372
1375 1382 1373
1382 1381 1373
1377 1383 1375
1383 1382 1375
1381 1382 1384
1384 1382 1383
1380 1379 1385
1379 1381 1385
1381 1384 1385
1386 1387 1388
1387 1389 1388
1390 1386 1388
1391 1390 1388
1389 1387 1392
1393 1389 1392
1386 1390 1394
1390 1395 1394
1387 1386 1396
1386 1394 1396
1392 1387 1397
1387 1396 1397
1397 1396 1398
1396 1394 1399
1394 1395 1399
1398 1396 1399
1391 1388 1400
1400 1388 1389
1401 1391 1400
1401 1400 1402
1403 1401 1402
1402 1404 1403
1405 1404 1402
1405 1406 1404
1405 1407 1406
1407 1405 1408
1407 1408 1409
1410 1409 1408
1411 1410 1408
1412 1400 1413
1414 1412 1413
1415 1412 1414
1416 1415 1414
1415 1416 1417
1416 1418 1417
1418 1416 1419
1414 1413 1420
1421 1414 1420
1419 1416 1422
1422 1416 1423
1423 1414 1421
1423 1416 1414
1418 1419 1424
1420 1413 1393
1413 1389 1393
1413 1400 1389
1418 1425 1417
1426 1425 1418
1424 1426 1418
1424 1427 1426
1428 1429 1430
1429 1431 1430
1430 1431 1432
1431 1433 1432
1434 1429 1428
1432 1433 1435
1433 1436 1435
1435 1436 1437
1436 1438 1437
1437 1438 1439
1351 1440 1336
1440 1441 1336
1440 1442 1441
1339 1336 1441
1352 1350 1443
1350 1353 1443
1043 1444 1041
1445 1446 1447
1447 1448 1445
1449 1448 1447
1445 1450 1446
1451 1446 1450
1451 1450 1452
1450 1453 1452
1452 1453 1454
1453 1455 1454
1451 1456 1446
1453 1450 1457
1450 1445 1457
1455 1453 1458
1453 1457 1458
1458 1459 1455
1455 1459 1454
1460 1461 1462
1461 1463 1462
1462 1463 1464
1465 1462 1464
1466 1461 1460
1467 1466 1460
1468 1466 1467
1469 1470 1471
1469 1471 1472
1471 1473 1472
1472 1473 1474
1473 1475 1474
1476 1474 1475
1477 1476 1475
1478 1476 1477
1479 1478 1477
1480 1481 1482
1482 1481 1483
1481 1484 1483
1485 1483 1484
1486 1485 1484
1487 1485 1486
1488 1487 1486
1489 1490 1491
1490 1489 1492
1493 1490 1492
1489 1491 1494
1495 1494 1491
1494 1495 1496
1497 1494 1496
1497 1496 1498
1499 1497 1498
1495 1491 1500
1489 1494 1501
1494 1497 1501
1501 1497 1502
1497 1499 1502
1502 1499 1503
1499 1498 1503
1504 1505 1506
1505 1507 1506
1508 1504 1506
1509 1508 1506
1505 1510 1507
1510 1511 1507
1512 1511 1510
1513 1514 1515
1514 1513 1516
1517 1514 1516
1517 1516 1518
1519 1517 1518
1518 1520 1519
1520 1521 1519
1522 1521 1520
1523 1521 1522
1524 1525 1526
1526 1525 1527
1528 1526 1527
1527 1529 1528
1529 1530 1528
1530 1529 1531
1532 1530 1531
1533 1534 1535
1534 1536 1535
1533 1537 1534
1538 1537 1533
1539 1537 1538
1539 1538 1540
1538 1533 1540
1533 1535 1540
1541 1539 1540
1541 1540 1542
1543 1541 1542
1535 1544 1540
1544 1542 1540
1535 1536 1544
1544 1545 1542
1542 1545 1543
1546 1545 1544
1536 1546 1544
1547 1548 1549
1549 1550 1547
1550 1551 1547
1552 1550 1549
1553 1552 1549
1553 1549 1554
1554 1549 1548
1555 1554 1548
1556 1553 1554
1557 1556 1554
1558 1557 1554
1558 1554 1555
1556 1559 1553
1559 1552 1553
1559 1560 1552
1560 1561 1552
1552 1561 1562
1550 1562 1551
1552 1562 1550
1559 1563 1560
1560 1563 1564
1559 1565 1563
1565 1559 1556
1565 1566 1563
1556 1567 1565
1567 1556 1568
1558 1568 1557
1556 1557 1568
1568 1569 1567
1560 1564 1570
1564 1563 1571
1564 1572 1570
1573 1570 1572
1573 1572 1574
1575 1573 1574
1564 1576 1572
1571 1576 1564
1577 1576 1571
1576 1577 1578
1576 1578 1572
1578 1574 1572
1575 1574 1578
1579 1575 1578
1579 1578 1580
1578 1581 1580
1578 1577 1581
1581 1577 1582
1577 1583 1582
1571 1583 1577
1571 1584 1583
1571 1563 1584
1563 1566 1584
1585 1581 1582
1580 1581 1585
1586 1583 1584
1587 1583 1586
1583 1587 1588
1583 1588 1582
1584 1589 1586
1582 1590 1585
1590 1582 1591
1588 1591 1582
1588 1592 1591
1591 1592 1593
1594 1591 1593
1590 1591 1594
1595 1592 1588
1596 1597 1598
1598 1599 1596
1597 1596 1600
1599 1601 1596
1601 1602 1596
1599 1603 1601
1603 1604 1601
1602 1601 1604
1605 1602 1604
1603 1606 1604
1606 1607 1604
1604 1607 1605
1607 1608 1605
1605 1608 1609
1609 1602 1605
1608 1610 1609
1611 1596 1602
1602 1609 1611
1610 1600 1611
1609 1610 1611
1596 1611 1600
1612 1613 1614
1614 1613 1615
1614 1615 1616
1617 1614 1616
1617 1618 1614
1612 1614 1618
1613 1619 1615
1620 1615 1619
1621 1620 1619
1612 1622 1613
1619 1613 1622
1619 1623 1621
1619 1622 1623
1624 1617 1616
1625 1624 1616
1616 1615 1625
1615 1620 1625
1624 1626 1617
1626 1627 1617
1617 1627 1618
1628 1629 1630
1629 1628 1631
1632 1629 1631
1633 1630 1629
1633 1634 1630
1630 1634 1635
1628 1630 1635
1636 1628 1635
1633 1637 1634
1638 1637 1633
1638 1633 1639
1639 1629 1632
1633 1629 1639
1640 1639 1632
1636 1641 1628
1641 1631 1628
1642 1631 1641
1631 1642 1632
1643 1642 1641
1643 1644 1642
1644 1645 1642
1632 1645 1640
1642 1645 1632
1644 1646 1645
1645 1646 1640
1640 1646 1647
1647 1648 1640
1648 1639 1640
1638 1639 1648
1649 1650 1651
1650 1652 1651
1653 1649 1651
1654 1651 1652
1655 1651 1654
1655 1653 1651
1656 1655 1654
1657 1656 1654
1655 1658 1653
1658 1655 1656
1658 1659 1653
1660 1654 1652
1657 1654 1660
1661 1658 1656
1661 1662 1658
1658 1662 1659
1663 1659 1662
1653 1659 1663
1664 1653 1663
1653 1664 1649
1665 1664 1663
1665 1666 1664
1649 1664 1666
1666 1667 1649
1649 1667 1650
1668 1669 1670
1669 1671 1670
1668 1670 1672
1673 1668 1672
1669 1668 1674
1668 1673 1675
1676 1668 1675
1674 1668 1676
1677 1674 1676
1675 1673 1678
1673 1672 1678
1672 1679 1678
1678 1679 1680
1681 1675 1678
1681 1678 1680
1682 1681 1680
1677 1676 1683
1676 1684 1683
1676 1675 1684
1683 1684 1685
1684 1686 1685
1681 1686 1675
1686 1684 1675
1686 1687 1685
1682 1687 1681
1687 1686 1681
1688 1679 1672
1672 1670 1688
1688 1670 1671
1689 1690 1691
1690 1692 1691
1692 1690 1693
1694 1692 1693
1695 1694 1693
1694 1695 1696
1691 1692 1696
1692 1694 1696
1695 1697 1696
1696 1697 1698
1697 1699 1698
1698 1700 1696
1700 1691 1696
1691 1700 1689
1700 1698 1701
1698 1699 1701
1702 1700 1701
1700 1702 1689
1703 1704 1705
1704 1703 1706
1706 1703 1707
1707 1703 1708
1706 1707 1709
1709 1707 1710
1708 1710 1707
1711 1710 1708
1709 1710 1712
1712 1710 1713
1710 1711 1713
1713 1711 1714
1711 1715 1714
1715 1711 1708
1714 1715 1716
1717 1708 1703
1708 1717 1715
1715 1717 1716
1718 1717 1703
1717 1718 1716
1705 1718 1703
1719 1720 1721
1719 1721 1722
1722 1721 1723
1723 1721 1724
1721 1725 1724
1725 1721 1720
1725 1720 1726
1727 1722 1723
1723 1728 1727
1728 1729 1727
1719 1722 1730
1727 1730 1722
1727 1729 1731
1727 1731 1730
1732 1724 1725
1733 1724 1732
1728 1723 1733
1723 1724 1733
1734 1725 1726
1732 1725 1734
1735 1736 1737
1735 1737 1738
1737 1739 1738
1740 1737 1736
1740 1736 1741
1736 1742 1741
1735 1742 1736
1743 1742 1735
1740 1741 1744
1745 1740 1744
1745 1746 1740
1746 1739 1737
1740 1746 1737
1747 1739 1746
1738 1748 1735
1748 1743 1735
1738 1749 1748
1738 1739 1749
1749 1750 1748
1750 1749 1751
1751 1749 1752
1739 1747 1752
1749 1739 1752
1751 1752 1753
1752 1747 1753
1747 1754 1753
1754 1747 1755
1755 1747 1746
1745 1755 1746
1756 1757 1758
1757 1759 1758
1758 1760 1756
1760 1761 1756
1762 1761 1760
1762 1760 1763
1763 1760 1764
1764 1760 1758
1764 1758 1765
1765 1758 1759
1765 1759 1766
1766 1767 1765
1768 1764 1765
1768 1763 1764
1769 1768 1765
1767 1769 1765
1767 1770 1769
1768 1769 1770
1771 1768 1770
1771 1763 1768
1772 1767 1766
1773 1766 1759
1772 1766 1773
1759 1774 1773
1759 1757 1774
1775 1776 1777
1776 1778 1777
1777 1778 1779
1778 1780 1779
1776 1781 1778
1782 1780 1778
1783 1782 1778
1781 1783 1778
1780 1784 1779
1780 1782 1784
1785 1783 1781
1782 1786 1784
1784 1786 1787
1784 1787 1788
1784 1788 1779
1786 1789 1787
1785 1790 1783
1783 1790 1791
1783 1791 1782
1790 1792 1791
1791 1792 1793
1791 1793 1782
1793 1786 1782
1793 1792 1794
1789 1786 1794
1786 1793 1794
1788 1795 1779
1779 1795 1777
1795 1775 1777
370 387 372
1796 1797 1798
1798 1797 1799
1797 1796 1800
1796 1801 1800
1801 1802 1800
1798 1799 1803
1798 1803 1804
1804 1805 1798
1798 1805 1796
1803 1799 1806
1807 1803 1806
1807 1808 1803
1803 1808 1804
1807 1809 1808
1805 1810 1796
1810 1801 1796
1801 1811 1802
1811 1812 1802
1811 1801 1813
1801 1810 1813
1808 1809 1814
1811 1815 1812
1815 1816 1812
1815 1811 1817
1811 1813 1817
1817 1818 1815
1818 1819 1815
1820 1819 1818
1821 1820 1818
1820 1821 1822
1821 1823 1822
1822 1823 1824
1824 1825 1822
1826 1822 1825
1820 1822 1826
1823 1827 1824
1824 1827 1828
1827 1829 1828
1828 1829 1830
1830 1831 1828
1828 1831 1832
1824 1832 1825
1828 1832 1824
1819 1820 1833
1826 1833 1820
1833 1834 1819
1834 1835 1819
1815 1819 1835
1816 1815 1835
1833 1826 1836
1833 1836 1837
1834 1833 1837
1836 1838 1837
1838 1836 1839
1840 1838 1839
1838 1841 1837
1839 1836 1842
1843 1839 1842
1842 1844 1843
1844 1845 1843
1846 1845 1844
1847 1846 1844
1847 1844 1825
1848 1847 1825
1846 1847 1849
1847 1850 1849
1847 1848 1850
1848 1851 1850
1849 1850 1852
1850 1851 1852
1825 1844 1826
1844 1842 1826
1836 1826 1842
1838 1853 1841
1840 1853 1838
1854 1855 1856
1855 1857 1856
1858 1856 1857
1859 1858 1857
1860 1858 1859
1860 1861 1858
1861 1862 1858
1856 1858 1862
1863 1860 1859
1859 1857 1864
1865 1859 1864
1859 1865 1866
1859 1866 1863
1865 1864 1867
1868 1865 1867
1865 1868 1869
1866 1865 1869
1868 1870 1869
1868 1871 1870
1871 1872 1870
1872 1871 1873
1871 1868 1874
1868 1867 1874
1871 1874 1875
1876 1871 1875
1873 1871 1876
1876 1875 1877
1878 1876 1877
1876 1878 1879
1876 1879 1873
1877 1880 1878
1880 1881 1878
1880 1882 1881
1882 1883 1881
1883 1882 1884
1882 1885 1884
1884 1886 1883
1886 1887 1883
1881 1883 1887
1878 1888 1879
1888 1878 1881
1889 1881 1887
1888 1881 1889
1889 1887 1890
1882 1891 1885
1882 1880 1891
1891 1892 1885
1892 1891 1893
1893 1894 1892
1894 1893 1895
1896 1894 1895
1896 1895 1897
1898 1896 1897
1896 1898 1899
1900 1896 1899
1896 1900 1894
1901 1900 1899
1902 1901 1899
1901 1902 1903
1904 1901 1903
1904 1903 1905
1906 1904 1905
1906 1905 1907
1905 1908 1907
1907 1908 1909
1908 1910 1909
1909 1910 1911
1910 1912 1911
1913 1911 1912
1914 1913 1912
1913 1914 1915
1914 1916 1915
1915 1917 1913
1918 1917 1915
1919 1918 1915
1919 1915 1920
1921 1919 1920
1922 1919 1921
1923 1922 1921
1919 1922 1924
1919 1924 1918
1925 1918 1924
1925 1926 1918
1926 1927 1918
1918 1927 1917
1917 1928 1913
1913 1928 1911
1928 1929 1911
1911 1929 1909
1929 1930 1909
1909 1930 1907
1930 1931 1907
1907 1931 1906
1931 1932 1906
1906 1932 1904
1932 1933 1904
1904 1933 1901
1933 1934 1901
1934 1935 1901
1935 1900 1901
1928 1936 1929
1937 1936 1928
1917 1937 1928
1927 1937 1917
1930 1938 1931
1938 1939 1931
1932 1939 1933
1931 1939 1932
1939 1940 1933
1933 1940 1934
1940 1941 1934
1934 1941 1935
1941 1942 1935
1937 1927 1943
1943 1927 1926
1944 1943 1926
1945 1943 1944
1946 1945 1944
1945 1946 1947
1948 1945 1947
1945 1948 1949
1948 1950 1949
1951 1949 1950
1952 1949 1951
1949 1953 1945
1953 1943 1945
1952 1954 1949
1954 1953 1949
1955 1954 1952
1956 1955 1952
1955 1956 1957
1956 1958 1957
1959 1956 1952
1958 1956 1959
1960 1959 1952
1952 1951 1960
1961 1957 1958
1962 1961 1958
1961 1962 1963
1962 1964 1963
1963 1964 1965
1964 1966 1965
1967 1966 1964
1968 1966 1967
1969 1967 1964
1964 1962 1969
1962 1970 1969
1970 1962 1971
1962 1958 1971
1958 1959 1971
1961 1939 1957
1939 1938 1957
1957 1938 1955
1938 1972 1955
1972 1938 1930
1929 1972 1930
1936 1972 1929
1955 1972 1954
1972 1936 1954
1954 1936 1953
1936 1937 1953
1953 1937 1943
1940 1939 1961
1963 1940 1961
1941 1940 1963
1965 1941 1963
1965 1942 1941
1973 1974 1975
1973 1975 1976
1975 1977 1976
1977 1978 1976
1977 1979 1978
1979 1980 1978
1981 1980 1979
1982 1981 1979
1982 1983 1981
1983 1984 1981
1984 1983 1985
1983 1986 1985
1986 1983 1987
1983 1982 1987
1988 1986 1987
1988 1987 1989
1990 1988 1989
1982 1991 1987
1987 1991 1992
1992 1989 1987
1989 1993 1990
1993 1994 1990
1992 1995 1989
1995 1993 1989
1994 1993 1996
1993 1995 1996
1981 1984 1997
1984 1998 1997
1998 1984 1985
1999 1998 1985
1998 1999 2000
1999 2001 2000
1999 2002 2001
2003 2002 1999
2003 2004 2002
2003 2005 2004
2005 2006 2004
2004 2006 2007
2008 2004 2007
2008 2007 1895
2007 1897 1895
2003 2009 2005
2009 2003 1999
2009 2010 2005
2011 2008 1895
1893 2011 1895
2004 2008 2012
2008 2011 2012
2004 2012 2002
2007 2013 1897
2013 2007 2006
2013 2014 1897
2013 2015 2014
2015 2016 2014
2017 2014 2016
2018 2017 2016
2013 2019 2015
2019 2020 2015
2018 2016 2021
2016 2015 2021
2015 2020 2021
1897 2014 1898
2014 2017 1898
1898 2017 2022
2022 2017 2023
2022 2023 2024
2025 2022 2024
2024 2026 2025
2026 2027 2025
2027 2026 2028
2029 2028 2026
2030 2028 2029
2031 2030 2029
2032 2029 2026
2033 2027 2028
2034 2033 2028
2034 2028 2030
2031 2029 2035
2029 2032 2035
2024 2023 2036
2023 2037 2036
2037 2023 2038
2023 2039 2038
2026 2024 2040
2024 2036 2040
2040 2036 2041
2036 2037 2041
2037 2038 2041
1903 2027 2033
1905 1903 2033
2027 1903 1902
2025 2027 1902
1902 1899 2025
1899 2022 2025
1899 1898 2022
2017 2039 2023
1905 2033 1908
2033 2042 1908
2033 2034 2042
1908 2042 2043
2043 2042 2044
2045 2043 2044
2046 2045 2044
2042 2047 2044
2046 2044 2048
2044 2047 2048
2045 1912 2043
1912 2045 2049
2045 2050 2049
2050 2051 2049
2051 2052 2049
2052 2053 2049
2052 2051 2054
2051 2050 2054
2053 1916 2049
1916 1914 2049
1914 1912 2049
1912 1910 2043
1910 1908 2043
2055 2056 2057
2055 2057 2058
2057 1854 2058
1854 2057 2059
1855 1854 2059
2059 2060 1855
2060 2059 1980
2059 1978 1980
1978 2059 2057
2060 1980 1981
1997 2060 1981
2060 1997 2061
2060 2061 1855
1997 2062 2061
1997 1998 2062
1998 2000 2062
1867 2062 2000
1874 1867 2000
1874 2000 2001
1875 1874 2001
1875 2001 2063
2002 2063 2001
2002 2012 2063
2012 2064 2063
2012 2011 2064
2011 1891 2064
1891 2011 1893
1880 2064 1891
1880 1877 2064
1877 2063 2064
1877 1875 2063
1867 1864 2062
1864 2061 2062
1864 1857 2061
1857 1855 2061
2065 2066 2067
2066 2068 2067
2067 2069 2065
2069 2070 2065
2066 2065 2071
2065 2070 2071
2067 2068 1982
1979 2067 1982
1979 1977 2067
1977 2069 2067
2072 2069 1977
2069 2072 2073
2072 2074 2073
2072 1977 1975
1975 1974 2072
1974 2074 2072
2075 2076 2077
2076 2078 2077
2079 2076 2075
2080 2079 2075
2079 2081 2076
2081 2078 2076
2079 2080 1923
1921 2079 1923
2079 1921 2081
1921 1920 2081
2082 2083 2084
2083 2085 2084
2083 2082 2086
2087 2083 2086
2085 2083 2087
2087 2086 2006
2005 2087 2006
2088 2087 2005
2088 2085 2087
2010 2088 2005
2019 2013 2006
1973 1976 2089
1976 2056 2089
2057 2056 1976
1976 1978 2057
2090 1856 1862
1856 2090 2058
1854 1856 2058
2058 2091 2055
1926 1925 2092
2093 2094 2095
2094 2096 2095
2097 2093 2095
2098 2097 2095
2097 2099 2093
2099 2097 2100
2099 2100 2101
2097 2102 2100
2103 2102 2097
2097 2098 2103
2099 2104 2093
2094 2093 2104
2105 2094 2104
2104 2106 2105
2106 2107 2105
2107 2106 2108
2109 2107 2108
2110 2109 2108
2109 2110 2111
2110 2112 2111
2111 2112 2113
2112 2114 2113
2115 2114 2112
2116 2115 2112
2112 2110 2116
2110 2117 2116
2111 2113 2118
2119 2111 2118
2111 2119 2109
2119 2107 2109
2119 2118 2120
2121 2119 2120
2107 2119 2121
2105 2107 2121
2121 2122 2105
2122 2121 2120
2122 2123 2105
2123 2122 2124
2123 2124 2125
2126 2123 2125
2094 2123 2126
2105 2123 2094
2127 2122 2120
2122 2127 2124
2120 2128 2127
2127 2128 2129
2130 2127 2129
2130 2124 2127
2130 2129 2131
2129 2132 2131
2120 2133 2128
2128 2133 2134
2133 2135 2134
2134 2136 2128
2136 2129 2128
2136 2134 2137
2134 2138 2137
2134 2135 2138
2139 2131 2132
2140 2139 2132
2139 2140 2141
2142 2139 2141
2143 2139 2142
2131 2139 2143
2143 2130 2131
2144 2130 2143
2144 2145 2130
2145 2124 2130
2124 2145 2146
2147 2137 2138
2148 2147 2138
2138 2149 2148
2149 2150 2148
2135 2149 2138
2150 2151 2148
2148 2151 2147
2146 2145 2152
2153 2152 2145
2145 2144 2153
2146 2152 2154
2146 2154 2155
2152 2156 2154
2152 2153 2156
2157 2154 2156
2158 2157 2156
2158 2156 2159
2153 2159 2156
2158 2159 2160
2161 2158 2160
2158 2161 2157
2157 2161 2162
2154 2157 2163
2157 2162 2163
2154 2163 2155
2164 2165 2135
2164 2166 2165
2167 2166 2164
2166 2168 2165
2166 2169 2168
2169 2170 2168
2170 2169 2171
2172 2169 2166
2172 2166 2167
2171 2169 2173
2169 2172 2173
2171 2173 2174
2174 2175 2171
2175 2176 2171
2176 2170 2171
2173 2177 2174
2167 2164 2178
2179 2175 2174
2179 2174 2177
2164 2180 2178
2178 2180 2181
2182 2178 2181
2182 2181 2183
2184 2182 2183
2185 2182 2184
2186 2185 2184
2185 2187 2182
2187 2178 2182
2188 2185 2186
2187 2185 2188
2189 2188 2186
2190 2187 2188
2189 2191 2188
2188 2191 2190
2181 2180 2114
2183 2181 2114
2180 2113 2114
2180 2192 2113
2192 2180 2164
2192 2118 2113
2118 2192 2133
2133 2192 2164
2120 2118 2133
2133 2164 2135
2115 2183 2114
2101 2193 2194
2099 2101 2194
2195 2099 2194
2195 2104 2099
2195 2106 2104
2106 2195 2108
2196 2197 2198
2196 2199 2197
2199 2200 2197
2200 2199 2201
2202 2200 2201
2202 2201 2203
2204 2202 2203
2203 2126 2204
2126 2125 2204
2126 2203 2205
2126 2205 2096
2204 2125 2155
2094 2126 2096
2155 2125 2146
2146 2125 2124
2206 2207 2208
2207 2209 2208
2209 2210 2208
2210 2211 2208
2212 2210 2209
2210 2212 2213
2214 2210 2213
2215 2210 2214
2210 2215 2211
2216 2212 2209
2209 2207 2216
2217 2212 2216
2217 2218 2212
2212 2218 2219
2212 2219 2213
2219 2218 2220
2207 2221 2216
2222 2216 2221
2217 2216 2222
2223 2222 2221
2222 2223 2224
2222 2224 2217
2223 2225 2224
2226 2224 2225
2225 2227 2226
2227 2228 2226
2228 2227 2229
2230 2228 2229
2230 2231 2228
2231 2232 2228
2226 2228 2232
2233 2226 2232
2229 2227 2234
2227 2235 2234
2227 2225 2235
2225 2223 2235
2234 2235 2236
2235 2237 2236
2235 2223 2237
2223 2221 2237
2237 2221 2238
2237 2238 2236
2238 2221 2239
2239 2240 2238
2239 2241 2240
2242 2241 2239
2207 2242 2239
2221 2207 2239
2238 2243 2236
2238 2240 2243
2236 2243 2244
2243 2245 2244
2246 2245 2243
2246 2243 2240
2245 2246 2247
2248 2245 2247
2236 2244 2249
2249 2244 2250
2251 2249 2250
2245 2252 2244
2252 2250 2244
2250 2252 2253
2254 2250 2253
2251 2250 2254
2247 2255 2248
2255 2256 2248
2255 2257 2256
2258 2257 2255
2259 2258 2255
2247 2259 2255
2259 2247 2246
2260 2259 2246
2260 2246 2261
2261 2246 2240
2240 2262 2261
2253 2263 2254
2263 2264 2254
2265 2254 2264
2265 2251 2254
2266 2265 2264
2266 2264 2267
2264 2263 2267
2262 2268 2261
2261 2268 2269
2269 2260 2261
2268 2262 2270
2262 2271 2270
2272 2268 2270
2269 2268 2272
2270 2273 2272
2273 2274 2272
2274 2275 2272
2275 2269 2272
2274 2276 2275
2277 2276 2274
2274 2273 2277
2273 2278 2277
2278 2273 2279
2273 2270 2279
2270 2271 2279
2280 2271 2241
2242 2280 2241
2281 2280 2242
2282 2280 2281
2283 2282 2281
2284 2282 2283
2285 2284 2283
2284 2285 2286
2285 2287 2286
2287 2288 2286
2242 2289 2281
2242 2206 2289
2207 2206 2242
2262 2240 2241
2271 2262 2241
2290 2291 2292
2290 2292 2229
2234 2290 2229
2290 2234 2249
2249 2291 2290
2234 2236 2249
2249 2251 2291
2291 2251 2293
2291 2293 2294
2295 2291 2294
2294 2293 2296
2294 2296 2297
2297 2296 2298
2298 2299 2297
2229 2292 2230
2292 2300 2230
2292 2301 2300
2301 2302 2300
2300 2302 2303
2300 2303 2230
2302 2304 2303
2302 2305 2304
2305 2306 2304
2301 2307 2302
2307 2305 2302
2306 2305 2308
2305 2307 2308
2309 2306 2308
2307 2310 2308
2309 2308 2311
2308 2310 2311
2303 2231 2230
2312 2299 2298
2312 2313 2299
2313 2314 2299
2315 2299 2314
2316 2315 2314
2299 2315 2297
2297 2315 2317
2317 2294 2297
2317 2295 2294
2318 2314 2313
2318 2316 2314
2295 2301 2291
2291 2301 2292
2319 2320 2321
2320 2322 2321
2322 2320 2323
2320 2324 2323
2321 2322 2325
2322 2326 2325
2322 2323 2326
2323 2327 2326
2325 2326 2328
2326 2329 2328
2329 2326 2327
2330 2329 2327
2328 2331 2325
2331 2328 2332
2328 2329 2332
2331 2333 2325
2325 2333 2334
2325 2334 2321
2333 2335 2334
2324 2320 2336
2337 2324 2336
2336 2338 2337
2338 2336 2339
2336 2340 2339
2338 2341 2337
2340 2336 2320
2319 2340 2320
2329 2342 2332
2329 2330 2342
2342 2343 2332
2343 2342 2344
2345 2343 2344
2330 2344 2342
2338 2339 2346
2341 2338 2347
2338 2346 2347
2348 2341 2347
2348 2347 2349
2347 2350 2349
2347 2346 2350
2351 2343 2345
2352 2343 2351
2343 2352 2353
2354 2352 2351
2354 2355 2352
2352 2355 2356
2353 2352 2356
2357 2353 2356
2343 2353 2332
2332 2353 2358
2353 2357 2358
2358 2331 2332
2359 2360 2361
2360 2362 2361
2363 2361 2362
2364 2363 2362
2364 2362 2365
2365 2362 2360
2366 2364 2365
2367 2366 2365
2368 2367 2365
2335 2367 2368
2334 2335 2368
2321 2334 2368
2319 2321 2368
2369 2319 2368
2369 2365 2360
2365 2369 2368
2361 2370 2359
2370 2371 2359
2371 2370 2372
2373 2371 2372
2372 2370 2374
2370 2375 2374
2373 2372 2376
2372 2374 2376
2375 2370 2361
2363 2375 2361
2377 2378 2379
2379 2378 2380
2379 2381 2377
2379 2380 2381
2381 2382 2377
2380 2383 2381
2381 2384 2382
2381 2383 2384
2384 2385 2382
2384 2386 2385
2386 2387 2385
2387 2386 2388
2389 2387 2388
2388 2386 2390
2386 2391 2390
2386 2384 2391
2384 2392 2391
2383 2392 2384
2389 2388 2393
2393 2394 2389
2393 2395 2394
2396 2395 2393
2390 2396 2388
2396 2393 2388
2396 2397 2395
2397 2398 2395
2398 2399 2395
2395 2399 2400
2395 2400 2394
2399 2401 2400
2401 2402 2400
2402 2401 2403
2404 2403 2401
2404 2405 2403
2404 2406 2405
2407 2406 2404
2404 2408 2407
2406 2409 2405
2406 2407 2410
2410 2411 2406
2411 2409 2406
2412 2409 2411
2401 2413 2404
2413 2408 2404
2398 2413 2399
2413 2401 2399
2414 2415 2416
2415 2417 2416
2417 2418 2416
2418 2419 2416
2419 2420 2416
2420 2421 2416
2421 2422 2416
2422 2423 2416
2423 2424 2416
2424 2425 2416
2425 2426 2416
2426 2427 2416
2427 2428 2416
2428 2429 2416
2429 2430 2416
2430 2431 2416
2431 2432 2416
2432 2433 2416
2433 2434 2416
2434 2414 2416
2421 2435 2422
2435 2436 2422
2422 2436 2423
2436 2437 2423
2423 2437 2424
2437 2438 2424
2424 2438 2439
2425 2424 2439
2425 2439 2440
2426 2425 2440
2426 2440 2427
2440 2441 2427
2427 2441 2428
2441 2442 2428
2428 2442 2429
2442 2443 2429
2429 2443 2444
2430 2429 2444
2430 2444 2445
2431 2430 2445
2431 2445 2446
2432 2431 2446
2432 2446 2447
2433 2432 2447
2433 2447 2448
2434 2433 2448
2434 2448 2449
2414 2434 2449
2414 2449 2450
2415 2414 2450
2415 2450 2417
2450 2451 2417
2417 2451 2418
2451 2452 2418
2418 2452 2453
2419 2418 2453
2419 2453 2454
2420 2419 2454
2420 2454 2435
2421 2420 2435
2455 2456 2457
2456 2458 2457
2456 2459 2458
2459 2460 2458
2459 2461 2460
2461 2462 2460
2461 2463 2462
2463 2464 2462
2463 2465 2464
2465 2466 2464
2466 2465 2467
2465 2468 2467
2467 2468 2469
2468 2470 2469
2469 2470 2471
2470 2472 2471
2471 2472 2473
2472 2474 2473
2473 2474 2475
2474 2476 2475
2475 2476 2477
2476 2478 2477
2477 2478 2479
2478 2480 2479
2479 2480 2481
2480 2482 2481
2481 2482 2483
2482 2484 2483
2483 2484 2485
2484 2486 2485
2485 2486 2487
2486 2488 2487
2487 2488 2489
2488 2490 2489
2490 2491 2489
2491 2492 2489
2491 2493 2492
2493 2494 2492
2493 2455 2494
2455 2457 2494
2495 2496 2497
2496 2498 2497
2498 2499 2497
2499 2500 2497
2500 2501 2497
2501 2502 2497
2502 2503 2497
2503 2504 2497
2504 2505 2497
2505 2506 2497
2506 2507 2497
2507 2508 2497
2508 2509 2497
2509 2510 2497
2510 2511 2497
2511 2512 2497
2512 2513 2497
2513 2514 2497
2514 2515 2497
2515 2495 2497
2516 2517 2518
2517 2519 2518
2519 2520 2518
2520 2521 2518
2521 2522 2518
2522 2523 2518
2523 2524 2518
2524 2525 2518
2525 2526 2518
2526 2527 2518
2527 2528 2518
2528 2529 2518
2529 2530 2518
2530 2516 2518
2531 2532 2533
2533 2532 2534
2534 2532 2535
2535 2532 2536
2536 2532 2537
2537 2532 2538
2538 2532 2539
2539 2532 2540
2540 2532 2541
2541 2532 2542
2542 2532 2543
2543 2532 2544
2544 2532 2545
2545 2532 2546
2546 2532 2547
2547 2532 2548
2548 2532 2549
2549 2532 2550
2550 2532 2551
2551 2532 2531
2552 2553 2554
2554 2553 2555
2555 2553 2556
2556 2553 2557
2557 2553 2558
2558 2553 2559
2559 2553 2560
2560 2553 2561
2561 2553 2562
2562 2553 2563
2563 2553 2564
2564 2553 2565
2565 2553 2566
2566 2553 2552
2567 2568 2569
2569 2568 2570
2570 2568 2571
2571 2568 2572
2572 2568 2573
2573 2568 2574
2574 2568 2575
2575 2568 2576
2576 2568 2577
2577 2568 2578
2578 2568 2579
2579 2568 2580
2580 2568 2581
2581 2568 2582
2582 2568 2583
2583 2568 2584
2569 2570 2585
2570 2586 2585
2570 2571 2586
2571 2587 2586
2587 2571 2588
2571 2572 2588
2588 2572 2589
2572 2573 2589
2589 2573 2590
2573 2574 2590
2574 2575 2590
2575 2591 2590
2575 2576 2591
2576 2592 2591
2576 2577 2592
2577 2593 2592
2593 2577 2594
2577 2578 2594
2594 2578 2595
2578 2579 2595
2579 2580 2595
2580 2596 2595
2580 2581 2596
2581 2597 2596
2581 2582 2597
2582 2598 2597
2598 2582 2599
2582 2583 2599
2599 2583 2600
2583 2584 2600
2600 2584 2601
2584 2602 2601
2584 2568 2602
2602 2568 2603
2603 2568 2604
2604 2568 2567
2601 2602 2605
2602 2603 2605
2605 2603 2606
2603 2604 2606
2606 2604 2607
2604 2567 2607
2607 2567 2585
2567 2569 2585
2608 2609 2610
2609 2611 2610
2610 2611 2612
2611 2613 2612
2612 2613 2614
2613 2615 2614
2614 2615 2616
2615 2617 2616
2616 2617 2618
2617 2619 2618
2618 2619 2620
2621 2618 2620
2621 2620 2622
2623 2621 2622
2623 2622 2624
2625 2623 2624
2625 2624 2626
2627 2625 2626
2627 2626 2628
2629 2627 2628
2629 2628 2630
2631 2629 2630
2631 2630 2632
2633 2631 2632
2633 2632 2634
2635 2633 2634
2635 2634 2636
2637 2635 2636
2637 2636 2638
2639 2637 2638
2639 2638 2640
2641 2639 2640
2641 2640 2642
2643 2641 2642
2643 2642 2644
2642 2645 2644
2644 2645 2646
2645 2647 2646
2646 2647 2608
2647 2609 2608
2648 2649 2650
2650 2649 2651
2651 2649 2652
2652 2649 2653
2653 2649 2654
2654 2649 2655
2655 2649 2656
2656 2649 2657
2657 2649 2658
2658 2649 2659
2659 2649 2660
2660 2649 2661
2661 2649 2662
2662 2649 2648
2663 2664 2665
2664 2666 2665
2666 2667 2665
2667 2668 2665
2668 2669 2665
2669 2670 2665
2670 2671 2665
2671 2672 2665
2672 2673 2665
2673 2674 2665
2674 2675 2665
2675 2676 2665
2676 2677 2665
2677 2663 2665
