byte offset: 0
first index: 44766
index count: 4491
topology: trianglelist
format: DXGI_FORMAT_R16_UINT

11888 11889 11890
11889 11891 11890
11889 11892 11891
11892 11893 11891
11891 11893 11894
11890 11891 11894
11893 11892 11895
11893 11896 11894
11896 11893 11897
11893 11898 11897
11893 11895 11898
11899 11896 11897
11900 11899 11897
11901 11896 11899
11896 11901 11894
11902 11901 11899
11902 11903 11901
11903 11904 11901
11901 11904 11905
11901 11905 11906
11901 11906 11907
11901 11907 11894
11895 11908 11898
11897 11909 11900
11909 11897 11898
11909 11910 11900
11910 11909 11911
11911 11909 11912
11912 11909 11898
11912 11898 11908
11911 11912 11913
11913 11912 11908
11914 11911 11913
11915 11910 11911
11916 11915 11911
11914 11917 11911
11911 11917 11916
11915 11916 11918
11916 11919 11918
11915 11918 11920
11915 11920 11910
11910 11920 11921
11918 11922 11920
11918 11919 11922
11922 11923 11920
11920 11923 11924
11921 11920 11924
11919 11925 11922
11922 11926 11923
11927 11923 11926
11923 11927 11924
11927 11928 11924
11924 11929 11921
11921 11929 11930
11930 11931 11921
11921 11931 11900
11931 11899 11900
11899 11931 11932
11932 11931 11933
11933 11934 11932
11934 11935 11932
11902 11932 11935
11902 11899 11932
11903 11902 11935
11936 11934 11933
11937 11936 11933
11935 11938 11903
11939 11938 11935
11939 11935 11940
11935 11941 11940
11940 11941 11942
11943 11942 11941
11944 11940 11942
11943 11941 11945
11934 11945 11935
11945 11941 11935
11940 11944 11946
11947 11940 11946
11946 11948 11947
11948 11949 11947
11950 11949 11948
11950 11951 11949
11952 11943 11945
11953 11952 11945
11954 11952 11953
11954 11953 11955
11955 11953 11956
11953 11957 11956
11958 11953 11945
11953 11958 11957
11958 11945 11934
11936 11958 11934
11959 11955 11956
11954 11955 11959
11954 11959 11960
11961 11959 11956
11960 11959 11962
11960 11962 11963
11963 11962 11964
11963 11964 11965
11965 11964 11966
11967 11965 11966
11968 11966 11964
11968 11964 11962
11969 11966 11968
11967 11966 11970
11966 11971 11970
11970 11971 11972
11971 11973 11972
11969 11968 11974
11968 11975 11974
11975 11968 11976
11968 11977 11976
11977 11968 11978
11979 11977 11978
11979 11978 11980
11981 11979 11980
11979 11981 11982
11977 11979 11983
11979 11984 11983
11976 11977 11985
11977 11983 11985
11985 11983 11986
11983 11987 11986
11986 11987 11988
11980 11978 11989
11978 11962 11989
11978 11968 11962
11980 11989 11990
11991 11980 11990
11981 11980 11991
11959 11989 11962
11990 11989 11961
11989 11959 11961
11982 11981 11992
11981 11993 11992
11992 11993 11994
11993 11995 11994
11995 11996 11994
11995 11997 11996
11987 11998 11988
11999 11988 11998
11999 11998 12000
11999 12000 12001
12002 11999 12001
12000 11998 12003
12001 12000 12003
11998 12004 12003
12005 12001 12003
12005 12003 12006
12007 12005 12006
12007 12006 12008
12009 12007 12008
12010 12008 12006
12008 12010 12011
12012 12008 12011
12013 12010 12006
12010 12013 12014
12010 12014 12015
12006 12016 12013
12003 12016 12006
12003 12004 12017
12018 12017 12004
12004 12019 12018
12018 12019 12020
12008 12012 12021
12021 12012 12022
12022 12023 12021
12011 12024 12012
12014 12025 12015
12015 12025 12026
11987 12027 12019
12028 12027 11987
12019 11998 11987
12019 12004 11998
11987 11983 12028
11983 11984 12028
11984 12029 12028
12028 12029 12030
12031 12029 11984
11979 12031 11984
12032 12033 12034
12033 12035 12034
12036 12032 12034
12036 12037 12032
12034 12035 12038
12035 12039 12038
12039 12035 12040
12035 12041 12040
12038 12039 12042
12038 12043 12034
12043 12036 12034
12044 12036 12043
12045 12044 12043
12036 12044 12046
12037 12036 12046
12044 12047 12046
12048 12046 12047
12049 12048 12047
12044 12045 12050
12050 12047 12044
12051 12047 12050
12047 12051 12049
12051 12050 12052
12053 12051 12052
12051 12053 12054
12051 12054 12049
12053 12055 12054
12049 12054 12056
12054 12057 12056
12057 12054 12055
12045 12058 12050
12052 12050 12058
12059 12052 12058
12060 12057 12055
12059 12058 12061
12062 12059 12061
12061 12063 12062
12063 12064 12062
12061 12058 12065
12066 12061 12065
12066 12063 12061
12038 12066 12065
12058 12045 12065
12043 12038 12065
12043 12065 12045
12038 12042 12066
12057 12060 12067
12067 12068 12057
12067 12069 12068
12069 12070 12068
12071 12070 12069
12070 12072 12068
12056 12068 12072
12073 12056 12072
12073 12072 12074
12075 12073 12074
12070 12076 12072
12076 12074 12072
12071 12077 12070
12077 12076 12070
12076 12078 12074
12079 12078 12076
12076 12077 12079
12078 12080 12074
12074 12080 12075
12071 12069 12081
12082 12081 12069
12082 12083 12081
12083 12082 12084
12082 12085 12084
12082 12086 12085
12067 12086 12082
12067 12087 12086
12086 12088 12085
12088 12086 12089
12086 12087 12089
12090 12088 12089
12091 12090 12089
12090 12091 12092
12091 12093 12092
12092 12094 12090
12085 12088 12095
12088 12090 12095
12090 12094 12095
12083 12096 12081
12096 12097 12081
12081 12097 12071
12097 12098 12071
12071 12098 12077
12098 12099 12077
12077 12099 12079
12099 12100 12079
12094 12101 12095
12095 12101 12102
12095 12102 12103
12104 12095 12103
12095 12104 12085
12104 12084 12085
12105 12104 12103
12106 12105 12103
12103 12107 12106
12108 12109 12110
12109 12111 12110
12109 12112 12111
12110 12113 12108
12108 11888 12109
11888 11890 12109
12109 11890 12114
12115 12109 12114
12112 12109 12115
12114 12116 12115
12117 12112 12115
12115 12116 12117
12116 12118 12117
12119 12117 12118
12120 12119 12118
12121 12122 12123
12121 12123 12124
12125 12121 12124
12126 12125 12124
12127 12125 12126
12125 12127 12046
12127 12037 12046
12128 12127 12126
12037 12127 12129
12127 12128 12129
12037 12129 12130
12032 12037 12130
12123 12131 12124
12123 12132 12131
12132 12133 12131
12131 12133 12134
12126 12134 12128
12133 12135 12134
12134 12135 12128
12133 12136 12135
12136 12137 12135
12135 12137 12128
12137 12129 12128
12136 12138 12137
12138 12139 12137
12137 12139 12129
12139 12130 12129
12136 12140 12138
12132 12140 12133
12140 12136 12133
12140 12141 12138
12141 12142 12138
12142 12139 12138
12139 12142 12130
12142 12032 12130
12033 12032 12142
12143 12142 12141
12033 12142 12143
12143 12144 12033
12144 12145 12033
12035 12033 12145
12041 12035 12145
12146 12147 12148
12147 12149 12148
12148 12149 12150
12149 12151 12150
12148 12152 12146
12152 12153 12146
12150 12154 12148
12154 12152 12148
12149 12155 12151
12155 12156 12151
12151 12156 12157
12156 12158 12157
12157 12158 12159
12159 12160 12157
12160 12161 12157
12150 12151 12161
12151 12157 12161
12160 12162 12161
12162 12163 12161
12161 12163 12150
12163 12154 12150
12158 12164 12159
12155 12149 12165
12164 12158 12166
11957 12164 12166
12166 12158 12167
12158 12156 12167
12167 12156 12168
12156 12155 12168
12168 12155 12169
12155 12165 12169
12162 12160 12170
12160 12171 12170
12160 12172 12171
11937 12172 12160
12160 12159 11937
11937 12173 12172
12173 12174 12172
12174 12175 12172
12175 12174 12176
12177 12173 11937
11933 12177 11937
12175 12176 12178
12179 12170 12171
12168 12169 12180
12180 12169 12181
12169 12182 12181
12169 12165 12182
12165 12183 12182
12183 12165 12147
12149 12147 12165
12184 12183 12147
12147 12146 12184
12146 12185 12184
12185 12146 12153
12186 12185 12153
12186 12153 12187
12188 12187 12153
12152 12188 12153
12188 12152 12189
12189 12190 12188
12190 12191 12188
12188 12191 12187
12190 12192 12191
12192 12193 12191
12193 12192 12194
12195 12193 12194
12152 12154 12189
12196 12189 12154
12163 12196 12154
12197 12192 12190
12198 12197 12190
12198 12190 12189
12199 12197 12198
12197 12199 12200
12201 12200 12199
12202 12201 12199
12203 12197 12200
12194 12192 12203
12192 12197 12203
12204 12199 12198
12198 12205 12204
12205 12206 12204
12207 12202 12199
12199 12208 12207
12209 12208 12199
12199 12204 12209
12204 12210 12209
12211 12202 12207
12207 12212 12211
12207 12213 12212
12202 12211 12214
11922 12202 12214
12210 12204 12215
12208 12209 12216
12206 12205 12217
12205 12218 12217
12212 12213 12219
12213 12220 12219
12221 12222 12223
12222 12224 12223
12223 12224 12225
12226 12223 12225
12225 12227 12226
12227 12228 12226
12227 12193 12228
12227 12229 12193
12229 12191 12193
12191 12229 12187
12193 12195 12228
12187 12229 12230
12230 12186 12187
12229 12231 12230
12229 12227 12231
12227 12225 12231
12232 12042 12039
12039 12040 12232
12040 12233 12232
12125 12048 12075
12048 12073 12075
12048 12049 12073
12049 12056 12073
12121 12125 12075
12122 12121 12075
12080 12122 12075
12048 12125 12046
12068 12056 12057
12234 12235 12236
12237 12238 12239
12240 12241 12242
12241 12243 12242
12244 12241 12240
12245 12244 12240
12246 12247 12248
12247 12249 12248
12250 12251 12252
12251 12253 12252
12254 12255 12256
12255 12257 12256
12254 12258 12255
12258 12259 12255
12258 12260 12259
12260 12261 12259
12262 12261 12260
12263 12264 12265
12264 12266 12265
12267 12264 12263
12268 12267 12263
12267 12268 12269
12268 12270 12269
12269 12270 12271
12270 12272 12271
12273 12271 12272
12274 12273 12272
12166 12275 12276
11957 12166 12276
12275 12166 12277
12166 12167 12277
12277 12167 12278
12167 12168 12278
12278 12168 12180
11957 12276 12279
11956 11957 12279
11961 11956 12279
12280 11961 12279
11961 12280 12281
12281 12280 12282
12281 12282 12283
12284 12281 12283
12283 12285 12284
12285 12286 12284
12285 12287 12286
12287 12288 12286
12288 12287 12289
12290 12288 12289
12281 12284 12291
12284 12292 12291
12284 12286 12292
12291 12292 12293
12292 12294 12293
12293 12294 12295
12294 12296 12295
12295 12296 12297
12296 12298 12297
12299 12297 12298
12300 12299 12298
12286 12301 12292
12286 12288 12301
12292 12301 12294
12288 12302 12301
12288 12290 12302
12290 12303 12302
12304 12302 12303
12305 12304 12303
12306 12304 12305
12307 12306 12305
12308 12306 12307
12309 12308 12307
12310 12308 12309
12311 12310 12309
12310 12311 12312
12311 12313 12312
12314 12312 12313
12315 12314 12313
12315 12316 12314
12317 12316 12315
12318 12317 12315
12318 12319 12317
12319 12320 12317
12314 12316 12321
12314 12321 12322
12314 12322 12312
12321 12323 12322
12322 12323 12324
12325 12322 12324
12325 12324 12326
12327 12325 12326
12328 12325 12327
12329 12328 12327
12328 12330 12325
12330 12322 12325
12331 12330 12328
12300 12331 12328
12329 12300 12328
12327 12008 12329
12008 12021 12329
12326 12009 12327
12009 12008 12327
12332 12331 12300
12298 12332 12300
12333 12332 12298
12296 12333 12298
12333 12296 12334
12296 12294 12334
12301 12334 12294
12301 12302 12334
12302 12304 12334
12333 12334 12304
12306 12333 12304
12333 12306 12332
12306 12308 12332
12331 12332 12308
12310 12331 12308
12330 12331 12310
12312 12330 12310
12322 12330 12312
11931 12335 11933
11930 12335 11931
11933 12335 12336
12335 11930 12337
12336 12335 12337
11930 12338 12337
12339 12340 12341
12340 12342 12341
12339 12341 12162
12341 12163 12162
12341 12196 12163
12170 12343 12162
12344 12162 12343
12067 12082 12069
12067 12060 12087
12345 12346 12347
12346 12348 12347
12346 12349 12348
12349 12350 12348
12345 12347 12351
12352 12345 12351
12352 12351 12353
12354 12352 12353
12354 12353 12355
12356 12354 12355
12349 12357 12350
12357 12358 12350
12356 12355 12359
12360 12356 12359
12360 12359 12361
12362 12360 12361
12362 12361 12363
12364 12362 12363
12364 12363 12365
12363 12366 12365
12367 12368 12369
12368 12370 12369
12371 12368 12367
12372 12371 12367
12367 12373 12372
12369 12373 12367
12372 12374 12371
12372 12373 12375
12372 12375 12376
12377 12372 12376
12374 12372 12377
12375 12378 12376
12378 12379 12376
12375 12380 12378
12373 12380 12375
12380 12381 12378
12381 12380 12382
12382 12380 12383
12380 12384 12383
12380 12385 12384
12380 12386 12385
12380 12373 12386
12387 12374 12377
12388 12374 12387
12389 12376 12379
12377 12376 12389
12390 12389 12379
12389 12390 12391
12391 12392 12389
12392 12377 12389
12387 12377 12392
12392 12391 12393
12393 12387 12392
12391 12394 12393
12390 12395 12391
12396 12391 12395
12393 12394 12397
12394 12398 12397
12397 12398 12399
12399 12400 12397
12400 12401 12397
12397 12401 12393
12401 12387 12393
12387 12401 12388
12402 12400 12399
12403 12402 12399
12399 12404 12403
12398 12404 12399
12404 12405 12403
12406 12405 12404
12407 12403 12405
12398 12408 12404
12408 12406 12404
12398 12394 12409
12409 12408 12398
12394 12391 12409
12391 12396 12409
12406 12410 12405
12411 12405 12410
12407 12405 12411
12411 12410 12412
12407 12411 12413
12413 12411 12414
12415 12413 12414
12415 12414 12416
12417 12415 12416
12415 12417 12413
12417 12418 12413
12407 12413 12418
12407 12418 12419
12420 12407 12419
12419 12421 12420
12421 12422 12420
12421 12423 12422
12423 12424 12422
12423 12425 12424
12425 12426 12424
12424 12426 12427
12420 12422 12402
12422 12428 12402
12427 12428 12424
12428 12422 12424
12429 12428 12427
12430 12429 12427
12427 12431 12430
12426 12431 12427
12431 12432 12430
12433 12432 12431
12434 12433 12431
12434 12431 12426
12435 12434 12426
12426 12425 12435
12425 12436 12435
12435 12436 12437
12436 12438 12437
12437 12438 12439
12438 12440 12439
12434 12435 12441
12435 12437 12441
12433 12434 12441
12442 12441 12437
12442 12437 12439
12443 12441 12442
12433 12441 12443
12443 12444 12433
12433 12444 12432
12432 12444 12445
12445 12444 12446
12444 12447 12446
12444 12443 12447
12432 12445 12448
12443 12449 12447
12449 12450 12447
12450 12451 12447
12443 12452 12449
12443 12442 12452
12453 12449 12452
12450 12449 12453
12454 12450 12453
12446 12447 12455
12447 12451 12455
12456 12446 12455
12446 12457 12445
12446 12458 12457
12458 12446 12456
12459 12458 12456
12458 12459 12460
12459 12461 12460
12460 12461 12462
12458 12460 12370
12458 12370 12457
12460 12369 12370
12463 12369 12460
12464 12463 12460
12462 12464 12460
12463 12464 12465
12466 12464 12462
12464 12466 12465
12465 12466 12467
12467 12466 12468
12469 12467 12468
12470 12417 12416
12471 12472 12473
12471 12474 12472
12412 12475 12411
12475 12414 12411
12476 12477 12478
12477 12479 12478
12477 12480 12479
12480 12481 12479
12480 12482 12481
12482 12483 12481
12482 12484 12483
12484 12485 12483
12484 12486 12485
12486 12487 12485
12429 12430 12488
12488 12430 12489
12448 12489 12430
12432 12448 12430
12429 12488 12401
12388 12401 12488
12400 12429 12401
12428 12429 12400
12402 12428 12400
12402 12403 12420
12403 12407 12420
12490 12491 12492
12491 12493 12492
12491 12490 12494
12490 12495 12494
12496 12490 12492
12495 12490 12496
12497 12496 12492
12497 12492 12498
12492 12493 12498
12499 12495 12496
12500 12495 12499
12501 12500 12499
12502 12500 12501
12503 12502 12501
12503 12504 12502
12504 12505 12502
12504 12506 12505
12506 12507 12505
12508 12507 12506
12509 12508 12506
12510 12508 12509
12511 12510 12509
12511 12498 12510
12498 12493 12510
12508 12510 12493
12491 12508 12493
12507 12508 12491
12494 12507 12491
12505 12507 12512
12507 12494 12512
12494 12495 12512
12495 12500 12512
12513 12514 12515
12516 12517 12518
12519 12520 12521
12522 12523 12524
12525 12526 12527
12526 12528 12527
12526 12529 12528
12529 12530 12528
12529 12531 12530
12531 12532 12530
12532 12531 12533
12534 12532 12533
12534 12533 12535
12536 12534 12535
12535 12537 12536
12537 12538 12536
12537 12539 12538
12539 12540 12538
12540 12539 12541
12542 12540 12541
12543 12544 12545
12544 12546 12545
12547 12548 12549
12548 12550 12549
12329 12551 12552
12329 12552 12300
12329 12021 12551
12021 12553 12551
12551 12553 12554
12555 12551 12554
11981 12556 11993
12556 12557 11993
12556 12558 12557
12559 12558 12556
12558 12559 12560
12561 12560 12559
12562 12557 12558
12556 11981 11991
12559 12556 12295
12297 12559 12295
12559 12297 12563
12564 12559 12563
12564 12563 12565
12563 12566 12565
12297 12299 12563
12295 12556 12293
12556 11991 12293
12291 12293 11991
11990 12291 11991
12281 12291 11990
11961 12281 11990
12567 12568 12569
12568 12570 12569
12571 12568 12567
12572 12571 12567
12569 12570 12573
12570 12574 12573
12573 12574 12575
12574 12576 12575
12575 12576 12577
12576 12578 12577
12579 12571 12572
12580 12579 12572
12577 12578 12581
12578 12582 12581
12581 12582 12583
12582 12584 12583
12583 12584 12585
12584 12586 12585
12586 12587 12585
12587 12588 12585
12589 12590 12591
12592 12593 12594
12595 12596 12597
12598 12599 12600
12601 12602 12603
12604 12605 12606
12607 12608 12609
12610 12611 12612
12613 12201 12202
12614 12615 12616
12615 12617 12616
12618 12619 12620
12620 12619 12621
12622 12620 12621
12622 12621 12623
12624 12622 12623
12625 12626 12627
12626 12628 12627
12629 12630 12631
12630 12632 12631
12633 12634 12635
12634 12636 12635
12634 12637 12636
12637 12638 12636
12639 12640 12641
12640 12642 12641
12641 12642 12643
12642 12644 12643
12645 12646 12647
12647 12646 12648
12646 12649 12648
12649 12650 12648
12650 12651 12648
12649 12652 12650
12653 12654 12655
12654 12656 12655
12657 12658 12659
12658 12660 12659
12661 12662 12663
12662 12664 12663
12662 12665 12664
12665 12666 12664
12667 12668 12669
12668 12670 12669
12669 12670 12671
12670 12672 12671
12673 12674 12675
12674 12676 12675
12677 12678 12679
12678 12680 12679
12681 12682 12683
12682 12684 12683
12682 12685 12684
12685 12686 12684
12687 12688 12689
12688 12690 12689
12689 12690 12691
12690 12692 12691
12693 12694 12695
12696 12697 12698
12699 12700 12701
12700 12702 12701
12703 12704 12705
12704 12706 12705
12707 12708 12709
12708 12710 12709
12711 12712 12713
12712 12714 12713
12715 12716 12717
12716 12718 12717
12715 12719 12716
12719 12720 12716
12719 12721 12720
12721 12722 12720
12721 12723 12722
12723 12724 12722
12725 12726 12727
12726 12728 12727
12725 12727 12729
12727 12730 12729
12729 12730 12731
12730 12732 12731
12731 12732 12733
12732 12734 12733
12735 12736 12737
12738 12736 12735
12738 12735 12739
12740 12738 12739
12741 12740 12739
12742 12741 12739
12735 12737 12743
12737 12744 12743
12744 12745 12743
12736 12738 12746
12747 12738 12740
12746 12738 12747
12748 12747 12740
12749 12747 12748
12750 12749 12748
12749 12750 12751
12749 12751 12752
12747 12749 12753
12749 12754 12753
12753 12755 12747
12746 12747 12755
12746 12755 12756
12743 12745 12757
12758 12743 12757
12757 12759 12758
12760 12761 12762
12761 12760 12763
12763 12760 12764
12762 12765 12760
12765 12762 12766
12762 12767 12766
12768 12769 12770
12768 12770 12771
12770 12772 12771
12772 12770 12773
12773 12774 12772
12774 12773 12775
12775 12776 12774
12776 12775 12777
12778 12779 12780
12779 12781 12780
12782 12783 12784
12784 12785 12782
12783 12782 12786
12787 12783 12786
12786 12788 12787
12788 12789 12787
12782 12785 12790
12791 12785 12784
12792 12793 12794
12795 12794 12793
12794 12795 12796
12797 12798 12799
12800 12801 12802
12802 12803 12800
12803 12804 12800
12804 12803 12805
12806 12804 12805
12807 12806 12805
12808 12807 12805
12802 12801 12809
12810 12811 12812
12811 12810 12813
12810 12814 12813
12815 12813 12814
12816 12817 12818
12819 12817 12816
12820 12821 12822
12823 12824 12825
12826 12827 12828
12827 12829 12828
12826 12830 12827
12830 12831 12827
12832 12833 12834
12835 12832 12834
12836 12832 12835
12837 12836 12835
12837 12838 12836
12838 12839 12836
12833 12832 12840
12841 12833 12840
12841 12840 12842
12842 12840 12843
12840 12844 12843
12837 12845 12838
12834 12846 12835
12835 12847 12837
12846 12847 12835
12847 12848 12837
12848 12847 12849
12850 12848 12849
12849 12851 12850
12849 12852 12851
12847 12853 12849
12849 12853 12854
12853 12847 12855
12846 12855 12847
12846 12856 12855
12844 12857 12843
12858 12859 12860
12860 12861 12858
12861 12862 12858
12859 12858 12863
12863 12864 12859
12864 12865 12859
12866 12859 12865
12859 12866 12867
12867 12868 12859
12868 12867 12869
12869 12870 12868
12871 12870 12869
12871 12869 12872
12865 12873 12866
12874 12875 12876
12877 12878 12879
12878 12877 12880
12879 12881 12877
12882 12881 12879
12881 12882 12883
12883 12882 12884
12877 12885 12880
12886 12878 12880
12887 12888 12889
12890 12889 12888
12888 12891 12890
12892 12893 12894
12895 12893 12892
12896 12895 12892
12895 12896 12897
12896 12898 12897
12897 12898 12899
12900 12897 12899
12900 12899 12901
12899 12902 12901
12893 12903 12894
12902 12904 12901
12904 12905 12901
12906 12907 12908
12908 12909 12906
12909 12910 12906
12911 12910 12909
12912 12913 12914
12915 12912 12914
12916 12917 12918
12919 12920 12921
12922 12923 12924
12925 12926 12927
12928 12925 12927
12929 12925 12928
12930 12929 12928
12930 12931 12929
12931 12932 12929
12926 12925 12933
12934 12926 12933
12934 12933 12935
12935 12933 12936
12933 12937 12936
12927 12938 12928
12928 12939 12930
12938 12939 12928
12939 12940 12930
12940 12939 12941
12942 12940 12941
12941 12943 12942
12941 12944 12943
12939 12945 12941
12941 12945 12946
12945 12939 12947
12938 12947 12939
12938 12948 12947
12949 12936 12937
12950 12951 12952
12952 12953 12950
12953 12954 12950
12951 12950 12955
12955 12956 12951
12956 12957 12951
12958 12959 12960
12958 12961 12959
12959 12961 12962
12962 12963 12959
12963 12962 12964
12964 12965 12963
12965 12964 12966
12966 12967 12965
12968 12969 12970
12970 12969 12971
12972 12973 12974
12973 12972 12975
12974 12976 12972
12977 12976 12974
12976 12977 12978
12978 12977 12979
12972 12980 12975
12981 12973 12975
12982 12983 12984
12985 12984 12983
12983 12986 12985
12987 12988 12989
12990 12991 12992
12993 12991 12990
12994 12993 12990
12993 12994 12995
12994 12996 12995
12995 12996 12997
12998 12995 12997
12991 12999 12992
13000 13001 13002
13001 13003 13002
13002 13003 13004
13005 13002 13004
13006 13007 13008
13008 13009 13006
13009 13010 13006
13011 13010 13009
13012 13013 13014
13015 13012 13014
13016 13017 13018
13019 13020 13021
13022 13023 13024
13025 13023 13022
13025 13022 13026
13027 13025 13026
13028 13027 13026
13029 13028 13026
13022 13024 13030
13024 13031 13030
13031 13032 13030
13027 13028 13033
13023 13025 13034
13035 13025 13027
13034 13025 13035
13036 13035 13027
13037 13035 13036
13038 13037 13036
13037 13038 13039
13037 13039 13040
13035 13037 13041
13037 13042 13041
13041 13043 13035
13034 13035 13043
13034 13043 13044
13030 13032 13045
13046 13030 13045
13047 13046 13045
13048 13049 13050
13049 13048 13051
13051 13048 13052
13050 13053 13048
13053 13050 13054
13050 13055 13054
13056 13055 13050
13050 13057 13056
13057 13050 13058
13058 13059 13057
13059 13058 13060
13061 13059 13060
13061 13062 13059
13055 13056 13063
13064 13065 13066
13067 13068 13069
13069 13070 13067
13068 13067 13071
13072 13068 13071
13071 13073 13072
13073 13074 13072
13067 13070 13075
13076 13070 13069
13077 13078 13079
13080 13079 13078
13079 13080 13081
13082 13083 13084
13084 13085 13082
13085 13086 13082
13086 13085 13087
13088 13086 13087
13089 13088 13087
13090 13089 13087
13084 13083 13091
13089 13090 13092
13093 13089 13092
13094 13093 13092
13095 13094 13092
13096 13097 13098
13097 13096 13099
13096 13100 13099
13101 13099 13100
13102 13103 13104
13105 13103 13102
13106 13107 13108
13109 13110 13111
13112 13113 13114
13115 13116 13117
13115 13117 13118
13117 13119 13118
13120 13121 13122
13121 13123 13122
13121 13124 13123
13124 13125 13123
13125 13124 13126
13124 13127 13126
13126 13127 13128
13127 13129 13128
13128 13129 13130
13129 13131 13130
13130 13131 13132
13133 13130 13132
13133 13132 13134
13132 13135 13134
13136 13134 13135
13136 13135 13137
13138 13139 13122
13139 13120 13122
13139 13138 13140
13138 13141 13140
13141 13142 13140
13142 13143 13140
13142 13144 13143
13144 13145 13143
13145 13144 13146
13147 13145 13146
13147 13146 13148
13146 13149 13148
13149 13150 13148
13150 13151 13148
13152 13151 13150
13152 13153 13151
13154 13155 13156
13154 13157 13155
13158 13159 13160
13161 13159 13158
13161 13162 13159
13162 13163 13159
13162 13164 13163
13162 13165 13164
13166 13164 13165
13167 13166 13165
13167 13168 13166
13168 13169 13166
13169 13168 13170
13170 13171 13169
13171 13172 13169
13171 13173 13172
13172 13173 13174
13175 13172 13174
13175 13174 13176
13177 13175 13176
13178 13177 13176
13179 13180 13181
13180 13179 13182
13182 13179 13183
13184 13182 13183
13181 13180 13185
13186 13181 13185
13186 13185 13187
13188 13187 13185
13189 13188 13185
13187 13190 13186
13190 13191 13186
13192 13188 13189
13189 13193 13192
13193 13194 13192
13195 13194 13193
13196 13195 13193
13195 13196 13197
13198 13195 13197
13198 13197 13199
13200 13188 13192
13201 13202 13203
13202 13204 13203
13202 13201 13205
13203 13204 13206
13203 13206 13207
13203 13207 13208
13203 13208 13209
13203 13209 13210
13211 13203 13210
13210 13212 13211
13213 13214 13215
13215 13216 13213
13213 13216 13217
13218 13213 13217
13215 13214 13219
13220 13218 13217
13218 13220 13221
13222 13218 13221
13221 13223 13222
13223 13224 13222
13225 13224 13223
13226 13215 13219
13227 13226 13219
13228 13226 13227
13229 13230 13231
13232 13233 13234
13235 13233 13232
13234 13184 13232
13232 13184 13183
13183 13236 13232
13232 13236 13237
13232 13237 13235
13237 13238 13235
13236 13239 13237
13239 13238 13237
13179 13236 13183
13233 13240 13234
13241 13242 13243
13242 13244 13243
13245 13241 13243
13246 13247 13248
13246 13249 13247
13249 13250 13247
13251 13252 13253
13251 13253 13254
13255 13256 13257
13258 13255 13257
13258 13257 13259
13257 13260 13259
13259 13260 13261
13259 13261 13262
13262 13261 13263
13264 13262 13263
13265 13264 13263
13266 13265 13263
13266 13267 13265
13268 13267 13266
13269 13268 13266
13268 13269 13270
13270 13269 13271
13269 13272 13271
13273 13274 13275
13275 13276 13273
13276 13277 13273
13278 13277 13276
13274 13279 13275
13280 13279 13274
13280 13281 13279
13279 13281 13282
13283 13279 13282
13281 13280 13284
13284 13280 13285
13286 13283 13282
13283 13286 13287
13286 13288 13287
13288 13289 13287
13289 13290 13287
13291 13290 13289
13292 13291 13289
13292 13293 13291
13294 13286 13282
13295 13296 13297
13296 13295 13298
13298 13295 13299
13295 13300 13299
13301 13299 13300
13301 13300 13302
13300 13303 13302
13304 13302 13303
13305 13304 13303
13306 13304 13305
13307 13308 13309
13310 13311 13312
13310 13313 13311
13313 13314 13311
13315 13314 13313
13316 13317 13318
13318 13317 13319
13317 13320 13319
13321 13322 13323
13324 13321 13323
13322 13321 13278
13321 13277 13278
13277 13321 13325
13321 13326 13325
13321 13324 13326
13326 13324 13327
13325 13326 13328
13328 13326 13327
13273 13277 13325
13323 13322 13329
13330 13331 13332
13331 13333 13332
13334 13331 13330
13335 13336 13337
13338 13337 13336
13338 13336 13339
13340 13338 13339
13340 13339 13341
13342 13340 13341
13343 13342 13341
13343 13341 13344
13344 13341 13345
13341 13346 13345
13347 13345 13346
13348 13347 13346
13347 13348 13349
13350 13349 13348
13350 13348 13351
13350 13351 13352
13353 13352 13351
13353 13354 13352
13354 13353 13355
13356 13354 13355
13356 13357 13354
13358 13354 13357
13354 13358 13352
13359 13355 13353
13335 13355 13359
13335 13359 13336
13360 13361 13362
13363 13361 13360
13364 13365 13366
13366 13365 13367
13368 13369 13370
13369 13368 13371
13372 13373 13374
13375 13372 13374
11900 11910 11921
12198 13376 12205
12198 12189 13376
12159 11936 11937
12159 12164 11936
12164 11958 11936
11958 12164 11957
