byte offset: 0
first index: 53652
index count: 1017
topology: trianglelist
format: DXGI_FORMAT_R16_UINT

14166 14167 14168
14167 14166 14169
14170 14168 14167
14168 14170 14171
14169 14172 14167
14172 14169 14173
14174 14167 14172
14167 14174 14170
14173 14175 14172
14175 14173 14176
14177 14172 14175
14172 14177 14174
14176 14178 14175
14178 14176 14179
14180 14175 14178
14175 14180 14177
14166 14181 14169
14181 14166 14182
14182 14183 14181
14183 14182 14184
14184 14185 14183
14185 14184 14186
14186 14187 14185
14187 14186 14188
14188 14189 14187
14189 14188 14190
14191 14189 14190
14189 14191 14192
14193 14192 14191
14192 14193 14194
14195 14194 14193
14194 14195 14196
14196 14197 14194
14197 14196 14198
14199 14198 14196
14195 14199 14196
14198 14199 14200
14198 14201 14197
14202 14197 14201
14201 14203 14202
14203 14201 14204
14204 14205 14203
14205 14204 14206
14197 14202 14207
14194 14207 14192
14207 14194 14197
14202 14208 14207
14208 14202 14209
14203 14209 14202
14209 14210 14208
14210 14209 14211
14209 14203 14212
14205 14212 14203
14212 14211 14209
14212 14205 14213
14211 14212 14214
14213 14214 14212
14214 14213 14215
14216 14204 14201
14201 14198 14216
14204 14216 14217
14217 14206 14204
14206 14217 14218
14219 14218 14217
14218 14219 14220
14200 14216 14198
14216 14200 14221
14221 14217 14216
14217 14221 14219
14187 14208 14210
14208 14187 14189
14189 14207 14208
14207 14189 14192
14222 14221 14200
14200 14223 14222
14223 14200 14199
14199 14224 14223
14224 14199 14225
14195 14225 14199
14221 14222 14226
14226 14219 14221
14219 14226 14227
14227 14220 14219
14228 14222 14223
14224 14228 14223
14224 14229 14228
14222 14228 14230
14230 14226 14222
14226 14230 14231
14231 14227 14226
14227 14231 14232
14232 14233 14227
14220 14227 14233
14233 14232 14234
14235 14230 14228
14228 14236 14235
14229 14236 14228
14230 14235 14237
14237 14231 14230
14231 14237 14238
14238 14232 14231
14232 14238 14239
14239 14234 14232
14234 14239 14240
14236 14241 14235
14242 14237 14235
14235 14241 14242
14237 14242 14243
14243 14238 14237
14242 14244 14243
14244 14242 14245
14241 14245 14242
14246 14245 14241
14247 14243 14244
14243 14247 14248
14238 14243 14248
14247 14249 14248
14238 14249 14239
14249 14238 14248
14249 14247 14250
14250 14251 14249
14239 14251 14240
14251 14239 14249
14251 14250 14252
14250 14253 14252
14253 14250 14254
14247 14254 14250
14245 14255 14244
14255 14245 14256
14256 14245 14246
14254 14247 14257
14257 14244 14255
14244 14257 14247
14256 14246 14258
14259 14260 14261
14260 14259 14262
14263 14262 14259
14262 14263 14264
14263 14265 14264
14265 14263 14266
14266 14267 14265
14267 14266 14268
14268 14269 14267
14269 14268 14270
14270 14271 14269
14271 14270 14272
14272 14273 14271
14273 14272 14274
14274 14275 14273
14275 14274 14276
14277 14275 14276
14275 14277 14278
14279 14278 14277
14278 14279 14280
14281 14280 14279
14280 14281 14282
14283 14282 14281
14282 14283 14284
14285 14284 14283
14284 14285 14286
14287 14286 14285
14286 14287 14288
14289 14288 14287
14288 14289 14290
14289 14291 14290
14291 14289 14292
14293 14291 14292
14291 14293 14294
14295 14169 14181
14169 14295 14173
14181 14296 14295
14296 14181 14183
14183 14297 14296
14297 14183 14185
14298 14173 14295
14173 14298 14176
14299 14296 14297
14296 14299 14300
14300 14295 14296
14295 14300 14298
14301 14176 14298
14176 14301 14179
14302 14300 14299
14300 14302 14303
14303 14298 14300
14298 14303 14301
14304 14179 14301
14179 14304 14305
14306 14303 14302
14303 14306 14307
14307 14301 14303
14301 14307 14304
14185 14210 14297
14210 14185 14187
14211 14297 14210
14297 14211 14299
14214 14299 14211
14299 14214 14302
14215 14302 14214
14302 14215 14306
14308 14179 14305
14179 14308 14178
14309 14178 14308
14178 14309 14180
14310 14311 14312
14311 14310 14313
14314 14312 14311
14312 14314 14315
14316 14315 14314
14317 14316 14314
14317 14314 14311
14315 14316 14318
14319 14318 14316
14318 14319 14320
14311 14313 14321
14317 14311 14322
14323 14322 14311
14311 14321 14323
14324 14323 14321
14323 14324 14325
14325 14326 14323
14326 14325 14327
14328 14327 14325
14327 14328 14329
14327 14330 14326
14330 14327 14331
14329 14331 14327
14332 14325 14324
14325 14332 14328
14333 14328 14332
14328 14333 14334
14334 14329 14328
14329 14334 14335
14335 14334 14336
14336 14337 14335
14337 14336 14338
14338 14339 14337
14339 14338 14340
14335 14341 14329
14341 14335 14337
14331 14329 14341
14337 14342 14341
14342 14337 14339
14341 14343 14331
14343 14341 14342
14331 14344 14330
14344 14331 14343
14326 14330 14345
14323 14326 14345
14323 14345 14322
14346 14347 14348
14346 14348 14349
14348 14347 14350
14351 14350 14347
14350 14351 14352
14353 14352 14351
14352 14353 14354
14346 14349 14355
14356 14355 14349
14355 14356 14357
14358 14359 14360
14359 14358 14361
14358 14362 14361
14362 14358 14363
14359 14364 14360
14364 14359 14365
14366 14367 14368
14367 14366 14369
14366 14370 14369
14370 14366 14371
14372 14370 14371
14370 14372 14373
14367 14374 14368
14374 14367 14375
14376 14374 14375
14374 14376 14377
14378 14377 14376
14377 14378 14379
14378 14380 14379
14380 14378 14381
14382 14383 14384
14383 14382 14385
14386 14384 14383
14384 14386 14387
14386 14388 14387
14388 14386 14389
14389 14390 14388
14390 14389 14391
14392 14390 14391
14390 14392 14393
14394 14395 14396
14395 14394 14397
14398 14399 14400
14399 14398 14401
14402 14403 14404
14403 14402 14405
14406 14407 14408
14407 14406 14409
14408 14410 14406
14410 14408 14411
14411 14412 14410
14412 14411 14413
14413 14414 14412
14415 14414 14413
14409 14416 14407
14416 14409 14417
14418 14419 14420
14419 14418 14421
14422 14423 14424
14425 14424 14423
14424 14425 14426
14427 14426 14425
14426 14427 14428
14429 14428 14427
14428 14429 14430
14422 14431 14423
14431 14422 14432
14423 14433 14425
14433 14423 14431
14425 14434 14427
14434 14425 14433
14427 14435 14429
14435 14427 14434
14431 14436 14433
14436 14431 14437
14438 14437 14431
14438 14431 14432
14433 14439 14434
14439 14433 14436
14434 14440 14435
14440 14434 14439
14438 14312 14437
14312 14438 14310
14437 14315 14436
14315 14437 14312
14436 14318 14439
14318 14436 14315
14439 14320 14440
14320 14439 14318
