byte offset: 0
first index: 0
index count: 11418
topology: trianglelist
format: DXGI_FORMAT_R16_UINT

0 1 2
1 0 3
4 0 2
0 4 5
4 6 5
6 4 7
4 8 7
8 4 9
2 9 4
10 8 9
8 10 11
12 10 9
9 2 12
10 12 13
14 7 8
15 14 8
15 8 11
16 14 15
14 16 17
16 18 17
18 16 19
7 14 20
20 21 7
7 21 6
20 22 21
22 20 23
23 14 17
14 23 20
17 18 23
22 23 24
23 18 24
15 11 25
25 26 15
26 25 27
28 13 12
2 28 12
28 2 1
29 28 1
28 29 30
1 31 29
31 1 3
30 32 28
13 28 32
32 30 33
30 34 33
34 30 35
36 29 31
29 36 37
30 37 35
37 30 29
38 27 39
39 40 38
40 39 41
42 40 41
40 42 43
43 42 44
27 38 26
45 46 47
46 45 48
48 49 46
49 48 50
51 46 49
46 51 52
52 47 46
47 52 53
54 53 52
52 51 54
53 54 55
56 55 54
54 57 56
57 54 58
51 58 54
55 56 59
58 60 57
60 58 61
51 61 58
49 62 51
61 51 62
62 49 63
50 63 49
63 50 64
65 60 61
62 65 61
63 66 62
65 62 66
66 63 67
64 68 63
68 67 63
67 69 66
69 67 70
68 71 67
71 70 67
72 69 70
69 72 73
73 72 74
75 72 70
71 75 70
76 71 68
64 76 68
71 76 77
77 75 71
75 77 78
78 79 75
75 79 72
79 78 80
79 81 72
81 82 72
74 72 82
73 83 69
83 66 69
66 83 65
84 65 83
85 84 83
86 85 83
83 73 86
85 86 87
86 88 87
89 88 86
88 90 87
90 91 87
65 84 60
73 89 86
73 74 89
81 92 82
82 93 74
93 89 74
92 94 93
94 92 95
96 94 95
94 96 97
98 95 92
95 98 99
100 95 99
95 100 96
99 101 100
99 102 101
99 98 102
103 96 100
103 100 104
100 101 104
96 103 105
105 97 96
106 105 103
103 107 106
107 103 108
103 104 108
105 106 109
109 110 105
97 105 110
110 109 111
106 107 112
109 106 112
113 109 112
109 113 111
112 114 113
114 112 115
111 116 110
117 110 116
118 117 116
117 118 119
119 118 120
121 120 118
120 121 122
122 123 120
124 120 123
119 120 124
123 122 125
118 126 121
126 118 116
127 126 116
119 128 117
128 119 129
119 124 129
130 128 129
130 129 131
124 131 129
130 94 128
94 130 93
97 128 94
128 97 117
110 117 97
130 131 132
132 131 133
134 133 131
124 134 131
124 123 134
132 133 135
136 126 127
137 126 136
137 136 138
121 126 137
139 137 138
140 139 138
141 140 138
136 141 138
139 140 142
142 140 143
144 143 140
141 144 140
139 145 137
145 121 137
139 146 145
125 145 146
145 125 122
122 121 145
147 148 149
148 147 150
148 151 149
151 148 152
148 153 152
154 147 149
147 154 155
156 155 154
155 156 157
149 158 154
158 149 151
151 159 158
159 151 160
148 161 153
148 162 161
162 148 150
162 150 163
164 158 159
158 164 165
158 165 154
160 166 159
166 160 167
154 168 156
165 168 154
169 168 165
165 164 169
164 170 169
170 164 171
159 171 164
171 159 166
168 169 172
170 172 169
172 170 173
174 173 170
173 174 175
163 176 162
162 177 161
178 161 177
161 178 153
177 179 178
178 179 180
160 180 167
180 160 181
178 180 181
181 153 178
152 153 181
151 181 160
181 151 152
179 177 182
183 182 177
177 162 183
176 183 162
182 183 184
176 184 183
184 185 182
185 184 186
187 186 184
184 176 187
186 187 188
189 182 185
182 189 179
179 189 190
190 191 179
192 190 189
190 192 193
194 193 192
193 194 195
192 196 194
196 192 197
197 189 185
189 197 192
197 198 196
198 197 199
194 200 195
200 194 196
198 200 196
200 198 201
202 198 199
198 202 203
186 202 199
202 186 204
185 199 197
199 185 186
205 186 206
207 205 206
206 208 207
208 206 209
186 209 206
205 207 210
211 208 209
208 211 212
213 207 208
207 213 214
186 205 215
209 186 188
216 217 218
217 216 219
217 220 218
220 217 221
216 222 219
222 216 223
223 216 224
224 225 223
225 224 226
226 227 225
227 226 228
228 229 227
229 228 230
190 230 228
226 224 231
232 231 224
191 226 231
228 226 191
190 228 191
232 167 231
167 232 166
191 231 180
231 167 180
166 232 233
232 234 233
234 232 235
232 224 235
216 235 224
235 216 218
218 234 235
234 218 220
191 180 179
236 166 233
171 166 236
236 170 171
170 236 237
234 238 233
238 237 236
238 236 233
237 238 239
240 239 238
240 238 234
239 240 241
234 242 240
243 241 240
241 243 244
244 243 245
243 246 245
246 240 242
240 246 243
247 248 249
248 247 250
174 249 248
249 174 251
252 251 174
248 175 174
175 248 253
250 253 248
253 254 175
255 175 254
254 256 255
257 255 256
255 257 258
157 258 257
258 157 156
256 254 259
260 259 254
254 253 260
259 260 261
156 172 258
172 156 168
173 258 172
258 173 255
175 255 173
260 262 261
262 260 263
260 253 263
263 264 262
264 263 265
264 265 266
267 266 265
267 265 263
266 267 268
268 269 266
268 267 270
270 269 268
269 270 271
270 267 272
267 263 272
250 271 270
270 272 250
271 250 247
253 272 263
253 250 272
273 274 275
276 274 273
276 277 274
277 276 278
277 279 274
279 275 274
225 277 278
277 225 227
227 279 277
279 227 229
280 223 225
223 280 222
281 222 280
222 281 282
282 219 222
219 282 283
217 219 283
221 217 283
284 283 282
281 284 282
283 284 285
285 284 286
284 287 286
284 281 287
288 289 290
289 288 291
291 292 289
292 291 293
293 294 292
294 293 295
295 296 294
296 295 297
296 298 294
298 296 299
299 296 300
301 299 300
299 301 302
302 303 299
303 302 304
305 302 301
306 302 305
302 306 307
308 296 297
308 300 296
297 309 308
308 309 310
310 309 311
309 312 311
312 309 313
313 314 312
314 313 315
304 316 303
316 304 317
317 318 316
318 317 319
320 318 319
306 321 307
322 321 306
322 323 321
323 322 324
325 323 324
325 324 326
327 328 329
328 327 330
331 329 328
329 331 332
333 329 332
332 334 333
334 332 335
331 335 332
329 333 336
329 337 327
337 329 336
338 327 337
327 338 339
339 330 327
330 339 340
341 339 338
339 341 342
343 342 341
342 343 344
345 342 344
342 345 346
339 346 340
346 339 342
345 344 347
344 343 347
335 348 334
349 348 335
350 349 335
351 349 350
349 352 348
351 353 349
352 349 353
354 352 353
353 351 355
355 356 353
354 353 356
356 357 354
357 356 358
357 358 359
359 358 360
356 355 361
356 361 362
360 358 362
356 362 358
357 359 363
335 331 350
364 365 366
365 364 367
368 365 367
365 368 369
370 365 369
371 369 368
369 371 372
373 372 371
372 373 374
374 375 372
375 374 376
377 374 373
374 377 378
378 376 374
379 378 377
378 379 380
381 380 379
380 381 382
382 383 380
383 382 384
385 383 384
383 385 386
387 380 383
380 387 378
376 378 387
383 386 387
388 386 385
386 388 389
386 390 387
386 391 390
391 386 389
392 387 390
392 390 391
387 392 376
393 392 391
375 376 392
394 392 393
394 375 392
395 394 393
395 396 394
375 394 396
397 375 396
398 397 396
397 398 370
396 399 398
399 396 400
395 400 396
397 372 375
372 397 369
370 369 397
401 398 399
398 401 402
402 370 398
370 402 403
370 403 365
402 404 403
403 404 366
403 366 365
404 402 405
406 405 402
402 401 406
406 407 405
407 406 408
408 409 407
410 407 409
407 410 411
405 411 404
411 405 407
411 410 412
412 404 411
409 408 413
409 414 410
414 409 415
413 415 409
415 416 414
416 415 417
418 417 415
415 413 418
417 418 419
420 417 419
417 420 416
420 421 416
416 421 414
421 422 414
410 414 423
414 422 423
410 423 412
424 412 423
412 424 425
424 426 425
426 424 427
428 426 427
427 429 428
428 429 430
431 428 430
428 431 432
426 428 432
433 425 426
426 432 433
425 433 434
366 434 433
366 435 434
435 425 434
366 433 364
436 364 433
433 432 436
436 437 364
437 367 364
367 437 438
437 436 439
432 439 436
439 432 431
438 368 367
368 438 440
440 371 368
371 440 441
441 373 371
373 441 442
373 442 377
377 442 443
379 377 443
379 443 444
379 444 381
445 446 447
446 445 448
448 445 449
450 447 446
447 450 451
452 451 450
451 452 453
453 452 454
454 455 453
455 456 453
456 455 457
458 455 454
455 458 459
459 457 455
460 459 458
459 460 461
457 459 462
461 462 459
462 461 463
464 453 456
464 465 453
466 453 465
466 465 467
468 465 464
465 468 469
467 465 469
470 467 469
469 468 470
464 456 471
471 472 464
473 474 475
474 473 476
473 477 476
474 478 475
478 474 479
479 480 478
480 479 481
481 482 480
482 481 483
484 482 483
482 484 485
486 485 484
485 486 487
487 486 488
487 488 489
488 490 489
490 488 491
492 490 491
490 492 493
494 493 492
493 494 495
496 495 494
494 497 496
498 499 500
501 499 498
427 499 501
499 427 424
499 423 500
423 499 424
502 289 503
289 502 504
505 504 502
504 505 506
507 506 505
292 503 289
503 292 508
294 508 292
508 294 298
509 510 511
510 509 512
512 509 513
514 515 516
514 516 517
516 515 518
514 297 515
297 514 309
519 520 521
520 519 522
523 522 519
522 523 524
519 525 523
525 519 526
522 19 520
19 522 18
524 18 522
18 524 24
519 527 526
527 519 521
528 526 527
528 529 526
529 530 526
526 530 525
531 530 529
532 529 528
533 529 532
531 529 533
533 532 534
533 535 531
535 533 536
533 534 536
534 537 536
536 538 535
536 537 538
116 111 539
113 539 111
539 113 540
114 540 113
540 114 541
542 541 114
115 542 114
542 115 543
541 542 544
545 544 542
545 542 546
543 546 542
543 547 546
547 548 546
547 549 548
548 550 546
546 550 545
548 549 551
551 552 548
548 552 550
553 552 551
552 553 554
551 549 555
551 555 553
556 554 553
554 556 557
553 555 558
553 558 556
556 559 557
556 558 559
560 561 562
561 560 563
564 563 560
98 565 102
565 98 81
92 81 98
93 82 92
89 93 130
130 88 89
88 130 132
132 90 88
132 135 90
566 567 568
569 566 568
45 570 48
48 570 571
48 571 50
50 571 572
50 572 64
76 64 572
573 574 575
573 576 574
576 573 577
577 578 576
578 577 579
580 581 582
583 581 580
581 583 584
585 584 583
584 585 586
586 585 587
588 589 590
590 591 588
591 590 592
592 593 591
593 592 594
594 595 593
596 597 598
596 598 599
597 600 598
600 597 601
602 601 597
596 602 597
601 602 603
603 604 601
604 603 605
605 606 604
607 604 606
604 607 608
608 601 604
601 608 600
606 605 609
610 600 608
600 610 611
611 598 600
598 611 599
612 608 607
608 612 610
613 610 612
610 613 614
614 611 610
615 614 613
614 615 616
615 617 616
618 616 617
617 619 618
619 617 620
621 620 617
617 615 621
620 621 622
621 623 622
623 621 624
621 615 624
625 623 624
623 625 626
627 626 625
626 627 628
629 628 627
630 618 619
618 630 631
596 631 630
627 632 629
627 633 632
624 634 625
634 624 635
635 636 634
635 637 636
638 634 636
634 638 639
639 625 634
625 639 627
638 640 639
627 640 633
640 627 639
596 641 631
596 642 641
643 631 641
631 643 618
616 618 643
643 614 616
614 643 644
644 641 642
641 644 643
642 611 644
611 614 644
611 642 599
596 599 642
636 637 645
646 645 637
645 646 647
646 648 647
646 607 648
607 646 612
637 612 646
612 637 613
635 613 637
613 635 615
606 648 607
648 606 649
609 649 606
649 609 650
609 651 650
651 609 652
605 652 609
652 605 653
603 653 605
653 603 654
602 654 603
654 602 655
653 656 652
656 653 657
654 657 653
655 658 654
657 654 658
658 655 659
596 659 655
596 655 602
596 660 659
658 661 657
661 658 662
662 659 660
659 662 658
663 657 661
657 663 656
661 664 663
664 661 665
662 665 661
665 666 664
666 665 667
668 666 667
667 669 668
670 668 669
668 670 671
671 672 668
666 668 672
672 671 673
674 672 673
672 674 675
666 672 675
674 676 675
676 674 677
677 678 676
678 677 679
680 678 679
678 680 681
669 682 670
682 669 683
596 682 683
679 684 680
685 675 676
675 685 686
686 685 687
686 687 688
689 687 685
676 689 685
689 676 678
687 689 690
690 689 691
678 691 689
691 678 681
596 683 692
596 692 693
683 694 692
694 683 669
669 667 694
665 694 667
694 665 695
692 695 693
695 692 694
596 693 660
693 662 660
662 693 695
665 662 695
687 696 688
697 688 696
688 697 698
698 697 699
656 698 699
698 656 663
663 688 698
688 663 664
664 686 688
686 664 666
686 666 675
699 652 656
652 699 651
687 700 696
596 630 701
619 701 630
701 619 702
620 702 619
702 620 703
622 703 620
703 622 704
623 704 622
704 623 705
626 705 623
705 626 706
626 707 706
703 708 702
708 703 709
704 709 703
709 704 710
705 710 704
710 705 711
706 711 705
711 706 712
712 713 711
713 712 714
715 712 706
707 715 706
716 715 707
715 716 717
712 715 718
718 714 712
714 719 713
714 720 719
720 714 721
714 718 721
628 716 707
715 717 722
722 723 715
715 723 724
715 724 718
724 721 718
711 725 710
713 726 725
727 725 726
725 727 728
728 710 725
729 728 727
728 729 730
731 730 729
730 731 732
596 732 731
596 733 732
708 732 733
732 708 730
709 730 708
730 709 728
710 728 709
723 734 724
724 734 735
733 702 708
702 733 701
596 701 733
596 731 736
596 736 737
731 738 736
738 731 729
729 739 738
739 729 727
727 740 739
740 727 726
726 741 740
741 726 742
726 713 742
736 743 737
743 736 738
738 744 743
744 738 739
745 743 744
743 745 746
746 737 743
671 746 745
746 671 670
670 747 746
737 746 747
747 670 682
596 747 682
745 673 671
673 745 748
744 748 745
748 674 673
674 748 749
749 677 674
677 749 750
677 750 751
748 744 752
752 749 748
749 752 753
753 750 749
750 753 754
741 754 753
754 741 755
754 756 750
751 750 756
756 757 751
757 756 758
756 754 759
755 759 754
755 741 760
761 755 760
755 761 762
759 755 762
679 751 757
677 751 679
756 763 758
763 756 764
756 765 764
756 759 765
762 765 759
753 740 741
740 753 752
752 739 740
739 752 744
764 765 766
765 762 767
761 767 762
767 768 765
768 766 765
767 769 768
769 767 770
767 761 770
771 772 713
773 772 771
772 773 774
775 772 774
772 775 776
776 741 772
772 742 713
741 742 772
777 774 773
777 773 778
779 777 778
780 779 778
777 779 781
782 777 781
777 782 783
777 783 774
783 782 784
785 774 783
783 784 785
785 775 774
785 784 786
785 786 787
788 785 787
785 788 775
789 788 787
790 791 735
791 790 792
720 791 792
791 720 721
721 724 791
791 724 735
725 711 713
626 628 707
596 737 747
288 290 793
404 412 435
425 435 412
404 435 366
615 635 624
794 795 796
797 795 794
795 797 798
798 797 799
794 796 800
801 799 797
802 797 794
797 802 801
794 803 802
794 800 803
804 805 806
806 805 807
808 804 806
809 804 808
808 810 809
810 808 811
810 811 812
805 813 807
814 813 805
815 813 814
813 815 816
817 816 815
816 817 818
817 819 818
812 811 820
818 819 821
822 823 824
823 822 825
825 826 823
826 825 827
828 826 827
822 824 829
830 831 832
831 830 833
834 833 830
833 834 835
836 835 834
835 836 837
838 837 836
832 831 839
840 841 842
840 842 843
842 841 844
841 845 844
844 846 842
847 846 844
848 847 844
844 845 848
849 847 848
845 850 848
850 849 848
851 850 845
852 849 850
853 850 851
853 854 850
854 852 850
853 855 854
855 853 856
857 852 854
855 857 854
858 857 855
843 859 860
861 859 846
846 859 842
861 862 859
860 859 862
862 863 860
863 862 864
865 863 864
863 865 866
867 866 865
866 867 868
869 864 862
869 862 861
864 869 870
865 871 867
871 865 872
864 872 865
872 864 870
843 842 859
873 874 875
874 873 876
875 877 873
877 875 878
878 879 877
879 878 880
881 874 876
874 881 882
881 883 882
883 881 884
885 879 880
879 885 886
887 886 885
886 887 888
889 888 887
888 889 890
889 891 890
891 889 892
893 891 892
891 893 894
895 896 897
896 898 897
898 896 899
899 900 898
900 899 901
901 902 900
902 901 903
902 903 904
905 906 907
906 905 908
905 909 908
910 906 908
906 910 911
911 912 906
912 907 906
909 913 908
913 914 908
914 910 908
915 916 917
916 915 918
919 916 918
916 919 920
919 921 920
917 922 915
923 924 925
924 923 926
927 923 925
923 927 928
929 928 927
928 929 930
926 931 924
931 926 932
932 933 931
933 932 934
933 934 935
936 930 929
930 936 937
936 938 937
937 938 939
935 934 940
941 942 943
941 944 942
943 942 945
942 944 946
947 948 949
948 947 950
951 950 947
950 951 952
951 953 952
953 951 954
955 949 948
949 955 956
955 957 956
958 957 955
957 958 959
957 959 960
961 962 963
964 961 963
965 961 964
962 961 966
961 967 966
961 965 967
968 969 970
969 968 971
972 973 974
973 972 975
976 977 978
977 976 979
980 981 982
981 980 983
984 985 986
985 984 987
988 989 990
988 990 991
989 992 990
990 993 991
994 995 996
995 994 997
995 997 998
999 994 996
994 999 1000
1001 1000 999
1000 1001 1002
1001 1003 1002
1003 1001 1004
998 997 1005
1006 998 1005
1006 1007 998
1008 1009 1010
1008 1011 1009
1008 1012 1011
1008 1010 1013
1008 1013 1014
1008 1014 1012
1015 1016 1017
1016 1015 1018
1019 1020 1021
1020 1019 1022
1023 1024 1025
1024 1023 1026
1027 1028 1029
1028 1027 1030
1031 1032 1033
1032 1031 1034
1035 1036 1037
1036 1035 1038
1039 1038 1035
1038 1039 1040
1041 1040 1039
1040 1041 1042
1041 1043 1042
1043 1041 1044
1044 1045 1043
1045 1044 1046
1046 1047 1045
1047 1046 1048
1049 1050 1051
1051 1052 1049
1052 1051 1053
1053 1054 1052
1054 1053 1055
1054 1055 1056
1057 1058 1056
1059 1058 1057
1058 1059 1060
1061 1060 1059
1060 1061 1062
1061 1063 1062
1064 1065 1056
1066 1065 1064
1065 1066 1067
1068 1067 1066
1067 1068 1069
1068 1070 1069
1071 1072 1073
1074 1071 1073
1071 1074 1075
1076 1075 1074
1075 1076 1077
1077 1076 1078
1079 1080 1078
1079 1081 1080
1081 1079 1082
1082 1083 1081
1083 1082 1084
1084 1085 1083
1086 1087 1078
1086 1088 1087
1088 1086 1089
1089 1090 1088
1090 1089 1091
1091 1092 1090
1093 1094 1095
1094 1093 1096
1097 1095 1094
1095 1097 1098
1099 1098 1097
1098 1099 1100
1099 1101 1100
1101 1099 1102
1102 1103 1101
1103 1102 1104
1104 1105 1103
1105 1104 1106
1107 1108 1109
1108 1107 1110
1111 1110 1107
1110 1111 1112
1113 1112 1111
1112 1113 1114
1113 1115 1114
1115 1113 1116
1116 1117 1115
1117 1116 1118
1118 1119 1117
1119 1118 1120
1121 1122 1123
1122 1121 1124
1125 1124 1121
1124 1125 1126
1127 1126 1125
1126 1127 1128
1127 1129 1128
1129 1127 1130
1130 1131 1129
1131 1130 1132
1132 1133 1131
1133 1132 1134
1135 1136 1137
1138 1135 1137
1135 1138 1139
1138 1140 1139
1140 1138 1141
1140 1141 1142
1143 1144 1145
1146 1143 1145
1143 1146 1147
1146 1148 1147
1148 1146 1149
1148 1149 1150
1151 1152 1153
1152 1151 1154
1155 1154 1151
1154 1155 1156
1157 1156 1155
1156 1157 1158
1159 1158 1157
1158 1159 1160
1159 1161 1160
1161 1159 1162
1162 1163 1161
1163 1162 1164
1165 1166 1167
1168 1165 1167
1165 1168 1169
1168 1170 1169
1170 1168 1171
1170 1171 1172
1173 1174 1175
1176 1173 1175
1173 1176 1177
1176 1178 1177
1178 1176 1179
1178 1179 1180
1181 1182 1183
1182 1181 1184
1185 1184 1181
1184 1185 1186
1187 1186 1185
1186 1187 1188
1187 1189 1188
1189 1187 1190
1190 1191 1189
1191 1190 1192
1192 1193 1191
1193 1192 1194
1195 1196 1197
1198 1195 1197
1195 1198 1199
1200 1199 1198
1199 1200 1201
1201 1200 1202
1203 1204 1202
1205 1204 1203
1204 1205 1206
1205 1207 1206
1207 1205 1208
1208 1209 1207
1210 1211 1212
1212 1213 1210
1213 1212 1214
1214 1215 1213
1215 1214 1216
1215 1216 1217
1218 1219 1217
1220 1219 1218
1219 1220 1221
1222 1221 1220
1221 1222 1223
1222 1224 1223
1225 1226 1227
1226 1225 1228
1229 1228 1225
1228 1229 1230
1229 1231 1230
1231 1229 1232
1232 1233 1231
1233 1232 1234
1234 1235 1233
1235 1234 1236
1236 1237 1235
1237 1236 1238
1239 1240 1241
1240 1239 1242
1243 1241 1240
1241 1243 1244
1245 1244 1243
1244 1245 1246
1245 1247 1246
1247 1245 1248
1248 1249 1247
1249 1248 1250
1250 1251 1249
1251 1250 1252
1253 1254 1255
1255 1256 1253
1256 1255 1257
1257 1258 1256
1258 1257 1259
1258 1259 1260
1261 1262 1263
1264 1261 1263
1261 1264 1265
1266 1265 1264
1265 1266 1267
1267 1266 1268
1269 1270 1271
1270 1269 1272
1273 1272 1269
1272 1273 1274
1275 1274 1273
1274 1275 1276
1275 1277 1276
1277 1275 1278
1278 1279 1277
1279 1278 1280
1280 1281 1279
1281 1280 1282
1283 1284 1285
1286 1283 1285
1283 1286 1287
1288 1287 1286
1287 1288 1289
1289 1288 1290
1291 1292 1290
1291 1293 1292
1293 1291 1294
1294 1295 1293
1295 1294 1296
1296 1297 1295
1298 1299 1300
1300 1301 1298
1301 1300 1302
1302 1303 1301
1303 1302 1304
1303 1304 1305
1306 1307 1305
1308 1307 1306
1307 1308 1309
1310 1309 1308
1309 1310 1311
1310 1312 1311
1313 1314 1315
1314 1313 1316
1317 1316 1313
1316 1317 1318
1317 1319 1318
1319 1317 1320
1320 1321 1319
1321 1320 1322
1322 1323 1321
1323 1322 1324
1324 1325 1323
1325 1324 1326
1327 1328 1329
1327 1329 1330
1327 1330 1331
1332 1329 1328
1329 1332 1333
1333 1330 1329
1330 1333 1334
1334 1331 1330
1335 1334 1333
1335 1333 1332
1327 1336 1328
1331 1336 1327
1328 1336 1332
1334 1336 1331
1332 1336 1335
1335 1336 1334
1337 1338 1339
1337 1339 1340
1337 1340 1341
1342 1339 1338
1339 1342 1343
1343 1340 1339
1340 1343 1344
1344 1341 1340
1345 1344 1343
1345 1343 1342
1337 1346 1338
1341 1346 1337
1338 1346 1342
1344 1346 1341
1342 1346 1345
1345 1346 1344
1347 1348 1349
1347 1350 1348
1347 1351 1350
1347 1352 1351
1347 1349 1352
1353 1349 1348
1348 1354 1353
1353 1355 1349
1349 1355 1356
1356 1352 1349
1357 1348 1350
1357 1354 1348
1350 1358 1357
1359 1350 1351
1359 1358 1350
1351 1360 1359
1361 1351 1352
1361 1360 1351
1352 1362 1361
1356 1362 1352
1363 1364 1365
1366 1364 1363
1367 1364 1366
1368 1364 1367
1369 1364 1368
1370 1364 1369
1371 1364 1370
1372 1364 1371
1373 1364 1372
1365 1364 1373
1374 1375 1376
1375 1374 1377
1374 1378 1377
1375 1379 1376
1379 1375 1380
1378 1381 1377
1381 1375 1377
1375 1381 1380
1381 1378 1382
1379 1380 1383
1381 1382 1383
1380 1381 1383
1384 1385 1386
1385 1384 1387
1388 1387 1384
1387 1388 1389
1388 1390 1389
1390 1388 1391
1391 1392 1390
1392 1391 1393
1393 1394 1392
1394 1393 1395
1396 1386 1385
1386 1396 1397
1398 1399 1400
1400 1399 1401
1401 1399 1402
1402 1399 1403
1403 1399 1404
1405 1399 1398
1406 1399 1407
1407 1399 1408
1408 1399 1409
1409 1399 1410
1410 1399 1411
1412 1399 1406
1413 1399 1414
1414 1399 1415
1415 1399 1416
1416 1399 1417
1417 1399 1418
1419 1399 1413
1420 1399 1421
1421 1399 1422
1422 1399 1423
1423 1399 1424
1424 1399 1425
1426 1399 1420
1427 1428 1429
1430 1428 1427
1431 1428 1430
1432 1428 1431
1429 1428 1433
1433 1428 1434
1435 1428 1436
1437 1428 1435
1438 1428 1437
1439 1428 1438
1436 1428 1440
1440 1428 1441
1442 1428 1443
1444 1428 1442
1445 1428 1444
1446 1428 1445
1443 1428 1447
1447 1428 1448
1449 1428 1450
1451 1428 1449
1452 1428 1451
1453 1428 1452
1450 1428 1454
1454 1428 1455
1456 1457 1458
1457 1456 1459
1460 1459 1456
1459 1460 1461
1460 1462 1461
1462 1460 1463
1463 1464 1462
1464 1463 1465
1465 1466 1464
1466 1465 1467
1468 1458 1457
1458 1468 1469
1470 1471 1472
1471 1470 1473
1474 1472 1471
1472 1474 1475
1474 1476 1475
1476 1474 1477
1477 1478 1476
1478 1477 1479
1479 1480 1478
1480 1479 1481
1482 1473 1470
1473 1482 1483
1484 1485 1486
1485 1484 1487
1488 1486 1485
1486 1488 1489
1488 1490 1489
1490 1488 1491
1491 1492 1490
1492 1491 1493
1493 1494 1492
1494 1493 1495
1496 1487 1484
1487 1496 1497
1498 1499 1500
1498 1501 1499
1498 1502 1501
1498 1503 1502
1498 1504 1503
1498 1505 1504
1498 1506 1505
1498 1500 1506
1500 1499 1507
1499 1508 1507
1509 1508 1499
1509 1499 1501
1501 1510 1509
1511 1510 1501
1511 1501 1502
1502 1512 1511
1513 1502 1503
1502 1513 1512
1503 1514 1513
1515 1514 1503
1515 1503 1504
1504 1516 1515
1517 1516 1504
1517 1504 1505
1505 1518 1517
1519 1518 1505
1519 1505 1506
1506 1520 1519
1521 1520 1506
1522 1509 1510
1523 1510 1511
1510 1523 1522
1512 1523 1511
1524 1523 1512
1525 1512 1513
1512 1525 1524
1513 1526 1525
1526 1513 1514
1527 1526 1514
1527 1514 1515
1528 1527 1515
1528 1515 1516
1517 1528 1516
1529 1528 1517
1530 1517 1518
1517 1530 1529
1531 1518 1519
1518 1531 1530
1532 1519 1520
1519 1532 1531
1533 1520 1521
1520 1533 1532
1521 1534 1533
1534 1521 1535
1500 1535 1521
1530 1531 1536
1537 1536 1531
1537 1531 1532
1538 1532 1533
1532 1538 1537
1533 1534 1538
1534 1539 1538
1526 1540 1525
1540 1541 1525
1542 1529 1530
1542 1530 1536
1542 1543 1529
1543 1544 1529
1529 1544 1528
1544 1527 1528
1544 1545 1527
1545 1546 1527
1546 1540 1526
1527 1546 1526
1525 1541 1524
1541 1523 1524
1541 1547 1523
1547 1522 1523
1547 1548 1522
1548 1549 1522
1548 1550 1549
1551 1549 1550
1549 1551 1508
1551 1552 1508
1509 1522 1549
1549 1508 1509
1551 1550 1553
1553 1554 1551
1554 1552 1551
1552 1554 1539
1552 1507 1508
1552 1534 1507
1534 1552 1539
1534 1535 1507
1535 1500 1507
1521 1506 1500
1555 1556 1557
1558 1557 1556
1558 1559 1557
1560 1558 1556
1561 1559 1558
1558 1560 1561
1559 1561 1562
1563 1561 1560
1563 1560 1564
1560 1556 1564
1565 1564 1556
1555 1565 1556
1566 1564 1565
1563 1564 1566
1561 1563 1567
1563 1568 1567
1568 1563 1569
1569 1563 1566
1569 1566 1570
1566 1565 1570
1571 1568 1569
1572 1567 1568
1572 1568 1571
1571 1573 1572
1573 1571 1574
1575 1559 1562
1559 1575 1576
1575 1577 1576
1562 1577 1575
1577 1562 1578
1579 1577 1578
1577 1579 1580
1581 1580 1579
1580 1581 1582
1580 1582 1583
1582 1584 1583
1581 1584 1582
1584 1581 1585
1585 1586 1584
1584 1586 1587
1583 1584 1587
1586 1585 1588
1588 1589 1586
1589 1588 1590
1590 1591 1589
1589 1591 1592
1586 1589 1592
1586 1592 1593
1587 1586 1593
1591 1590 1594
1595 1591 1594
1591 1595 1596
1592 1591 1596
1592 1596 1597
1593 1592 1597
1594 1572 1595
1598 1588 1585
1588 1598 1590
1585 1581 1598
1579 1598 1581
1598 1579 1578
1599 1572 1594
1599 1594 1590
1599 1590 1598
1599 1598 1578
1599 1567 1572
1599 1561 1567
1599 1562 1561
1599 1578 1562
1597 1596 1600
1596 1601 1600
1596 1595 1601
1595 1573 1601
1595 1572 1573
1600 1601 1602
1601 1573 1574
1601 1574 1603
1601 1603 1602
1574 1604 1603
1574 1571 1604
1571 1569 1604
1605 1604 1569
1604 1605 1606
1603 1604 1606
1569 1570 1605
1607 1580 1608
1577 1580 1607
1576 1577 1607
1576 1607 1609
1607 1608 1609
1576 1609 1610
1580 1583 1608
1610 1611 1576
1611 1557 1576
1559 1576 1557
1611 1555 1557
1612 1613 1614
1612 1615 1613
1612 1616 1615
1612 1617 1616
1612 1614 1617
1618 1614 1613
1614 1618 1619
1613 1620 1618
1620 1613 1615
1619 1621 1614
1621 1619 1622
1622 1623 1621
1623 1622 1624
1624 1625 1623
1625 1624 1626
1627 1618 1626
1627 1626 1624
1627 1624 1622
1627 1622 1619
1627 1619 1618
1628 1629 1630
1629 1628 1631
1632 1633 1634
1633 1632 1635
1636 1637 1638
1637 1636 1639
1640 1641 1642
1641 1640 1643
1644 1645 1646
1645 1644 1647
1648 1649 1650
1649 1648 1651
1652 1653 1654
1655 1652 1654
1653 1656 1654
1657 1653 1652
1653 1657 1658
1659 1652 1655
1652 1659 1657
1653 1660 1656
1660 1653 1658
1657 1661 1658
1661 1657 1659
1658 1661 1660
1662 1663 1664
1664 1663 1665
1665 1663 1666
1666 1663 1667
1667 1663 1668
1668 1663 1662
1669 1670 1671
1672 1670 1669
1673 1670 1672
1674 1670 1673
1675 1676 1677
1676 1675 1678
1675 1679 1678
1679 1675 1680
1680 1681 1679
1681 1680 1682
1683 1677 1676
1677 1683 1684
1685 1681 1682
1686 1681 1685
1683 1687 1684
1683 1688 1687
1689 1690 1691
1691 1690 1692
1692 1690 1693
1693 1690 1694
1694 1690 1695
1695 1690 1689
1696 1697 1698
1699 1697 1696
1700 1697 1699
1701 1697 1700
1702 1703 1704
1703 1702 1705
1702 1706 1705
1706 1702 1707
1707 1708 1706
1708 1707 1709
1710 1704 1703
1704 1710 1711
1712 1708 1709
1713 1708 1712
1710 1714 1711
1710 1715 1714
1716 1717 1718
1718 1717 1719
1719 1717 1720
1720 1717 1721
1721 1717 1722
1722 1717 1716
1723 1724 1725
1726 1724 1723
1727 1724 1726
1728 1724 1727
1729 1730 1731
1730 1729 1732
1729 1733 1732
1733 1729 1734
1734 1735 1733
1735 1734 1736
1737 1731 1730
1731 1737 1738
1739 1735 1736
1740 1735 1739
1737 1741 1738
1737 1742 1741
1743 1744 1745
1745 1744 1746
1746 1744 1747
1747 1744 1748
1748 1744 1749
1749 1744 1743
1750 1751 1752
1753 1751 1750
1754 1751 1753
1755 1751 1754
1756 1757 1758
1757 1756 1759
1757 1760 1758
1760 1757 1761
1761 1762 1760
1762 1761 1763
1764 1759 1756
1759 1764 1765
1766 1762 1763
1767 1762 1766
1764 1768 1765
1764 1769 1768
1770 1771 1772
1772 1771 1773
1773 1771 1774
1774 1771 1775
1775 1771 1776
1776 1771 1770
1777 1778 1779
1780 1778 1777
1781 1778 1780
1782 1778 1781
1783 1784 1785
1784 1783 1786
1784 1787 1785
1787 1784 1788
1788 1789 1787
1789 1788 1790
1791 1786 1783
1786 1791 1792
1793 1789 1790
1794 1789 1793
1791 1795 1792
1791 1796 1795
1797 1798 1799
1797 1799 1800
1800 1799 1801
1801 1802 1800
1802 1801 1803
1800 1804 1797
1804 1800 1805
1804 1805 1806
1806 1805 1807
1806 1807 1808
1808 1807 1809
1810 1808 1809
1811 1802 1803
1802 1811 1812
1812 1811 1813
1812 1813 1814
1812 1814 1815
1815 1814 1816
1810 1809 1817
1810 1817 1818
1817 1809 1819
1809 1820 1819
1809 1821 1820
1820 1821 1822
1823 1824 1825
1824 1823 1826
1826 1827 1824
1827 1826 1828
1828 1829 1827
1829 1828 1830
1830 1831 1829
1831 1830 1832
1833 1831 1832
1831 1833 1834
1835 1823 1825
1823 1835 1836
1835 1837 1836
1837 1835 1838
1839 1840 1841
1840 1839 1842
1843 1840 1842
1840 1843 1844
1845 1844 1843
1844 1845 1846
1845 1847 1846
1847 1845 1848
1848 1849 1847
1849 1848 1850
1851 1849 1850
1849 1851 1852
1853 1854 1855
1854 1853 1856
1857 1853 1855
1853 1857 1858
1857 1859 1858
1859 1857 1860
1861 1859 1860
1859 1861 1862
1863 1864 1865
1864 1863 1866
1866 1863 1867
1868 1866 1867
1866 1868 1869
1869 1868 1870
1871 1869 1870
1869 1871 1872
1872 1871 1873
1874 1872 1873
1872 1874 1875
1875 1874 1876
1876 1877 1875
1877 1876 1878
1879 1880 1881
1880 1879 1882
1883 1884 1885
1884 1883 1886
1887 1888 1889
1888 1887 1890
1891 1892 1893
1892 1891 1894
1895 1896 1897
1896 1895 1898
1899 1900 1901
1900 1899 1902
1903 1904 1905
1904 1903 1906
1907 1908 1909
1910 1908 1907
1911 1908 1910
1911 1912 1908
1912 1911 1913
1914 1911 1910
1911 1914 1915
1916 1912 1913
1917 1916 1913
1916 1917 1918
1912 1916 1919
1920 1919 1916
1919 1920 1921
1921 1920 1922
1922 1920 1923
1923 1920 1924
1923 1924 1925
1910 1907 1926
1926 1907 1927
1927 1928 1926
1926 1928 1929
1930 1926 1929
1926 1930 1931
1932 1929 1928
1929 1932 1933
1934 1933 1932
1934 1935 1933
1934 1936 1935
1933 1935 1937
1933 1937 1938
1933 1938 1939
1939 1938 1940
1941 1942 1943
1942 1941 1944
1945 1946 1947
1946 1945 1948
1949 1950 1951
1950 1949 1952
1953 1954 1955
1954 1953 1956
1957 1958 1959
1958 1957 1960
1961 1962 1963
1962 1961 1964
1965 1966 1967
1966 1965 1968
1969 1970 1971
1970 1969 1972
1973 1974 1975
1974 1973 1976
1977 1978 1979
1978 1977 1980
1981 1982 1983
1982 1981 1984
1985 1986 1987
1986 1985 1988
1989 1990 1991
1990 1989 1992
1993 1992 1989
1992 1993 1994
1992 1995 1990
1995 1992 1996
1994 1996 1992
1993 1997 1994
1997 1993 1998
1999 1995 1996
2000 1999 1996
1996 1994 2000
1999 2000 2001
2001 2002 1999
2002 2001 2003
2003 2004 2002
2004 2005 2002
2005 2004 2006
2004 2003 2007
2008 2007 2003
2007 2008 2009
2010 2007 2009
2007 2010 2011
2011 2004 2007
2012 2011 2010
2011 2012 2013
2013 2014 2011
2004 2011 2014
2014 2013 2015
2016 2014 2015
2014 2016 2017
2017 2004 2014
2004 2017 2006
2018 2015 2013
2012 2018 2013
2015 2018 2019
2020 2019 2018
2019 2020 2021
2022 2021 2020
2021 2022 2023
2022 2024 2023
2024 2022 2025
2026 2019 2021
2019 2026 2027
2015 2027 2016
2027 2015 2019
2028 2020 2018
2020 2028 2029
2029 2022 2020
2018 2012 2028
2022 2030 2025
2030 2031 2025
2031 2024 2025
2031 2030 2032
2030 2022 2033
2022 2029 2033
2034 2021 2023
2021 2034 2026
2024 2034 2023
2034 2024 2035
2024 2031 2036
2036 2035 2024
2035 2036 2037
2003 2038 2008
2038 2003 2001
2000 2038 2001
2038 2000 2039
1994 2039 2000
2039 1994 1997
2002 2040 1999
2040 2002 2005
1995 1999 2040
2041 2042 2043
2042 2041 2044
2045 2044 2041
2041 2046 2045
2046 2041 2047
2043 2047 2041
2044 2045 2048
2047 2043 2049
2043 2050 2049
2050 2043 2051
2051 2052 2050
2052 2051 2053
2053 2054 2052
2054 2053 2055
2056 2054 2055
2054 2056 2057
2058 2047 2049
2047 2058 2059
2059 2046 2047
2046 2059 2060
2054 2061 2052
2061 2050 2052
2061 2054 2062
2057 2062 2054
2063 2049 2050
2049 2063 2058
2050 2061 2063
2053 2064 2055
2064 2056 2055
2064 2053 2065
2051 2065 2053
2065 2051 2066
2067 2057 2056
2068 2067 2056
2056 2064 2068
2067 2068 2069
2070 2067 2069
2067 2070 2071
2071 2072 2067
2057 2067 2072
2072 2071 2073
2071 2074 2073
2074 2071 2075
2075 2076 2074
2076 2075 2077
2078 2076 2077
2076 2078 2079
2080 2079 2078
2079 2080 2081
2075 2082 2077
2082 2078 2077
2082 2075 2083
2071 2083 2075
2083 2071 2070
2084 2072 2073
2072 2084 2085
2086 2074 2076
2079 2086 2076
2074 2086 2087
2087 2073 2074
2073 2087 2084
2081 2088 2079
2086 2079 2088
2088 2081 2089
2090 2089 2081
2080 2090 2081
2089 2090 2091
2078 2082 2092
2092 2080 2078
2080 2092 2093
2090 2080 2094
2093 2094 2080
2094 2093 2095
2095 2096 2094
2057 2085 2097
2085 2057 2072
2062 2057 2097
2066 2043 2042
2043 2066 2051
1989 2098 1993
2098 1989 2099
1991 2099 1989
2099 1991 2100
2098 1998 1993
1998 2098 2101
2099 2100 2102
2103 2104 2105
2104 2103 2106
2107 2106 2103
2106 2107 2108
2107 2109 2108
2109 2107 2110
2110 2111 2109
2111 2110 2112
2112 2113 2111
2113 2112 2114
2115 2116 2117
2116 2115 2118
2119 2115 2117
2115 2119 2120
2120 2116 2118
2116 2120 2119
2115 2121 2118
2121 2120 2118
2121 2115 2122
2120 2122 2115
2122 2120 2123
2120 2121 2123
2122 2124 2121
2124 2123 2121
2124 2122 2125
2123 2125 2122
2125 2123 2126
2123 2124 2126
2127 2124 2125
2126 2127 2125
2124 2127 2128
2127 2126 2129
2129 2124 2128
2124 2129 2126
2127 2130 2128
2130 2129 2128
2130 2127 2131
2129 2131 2127
2131 2129 2132
2129 2130 2132
2130 2131 2133
2131 2132 2133
2132 2130 2133
2117 2134 2119
2116 2134 2117
2119 2134 2116
2135 2136 2137
2136 2135 2138
2139 2137 2136
2135 2139 2138
2137 2139 2140
2139 2135 2140
2137 2141 2135
2141 2140 2135
2141 2137 2142
2137 2143 2142
2143 2137 2140
2140 2141 2143
2142 2144 2141
2144 2143 2141
2144 2142 2145
2146 2142 2143
2142 2146 2145
2143 2144 2146
2145 2147 2144
2147 2146 2144
2147 2145 2148
2145 2149 2148
2149 2145 2146
2146 2147 2149
2147 2148 2150
2148 2149 2150
2149 2147 2150
2138 2151 2136
2136 2151 2139
2139 2151 2138
2152 2153 2154
2153 2152 2155
2156 2155 2152
2153 2156 2154
2155 2156 2157
2156 2153 2157
2158 2153 2155
2157 2158 2155
2153 2158 2159
2159 2157 2153
2158 2157 2160
2157 2159 2160
2154 2161 2152
2152 2161 2156
2156 2161 2154
2158 2162 2159
2162 2160 2159
2162 2158 2163
2160 2163 2158
2164 2162 2163
2162 2164 2165
2164 2166 2165
2166 2164 2167
2164 2168 2167
2168 2165 2166
2168 2164 2169
2165 2168 2169
2163 2169 2164
2169 2162 2165
2166 2167 2170
2167 2168 2170
2168 2166 2170
2169 2163 2171
2162 2169 2171
2163 2160 2171
2160 2162 2171
2172 2173 2174
2173 2172 2175
2172 2176 2175
2176 2172 2177
2173 2175 2178
2175 2176 2178
2179 2173 2178
2179 2174 2173
2180 2179 2178
2174 2179 2181
2180 2181 2179
2182 2174 2181
2174 2182 2183
2181 2184 2182
2184 2181 2185
2181 2180 2185
2186 2183 2182
2183 2186 2187
2188 2182 2184
2182 2188 2186
2189 2183 2187
2183 2189 2190
2191 2190 2189
2190 2191 2192
2192 2172 2190
2172 2192 2177
2174 2190 2172
2190 2174 2183
2187 2193 2189
2193 2191 2189
2193 2187 2194
2186 2194 2187
2193 2194 2195
2196 2193 2195
2191 2193 2196
2194 2197 2195
2194 2186 2197
2197 2198 2195
2186 2198 2197
2198 2186 2188
2199 2200 2201
2200 2199 2202
2202 2203 2200
2203 2202 2204
2205 2203 2204
2203 2205 2206
2199 2206 2205
2206 2199 2201
2207 2201 2200
2201 2207 2208
2209 2200 2203
2200 2209 2207
2206 2209 2203
2209 2206 2210
2201 2210 2206
2210 2201 2208
2207 2211 2208
2211 2207 2212
2207 2213 2212
2213 2207 2209
2214 2209 2210
2209 2214 2213
2214 2208 2211
2208 2214 2210
2212 2215 2211
2215 2214 2211
2215 2212 2216
2213 2216 2212
2216 2213 2217
2213 2218 2217
2218 2213 2214
2214 2215 2218
2216 2219 2215
2219 2216 2220
2216 2221 2220
2221 2216 2217
2222 2217 2218
2217 2222 2221
2222 2215 2219
2215 2222 2218
2219 2220 2223
2220 2221 2223
2221 2222 2223
2222 2219 2223
2199 2224 2202
2202 2224 2204
2204 2224 2205
2205 2224 2199
2225 2226 2227
2226 2225 2228
2229 2226 2228
2226 2229 2230
2225 2230 2229
2230 2225 2227
2225 2231 2228
2228 2231 2229
2229 2231 2225
2226 2232 2227
2232 2226 2233
2233 2234 2232
2234 2233 2235
2235 2236 2234
2236 2235 2237
2238 2236 2237
2236 2238 2239
2240 2239 2238
2239 2240 2241
2242 2240 2238
2241 2242 2239
2240 2242 2243
2242 2241 2243
2244 2238 2237
2238 2244 2242
2244 2239 2242
2239 2244 2236
2245 2237 2235
2237 2245 2244
2236 2245 2234
2245 2236 2244
2233 2245 2235
2245 2233 2246
2246 2234 2245
2234 2246 2232
2226 2246 2233
2246 2226 2230
2227 2246 2230
2246 2227 2232
2247 2248 2249
2248 2247 2250
2249 2251 2247
2251 2249 2252
2253 2248 2250
2248 2253 2254
2255 2251 2252
2251 2255 2256
2257 2256 2255
2256 2257 2258
2254 2258 2257
2258 2254 2253
2259 2260 2261
2260 2259 2262
2259 2263 2262
2263 2259 2264
2265 2266 2267
2266 2265 2268
2269 2266 2268
2266 2269 2270
2271 2272 2273
2272 2271 2274
2274 2275 2272
2275 2274 2276
2273 2277 2271
2278 2271 2277
2277 2279 2278
2279 2280 2278
2281 2278 2280
2278 2281 2282
2271 2278 2282
2282 2274 2271
2283 2282 2281
2282 2283 2284
2274 2282 2284
2284 2276 2274
2283 2285 2284
2276 2284 2285
2285 2283 2286
2280 2279 2287
2279 2288 2287
2288 2279 2289
2279 2290 2289
2289 2290 2291
2291 2292 2289
2292 2291 2293
2289 2292 2294
2289 2294 2295
2285 2286 2296
2296 2276 2285
2275 2276 2296
2297 2291 2290
2291 2297 2298
2298 2297 2299
2297 2300 2299
2300 2297 2301
2290 2301 2297
2301 2302 2300
2302 2301 2277
2279 2277 2301
2277 2273 2302
2301 2290 2279
2303 2304 2305
2304 2303 2306
2303 2307 2306
2307 2303 2308
2308 2309 2307
2310 2307 2309
2307 2310 2311
2306 2307 2311
2309 2308 2312
2313 2303 2305
2303 2313 2314
2314 2308 2303
2315 2314 2313
2314 2315 2316
2316 2317 2314
2308 2314 2317
2317 2316 2318
2319 2317 2318
2317 2319 2320
2320 2308 2317
2308 2320 2312
2318 2321 2319
2321 2318 2322
2321 2322 2323
2324 2318 2316
2318 2324 2322
2325 2316 2315
2316 2325 2324
2326 2322 2324
2322 2326 2323
2325 2326 2324
2326 2327 2323
2328 2323 2327
2329 2323 2328
2323 2329 2330
2330 2331 2323
2330 2332 2331
2332 2330 2333
2333 2334 2332
2334 2333 2335
2336 2334 2335
2336 2335 2337
2333 2337 2335
2334 2336 2338
2337 2333 2339
2330 2339 2333
2340 2338 2336
2338 2340 2341
2341 2342 2338
2334 2338 2342
2342 2341 2343
2336 2344 2340
2344 2336 2345
2336 2337 2345
2343 2341 2346
2341 2340 2346
2340 2344 2346
2339 2347 2337
2348 2337 2347
2337 2348 2349
2350 2337 2349
2347 2339 2351
2351 2352 2347
2353 2347 2352
2347 2353 2354
2353 2355 2354
2355 2353 2356
2356 2357 2355
2357 2356 2358
2357 2358 2359
2352 2351 2360
2361 2360 2351
2351 2362 2361
2329 2361 2362
2361 2329 2363
2362 2351 2339
2339 2330 2362
2329 2362 2330
2360 2361 2364
2363 2364 2361
2363 2365 2364
2365 2363 2328
2329 2328 2363
2366 2367 2368
2367 2366 2369
2366 2370 2369
2370 2366 2371
2371 2372 2370
2372 2371 2373
2372 2373 2374
2375 2376 2377
2378 2375 2377
2375 2378 2379
2380 2379 2378
2379 2380 2381
2382 2381 2380
2382 2383 2381
2383 2382 2384
2385 2384 2382
2385 2386 2384
2385 2387 2386
2387 2385 2388
2389 2388 2385
2385 2382 2389
2382 2390 2389
2391 2389 2390
2389 2391 2392
2392 2393 2389
2388 2389 2393
2393 2392 2394
2392 2395 2394
2395 2392 2396
2395 2396 2397
2396 2398 2397
2398 2392 2391
2392 2398 2396
2399 2386 2387
2386 2399 2400
2400 2384 2386
2384 2400 2401
2401 2400 2402
2400 2399 2402
2399 2403 2402
2404 2405 2406
2407 2405 2404
2406 2408 2404
2408 2407 2404
2408 2406 2409
2409 2349 2408
2349 2409 2350
2349 2410 2408
2407 2408 2410
2410 2349 2348
2411 2412 2413
2412 2411 2414
2415 2412 2414
2412 2415 2416
2417 2416 2415
2416 2417 2418
2418 2417 2419
2420 2421 2422
2422 2423 2420
2423 2422 2424
2423 2424 2425
2426 2427 2428
2427 2426 2429
2429 2430 2427
2430 2431 2427
2431 2430 2432
2432 2433 2431
2433 2432 2434
2434 2435 2433
2436 2433 2435
2433 2436 2437
2435 2434 2438
2434 2439 2438
2439 2434 2440
2441 2434 2432
2434 2441 2440
2430 2441 2432
2430 2442 2441
2441 2442 2443
2443 2442 2444
2445 2433 2437
2433 2445 2431
2445 2427 2431
2427 2445 2428
2446 2438 2439
2438 2446 2447
2447 2435 2438
2435 2447 2448
2442 2449 2450
2449 2451 2450
2451 2449 2452
2449 2453 2452
2453 2449 2429
2430 2429 2449
2449 2442 2430
2429 2454 2453
2454 2429 2426
2452 2455 2451
2455 2452 2456
2457 2452 2453
2452 2457 2456
2458 2453 2454
2453 2458 2457
2459 2457 2458
2457 2459 2460
2460 2456 2457
2460 2459 2461
2462 2460 2461
2462 2455 2456
2456 2460 2462
2463 2462 2461
2455 2462 2463
2464 2465 2466
2466 2465 2467
2467 2465 2468
2468 2469 2467
2470 2469 2468
2470 2471 2469
2472 2471 2470
2471 2472 2473
2471 2473 2474
2475 2474 2473
2474 2475 2476
2477 2476 2475
2476 2477 2478
2475 2479 2477
2480 2478 2477
2478 2480 2481
2477 2482 2480
2477 2479 2482
2481 2480 2483
2480 2482 2483
2475 2473 2484
2473 2472 2484
2475 2484 2479
2485 2486 2487
2486 2485 2488
2489 2486 2488
2488 2490 2489
2490 2488 2491
2486 2489 2492
2493 2486 2492
2487 2486 2493
2488 2494 2491
2494 2488 2495
2488 2485 2495
2491 2496 2490
2496 2491 2497
2497 2498 2496
2498 2497 2499
2497 2500 2499
2500 2497 2501
2491 2501 2497
2501 2491 2494
2498 2499 2502
2499 2500 2502
2503 2504 2505
2504 2503 2506
2507 2504 2506
2504 2507 2508
2509 2508 2507
2508 2509 2510
2511 2508 2510
2507 2512 2509
2512 2507 2513
2506 2513 2507
2513 2506 2514
2506 2503 2514
2515 2505 2504
2515 2508 2511
2508 2515 2504
2505 2515 2516
2513 2517 2512
2517 2513 2518
2514 2518 2513
2518 2514 2519
2511 2510 2520
2520 2521 2511
2522 2521 2520
2511 2523 2515
2523 2511 2524
2524 2525 2523
2526 2523 2525
2523 2526 2527
2515 2527 2516
2527 2515 2523
2525 2528 2526
2528 2525 2529
2530 2529 2525
2525 2524 2530
2529 2530 2531
2532 2531 2530
2531 2532 2533
2529 2534 2528
2534 2529 2535
2529 2531 2535
2533 2535 2531
2535 2533 2536
2534 2535 2537
2535 2536 2537
2530 2538 2532
2538 2530 2524
2524 2539 2538
2539 2524 2511
2540 2541 2542
2541 2540 2543
2544 2545 2546
2545 2544 2547
2548 2547 2544
2547 2548 2549
2549 2550 2547
2550 2549 2551
2551 2552 2550
2552 2551 2553
2552 2553 2554
2544 2555 2548
2555 2544 2556
2546 2556 2544
2555 2556 2557
2556 2558 2557
2558 2556 2559
2556 2546 2559
2557 2558 2560
2558 2561 2560
2558 2559 2561
2562 2547 2550
2547 2562 2545
2550 2563 2562
2563 2550 2564
2565 2563 2564
2563 2565 2566
2567 2566 2565
2566 2567 2568
2568 2567 2569
2568 2569 2570
2569 2571 2570
2570 2571 2572
2573 2574 2575
2574 2573 2576
2577 2575 2574
2578 2576 2573
2576 2578 2579
2579 2578 2580
2578 2581 2580
2581 2582 2580
2579 2580 2583
2583 2580 2584
2584 2580 2582
2582 2585 2584
2585 2582 2586
2586 2587 2585
2587 2586 2588
2588 2589 2587
2589 2588 2590
2590 2591 2589
2591 2590 2592
2592 2593 2591
2594 2595 2596
2597 2596 2595
2596 2597 2598
2596 2599 2594
2600 2598 2597
2600 2597 2601
2598 2600 2602
2603 2602 2600
2602 2603 2604
2605 2604 2603
2604 2605 2606
2606 2605 2607
2605 2608 2607
2603 2608 2605
2603 2609 2608
2603 2600 2609
2609 2600 2601
2601 2597 2610
2611 2612 2613
2612 2611 2614
2611 2613 2615
2613 2616 2615
2612 2616 2613
2616 2612 2617
2614 2618 2612
2618 2617 2612
2618 2614 2619
2620 2618 2619
2325 2621 2622
2325 2622 2326
2326 2622 2623
2326 2623 2327
2327 2623 2624
2625 2626 2627
2628 2629 2630
2631 2628 2630
2632 2628 2631
2628 2632 2633
2634 2633 2632
2633 2634 2635
2636 2633 2635
2633 2636 2637
2628 2637 2629
2637 2628 2633
2635 2638 2636
2638 2635 2639
2635 2640 2639
2640 2635 2634
2641 2639 2640
2639 2641 2642
2643 2642 2641
2644 2642 2643
2644 2639 2642
2639 2644 2638
2645 2646 2647
2646 2645 2648
2649 2646 2648
2647 2650 2645
2650 2647 2651
2651 2652 2650
2652 2651 2653
2654 2652 2653
2652 2654 2655
2656 2306 2311
2306 2656 2304
2656 2311 2657
2311 2310 2657
2464 2466 2658
2659 2660 2661
2662 2660 2659
2662 2659 2663
2663 2664 2662
2665 2662 2664
2665 2660 2662
2666 2660 2665
2667 2664 2663
2667 2668 2664
2667 2663 2669
2663 2659 2669
2659 2670 2669
2659 2671 2670
2666 2672 2660
2660 2672 2661
2673 2672 2666
2672 2673 2674
2674 2675 2672
2675 2661 2672
2675 2674 2676
2674 2677 2676
2674 2673 2677
2671 2678 2670
2671 2679 2678
2680 2679 2671
2681 2679 2680
2682 2681 2680
2682 2683 2681
2684 2683 2682
2684 2685 2683
2685 2686 2683
2685 2687 2686
2688 2686 2687
2688 2687 2689
2688 2689 2690
2689 2691 2690
2690 2691 2692
2693 2694 2695
2694 2693 2696
2695 2694 2697
2697 2698 2695
2696 2693 2699
2700 2696 2699
2697 2701 2698
2698 2701 2702
2702 2701 2703
2703 2704 2702
2704 2703 2705
2704 2705 2706
2706 2705 2707
2707 2705 2708
2707 2708 2709
2710 2711 2712
2711 2710 2713
2668 2713 2710
2713 2668 2714
2715 2712 2711
2712 2715 2716
2712 2664 2710
2668 2710 2664
2664 2712 2717
2717 2718 2664
2718 2717 2719
2717 2720 2719
2720 2717 2721
2721 2712 2716
2712 2721 2717
2719 2722 2718
2722 2719 2723
2723 2724 2722
2724 2723 2725
2723 2726 2725
2726 2723 2727
2727 2719 2720
2719 2727 2723
2725 2728 2724
2728 2725 2729
2728 2729 2730
2729 2731 2730
2725 2731 2729
2731 2725 2726
2732 2733 2734
2735 2734 2733
2734 2735 2736
2737 2736 2735
2736 2737 2738
2738 2737 2739
2740 2736 2738
2740 2738 2741
2741 2742 2740
2742 2741 2743
2744 2743 2741
2743 2744 2745
2746 2744 2741
2741 2738 2746
2744 2746 2747
2748 2745 2744
2747 2748 2744
2745 2748 2749
2749 2748 2750
2748 2751 2750
2748 2747 2751
2752 2740 2742
2740 2752 2753
2736 2740 2753
2754 2753 2752
2753 2754 2755
2755 2736 2753
2736 2755 2734
2756 2755 2754
2755 2756 2757
2757 2734 2755
2734 2757 2732
2756 2758 2757
2757 2758 2732
2758 2759 2732
2759 2733 2732
2733 2759 2760
2760 2735 2733
2735 2760 2761
2761 2737 2735
2737 2761 2762
2737 2762 2763
2739 2737 2763
2739 2763 2764
2765 2739 2764
2766 2765 2764
2765 2766 2767
2739 2765 2768
2765 2769 2768
2769 2765 2770
2767 2770 2765
2738 2739 2768
2738 2768 2769
2770 2767 2771
2771 2767 2772
2772 2767 2766
2763 2762 2773
2773 2774 2763
2764 2763 2774
2773 2775 2774
2764 2774 2776
2777 2774 2775
2776 2774 2777
2778 2776 2777
2777 2775 2779
2777 2779 2780
2778 2777 2780
2778 2780 2781
2780 2779 2782
2780 2782 2783
2781 2780 2783
2781 2783 2784
2783 2782 2785
2786 2783 2785
2784 2783 2786
2784 2786 2787
2786 2785 2788
2789 2786 2788
2787 2786 2789
2787 2789 2790
2791 2790 2789
2789 2788 2791
2790 2791 2792
2792 2793 2790
2794 2790 2793
2787 2790 2794
2795 2796 2797
2797 2798 2795
2798 2797 2799
2798 2799 2800
2797 2796 2801
2714 2802 2713
2713 2802 2711
2711 2802 2715
2803 2804 2805
2806 2807 2808
2807 2809 2808
2809 2807 2810
2806 2808 2811
2809 2811 2808
2810 2812 2809
2812 2813 2809
2811 2809 2813
2813 2812 2814
2815 2814 2812
2814 2815 2816
2816 2815 2817
2817 2815 2818
2815 2819 2818
2819 2815 2812
2812 2810 2819
2820 2821 2822
2821 2820 2823
2824 2821 2823
2821 2824 2825
2826 2823 2820
2823 2826 2827
2826 2828 2827
2829 2827 2828
2829 2823 2827
2823 2829 2824
2830 2822 2821
2822 2830 2831
2831 2830 2832
2832 2830 2833
2821 2833 2830
2833 2821 2825
2834 2835 2836
2836 2835 2837
2837 2835 2838
2836 2837 2839
2837 2840 2839
2840 2837 2841
2842 2841 2837
2837 2838 2842
2841 2842 2843
2844 2841 2843
2845 2841 2844
2841 2845 2846
2842 2847 2843
2847 2842 2848
2849 2839 2840
2839 2849 2850
2850 2836 2839
2851 2850 2849
2850 2851 2852
2852 2853 2850
2853 2852 2854
2855 2846 2845
2856 2854 2852
2857 2852 2851
2856 2852 2857
2858 2847 2848
2859 2858 2848
2859 2860 2858
2860 2861 2858
2847 2858 2861
2836 2850 2853
2857 2851 2862
2857 2862 2863
2857 2863 2864
2857 2864 2856
2863 2862 2865
2866 2863 2865
2867 2863 2866
2863 2867 2864
2868 2867 2866
2866 2865 2869
2870 2866 2869
2868 2866 2870
2871 2868 2870
2871 2870 2872
2871 2872 2873
2872 2870 2874
2870 2869 2874
2871 2873 2875
2875 2873 2876
2875 2876 2877
2876 2878 2877
2877 2878 2879
2880 2881 2882
2880 2882 2883
2880 2883 2884
2885 2884 2883
2882 2885 2883
2884 2885 2886
2885 2882 2887
2882 2881 2888
2889 2886 2885
2886 2889 2890
2891 2890 2889
2890 2891 2892
2893 2892 2891
2892 2893 2894
2895 2894 2893
2894 2895 2896
2887 2897 2885
2889 2885 2897
2897 2887 2898
2898 2899 2897
2897 2899 2900
2900 2893 2891
2889 2900 2891
2900 2889 2897
2901 2900 2899
2900 2901 2902
2902 2895 2893
2900 2902 2893
2899 2898 2903
2903 2901 2899
2904 2903 2898
2903 2904 2905
2906 2902 2901
2907 2906 2901
2901 2903 2907
2906 2907 2908
2907 2909 2908
2909 2907 2910
2903 2910 2907
2910 2903 2905
2902 2906 2911
2911 2906 2912
2913 2912 2906
2912 2913 2914
2915 2912 2914
2916 2912 2915
2912 2916 2917
2917 2911 2912
2918 2916 2915
2914 2913 2919
2913 2920 2919
2918 2915 2921
2921 2915 2922
2915 2914 2922
2923 2918 2921
2923 2921 2924
2921 2925 2924
2921 2922 2925
2926 2923 2924
2926 2924 2927
2924 2928 2927
2924 2925 2928
2929 2926 2927
2927 2928 2930
2930 2931 2927
2929 2927 2931
2929 2931 2932
2931 2930 2933
2931 2933 2934
2932 2931 2934
2935 2932 2934
2934 2933 2936
2934 2936 2937
2935 2934 2937
2935 2937 2938
2938 2937 2939
2937 2940 2939
2937 2936 2940
2938 2939 2941
2939 2940 2941
2942 2943 2944
2943 2942 2945
2946 2942 2944
2945 2947 2943
2947 2945 2948
2948 2949 2947
2949 2948 2950
2950 2951 2949
2946 2944 2952
2952 2953 2946
2953 2952 2954
2955 2953 2954
2953 2955 2956
2957 2956 2955
2958 2959 2960
2960 2961 2958
2958 2961 2962
2958 2962 2963
2963 2959 2958
2964 2959 2963
2963 2962 2965
2963 2965 2966
2966 2964 2963
2967 2964 2966
2966 2968 2967
2966 2965 2968
2960 2959 2969
2969 2970 2960
2971 2970 2969
2970 2972 2960
2960 2972 2961
2971 2973 2970
2971 2974 2973
2973 2974 2895
2973 2895 2911
2970 2973 2975
2973 2911 2975
2970 2975 2972
2911 2895 2902
2974 2896 2895
2976 2977 2978
2976 2978 2979
2977 2976 2980
2981 2977 2980
2979 2978 2982
2982 2983 2979
2979 2983 2984
2981 2980 2985
2981 2985 2986
2986 2985 2987
2986 2987 2988
2988 2987 2855
2855 2845 2988
2989 2990 2991
2990 2989 2992
2993 2991 2990
2994 2990 2992
2992 2995 2994
2995 2992 2996
2992 2989 2996
2995 2996 2997
2997 2996 2998
2999 2997 2998
2990 2994 3000
3000 3001 2990
2993 2990 3001
3001 3000 3002
3003 2998 2996
3004 3003 2996
3003 3005 2998
2998 3005 3006
2999 2998 3006
2999 3006 3007
3006 3005 3008
3006 3008 3009
3007 3006 3009
3007 3009 3010
3009 3008 3010
3011 3012 3013
3011 3014 3012
3014 3011 3015
3016 3014 3015
3014 3016 3017
3017 3016 3018
3018 3016 3019
3020 3018 3019
3018 3020 3021
3017 3018 3022
3013 3012 3023
3013 3023 3024
3024 3023 3025
3025 3026 3024
3024 3026 3027
2898 3028 2904
3028 2898 2887
2887 2882 3028
2842 2838 3029
2842 3029 2848
2859 2848 3029
3030 3031 3032
3030 3033 3031
3030 3034 3033
3030 3035 3034
3030 3036 3035
3030 3037 3036
3030 3038 3037
3030 3039 3038
3030 3040 3039
3030 3041 3040
3030 3042 3041
3030 3043 3042
3030 3044 3043
3030 3045 3044
3030 3046 3045
3030 3047 3046
3030 3048 3047
3030 3032 3048
3049 3050 3051
3050 3049 3052
3052 3053 3050
3053 3052 3054
3054 3055 3053
3055 3054 3056
3056 3057 3055
3057 3056 3058
3058 3059 3057
3059 3058 3060
3061 3059 3060
3059 3061 3062
3063 3062 3061
3062 3063 3064
3065 3064 3063
3064 3065 3066
3067 3066 3065
3066 3067 3068
3069 3068 3067
3068 3069 3070
3071 3070 3069
3070 3071 3072
3073 3072 3071
3072 3073 3074
3075 3074 3073
3074 3075 3076
3075 3077 3076
3077 3075 3078
3079 3077 3078
3077 3079 3080
3081 3080 3079
3080 3081 3082
3081 3083 3082
3083 3081 3084
3084 3051 3083
3051 3084 3049
3085 3086 3087
3085 3087 3088
3085 3088 3089
3085 3089 3090
3085 3090 3091
3085 3091 3092
3085 3092 3093
3085 3093 3094
3085 3094 3095
3085 3095 3096
3085 3096 3097
3085 3097 3098
3085 3098 3099
3085 3099 3100
3085 3100 3101
3085 3101 3102
3085 3102 3103
3085 3103 3086
3104 3105 3106
3105 3104 3107
3108 3106 3105
3106 3108 3109
3110 3109 3108
3109 3110 3111
3112 3111 3110
3111 3112 3113
3114 3113 3112
3113 3114 3115
3114 3116 3115
3116 3114 3117
3117 3118 3116
3118 3117 3119
3119 3120 3118
3120 3119 3121
3121 3122 3120
3122 3121 3123
3123 3124 3122
3124 3123 3125
3125 3126 3124
3126 3125 3127
3127 3128 3126
3128 3127 3129
3129 3130 3128
3130 3129 3131
3132 3130 3131
3130 3132 3133
3132 3134 3133
3134 3132 3135
3135 3136 3134
3136 3135 3137
3138 3136 3137
3136 3138 3139
3107 3139 3138
3139 3107 3104
3140 3141 3142
3143 3140 3142
3144 3143 3142
3145 3144 3142
3146 3145 3142
3147 3146 3142
3148 3147 3142
3149 3148 3142
3150 3149 3142
3151 3150 3142
3152 3151 3142
3153 3152 3142
3154 3153 3142
3155 3154 3142
3156 3155 3142
3157 3156 3142
3158 3157 3142
3159 3158 3142
3160 3159 3142
3141 3160 3142
3161 3162 3163
3164 3162 3161
3165 3162 3164
3166 3162 3165
3167 3162 3166
3168 3162 3167
3169 3162 3168
3170 3162 3169
3171 3162 3170
3172 3162 3171
3173 3162 3172
3174 3162 3173
3175 3162 3174
3176 3162 3175
3177 3162 3176
3178 3162 3177
3179 3162 3178
3180 3162 3179
3181 3162 3180
3163 3162 3181
3182 3183 3184
3182 3185 3183
3183 3186 3184
3186 3183 3187
3185 3187 3183
3187 3185 3188
3187 3189 3186
3189 3187 3190
3190 3191 3189
3191 3190 3192
3192 3193 3191
3193 3192 3194
3195 3193 3194
3193 3195 3196
3196 3195 3197
3198 3192 3190
3198 3187 3188
3187 3198 3190
3192 3198 3199
3192 3200 3194
3200 3192 3199
3194 3201 3195
3201 3194 3200
3195 3201 3197
3202 3203 3204
3205 3204 3203
3204 3205 3206
3207 3206 3205
3206 3207 3208
3209 3208 3207
3208 3209 3210
3209 3211 3210
3211 3209 3212
3212 3213 3211
3213 3212 3214
3214 3215 3213
3216 3217 3218
3216 3219 3217
3217 3220 3218
3220 3217 3221
3219 3221 3217
3221 3222 3220
3222 3221 3223
3221 3224 3223
3224 3221 3225
3221 3219 3225
3226 3222 3223
3222 3226 3227
3227 3226 3228
3226 3229 3228
3223 3229 3226
3229 3223 3224
3230 3231 3232
3233 3232 3231
3232 3233 3234
3235 3234 3233
3234 3235 3236
3235 3237 3236
3237 3235 3238
3238 3239 3237
3240 3241 3242
3243 3242 3241
3242 3243 3244
3245 3244 3243
3244 3245 3246
3245 3247 3246
3247 3245 3248
3248 3249 3247
3250 3242 3244
3242 3250 3251
3240 3242 3251
3252 3244 3246
3244 3252 3250
3246 3253 3252
3253 3246 3247
3247 3254 3253
3247 3249 3254
3255 3256 3257
3256 3258 3257
3258 3256 3259
3259 3260 3258
3260 3259 3261
3262 3260 3261
3260 3262 3263
3264 3263 3262
3263 3264 3265
3266 3267 3268
3267 3266 3269
3266 3268 3270
3267 3271 3268
3271 3267 3272
3272 3267 3273
3273 3267 3269
3270 3268 3274
3274 3268 3275
3275 3268 3271
3276 3277 3278
3277 3276 3279
3278 3280 3276
3280 3278 3281
3280 3281 3282
3277 3279 3283
3284 3285 3286
3285 3284 3287
3284 3288 3287
3288 3284 3289
3289 3290 3288
3290 3289 3291
3292 3286 3285
3286 3292 3293
3294 3293 3292
3293 3294 3295
3294 3296 3295
3291 3297 3290
3297 3291 3298
3297 3298 3299
3299 3298 3300
3295 3296 3301
