byte offset: 0
first index: 0
index count: 15879
topology: trianglelist
format: DXGI_FORMAT_R16_UINT

0 1 2
0 3 1
3 4 1
4 3 5
6 4 5
3 0 7
3 8 5
9 5 8
5 9 10
6 5 10
11 6 10
11 12 6
12 11 13
14 13 11
13 14 15
15 16 13
16 15 17
17 18 16
19 16 18
19 13 16
13 19 12
18 17 20
18 20 21
12 22 6
22 12 19
23 22 19
23 2 22
2 1 22
24 2 23
24 23 25
26 25 23
23 19 26
19 18 26
26 18 27
27 18 21
27 21 28
25 26 29
27 29 26
22 1 4
22 4 6
30 2 24
0 2 30
30 31 0
31 30 32
32 33 31
33 32 34
35 34 32
34 35 36
33 37 31
38 32 30
32 38 35
39 35 38
35 39 40
40 36 35
41 36 40
40 42 41
42 40 43
40 44 43
44 40 39
31 7 0
31 37 7
37 45 7
43 46 42
46 43 47
44 47 43
47 44 48
49 47 48
49 50 47
50 46 47
51 48 44
39 51 44
48 51 52
48 52 53
48 53 49
54 53 52
53 54 55
56 55 54
57 56 54
52 57 54
57 52 51
55 56 58
57 59 56
59 60 56
56 60 61
58 56 61
61 60 62
63 59 57
63 57 51
63 51 39
25 59 63
59 25 29
60 59 29
63 39 38
24 63 38
24 25 63
30 24 38
29 64 60
62 60 64
29 27 64
62 64 65
64 28 65
64 27 28
66 65 28
21 66 28
66 21 67
67 68 66
68 67 69
67 70 69
70 67 71
21 71 67
71 72 70
72 71 73
74 70 72
70 74 75
75 69 70
74 76 75
76 74 77
78 76 77
76 78 79
80 79 78
79 80 81
82 81 80
81 82 83
84 83 82
83 84 85
86 85 84
85 86 87
88 87 86
86 89 88
90 89 86
90 86 84
87 88 91
77 92 78
92 77 93
93 94 92
94 93 95
96 95 93
97 92 94
92 97 98
97 99 98
99 90 84
99 97 100
100 90 99
98 78 92
78 98 80
99 80 98
80 99 82
99 84 82
100 101 90
101 89 90
96 93 102
102 103 96
103 102 104
104 105 103
105 104 106
74 104 102
104 74 72
72 106 104
102 77 74
77 102 93
106 72 73
15 105 106
105 15 14
105 14 107
106 17 15
17 106 73
73 20 17
20 73 71
71 21 20
107 14 11
107 11 108
107 108 109
10 109 108
11 10 108
109 10 9
110 109 9
8 110 9
110 8 111
112 111 8
8 3 112
3 113 112
111 112 114
113 114 112
114 113 115
114 116 111
116 114 117
115 117 114
117 115 118
118 115 119
111 120 110
120 111 116
120 109 110
3 7 113
45 113 7
113 45 121
115 121 119
115 113 121
69 75 122
76 122 75
122 76 123
79 123 76
123 79 124
81 124 79
124 81 125
83 125 81
125 83 126
85 126 83
126 85 127
85 128 127
128 85 87
91 128 87
128 91 129
123 130 122
68 122 130
122 68 69
125 131 124
132 124 131
130 123 132
124 132 123
127 133 126
134 126 133
131 125 134
126 134 125
128 129 135
130 136 68
137 68 136
68 137 66
136 130 138
132 138 130
138 132 139
131 139 132
139 131 140
141 131 134
131 141 140
133 141 134
141 133 142
143 142 133
133 127 143
128 143 127
143 128 135
142 143 144
135 144 143
144 135 145
135 146 145
147 137 136
148 136 138
136 148 147
149 147 148
147 149 150
151 150 149
150 151 152
153 152 151
152 153 154
154 155 152
155 154 156
157 153 151
149 157 151
153 157 158
157 159 158
159 157 160
160 161 159
161 160 162
162 163 161
163 162 164
164 165 163
165 164 166
166 167 165
167 166 168
168 169 167
167 169 170
171 167 170
171 165 167
169 168 172
173 158 159
158 173 174
175 174 173
174 175 176
173 177 175
177 173 178
179 177 178
179 165 171
177 179 180
180 179 171
159 178 173
178 159 161
161 179 178
179 161 163
179 163 165
180 171 181
181 171 170
174 176 182
183 174 182
184 183 182
183 184 185
49 185 184
185 49 186
185 153 183
153 185 154
186 154 185
158 183 153
183 158 174
154 186 156
186 55 156
58 156 55
156 58 155
55 186 53
49 53 186
61 155 58
155 61 187
187 152 155
152 187 150
188 150 187
150 188 147
137 147 188
62 187 61
187 62 188
65 188 62
188 65 137
65 66 137
189 190 191
191 190 192
191 192 193
193 192 194
192 195 194
195 192 196
190 196 192
190 197 196
197 198 196
198 197 199
199 200 198
200 199 201
201 202 200
203 196 198
196 203 195
204 198 200
198 204 203
200 205 204
200 202 205
206 194 195
203 206 195
194 206 207
206 208 207
208 209 207
209 210 207
211 210 209
212 210 211
210 213 207
212 213 210
214 213 212
211 209 215
209 216 215
217 215 216
216 209 218
209 208 218
218 219 216
219 217 216
219 218 220
221 219 220
219 221 222
223 219 222
219 223 224
217 219 224
225 224 223
220 226 221
226 220 227
218 227 220
227 228 226
228 227 229
230 223 222
223 230 231
232 222 221
222 232 230
221 226 232
230 232 233
232 234 233
226 228 234
232 226 234
208 229 227
227 218 208
229 208 235
235 236 229
206 236 235
208 206 235
236 206 237
238 228 229
229 236 238
228 239 234
239 228 240
228 238 240
239 241 234
234 241 242
241 243 242
243 241 244
243 245 242
234 242 245
233 234 245
245 243 246
245 246 247
248 247 246
243 248 246
247 248 249
250 249 248
249 250 251
252 251 250
251 252 253
254 253 252
253 254 255
245 247 256
249 256 247
256 249 257
251 257 249
257 251 258
253 258 251
258 253 259
255 259 253
259 255 260
254 261 255
254 262 261
255 261 263
255 263 264
255 264 260
265 263 261
261 266 265
261 262 266
263 265 267
267 264 263
264 267 268
269 268 267
254 270 262
271 262 270
262 271 272
260 264 273
268 273 264
274 260 273
275 260 274
273 268 276
268 269 276
270 277 271
278 277 270
270 279 278
254 279 270
252 279 254
279 252 280
250 280 252
280 250 281
248 281 250
281 248 282
248 243 282
243 283 282
283 243 244
283 244 284
284 285 283
286 282 283
282 286 281
285 286 283
285 287 286
281 287 280
287 281 286
287 285 288
288 289 287
289 280 287
289 288 290
290 291 289
291 290 292
291 279 289
280 289 279
279 291 278
291 293 278
285 284 294
284 295 294
295 284 296
284 297 296
296 298 295
298 296 299
297 299 296
299 300 298
300 299 301
302 301 299
299 297 302
244 302 297
302 244 303
303 304 302
301 302 304
304 303 239
304 305 301
305 304 306
306 238 305
307 294 295
298 307 295
294 307 308
307 309 308
290 308 309
309 307 310
307 311 310
311 307 312
312 313 311
313 312 314
314 315 313
308 285 294
285 308 288
290 288 308
307 298 312
298 316 312
312 316 314
316 298 300
290 309 317
318 290 317
317 319 318
318 319 320
311 321 310
322 310 321
321 323 322
323 321 324
325 324 321
324 325 326
327 326 325
326 327 328
329 323 324
326 329 324
329 326 330
328 330 326
330 328 331
322 323 332
322 332 317
333 331 328
334 333 328
313 333 334
325 313 327
333 335 331
336 323 329
323 336 337
313 325 311
321 311 325
329 338 336
336 338 339
339 338 340
341 339 340
341 342 339
336 339 342
342 341 343
343 341 344
344 341 340
345 336 342
337 336 345
346 337 345
346 345 347
346 348 337
348 323 337
323 348 332
348 349 332
349 317 332
319 317 349
350 319 349
349 348 350
317 309 322
310 322 309
351 352 353
351 353 354
355 354 353
354 355 356
357 356 355
356 357 358
357 359 358
359 357 360
360 361 359
361 360 362
362 363 361
363 362 364
365 363 364
363 365 366
356 367 354
354 367 368
367 356 369
358 369 356
369 358 370
359 370 358
370 359 371
361 372 359
372 371 359
363 373 361
366 373 363
373 372 361
373 366 374
368 367 375
367 376 375
376 367 377
369 377 367
377 369 378
370 378 369
378 370 379
371 379 370
379 371 380
372 380 371
380 372 381
373 382 372
374 382 373
372 382 381
382 374 383
377 378 384
380 384 379
384 378 379
377 385 376
385 377 384
386 385 384
384 380 386
385 386 387
388 387 386
386 380 388
388 380 381
387 388 389
390 389 388
388 381 390
383 390 382
381 382 390
389 390 391
390 383 391
354 368 351
392 393 394
393 392 395
393 396 394
396 393 397
398 396 397
396 398 399
395 392 400
395 400 401
396 402 394
402 396 403
403 404 402
405 402 404
402 405 406
406 394 402
394 406 392
404 407 405
407 404 408
404 403 409
409 408 404
408 409 410
411 410 409
410 411 412
406 405 413
405 414 413
415 405 407
405 415 414
406 413 416
416 392 406
392 416 417
407 418 415
418 407 419
420 418 419
419 421 420
421 419 422
410 422 408
423 420 421
420 423 424
425 424 423
424 425 426
422 427 421
427 422 428
421 427 429
429 425 423
421 429 423
425 429 430
428 431 427
431 428 432
433 427 431
427 433 434
429 427 434
435 434 433
434 435 436
436 429 434
429 436 430
424 426 437
424 437 438
420 424 438
432 439 431
440 431 439
431 440 433
441 433 440
433 441 435
420 438 442
418 420 442
443 430 436
430 443 444
445 444 443
443 446 445
446 443 447
447 436 435
436 447 443
444 445 448
448 449 444
449 448 450
447 451 446
451 447 452
452 453 451
453 452 454
441 454 452
449 430 444
430 449 425
455 450 448
450 455 456
457 456 455
456 457 458
458 459 456
459 458 460
455 461 457
461 455 462
462 463 461
463 462 464
465 463 464
464 466 465
466 464 467
467 468 466
468 467 469
470 458 457
458 470 471
471 460 458
472 471 470
471 472 473
473 474 471
460 471 474
474 473 475
476 473 472
473 476 477
478 477 476
477 478 479
473 477 480
479 480 477
480 479 481
481 482 480
482 473 480
475 473 482
482 481 483
481 484 483
485 481 479
481 485 484
485 479 478
485 478 486
478 487 486
487 478 488
478 476 488
476 489 488
489 490 488
490 489 491
488 490 492
488 492 487
483 493 482
493 483 494
493 494 495
496 494 483
483 484 496
497 496 484
496 497 498
499 497 484
484 485 499
497 499 500
501 498 497
500 501 497
498 501 502
503 498 502
498 503 504
503 505 504
506 504 505
504 506 507
507 498 504
498 507 496
496 507 494
508 507 506
507 508 494
495 494 508
508 509 495
505 503 510
503 511 510
511 503 512
511 512 513
512 514 513
503 514 512
514 503 502
499 515 500
500 515 516
517 505 510
505 517 518
519 505 518
506 505 519
520 510 511
510 520 517
511 513 520
515 521 516
521 515 522
523 522 515
524 522 523
492 523 515
499 492 515
523 492 490
523 490 524
491 524 490
524 491 525
525 526 524
527 526 525
528 526 527
527 529 528
529 527 530
526 528 531
527 532 530
532 527 533
533 527 525
533 534 532
534 533 535
535 525 491
525 535 533
536 534 535
534 536 537
536 470 537
470 536 472
489 535 491
535 489 536
472 536 489
531 538 526
538 531 539
538 539 540
538 540 541
457 537 470
537 457 461
461 534 537
534 461 463
463 532 534
532 463 465
465 530 532
530 465 466
466 529 530
529 466 468
542 529 468
529 542 543
543 528 529
528 543 544
544 531 528
544 545 531
468 546 542
546 468 469
453 546 469
469 451 453
451 469 467
467 446 451
446 467 464
464 445 446
445 464 462
462 448 445
448 462 455
546 453 547
454 547 453
531 545 539
545 548 539
548 549 539
539 549 550
549 551 550
549 548 552
549 553 551
552 553 549
552 554 553
554 555 553
555 554 556
553 555 557
553 557 551
555 558 557
558 555 559
555 556 559
560 559 556
557 558 561
562 557 561
557 562 551
562 561 563
562 563 564
564 551 562
564 563 565
564 566 551
564 567 566
567 564 565
540 566 567
550 566 540
568 567 565
565 563 568
567 568 569
569 570 567
561 571 563
558 571 561
560 572 559
569 573 570
574 569 568
574 575 569
569 575 573
576 568 563
574 568 576
577 570 573
570 577 578
539 550 540
550 551 566
579 570 578
541 579 578
541 578 522
522 578 521
521 578 577
580 521 577
581 521 580
521 581 516
582 516 581
516 582 583
583 500 516
501 500 583
582 501 583
501 582 584
585 501 584
501 585 502
514 502 585
540 579 541
586 541 522
524 586 522
538 586 524
538 541 586
526 538 524
540 567 579
570 579 567
587 449 588
426 449 587
587 437 426
437 587 589
449 426 425
587 588 590
587 590 589
588 591 590
459 591 588
588 456 459
456 588 450
449 450 588
460 591 459
591 460 592
474 592 460
592 474 593
474 594 593
594 474 475
475 493 594
475 482 493
592 595 591
593 595 592
595 596 591
593 594 597
595 598 596
599 598 595
595 593 599
599 593 597
598 599 600
600 601 598
601 600 602
601 602 603
603 602 604
605 603 604
603 605 606
605 607 606
608 606 607
606 608 609
609 603 606
610 609 608
609 610 611
612 611 610
611 612 613
614 613 612
613 614 615
614 616 615
616 614 617
617 618 616
618 617 619
619 620 618
620 619 621
622 620 621
623 620 622
624 623 622
620 623 625
625 618 620
623 626 625
627 626 623
627 623 624
624 628 627
628 624 629
629 630 628
630 629 631
631 632 630
632 631 633
634 632 633
632 634 635
636 635 634
635 636 637
636 638 637
638 636 639
626 640 625
636 641 639
642 639 641
641 643 642
644 642 643
642 644 645
644 646 645
647 645 646
648 647 646
647 648 649
650 647 649
647 650 651
650 652 651
652 653 651
653 652 654
654 655 653
655 654 656
656 657 655
658 651 653
651 658 647
645 647 658
659 653 655
653 659 658
655 657 659
660 656 654
652 660 654
661 660 652
656 660 662
660 663 662
663 660 664
665 662 663
662 665 666
666 656 662
656 666 657
665 667 666
666 667 657
658 659 668
659 669 668
658 668 645
645 668 642
639 642 668
659 657 670
659 670 669
657 667 670
670 671 669
667 671 670
663 672 665
672 667 665
663 673 672
674 672 673
672 674 675
675 667 672
676 675 674
675 676 677
678 677 676
677 678 679
678 680 679
676 681 678
681 680 678
676 682 681
683 681 682
681 683 684
680 681 684
684 685 680
686 680 685
680 686 687
687 688 680
679 680 688
688 687 689
690 688 689
691 688 690
690 671 691
671 690 692
690 689 693
690 693 692
694 689 687
689 694 693
695 687 686
687 695 694
685 684 696
684 683 696
683 697 696
698 696 697
696 698 699
699 685 696
698 700 699
699 700 701
695 701 702
703 701 700
701 703 702
685 699 701
686 685 701
695 686 701
695 702 704
698 705 700
698 706 705
707 705 706
705 707 708
709 708 707
708 709 710
708 710 711
711 705 708
705 711 700
418 706 698
706 418 442
442 707 706
697 418 698
707 442 712
683 418 697
415 418 683
682 415 683
414 415 682
682 676 414
711 710 713
710 714 713
700 711 713
703 700 713
715 703 713
715 713 714
703 715 716
716 715 717
718 716 717
716 718 704
719 704 718
704 719 695
694 695 719
718 632 719
635 719 632
719 635 720
719 720 694
693 694 720
637 720 635
720 637 721
720 721 693
632 718 630
717 630 718
630 717 628
717 627 628
627 717 722
722 626 627
626 722 723
724 723 722
725 723 724
723 725 726
727 726 725
726 727 728
640 723 726
723 640 626
729 726 728
726 729 640
730 640 729
640 730 731
732 730 729
729 728 732
732 728 727
730 732 733
734 733 732
733 734 735
736 735 734
735 736 737
616 731 730
733 616 730
731 616 618
618 625 731
625 640 731
616 733 615
735 615 733
615 735 613
737 613 735
613 737 611
738 611 737
737 601 738
736 601 737
611 738 609
603 609 738
601 603 738
732 739 734
739 740 734
740 736 734
736 740 741
596 741 740
736 598 601
596 598 741
598 736 741
739 732 742
732 727 742
591 596 743
590 591 743
744 590 743
589 590 744
745 589 744
437 589 745
746 437 745
747 437 746
438 437 747
438 747 748
749 438 748
442 438 749
403 750 751
396 750 403
750 396 399
409 403 751
409 751 411
399 752 750
752 399 753
754 752 753
752 754 755
755 756 752
756 755 757
756 757 758
754 759 755
759 757 755
759 754 760
760 761 759
761 760 762
763 762 760
763 760 754
762 763 764
765 764 763
759 761 766
757 759 766
757 766 758
765 767 764
767 765 768
769 764 767
764 769 762
770 762 769
762 770 761
761 770 766
771 767 768
772 771 768
767 771 773
767 774 769
774 767 773
769 775 770
769 774 775
770 775 776
777 771 772
771 777 778
778 773 771
773 778 779
773 780 774
780 773 779
780 781 774
774 781 775
781 780 782
782 783 781
783 782 784
784 785 783
785 784 786
786 787 785
787 786 788
788 789 787
789 788 790
791 781 783
781 791 775
792 783 785
783 792 791
792 793 791
775 791 793
793 792 794
792 795 794
795 792 796
796 785 787
785 796 792
796 797 795
797 796 798
798 787 789
787 798 796
799 797 798
789 799 798
797 799 800
801 800 799
800 801 802
803 802 801
802 803 804
805 801 799
799 789 805
789 806 805
806 807 805
801 805 807
807 806 808
808 809 807
809 801 807
801 809 803
809 808 810
810 811 809
803 809 811
811 810 812
803 811 813
804 803 813
804 813 814
813 815 814
814 815 816
817 813 811
813 817 815
811 818 817
811 812 818
819 817 818
817 819 820
820 815 817
821 820 819
820 821 822
823 822 821
822 823 824
823 825 824
825 823 826
826 827 825
827 826 828
828 829 827
829 828 830
830 831 829
831 830 832
832 833 831
833 832 834
835 833 834
833 835 836
835 837 836
837 835 838
838 839 837
839 838 840
841 839 840
839 841 842
843 842 841
842 843 844
843 556 844
556 843 560
833 845 831
845 829 831
829 845 846
846 827 829
827 846 847
847 846 848
848 846 845
848 845 849
845 850 849
847 825 827
825 847 851
851 824 825
824 851 852
853 852 851
852 853 854
854 855 852
855 854 856
816 855 856
855 816 857
857 822 855
852 822 824
822 852 855
822 857 820
815 820 857
815 857 816
858 854 853
854 858 859
858 853 860
856 854 861
854 859 862
854 862 861
862 863 861
863 856 861
856 863 816
863 862 864
864 865 863
865 816 863
865 864 866
816 865 814
867 814 865
867 865 866
868 867 866
814 867 804
869 804 867
804 869 802
869 800 802
800 869 870
871 870 869
870 871 872
872 873 870
873 872 874
874 872 875
871 875 872
874 875 876
877 876 875
875 871 877
876 877 878
879 876 878
880 879 878
880 881 879
881 880 882
879 883 876
883 879 881
884 883 881
884 881 885
881 882 885
885 886 884
886 885 887
888 886 887
888 889 886
890 889 888
888 891 890
891 888 892
892 893 891
893 892 894
752 893 894
889 890 895
889 895 896
896 886 889
886 896 884
883 884 896
896 897 883
897 896 898
899 898 896
895 899 896
898 899 900
901 900 899
902 901 899
903 901 902
901 903 904
776 904 903
752 756 893
893 756 758
758 891 893
891 758 905
902 905 903
758 903 905
901 906 900
907 900 906
900 907 898
898 874 897
874 898 907
874 876 897
897 876 883
906 908 907
907 873 874
873 907 908
795 873 908
873 795 797
908 794 795
794 908 909
908 906 909
797 870 873
870 797 800
793 794 909
904 793 909
901 904 909
793 904 776
775 793 776
906 901 909
770 776 910
770 910 766
766 910 758
903 758 910
910 776 903
911 912 913
912 911 914
914 915 912
915 914 916
916 914 917
917 914 911
918 916 917
919 918 917
920 919 917
920 921 919
921 920 922
919 923 918
923 919 921
923 916 918
916 923 915
924 925 492
487 492 925
422 410 428
410 432 428
432 410 412
412 885 432
887 885 412
411 887 412
885 882 432
882 880 432
926 432 880
880 927 926
927 928 926
928 927 929
929 930 928
930 929 931
880 878 927
929 932 931
927 932 929
932 927 878
432 926 439
439 926 928
928 933 439
878 934 932
932 934 931
931 934 868
877 934 878
877 935 934
935 868 934
935 877 871
871 869 935
867 868 935
869 867 935
439 936 440
936 937 440
440 937 938
440 938 939
440 939 441
454 441 939
938 940 939
940 941 939
939 941 454
941 942 454
454 942 547
942 943 547
547 943 546
546 943 944
945 546 944
542 546 945
945 944 946
946 947 945
947 946 948
848 948 946
948 848 849
949 948 849
849 950 949
949 950 951
950 837 951
837 950 836
850 836 950
849 850 950
836 850 833
845 833 850
839 951 837
951 839 952
949 951 952
949 952 953
953 952 954
953 954 955
842 952 839
952 842 954
844 954 842
954 844 956
954 956 955
556 956 844
956 556 554
955 956 554
955 554 552
957 953 955
958 953 957
958 949 953
948 949 958
959 957 955
959 955 552
947 948 958
959 960 957
960 947 958
960 958 957
544 947 960
960 959 544
947 544 543
543 945 947
945 543 542
548 959 552
545 959 548
959 545 544
422 407 408
407 422 419
452 435 441
435 452 447
961 962 963
962 961 964
961 965 964
964 966 962
966 964 967
968 967 964
964 965 968
968 965 969
970 968 969
968 970 971
970 972 971
972 970 973
973 974 972
974 973 975
975 976 974
976 975 977
977 978 976
978 977 979
979 980 978
980 979 981
981 982 980
982 981 983
983 984 982
984 983 985
986 984 985
984 986 987
987 986 988
987 988 989
989 988 990
990 991 989
989 991 992
992 991 993
980 994 978
995 978 994
978 995 976
996 976 995
976 996 974
997 974 996
974 997 972
998 972 997
972 998 971
999 971 998
971 999 968
967 968 999
993 1000 992
993 1001 1000
1001 1002 1000
1002 1001 1003
1004 1000 1002
1000 1004 1005
1000 1005 992
1004 1006 1005
992 1005 1006
992 1006 1007
1007 989 992
989 1007 1008
1008 987 989
987 1008 1009
1009 984 987
984 1009 1010
1010 982 984
982 1010 1011
1011 980 982
980 1011 1012
994 980 1012
1006 1004 1013
1014 1006 1013
1006 1014 1015
1007 1006 1015
1016 1015 1014
1015 1016 1017
1016 1018 1017
1018 1016 1019
1020 1018 1019
1018 1020 1021
1021 1022 1018
1022 1017 1018
1022 1023 1017
1024 1023 1022
1023 1024 1025
1026 1025 1024
1026 1024 1027
1024 1028 1027
1028 1024 1022
1028 1022 1029
1029 1022 1021
1030 1028 1029
1028 1030 1031
1031 1027 1028
1032 1031 1030
1031 1032 1033
1032 1034 1033
1030 1035 1032
1036 1032 1035
1032 1036 1037
1032 1037 1034
1035 1030 1038
1029 1038 1030
1038 1029 1021
1026 1027 1039
1039 1040 1026
1040 1039 1041
1042 1040 1041
1040 1042 1043
1044 1043 1042
1043 1044 1045
1046 1045 1044
1045 1046 1047
1048 1047 1046
1047 1048 1049
1050 1049 1048
1049 1050 1051
1052 1051 1050
1051 1052 1053
1054 1053 1052
1053 1054 1055
1054 1056 1055
1056 1054 1057
1056 1057 1058
1056 1059 1055
1059 1056 1060
1056 1061 1060
1061 1056 1062
1062 1056 1058
1063 1062 1058
1063 1064 1062
1064 1063 1065
1062 1066 1061
1066 1062 1064
1067 1055 1059
1055 1067 1053
1068 1053 1067
1053 1068 1051
1069 1051 1068
1051 1069 1049
1070 1049 1069
1049 1070 1047
1071 1047 1070
1047 1071 1045
1072 1045 1071
1045 1072 1043
1073 1043 1072
1043 1073 1040
1074 1040 1073
1040 1074 1026
1025 1026 1074
997 1068 1067
1067 998 997
998 1067 1059
1059 999 998
999 1059 1060
1060 967 999
967 1060 1061
1066 967 1061
967 1066 966
1073 1009 1074
1009 1073 1010
1008 1074 1009
1074 1008 1025
1007 1025 1008
1025 1007 1023
1023 1007 1017
1007 1015 1017
1010 1072 1011
1071 1011 1072
1011 1071 1012
1070 1012 1071
1012 1070 994
1070 995 994
995 1070 1069
1069 996 995
996 1069 1068
1068 997 996
1072 1010 1073
1075 1002 1076
1076 1077 1075
1077 1076 1078
1076 1079 1078
1079 1076 1003
1003 1076 1002
1003 1080 1079
1080 1003 1001
1081 1080 1001
1081 1001 993
993 1082 1081
1082 993 991
991 1083 1082
1083 991 990
990 1084 1083
1084 990 988
1085 1084 988
986 1085 988
1085 986 1086
1087 1086 986
1087 986 985
1088 1087 985
1088 985 983
1089 1088 983
981 1089 983
1090 1089 981
1091 1090 981
1091 981 979
1092 1091 979
979 1093 1092
1093 979 977
977 1094 1093
1094 977 975
973 1094 975
1095 1094 973
1096 1095 973
1096 973 970
970 1097 1096
969 1097 970
1098 1097 969
1099 1097 1098
1100 1099 1098
1099 1100 1101
1102 1101 1100
1101 1102 1103
1104 1103 1102
1103 1104 1105
1106 1105 1104
1105 1106 1107
1102 963 1104
963 1102 961
1100 961 1102
961 1100 965
965 1098 969
1098 965 1100
401 1108 395
401 400 1109
1109 400 1110
1109 1110 661
661 1110 660
400 664 1110
1110 664 660
400 417 664
400 392 417
417 663 664
663 417 416
416 673 663
673 416 413
413 674 673
414 674 413
676 674 414
1111 1112 1113
1112 1114 1113
1115 1112 1111
1116 1114 1112
1112 1115 1116
1114 1116 1117
1118 1117 1116
1116 1119 1118
1119 1116 1120
1116 1115 1120
1117 1118 1121
1121 1122 1117
1114 1117 1122
1122 1121 1123
1111 1113 1124
1125 1124 1113
1113 1114 1125
1114 1126 1125
1126 1114 1127
1127 1114 1122
1124 1125 1128
1124 1128 1129
1130 1129 1128
1130 1125 1126
1125 1130 1128
1129 1130 1131
1126 1132 1130
1132 1131 1130
1132 1126 1133
1127 1133 1126
1134 1132 1133
1135 1134 1133
1122 1135 1127
1133 1127 1135
1134 1135 1136
1137 1134 1136
1134 1137 1138
1139 1138 1137
1138 1139 1140
1141 1140 1139
1140 1141 1142
1136 1143 1137
1143 1136 1144
1135 1144 1136
1145 1143 1144
1143 1145 1146
1139 1147 1141
1147 1139 1148
1146 1148 1143
1148 1137 1143
1137 1148 1139
1149 1147 1148
1148 1146 1149
1147 1149 1150
1144 1151 1145
1151 1144 1152
1135 1152 1144
1153 1141 1147
1150 1153 1147
1141 1153 1154
1154 1142 1141
1153 1150 1155
1142 1154 1156
1156 1157 1142
1157 1156 1158
1158 1159 1157
1160 1157 1159
1157 1160 1161
1162 1161 1160
1161 1162 1163
1164 1163 1162
1163 1164 1165
1166 1165 1164
1165 1166 1132
1164 1167 1166
1167 1164 1168
1162 1168 1164
1168 1169 1167
1169 1168 1170
1171 1170 1168
1168 1162 1171
1160 1171 1162
1170 1171 1172
1173 1172 1171
1171 1160 1173
1159 1173 1160
1172 1173 1174
1173 1175 1174
1170 1176 1169
1176 1170 1177
1172 1177 1170
1177 1172 1178
1174 1178 1172
1178 1174 1179
1174 1175 1179
1132 1134 1165
1138 1165 1134
1165 1138 1163
1163 1138 1161
1176 1180 1169
1180 1176 1181
1180 1167 1169
1167 1180 1182
1183 1182 1180
1183 1180 1181
1182 1183 1184
1185 1184 1183
1184 1185 1186
1185 1183 1187
1187 1183 1181
1186 1188 1184
1188 1186 1189
1190 1188 1189
1184 1129 1182
1188 1129 1184
1182 1166 1167
1166 1182 1131
1129 1131 1182
1131 1132 1166
1185 1191 1186
1191 1185 1192
1193 1192 1185
1186 1191 1194
1189 1186 1194
1188 1190 1124
1124 1129 1188
1124 1190 1111
1185 1187 1195
1193 1185 1195
1196 1197 1198
1199 1197 1196
1197 1199 1200
1201 1200 1199
1200 1201 1202
1203 1202 1201
1202 1203 1204
1205 1204 1203
1204 1205 1206
1205 1207 1206
1208 1204 1206
1206 1207 1208
1208 1207 1209
1209 1210 1208
1204 1208 1210
1210 1202 1204
1210 1209 1211
1211 1212 1210
1202 1210 1212
1212 1211 1213
1214 1213 1211
1214 1215 1213
1215 1214 1216
1216 1217 1215
1217 1216 1218
1218 1216 1219
1216 1220 1219
1220 1216 1221
1221 1222 1220
1222 1221 1223
1223 1224 1222
1218 1225 1217
1226 1217 1225
1217 1226 1227
1227 1215 1217
1225 1218 1228
1226 1198 1227
1225 1229 1226
1228 1229 1225
1158 1198 1226
1229 1158 1226
1159 1158 1229
1229 1230 1159
1173 1159 1230
1230 1229 1231
1229 1228 1231
1232 1230 1231
1230 1232 1175
1173 1230 1175
1231 1233 1232
1233 1231 1228
1234 1232 1233
1234 1233 1235
1235 1233 1228
1232 1234 1236
1175 1232 1236
1237 1175 1236
1238 1175 1237
1158 1156 1198
1156 1239 1198
1239 1156 1154
1154 1240 1239
1240 1241 1239
1242 1241 1240
1241 1242 1243
1243 1244 1241
1241 1244 1245
1244 1243 1246
1245 1244 1247
1248 1244 1246
1244 1248 1249
1247 1244 1249
1249 1250 1247
1250 1249 1251
1249 1248 1251
1250 1251 1252
1153 1242 1240
1240 1154 1153
1242 1153 1155
1253 1254 1255
1254 1253 1256
1254 1256 1257
1257 1256 1258
1257 1258 1259
1258 1260 1259
1260 1261 1259
1260 1262 1261
1263 1262 1260
1261 1262 1264
1262 1265 1264
1265 1262 1266
1263 1266 1262
1266 1267 1265
1267 1266 1268
1268 1269 1267
1269 1268 1270
1271 1270 1268
1270 1271 1272
1272 1273 1270
1273 1272 1274
1274 1275 1273
1275 1274 1276
1277 1275 1276
1278 1273 1275
1273 1278 1279
1279 1270 1273
1270 1279 1269
1280 1268 1266
1268 1280 1271
1266 1263 1280
1281 1278 1275
1277 1281 1275
1277 1282 1281
1283 1282 1277
1284 1282 1283
1282 1285 1281
1278 1281 1285
1285 1282 1286
1287 1282 1284
1288 1289 1290
1290 1291 1288
1291 1290 1292
1293 1292 1290
1290 1294 1293
1294 1290 1295
1289 1295 1290
1296 1293 1294
1293 1296 1297
1296 1298 1297
1299 1293 1297
1299 1297 1298
1293 1299 1300
1292 1293 1300
1291 1301 1288
1291 1302 1301
1302 1303 1301
1303 1302 1304
1305 1301 1303
1301 1305 1306
1288 1301 1306
1307 1303 1304
1303 1307 1308
1309 1308 1307
1308 1309 1310
1309 1311 1310
1311 1309 1312
1313 1311 1312
1311 1313 1314
1314 1315 1311
1315 1314 1316
1317 1316 1314
1313 1317 1314
1316 1317 1318
1311 1319 1310
1319 1311 1315
1310 1320 1308
1320 1310 1319
1320 1303 1308
1303 1320 1305
1318 1317 1321
1317 1313 1322
1322 1323 1317
1317 1323 1321
1323 1324 1321
1323 1322 1325
1323 1326 1324
1327 1328 1329
1327 1329 1330
1330 1329 1331
1332 1330 1331
1330 1332 1333
1334 1330 1333
1330 1334 1335
1335 1327 1330
1336 1333 1332
1333 1336 1337
1338 1337 1336
1337 1338 1339
1340 1337 1339
1337 1340 1341
1333 1341 1334
1341 1333 1337
1340 1339 1342
1342 1339 1338
1161 1140 1157
1140 1142 1157
1138 1140 1161
1151 1122 1123
1122 1151 1152
1135 1122 1152
135 129 146
1343 146 1344
1345 1343 1344
172 1345 1344
1345 172 168
166 1345 168
1345 166 1346
166 1347 1346
1347 166 164
164 1348 1347
1348 164 162
162 1349 1348
1349 162 160
160 1350 1349
1350 160 157
157 149 1350
148 1350 149
1350 148 1351
1351 1349 1350
1349 1351 1352
1352 1348 1349
1348 1352 1353
1353 1347 1348
1347 1353 1354
1354 1346 1347
1346 1354 1355
1355 1345 1346
1345 1355 1343
138 1351 148
1351 138 139
1351 140 1352
140 1351 139
141 1352 140
1352 141 1353
141 1354 1353
1354 141 142
142 1355 1354
1355 142 144
144 1343 1355
1343 144 145
1343 145 146
34 1356 33
34 1357 1356
1357 34 1358
36 1358 34
1358 36 1359
36 1360 1359
1360 36 41
1361 1359 1360
1359 1361 1362
1362 1358 1359
1358 1362 1363
1363 1357 1358
1357 1363 1364
41 1365 1360
1365 41 42
1366 1360 1365
1360 1366 1361
1365 42 46
1366 1365 46
1356 37 33
1367 352 1368
1367 1368 1369
1367 1369 1370
1370 1371 1367
355 1367 1371
1367 355 353
1367 353 352
1371 357 355
357 1371 1372
1372 360 357
360 1372 1373
1374 360 1373
360 1374 362
1374 364 362
364 1374 1375
1375 365 364
365 1375 1376
1371 1370 1377
1377 1372 1371
1372 1377 1378
1378 1373 1372
1373 1378 1379
1379 1374 1373
1374 1379 1380
1374 1380 1381
1381 1376 1375
1375 1374 1381
1376 1381 1382
1383 1378 1377
1377 1384 1383
1384 1377 1370
1370 1385 1384
1385 1370 1386
1378 1383 1387
1387 1379 1378
1379 1387 1388
1388 1380 1379
1380 1388 1389
1381 1380 1390
1390 1382 1381
1380 1389 1390
1382 1390 1391
1384 1392 1383
1392 1388 1387
1392 1387 1383
1393 1384 1385
1384 1393 1392
1393 1394 1392
1388 1392 1394
1394 1393 1395
1395 1396 1394
1394 1396 1388
1396 1389 1388
1396 1395 1397
1397 1398 1396
1396 1398 1389
1398 1391 1390
1389 1398 1390
1398 1397 1399
1391 1398 1399
1369 1400 1370
397 1401 398
1401 397 1402
1401 1403 398
1403 1404 398
1403 1405 1404
1405 754 1404
1405 763 754
398 1404 753
1404 754 753
398 753 399
1227 1200 1406
1200 1227 1197
1202 1406 1200
1406 1202 1212
1215 1227 1406
1213 1406 1212
1406 1213 1215
1198 1197 1227
1239 1196 1198
1306 1289 1288
1036 1407 1408
1407 1036 1035
1035 1409 1407
1409 1035 1038
1021 1409 1038
1409 1021 1020
1410 1411 1412
1411 1413 1412
1410 1412 259
275 1410 259
1412 1413 1414
1413 1415 1414
1413 1416 1415
1416 223 1415
1412 1414 258
259 1412 258
1417 1416 1413
1417 225 1416
225 223 1416
223 231 1415
1415 231 1418
1414 1415 1418
1414 1418 257
258 1414 257
1418 256 257
1418 1419 256
1418 231 1419
1419 231 230
230 233 1419
1419 233 245
1419 245 256
275 259 260
237 1420 1421
1422 1421 1420
1421 1422 1423
1420 1424 1422
1422 1425 1423
1426 1423 1425
1423 1426 1427
1427 1421 1423
1428 1421 1427
236 1421 1428
237 1421 236
1429 1428 1427
1426 1429 1427
238 1428 1429
236 1428 238
1429 1426 1430
1430 305 1429
238 1429 305
305 1430 301
1425 1422 1431
1422 1424 1431
301 1430 1432
1426 1432 1430
1432 1426 1433
1425 1433 1426
1433 1425 1434
1431 1434 1425
1434 1431 1435
1431 1424 1435
301 1436 1437
1436 1438 1437
1438 1436 1439
1439 1440 1438
1440 1439 1441
1441 1442 1440
1442 1441 1443
1443 1444 1442
1444 1443 1445
1445 1446 1444
1446 1445 1447
1438 1448 1437
301 1437 1448
1448 1438 1449
1450 1438 1440
1438 1450 1449
1451 1440 1442
1440 1451 1450
1452 1442 1444
1442 1452 1451
1452 1444 1446
1446 1447 1453
1449 300 1448
301 1448 300
300 1449 316
1450 316 1449
316 1450 314
1451 314 1450
314 1451 315
1454 1451 1452
1451 1454 315
315 1454 313
1452 1455 1454
1455 1452 1446
1455 1446 1453
241 239 303
303 244 241
244 297 284
239 240 304
304 240 306
240 238 306
213 194 207
1456 194 213
193 194 1456
206 203 237
204 237 203
237 204 1420
204 1424 1420
1457 649 648
648 1458 1457
1458 648 1459
646 1459 648
1459 646 1460
646 644 1460
1458 1461 1457
1459 1460 1462
1460 1463 1462
1463 1460 1464
644 1464 1460
643 1464 644
1464 643 1465
643 1466 1465
643 1467 1466
643 641 1467
1468 1467 641
1467 1468 1469
1469 1466 1467
1470 1469 1468
1469 1470 1471
1472 1471 1470
1471 1472 1473
641 636 1468
634 1468 636
1468 634 1470
633 1470 634
1470 633 1472
631 1472 633
1472 631 1474
1472 1474 1475
1472 1475 1473
1476 1475 1474
1475 1476 1477
1478 1477 1476
1477 1478 1479
622 1479 1478
1479 622 1480
629 1474 631
1474 629 1476
629 1478 1476
1478 629 624
624 622 1478
1477 1481 1475
1481 1473 1475
1481 1477 1482
1479 1482 1477
1482 1479 1483
1480 1483 1479
1483 1480 1484
1480 1485 1484
1480 621 1485
622 621 1480
1484 1485 1486
1485 1487 1486
1487 1485 1488
621 1488 1485
1488 1489 1487
1490 1486 1487
1486 1490 1491
1492 1486 1491
1484 1486 1492
1493 1484 1492
1493 1482 1483
1483 1484 1493
1494 1493 1492
1493 1494 1495
1496 1493 1495
1493 1496 1497
1498 1497 1496
1497 1498 1499
1500 1499 1498
1499 1500 1501
1502 1501 1500
1501 1502 1471
1503 1471 1502
1471 1503 1469
1466 1469 1503
1466 1503 1504
1502 1504 1503
1504 1502 1505
1500 1505 1502
1505 1500 1506
1498 1506 1500
1506 1498 1507
1496 1507 1498
1507 1496 1508
1495 1508 1496
1508 1495 1509
1471 1473 1501
1501 1473 1481
1501 1481 1499
1482 1499 1481
1499 1482 1497
1482 1493 1497
1466 1504 1510
1504 1505 1511
1504 1511 1510
1512 1505 1506
1505 1512 1511
1513 1506 1507
1506 1513 1512
1514 1507 1508
1507 1514 1513
1495 1515 1509
1515 1495 1494
1494 1516 1515
1516 1494 1517
1492 1517 1494
1517 1492 1491
1491 1518 1517
1518 1491 1490
1490 1519 1518
1519 1490 1520
1487 1520 1490
1520 1487 1521
1521 1522 1520
1522 1521 1523
1487 1489 1521
1521 1489 1524
1524 1525 1521
1521 1525 1523
1525 1526 1523
1526 1527 1523
1528 1520 1522
1520 1528 1519
1529 1528 1522
1523 1529 1522
1528 1529 1530
1531 1530 1529
1530 1531 1532
1533 1532 1531
1532 1533 1534
1535 1534 1533
1533 1536 1535
1536 1533 1537
1531 1537 1533
1538 1537 1531
1534 1535 1539
1540 1539 1535
1539 1540 1541
1542 1541 1540
1541 1542 1543
1544 1543 1542
1543 1544 1545
1540 1546 1542
1542 1546 1544
1546 1547 1544
1546 1540 1548
1535 1548 1540
1548 1535 1536
1538 1549 1537
1549 1538 1550
605 1549 1550
607 605 1550
1549 605 1551
1552 1549 1551
1549 1552 1553
1554 1553 1552
1553 1554 1555
1554 1556 1555
1556 1548 1555
1548 1556 1546
1556 1554 1557
1557 1558 1556
1558 1546 1556
1546 1558 1547
1558 1557 1559
1559 1560 1558
1560 1559 1561
1561 1562 1560
1562 1561 1563
1563 1564 1562
604 1551 605
1551 604 1565
1552 1565 1566
1567 1566 1565
602 1567 1565
602 1565 604
1568 1559 1557
1557 1569 1568
1567 1569 1566
1567 1570 1569
1570 1568 1569
1570 1571 1568
1554 1566 1569
1566 1554 1552
1565 1552 1551
1569 1557 1554
1572 1564 1563
1563 1573 1572
1573 1571 509
509 1572 1573
1571 1573 1574
1568 1571 1574
1572 509 508
1559 1568 1574
1561 1574 1573
1574 1561 1559
1573 1563 1561
1575 1571 1570
1576 1575 1570
1576 1570 1567
1567 600 1576
600 1567 602
599 1576 600
597 1576 599
597 1575 1576
1577 1575 597
1577 1571 1575
1577 509 1571
597 594 1577
495 509 1577
493 495 1577
1577 594 493
508 506 1578
506 1579 1578
1579 1580 1578
1580 1581 1578
1581 1580 1582
1582 1564 1581
1564 1572 1581
1572 1578 1581
1564 1582 1583
1584 1564 1583
1564 1584 1585
1583 1586 1584
1582 1586 1583
1580 1586 1582
1587 1586 1580
1580 1579 1587
1564 1585 1562
508 1578 1572
1588 1585 1584
1586 1588 1584
1585 1588 1589
1585 1589 1590
1585 1590 1562
1591 1562 1590
1562 1591 1560
1590 1589 1592
1591 1590 1593
1592 1593 1590
1592 1594 1593
1592 1595 1594
1595 1592 1596
1592 1589 1596
1594 1597 1593
1598 1597 1594
1594 1595 1598
1599 1597 1598
1597 1599 1600
1600 1601 1597
1601 1600 1602
1603 1602 1600
1602 1603 1604
1604 1541 1602
1539 1541 1604
1605 1604 1603
1604 1605 1606
1606 1539 1604
1534 1539 1606
1607 1534 1606
1534 1607 1532
1608 1532 1607
1532 1608 1530
1609 1530 1608
1530 1609 1528
1610 1528 1609
1528 1610 1519
1610 1518 1519
1518 1610 1611
1611 1517 1518
1517 1611 1516
1612 1516 1611
1610 1612 1611
1516 1612 1613
1613 1515 1516
1515 1613 1614
1614 1509 1515
1509 1614 1615
1609 1616 1610
1612 1610 1616
1616 1609 1617
1618 1615 1614
1615 1618 1619
1619 1514 1615
1514 1619 1620
1621 1614 1613
1614 1621 1618
1622 1613 1612
1613 1622 1621
1616 1622 1612
1616 1617 1623
1622 1616 1623
1615 1508 1509
1508 1615 1514
1620 1513 1514
1513 1620 1624
1624 1512 1513
1512 1624 1625
1511 1512 1625
1623 1617 1626
1626 1617 1627
1628 1626 1627
1627 1607 1628
1607 1627 1608
1626 1628 1629
1617 1608 1627
1608 1617 1609
1606 1628 1607
1628 1606 1605
1605 1629 1628
1629 1605 1630
1603 1630 1605
1630 1603 1631
1600 1631 1603
1631 1600 1599
1632 1633 1634
1634 1633 1635
1636 1633 1632
1633 1636 1637
1635 1633 1638
1637 1638 1633
1638 1637 1639
1639 1640 1638
1641 1638 1640
1635 1638 1641
1640 1639 1642
1643 1644 1645
1644 1643 1646
1645 1647 1643
1647 1645 1648
1649 1647 1648
1647 1649 1650
1647 1651 1643
1646 1643 1651
1646 1651 1652
1651 1647 1653
1654 1647 1650
1654 1653 1647
1655 1650 1649
1655 1654 1650
1654 1655 1656
1654 1656 1657
1658 1657 1656
1659 1657 1658
1660 1659 1658
1651 1661 1652
1661 1662 1652
1662 1661 1663
1664 1663 1661
1651 1664 1661
1664 1651 1653
1663 1664 1665
1664 1660 1665
1653 1666 1664
1664 1666 1667
1660 1664 1667
1666 1653 1668
1653 1654 1668
1655 1649 1669
1670 1671 1672
1672 1671 1673
1672 1673 1674
1673 1675 1674
1674 1675 1676
1674 1677 1672
1677 1674 1676
1678 1672 1677
1672 1678 1679
1679 1670 1672
1680 1678 1677
1676 1680 1677
1678 1680 1681
667 675 1682
677 1682 675
1682 677 1683
691 1682 1683
691 1683 688
1682 691 671
671 667 1682
1683 679 688
679 1683 677
671 692 669
638 669 692
668 669 638
692 721 638
638 721 637
668 638 639
693 721 692
1684 1685 1686
1687 1685 1684
1688 1685 1687
1685 1688 1689
1685 1690 1686
1690 1685 1689
1691 1686 1690
1686 1691 1692
1684 1686 1692
1693 1694 1695
1694 1693 1696
1693 1695 1697
1697 1695 1698
1694 1698 1695
1698 1694 1699
1527 1700 1701
1700 1538 1701
1527 607 1700
607 1527 608
1527 610 608
610 1527 1526
1526 612 610
612 1526 1525
1525 614 612
614 1525 1524
1524 617 614
617 1524 1489
1489 619 617
619 1489 1488
1488 621 619
1550 1700 607
1700 1550 1538
1531 1701 1538
1701 1531 1529
1529 1523 1701
1527 1701 1523
1702 1703 1704
1703 1702 1705
1703 1706 1704
1706 1703 1707
1707 1703 1708
1708 1703 1709
1705 1709 1703
1710 1708 1709
1707 1708 1711
1708 1712 1711
1710 1712 1708
1711 1712 1713
1712 1710 1713
1707 1714 1706
1714 1707 1715
1707 1711 1715
1711 1713 1716
1715 1711 1716
1715 1716 1717
1716 1713 1718
1717 1716 1718
1719 1717 1718
1718 1713 1720
1719 1718 1720
1721 1714 1715
1715 1717 1721
1714 1721 1722
1717 1719 1723
1721 1717 1723
1709 1724 1710
1705 1724 1709
1724 1705 1725
1726 1721 1723
1726 1722 1721
1705 1727 1725
1727 1705 1728
1728 1705 1702
1729 1730 1731
1730 1729 1732
1733 1730 1732
1730 1733 1734
1732 1735 1733
1735 1732 1736
1735 1736 1737
1737 1736 1738
1738 1732 1729
1732 1738 1736
1553 1537 1549
1537 1553 1536
1555 1536 1553
1536 1555 1548
1547 1558 1591
1558 1560 1591
1465 1466 1739
1466 1510 1739
1543 1545 1601
1602 1543 1601
1602 1541 1543
1740 1741 1742
1741 1740 1743
1741 1744 1742
1740 1745 1743
1745 1740 1746
278 293 277
291 1747 293
291 292 1747
292 318 320
318 292 290
716 702 703
702 716 704
722 715 714
717 715 722
714 724 722
276 269 1748
506 519 1749
262 272 1750
262 1750 266
1751 1752 1753
1752 1751 1754
1754 1755 1752
1755 1754 1756
1756 1757 1755
1758 1756 1754
1754 1759 1758
1760 1758 1759
1758 1760 1761
1762 1761 1760
1761 1762 1763
1764 1762 1760
1764 1760 1765
1759 1765 1760
1763 1766 1761
1766 1763 1767
1761 1768 1758
1756 1758 1768
1768 1757 1756
1768 1761 1769
1769 1761 1766
1768 1770 1757
1770 1768 1769
1771 1770 1769
1770 1771 1772
1770 1772 1757
1773 1772 1771
1772 1773 1774
1774 1775 1772
1775 1774 1776
1777 1775 1776
1775 1777 1778
1777 1779 1778
1780 1778 1779
1780 1775 1778
1757 1775 1780
1757 1772 1775
1755 1757 1780
1779 1777 1781
1779 1781 1782
1783 1782 1781
1782 1783 1784
1785 1782 1784
1782 1785 1786
1780 1779 1787
1755 1780 1787
1788 1755 1787
1755 1788 1752
1777 1789 1781
1789 1783 1781
1789 1790 1783
1789 1791 1790
1789 1792 1791
1793 1792 1789
1794 1792 1793
1792 1794 1795
1792 1795 1791
1796 1795 1794
1797 1796 1794
1796 1797 1798
1797 1794 1799
1799 1794 1793
1774 1798 1797
1798 1774 1773
1773 1800 1798
1800 1773 1801
1797 1776 1774
1776 1797 1799
1789 1777 1793
1799 1777 1776
1777 1799 1793
1802 1790 1791
1795 1802 1791
1790 1802 1803
1802 1804 1803
1803 1804 1805
1804 1802 1806
1806 1807 1804
1804 1807 1808
1807 1809 1808
1804 1808 1810
1810 1805 1804
1811 1810 1808
1810 1811 1812
1813 1808 1809
1808 1813 1811
1809 1814 1813
1814 1809 1815
1815 1816 1814
1816 1815 1817
1818 1817 1815
1819 1814 1816
1819 1816 1820
1814 1819 1821
1821 1813 1814
1822 1821 1819
1821 1822 1823
1822 1824 1823
1819 1820 1825
1819 1825 1822
1826 1825 1820
1825 1826 1827
1822 1827 1824
1827 1822 1825
1828 1827 1826
1827 1828 1829
1830 1829 1828
1829 1830 1831
1830 1832 1831
1833 1827 1829
1827 1833 1824
1831 1833 1829
1833 1834 1824
1835 1824 1834
1824 1835 1836
1823 1824 1836
1837 1836 1835
1834 1833 1838
1839 1836 1837
1837 1835 1840
1841 1835 1834
1835 1841 1840
1842 1834 1838
1834 1842 1841
1841 1842 1843
1833 1831 1844
1831 1832 1844
1838 1833 1844
1842 1838 1844
1842 1844 1845
1844 1832 1846
1844 1846 1845
1842 1845 1847
1843 1842 1847
1839 1848 1836
1839 1813 1848
1813 1839 1811
1837 1811 1839
1813 1821 1848
1848 1823 1836
1823 1848 1821
1849 1845 1846
1845 1849 1847
1846 1850 1849
1850 1846 1851
1846 1832 1851
1832 1852 1851
1832 1853 1852
1853 1854 1852
1852 1854 1851
1853 1855 1854
1855 1853 1856
1857 1856 1853
1853 1832 1857
1856 1857 1858
1856 1858 1859
1830 1858 1857
1830 1857 1832
1830 1859 1858
1854 1860 1851
1850 1851 1860
1830 1861 1859
1861 1862 1859
1862 1861 1863
1863 1864 1862
1864 1863 1865
1865 1866 1864
1866 1865 1867
1868 1867 1865
1867 1868 1869
1870 1869 1868
1869 1870 1871
1872 1871 1870
1871 1872 1873
1873 1874 1871
1874 1873 1875
1876 1864 1866
1864 1876 1877
1877 1862 1864
1876 1878 1877
1878 1876 1879
1880 1879 1876
1866 1880 1876
1879 1880 1881
1881 1882 1879
1882 1881 1883
1883 1884 1882
1884 1883 1885
1886 1879 1882
1879 1886 1878
1887 1882 1884
1882 1887 1886
1878 1888 1877
1862 1877 1888
1888 1878 1889
1886 1889 1878
1886 1890 1889
1887 1890 1886
1890 1887 1891
1888 1859 1862
1859 1888 1892
1889 1892 1888
1892 1889 1893
1890 1893 1889
1893 1890 1894
1891 1894 1890
1894 1891 1895
1896 1895 1891
1884 1896 1887
1896 1891 1887
1895 1896 1897
1898 1895 1897
1899 1897 1896
1897 1899 1900
1901 1900 1899
1902 1901 1899
1901 1902 1903
1903 1904 1901
1904 1903 1905
1904 1906 1901
1900 1901 1906
1906 1904 1907
1908 1907 1904
1905 1908 1904
1898 1909 1895
1895 1909 1894
1900 1910 1897
1898 1897 1910
1910 1900 1911
1906 1911 1900
1911 1912 1910
1907 1913 1906
1911 1906 1913
1913 1914 1911
1911 1914 1912
1913 1915 1914
1915 1913 1916
1908 1915 1916
1913 1907 1916
1908 1916 1907
1917 1914 1915
1917 1915 1908
1914 1917 1918
1918 1912 1914
1919 1912 1918
1920 1912 1919
1912 1920 1921
1921 1910 1912
1921 1898 1910
1898 1921 1922
1898 1922 1909
1922 1921 1923
1921 1920 1923
1920 1924 1923
1920 1925 1924
1926 1924 1925
1924 1926 1927
1928 1927 1926
1928 1929 1927
1928 1930 1929
1930 1931 1929
1926 1932 1928
1932 1926 1933
1934 1932 1933
1932 1934 1935
1935 1936 1932
1936 1935 1937
1934 1938 1935
1938 1937 1935
1938 1934 1939
1939 1940 1938
1941 1938 1940
1937 1938 1941
1940 1939 1942
1942 1943 1940
1943 1942 1944
1943 1944 1945
1946 1943 1945
1940 1943 1946
1947 1932 1936
1932 1947 1928
1936 1948 1947
1949 1947 1948
1947 1949 1950
1928 1947 1950
1949 1951 1950
1952 1950 1951
1950 1952 1930
1928 1950 1930
1930 1952 1850
1951 1843 1952
1843 1951 1953
1954 1953 1951
1951 1949 1954
1953 1954 1955
1955 1956 1953
1956 1955 1957
1957 1958 1956
1958 1957 1959
1959 1960 1958
1958 1960 1803
1960 1959 1961
1961 1784 1960
1784 1961 1785
1783 1960 1784
1960 1783 1790
1960 1790 1803
1810 1956 1958
1841 1843 1953
1953 1956 1840
1841 1953 1840
1956 1812 1840
1840 1812 1837
1811 1837 1812
1810 1812 1956
1843 1847 1952
1952 1847 1849
1850 1952 1849
1930 1850 1860
1930 1860 1962
1930 1962 1931
1963 1964 1965
1963 1966 1964
1966 1963 1967
1968 1967 1963
1967 1968 1969
1969 1970 1967
1970 1969 1971
1971 1972 1970
1972 1971 1973
1963 1974 1968
1974 1963 1975
1963 1965 1975
1975 1976 1974
1977 1967 1970
1972 1977 1970
1967 1977 1978
1967 1978 1966
1965 1979 1975
1975 1979 1976
1979 1980 1976
1973 1981 1972
1981 1973 1982
1982 1983 1981
1983 1982 1984
1984 1985 1983
1985 1984 1986
1987 1986 1984
1986 1987 1874
1984 1988 1987
1988 1984 1989
1989 1984 1982
1989 1990 1988
1990 1989 1991
1982 1991 1989
1991 1992 1990
1992 1991 1993
1994 1985 1986
1874 1994 1986
1994 1874 1875
1987 1871 1874
1871 1987 1869
1987 1988 1995
1987 1995 1869
1988 1996 1995
1996 1988 1990
1990 1880 1996
1880 1990 1992
1997 1992 1993
1992 1997 1998
1998 1880 1992
1999 1998 1997
1998 1999 2000
2001 2000 1999
2000 2001 2002
2001 2003 2002
2003 2001 2004
2004 2005 2003
2005 2004 2006
2007 2002 2003
2002 2007 1885
1885 2000 2002
2003 1902 2007
1902 2003 2005
2008 2005 2006
2009 2008 2006
1880 1998 1881
2000 1881 1998
1881 2000 1883
2000 1885 1883
1905 2008 2009
2009 1908 1905
2010 1908 2009
2006 2010 2009
2008 1905 1903
1903 2005 2008
2005 1903 1902
1884 1885 2007
1899 2007 1902
2007 1899 1896
1884 2007 1896
2010 2006 1980
2004 1980 2006
1980 2004 1976
2004 1974 1976
1974 2004 2001
1999 1974 2001
1974 1999 1968
1997 1968 1999
1968 1997 1969
1993 1969 1997
1969 1993 1971
1993 1973 1971
1973 1993 1991
1991 1982 1973
2011 2012 2013
2012 2011 2014
2015 2014 2011
2014 2015 2016
2015 2017 2016
2017 2015 2018
2019 2016 2017
2016 2019 2020
2020 2014 2016
2017 1771 2019
1771 2017 1801
2018 1801 2017
2021 2012 2014
2014 2020 2021
1767 2021 2020
2021 1767 2022
1763 2022 1767
2012 2021 2023
2023 2021 2022
1873 2018 2015
2018 1873 1872
1872 1800 2018
1801 2018 1800
1800 1872 2024
1872 2025 2024
2025 1872 1870
1870 2026 2025
2026 1870 1868
1865 2026 1868
2026 1865 1863
2025 2027 2024
2027 2025 1818
2027 2028 2024
2028 1800 2024
1861 2026 1863
2026 1861 1816
2027 2029 2028
1798 2028 2029
1800 2028 1798
2029 2027 2030
1818 2030 2027
2030 1818 2031
2032 2031 1818
1818 1815 2032
1815 1809 2032
2031 2032 2033
2032 1809 2033
1798 2029 1796
2029 1795 1796
2030 1795 2029
1795 2030 2034
2031 2034 2030
2034 2031 2035
2033 2035 2031
1806 2034 2035
1806 2035 1807
2035 2033 1807
2033 1809 1807
2034 1806 1802
1802 1795 2034
2026 1816 1817
2026 1817 2025
2025 1817 1818
1861 1820 1816
1820 1861 1826
1826 1861 1828
1830 1828 1861
2036 2037 1893
2036 1893 1894
2036 1894 2038
1894 1909 2038
2039 1893 2037
2040 1893 2039
1893 2040 1892
2040 1856 1892
1856 1859 1892
1856 2040 1855
2041 2042 2043
2042 2041 2044
2043 2045 2041
2045 2043 2046
2047 2045 2046
2045 2047 2048
2049 2048 2047
2048 2049 2050
2044 2051 2042
2051 2044 2052
2053 2051 2052
2049 2054 2050
2055 2054 2049
2054 2055 2056
2055 2057 2056
2057 2055 2058
2059 2057 2058
2057 2059 2060
2061 2060 2059
2060 2061 2062
2061 2063 2062
2063 2061 2064
2064 2065 2063
1948 1936 2066
1937 2066 1936
2066 1937 2067
1941 2067 1937
2067 1941 2068
1940 2068 1941
2068 1940 2069
1940 1946 2069
1996 1867 1995
1867 1996 1866
1880 1866 1996
1869 1995 1867
1759 1754 2070
2070 2071 1759
1765 1759 2071
1765 2071 2072
2071 2073 2072
2071 2070 2073
2074 1751 1753
2074 1753 2075
1752 2075 1753
2075 1752 1788
2076 2077 2078
2079 2078 2077
2078 2079 2080
2081 2080 2079
2080 2081 2082
2081 2083 2082
2083 2081 2084
2085 2083 2084
2083 2085 2086
2085 2087 2086
2080 2088 2078
2089 2078 2088
2076 2078 2089
2088 2080 2090
2082 2090 2080
2090 2082 2091
2083 2091 2082
2091 2083 2092
2086 2092 2083
2092 2086 2093
2087 2093 2086
2087 2094 2093
2094 2087 2095
2090 2096 2088
2089 2088 2096
2089 2096 2097
2096 2090 2098
2091 2098 2090
2098 2099 2096
2097 2096 2099
2099 2098 2100
2101 2100 2098
2098 2091 2101
2092 2101 2091
2100 2101 2102
2103 2102 2101
2101 2092 2103
2102 2103 2104
2105 2093 2094
2093 2105 2092
2103 2106 2104
2106 2103 2107
2108 2103 2092
2103 2108 2107
2109 2105 2094
2106 2107 2110
2107 2108 2110
2109 2094 2095
2111 2112 2113
2113 2112 2114
2115 2112 2111
2115 2114 2112
2116 2114 2115
2113 2114 2117
2118 1782 1786
1782 2118 1779
2013 1875 2011
1875 2013 1994
1875 2015 2011
2015 1875 1873
1766 2020 2019
2020 1766 1767
2019 1769 1766
1769 2019 1771
1771 1801 1773
2119 2120 2121
2120 2119 2122
2120 2122 2123
2119 2124 2122
2123 2122 2124
2124 2119 2125
2126 2127 2128
2127 2126 2129
2130 2127 2129
2130 2128 2127
2131 2128 2130
2132 2128 2131
2126 2128 2133
2133 2128 2132
2130 2129 2134
2134 2129 2135
2129 2126 2136
2129 2136 2135
1805 1958 1803
1810 1958 1805
2137 2138 2139
2137 2139 2140
2138 2141 2139
2142 2141 2138
2141 2142 2143
2144 2141 2143
2141 2145 2139
2139 2145 2140
2146 2145 2141
2146 2141 2147
2144 2147 2141
2144 2148 2147
2149 2148 2144
2145 2146 2150
2145 2150 2151
2147 2152 2146
2152 2150 2146
2150 2152 2153
2150 2153 2151
2147 2154 2152
2154 2147 2155
2147 2148 2155
2154 2155 2156
2152 2154 2157
2152 2157 2158
2152 2158 2153
2157 2159 2158
2159 2153 2158
2148 2160 2155
2155 2160 2156
2160 2148 2161
2160 2161 2162
2148 2163 2161
2149 2163 2148
2163 2164 2161
2161 2164 2162
2163 2165 2164
2166 2165 2163
2167 2165 2166
2167 2168 2165
2165 2168 2164
2166 2169 2167
2170 2169 2166
2171 2169 2170
2172 2170 2166
2173 2172 2166
2173 2166 2163
2173 2163 2149
2171 2174 2169
2169 2174 2167
2170 2175 2171
2170 2176 2175
2176 2170 2177
2172 2177 2170
2172 2178 2177
2179 2177 2178
2177 2179 2180
2180 2181 2177
2182 2181 2180
2182 2183 2181
2177 2181 2184
2181 2183 2184
2176 2177 2184
2184 2185 2176
2185 2175 2176
2184 2186 2185
2175 2185 2187
2185 2186 2187
2175 2187 2188
2175 2188 2189
2189 2188 2190
2190 2188 2187
2175 2189 2171
2178 2191 2192
2192 2191 2193
2193 2194 2192
2195 2194 2193
2178 2172 2191
2143 2196 2197
2196 2198 2197
2143 2197 2144
2198 2196 2199
2200 2198 2199
2201 2202 2203
2202 2204 2203
2204 2202 2205
2205 2206 2204
2206 2205 2207
2207 2208 2206
2208 2207 2209
2209 2210 2208
2210 2209 2211
2201 2212 2202
2212 2205 2202
2205 2212 2213
2213 2207 2205
2207 2213 2214
2214 2209 2207
2209 2214 2215
2215 2211 2209
2211 2215 2216
2210 2211 2217
2210 2217 2218
2217 2219 2218
2211 2220 2217
2211 2221 2220
2211 2216 2221
2220 2222 2217
2217 2222 2219
2222 2220 2223
2221 2223 2220
2223 2221 2224
2225 2223 2224
2210 2218 2226
2218 2227 2226
2227 2218 2228
2216 2229 2221
2229 2224 2221
2230 2229 2216
2231 2230 2216
2224 2229 2232
2224 2232 2225
2226 2227 2233
2234 2226 2233
2226 2234 2235
2210 2226 2235
2235 2208 2210
2208 2235 2236
2236 2206 2208
2206 2236 2237
2237 2204 2206
2204 2237 2238
2239 2204 2238
2204 2239 2203
2239 2201 2203
2201 2239 2240
2239 2241 2240
2242 2240 2241
2242 2201 2240
2241 2239 2243
2244 2239 2238
2239 2244 2243
2244 2245 2243
2246 2238 2237
2238 2246 2244
2244 2246 2247
2245 2244 2247
2248 2247 2246
2237 2248 2246
2247 2248 2249
2250 2249 2248
2249 2250 2251
2252 2251 2250
2251 2252 2253
2236 2250 2248
2248 2237 2236
2250 2236 2235
2235 2252 2250
2252 2235 2234
2252 2234 2254
2247 2255 2245
2256 2245 2255
2245 2256 2257
2258 2257 2256
2257 2258 2259
2260 2259 2258
2259 2260 2261
2261 2262 2259
2262 2261 2263
2263 2264 2262
2243 2262 2264
2262 2243 2265
2259 2265 2257
2265 2259 2262
2264 2263 2266
2267 2263 2261
2263 2267 2268
2268 2267 2269
2245 2257 2265
2243 2245 2265
2270 2258 2256
2255 2270 2256
2270 2255 2271
2272 2270 2271
2251 2272 2271
2270 2272 2273
2274 2270 2273
2270 2274 2275
2276 2275 2274
2275 2276 2277
2277 2276 2278
2247 2271 2255
2271 2247 2249
2251 2271 2249
2258 2270 2275
2279 2258 2275
2275 2277 2279
2258 2279 2260
2251 2280 2272
2281 2273 2272
2280 2281 2272
2273 2281 2282
2282 2274 2273
2283 2282 2281
2282 2283 2284
2284 2285 2282
2274 2282 2285
2285 2276 2274
2285 2284 2286
2286 2287 2285
2276 2285 2287
2287 2286 2288
2289 2284 2283
2289 2286 2284
2286 2289 2290
2290 2288 2286
2288 2290 2291
2292 2288 2291
2293 2288 2292
2276 2293 2292
2292 2291 2294
2295 2289 2283
2289 2295 2296
2295 2297 2296
2297 2298 2296
2299 2298 2297
2300 2299 2297
2295 2300 2297
2299 2300 2301
2301 2302 2299
2302 2298 2299
2300 2295 2303
2303 2295 2304
2304 2295 2283
2305 2304 2283
2306 2305 2283
2307 2305 2306
2305 2307 2308
2309 2308 2307
2310 2304 2305
2310 2303 2304
2310 2311 2303
2280 2309 2307
2306 2280 2307
2312 2309 2280
2313 2309 2312
2253 2313 2312
2251 2253 2312
2251 2312 2280
2281 2280 2306
2281 2306 2283
2252 2314 2253
2252 2254 2314
2234 2233 2254
2315 2316 2317
2317 2316 2318
2315 2215 2316
2231 2215 2315
2316 2319 2318
2318 2319 2320
2318 2320 2321
2321 2320 2322
2316 2214 2319
2215 2214 2316
2323 2318 2321
2323 2321 2324
2324 2321 2322
2324 2322 2325
2322 2326 2325
2326 2322 2327
2328 2326 2327
2326 2328 2329
2330 2329 2328
2329 2330 2331
2332 2331 2330
2331 2332 2333
2322 2334 2327
2334 2322 2335
2327 2336 2328
2336 2327 2334
2328 2336 2330
2334 2337 2336
2336 2337 2242
2330 2242 2332
2336 2242 2330
2338 2326 2329
2331 2338 2329
2326 2338 2339
2340 2339 2338
2339 2340 2341
2342 2339 2341
2338 2331 2343
2333 2343 2331
2343 2340 2338
2343 2333 2344
2344 2333 2345
2345 2346 2344
2346 2343 2344
2346 2345 2347
2342 2326 2339
2326 2342 2325
2348 2341 2340
2348 2340 2349
2350 2348 2349
2340 2351 2349
2340 2343 2351
2343 2346 2351
2349 2351 2352
2350 2349 2352
2353 2350 2352
2352 2351 2354
2346 2354 2351
2354 2346 2355
2355 2356 2354
2356 2355 2357
2358 2357 2355
2358 2346 2347
2346 2358 2355
2357 2358 2359
2360 2357 2359
2357 2360 2361
2362 2357 2361
2362 2356 2357
2363 2360 2359
2360 2363 2364
2364 2363 2365
2366 2359 2358
2359 2366 2363
2363 2366 2367
2363 2367 2365
2347 2366 2358
2366 2347 2368
2347 2369 2368
2369 2370 2368
2370 2369 2371
2368 2370 2372
2366 2368 2372
2373 2370 2371
2371 2374 2373
2374 2371 2375
2375 2371 2369
2376 2375 2369
2345 2376 2369
2347 2345 2369
2377 2375 2376
2377 2374 2375
2269 2377 2376
2345 2269 2376
2374 2377 2378
2267 2378 2377
2269 2267 2377
2378 2267 2261
2370 2373 2379
2370 2379 2372
2261 2380 2378
2380 2374 2378
2374 2380 2381
2381 2373 2374
2373 2381 2382
2382 2379 2373
2379 2382 2383
2379 2383 2372
2333 2269 2345
2269 2333 2332
2332 2384 2269
2266 2384 2332
2332 2242 2266
2241 2266 2242
2266 2241 2264
2264 2241 2243
2266 2263 2384
2263 2268 2384
2384 2268 2269
2337 2201 2242
2385 2201 2337
2334 2385 2337
2385 2334 2335
2386 2385 2335
2320 2386 2335
2386 2212 2385
2385 2212 2201
2386 2213 2212
2319 2213 2386
2319 2386 2320
2322 2320 2335
2214 2213 2319
2278 2276 2387
2387 2388 2278
2388 2277 2278
2277 2388 2389
2388 2390 2389
2391 2389 2390
2390 2392 2391
2393 2391 2392
2391 2393 2394
2261 2394 2393
2392 2390 2395
2396 2395 2390
2390 2388 2396
2395 2396 2397
2398 2397 2396
2397 2398 2399
2400 2399 2398
2399 2400 2401
2261 2402 2394
2402 2391 2394
2391 2402 2403
2389 2391 2403
2396 2404 2398
2404 2400 2398
2404 2396 2388
2400 2405 2401
2260 2403 2402
2261 2260 2402
2403 2260 2279
2279 2389 2403
2389 2279 2277
2388 2387 2404
2404 2406 2400
2406 2404 2387
2406 2405 2400
2407 2408 2356
2408 2354 2356
2408 2409 2354
2409 2352 2354
2407 2356 2362
777 772 2410
808 2411 2412
2411 808 806
2412 810 808
810 2412 2413
2413 812 810
812 2413 2414
812 2414 2415
812 2415 818
2414 2416 2415
2417 2415 2416
2415 2417 2418
2418 818 2415
2418 2417 2419
2416 2420 2417
2420 2416 2421
2422 2421 2416
2414 2422 2416
2423 2422 2414
2412 2423 2413
2413 2423 2414
2423 2424 2422
2424 2423 2425
2423 2426 2425
2426 2423 2427
2427 2428 2426
2428 2427 2429
2429 2430 2428
2430 2429 2431
2431 2432 2430
2432 2431 788
788 2433 2432
2433 788 786
786 2434 2433
2434 786 784
782 2434 784
2434 2435 2433
2435 2432 2433
2432 2435 2436
2436 2430 2432
2430 2436 2437
2437 2428 2430
2428 2437 2438
2438 2426 2428
2426 2438 2439
2439 2425 2426
2425 2439 2440
782 2441 2434
782 2442 2441
2442 782 780
2441 2443 2434
2443 2435 2434
2435 2443 2444
2435 2445 2436
2435 2444 2445
2446 2436 2445
2436 2446 2437
2447 2437 2446
2437 2447 2438
2448 2438 2447
2438 2448 2439
2449 2425 2440
2425 2449 2424
2450 2424 2449
2424 2450 2451
2451 2422 2424
2422 2451 2421
2452 2421 2451
2421 2452 2420
2453 2420 2452
2420 2453 2454
2454 2417 2420
2417 2454 2455
2456 2455 2454
2455 2456 2457
2417 2455 2419
2455 2458 2419
2458 2455 2459
2455 2457 2459
2459 2457 2460
2460 2457 2461
2454 2462 2456
2462 2454 2453
2462 2463 2456
2463 2457 2456
2463 2462 2464
2464 2465 2463
2465 2464 2466
2466 2467 2465
2467 2466 2468
2468 2469 2467
2470 2467 2469
2467 2470 2471
2465 2467 2471
2472 2465 2471
2469 2468 2473
2473 2474 2469
2474 2473 2475
2475 2476 2474
2476 2475 2477
2477 2478 2476
2476 2478 2479
2479 2474 2476
2478 2477 2480
2480 2481 2478
2481 2482 2478
2478 2482 2479
2482 2481 2483
2481 2480 2484
2484 2485 2481
2474 2479 2486
2486 2469 2474
2469 2486 2470
2485 2487 2481
2483 2481 2487
2488 2487 2485
2484 2489 2485
2485 2489 2490
2488 2485 2490
2489 2491 2490
2490 2491 2488
840 2470 2486
2470 840 838
838 2471 2470
2471 838 835
835 2472 2471
2472 835 834
834 2492 2472
2492 2493 2472
2461 2493 2492
832 2461 2492
2492 834 832
2461 832 830
828 2461 830
2461 828 2460
2489 2494 2491
2494 2495 2491
2495 2496 2491
2497 2496 2495
2497 2495 2498
2498 2495 2494
2499 2498 2494
2499 2500 2498
2501 2500 2499
2484 2501 2499
2501 2484 2480
2480 2502 2501
2502 2480 2477
2484 2499 2489
2499 2494 2489
2503 2501 2502
2501 2503 2504
2500 2501 2504
2503 2505 2504
2505 2503 2506
2505 2507 2504
2500 2504 2507
2502 2508 2503
2508 2502 2509
2509 2502 2475
2502 2477 2475
2473 2509 2475
2509 2510 2508
2510 2509 2511
2511 2509 2473
2468 2511 2473
2468 2512 2511
2512 2468 2466
2466 2513 2512
2513 2466 2464
2464 2514 2513
2514 2464 2462
2462 2515 2514
2515 2462 2453
2452 2515 2453
2515 2452 2516
2451 2516 2452
2516 2451 2450
2450 2517 2516
2517 2515 2516
2517 2450 2518
2449 2518 2450
2518 2449 2519
2440 2519 2449
2519 2440 2520
2521 2514 2515
2515 2517 2521
2514 2521 2522
2520 2523 2519
2523 2520 2524
2448 2524 2520
2524 2448 2525
2519 2526 2518
2526 2519 2523
2518 2527 2517
2527 2518 2526
2527 2521 2517
2521 2528 2522
2521 2527 2528
2439 2520 2440
2520 2439 2448
2447 2525 2448
2525 2447 2529
2446 2529 2447
2529 2446 2530
2445 2530 2446
2528 2531 2522
2531 2532 2522
2531 2533 2532
2512 2532 2533
2532 2512 2513
2533 2531 2534
2513 2522 2532
2522 2513 2514
2533 2511 2512
2511 2533 2510
2534 2510 2533
2510 2534 2535
2535 2508 2510
2508 2535 2536
2536 2503 2508
2503 2536 2506
2431 2411 790
788 2431 790
2431 2429 2411
2429 2412 2411
2412 2429 2427
2423 2412 2427
2411 806 790
789 790 806
2537 2538 2539
2538 2540 2539
2539 2541 2537
2541 2539 2542
2540 2543 2539
2543 2542 2539
2542 2543 2544
2545 2544 2543
2546 2545 2543
2540 2546 2543
2544 2545 2547
2548 2549 2550
2549 2548 2551
2552 2550 2549
2550 2552 2553
2552 2554 2553
2554 2552 2555
2556 2552 2549
2551 2556 2549
2551 2557 2556
2552 2556 2558
2559 2555 2552
2558 2559 2552
2560 2555 2559
2560 2554 2555
2560 2561 2554
2559 2562 2560
2559 2563 2562
2564 2562 2563
2565 2564 2563
2566 2564 2565
2556 2557 2567
2568 2567 2557
2567 2568 2569
2569 2570 2567
2570 2556 2567
2556 2570 2558
2570 2569 2571
2566 2572 2571
2573 2558 2570
2572 2573 2571
2573 2570 2571
2558 2573 2574
2559 2558 2574
2575 2576 2577
2578 2576 2575
2576 2578 2579
2578 2580 2579
2580 2578 2581
2582 2579 2580
2583 2576 2579
2579 2582 2583
2583 2582 2584
2585 2583 2584
2576 2583 2585
2576 2585 2586
2576 2586 2577
853 2587 2588
851 2587 853
2587 851 847
2587 847 848
946 2587 848
2587 946 2588
944 2588 946
944 860 2588
860 853 2588
2589 2590 2591
2592 2589 2591
2591 2593 2592
2593 2591 2594
2595 2591 2590
2591 2595 2594
2590 2596 2595
2596 2590 2597
2589 2597 2590
2598 2599 2600
2599 2598 2601
2598 2602 2601
2602 2603 2601
2603 2599 2601
2599 2603 2604
750 894 751
894 750 752
751 894 892
411 751 892
411 892 888
887 411 888
2605 2606 2607
2606 2605 2608
2606 2609 2607
2609 2606 2610
2611 2607 2609
2607 2611 2612
2611 2613 2612
2613 2614 2612
2614 2607 2612
2607 2614 2605
2615 2616 2617
2617 2618 2615
2618 2619 2615
2619 2618 2620
2620 2621 2619
2621 2620 2622
2622 2623 2621
2623 2622 2624
2623 2624 2625
1065 2620 2618
2620 1065 1063
1063 2622 2620
2622 1063 1058
1058 2624 2622
2624 1058 1057
2624 1057 2625
1057 1054 2625
1054 2626 2625
2626 1054 1052
2626 1052 2627
2627 1052 2628
1052 1050 2628
1048 2628 1050
2628 1048 2629
1046 2629 1048
2629 1046 2630
2630 1046 2631
2631 1046 1044
2631 1044 2632
2632 1044 2633
1044 1042 2633
2633 1042 2634
2634 1042 1041
2634 1041 2635
2635 1041 1039
2635 1039 2636
1039 2637 2636
2637 1039 1027
2637 1027 2638
1027 1031 2638
1033 2638 1031
818 2418 819
2419 819 2418
819 2419 821
2458 821 2419
821 2458 823
2459 823 2458
823 2459 826
2459 828 826
2459 2460 828
841 2486 2479
2486 841 840
2479 843 841
843 2479 2482
2482 560 843
560 2482 2483
2483 572 560
572 2483 2639
2483 2640 2639
2640 2483 2487
2487 2488 2640
2498 2641 2497
2500 2641 2498
2642 2641 2500
2642 2500 2507
2231 2216 2215
902 899 2643
905 902 2643
890 905 2643
905 890 891
895 2643 899
2643 895 890
2457 2463 2493
2465 2493 2463
2493 2465 2472
2461 2457 2493
2232 2644 2225
2645 2646 2647
2648 2647 2646
2649 2647 2648
2650 2649 2648
2648 2651 2650
2651 2648 2652
2648 2646 2652
2653 2650 2651
2650 2653 2654
2654 2655 2650
2649 2650 2655
2649 2655 2656
2657 2656 2655
2655 2654 2657
2656 2657 2658
2659 2657 2654
2657 2659 2660
2660 2658 2657
2660 2661 2658
2654 2662 2659
2662 2654 2653
2653 2663 2662
2663 2653 2664
2665 2663 2664
2664 2666 2665
2666 2664 2667
2653 2667 2664
2666 2667 2668
2663 2665 2669
2661 2660 2670
2660 2671 2670
2671 2672 2670
2673 2670 2672
2672 2674 2673
2674 2672 2675
2675 2676 2674
2677 2674 2676
2674 2677 2678
2678 2673 2674
2676 2675 2679
2679 2680 2676
2680 2679 2681
2681 2682 2680
2682 2681 2683
2683 2684 2682
2684 2683 2685
2685 2686 2684
2686 2685 2687
2688 2686 2687
2686 2688 2689
2689 2690 2686
2690 2689 2691
2692 2691 2689
2691 2692 2693
2694 2693 2692
2693 2694 2695
2696 2689 2688
2689 2696 2692
2697 2692 2696
2692 2697 2694
2698 2685 2683
2683 2699 2698
2685 2698 2700
2700 2687 2685
2687 2700 2701
2701 2688 2687
2688 2701 2702
2702 2696 2688
2696 2702 2703
2703 2697 2696
2697 2703 2704
2705 2700 2698
2700 2705 2706
2706 2701 2700
2701 2706 2707
2707 2702 2701
2708 2707 2706
2709 2708 2706
2709 2706 2705
2708 2709 2710
2707 2708 2711
2702 2707 2712
2712 2703 2702
2711 2712 2707
2703 2712 2713
2713 2704 2703
2704 2713 2714
2714 2715 2704
2715 2714 2716
2717 2716 2714
2716 2717 2718
2716 2719 2715
2719 2716 2720
2718 2720 2716
2720 2721 2719
2721 2722 2719
2722 2721 2723
2724 2723 2721
2723 2724 2725
2726 2724 2721
2721 2720 2726
2724 2726 2727
2728 2724 2727
2725 2724 2728
2717 2729 2718
2717 2730 2729
2730 2717 2731
2731 2732 2730
2733 2729 2730
2733 2730 2734
2729 2733 2735
2735 2736 2729
2737 2735 2733
2735 2737 2738
2735 2738 2739
2735 2739 2736
2739 2740 2736
2740 2741 2736
2742 2736 2741
2736 2742 2718
2729 2736 2718
2743 2742 2741
2743 2741 2744
2741 2745 2744
2745 2741 2740
2745 2728 2744
2720 2718 2742
2727 2743 2744
2728 2727 2744
2743 2727 2726
2742 2726 2720
2726 2742 2743
2746 2747 2728
2747 2725 2728
2725 2747 2723
2748 2747 2746
2747 2748 2749
2747 2749 2723
2723 2749 2722
2750 2722 2749
2749 2751 2750
2751 2749 2748
2752 2751 2748
2753 2751 2752
2753 2754 2751
2754 2750 2751
2755 2754 2753
2754 2755 2756
2757 2756 2755
2756 2757 2758
2759 2758 2757
2758 2759 2760
2761 2760 2759
2759 2757 2762
2755 2762 2757
2763 2753 2752
2755 2753 2763
2755 2763 2764
2762 2755 2764
2759 2765 2761
2759 2766 2765
2766 2759 2767
2768 2766 2767
2766 2768 2769
2770 2769 2768
2769 2770 2771
2772 2771 2770
2771 2772 2773
2772 2774 2773
2774 2772 2775
2776 2774 2775
2774 2776 2777
2777 2776 2778
2779 2761 2765
2780 2761 2779
2761 2780 2781
2782 2781 2780
2781 2782 2783
2783 2784 2781
2784 2783 2785
2786 2785 2783
2785 2786 2677
2787 2783 2782
2783 2787 2786
2788 2786 2787
2786 2788 2789
2789 2677 2786
2677 2789 2678
2790 2678 2789
2790 2789 2788
2678 2790 2791
2673 2678 2791
2676 2785 2677
2785 2676 2680
2680 2784 2785
2784 2680 2682
2682 2792 2784
2792 2682 2684
2686 2792 2684
2792 2686 2690
2760 2792 2690
2691 2760 2690
2760 2691 2758
2691 2756 2758
2756 2691 2693
2695 2756 2693
2756 2695 2754
2750 2754 2695
2695 2793 2750
2793 2695 2694
2694 2715 2793
2715 2694 2697
2719 2793 2715
2793 2719 2722
2750 2793 2722
2715 2697 2704
2760 2761 2792
2781 2792 2761
2792 2781 2784
780 779 2442
2218 2219 2794
2218 2794 2228
2795 2796 2797
2796 2798 2797
2798 2796 2799
2800 2796 2795
2796 2800 2801
2801 2799 2796
2799 2801 2802
2802 2803 2799
2803 2802 2804
2803 2804 2805
2806 2801 2800
2800 2807 2806
2808 2807 2800
2801 2806 2809
2809 2802 2801
2799 2803 2810
2799 2810 2811
2798 2799 2811
2810 2812 2811
2812 2810 2813
2813 2803 2805
2803 2813 2810
2814 2813 2805
2815 2814 2805
2805 2816 2815
2816 2805 2817
2804 2817 2805
2818 2816 2817
2814 2815 2819
2820 2818 2817
2821 2818 2820
2820 2809 2821
2806 2821 2809
2818 2821 2822
2821 2823 2822
2823 2824 2822
2824 2818 2822
2824 2823 2825
2823 2821 2826
2827 2823 2826
2827 2825 2823
2827 2826 2828
2828 2826 2806
2821 2806 2826
2818 2829 2816
2829 2818 2824
2830 2816 2829
2816 2830 2815
2815 2831 2819
2831 2815 2830
2831 2832 2819
2831 2833 2832
2833 2834 2832
2834 2833 2835
2836 2832 2834
2837 2836 2834
2836 2814 2832
2814 2836 2838
2838 2836 2837
2813 2814 2838
2819 2832 2814
2831 2839 2833
2839 2831 2840
2840 2831 2830
2837 2834 2841
2837 2841 2842
2841 2843 2842
2843 2841 2844
2834 2844 2841
2843 2844 2845
2835 2846 2834
2835 2847 2846
2847 2835 2848
2848 2833 2839
2833 2848 2835
2847 2848 2849
2840 2849 2839
2849 2848 2839
2840 2850 2849
2850 2840 2851
2852 2849 2850
2849 2852 2853
2854 2853 2852
2853 2854 2855
2856 2855 2854
2857 2849 2853
2849 2857 2847
2858 2853 2855
2850 2859 2852
2859 2854 2852
2854 2859 2860
2860 2856 2854
2856 2860 2861
2861 2862 2856
2863 2856 2862
2856 2863 2864
2855 2856 2864
2865 2864 2863
2864 2865 2866
2866 2867 2864
2868 2865 2863
2862 2868 2863
2865 2868 2869
2870 2869 2868
2871 2870 2868
2868 2862 2871
2869 2870 2872
2873 2872 2870
2872 2873 2874
2873 2875 2874
2876 2875 2873
2870 2876 2873
2862 2861 2877
2877 2871 2862
2878 2870 2871
2871 2877 2878
2870 2878 2879
2870 2879 2876
2880 2881 2882
2881 2880 2812
2882 2883 2880
2883 2882 2884
2883 2884 2885
2886 2883 2885
2883 2886 2887
2887 2880 2883
2797 2887 2886
2888 2886 2885
2889 2888 2885
2889 2890 2888
2890 2889 2891
2891 2892 2890
2892 2891 2893
2893 2894 2892
2894 2893 2895
2896 2894 2895
2895 2897 2896
2896 2897 2898
2899 2896 2898
2898 2900 2899
2900 2898 2901
2898 2675 2901
2675 2902 2901
2902 2900 2901
2675 2898 2679
2898 2897 2679
2699 2679 2897
2893 2891 2699
2699 2895 2893
2895 2699 2897
2679 2699 2681
2699 2683 2681
2896 2899 2903
2903 2904 2896
2896 2904 2894
2904 2903 2905
2904 2905 2906
2902 2907 2900
2908 2899 2900
2907 2908 2900
2899 2908 2909
2909 2903 2899
2892 2904 2906
2904 2892 2894
2910 2892 2906
2911 2910 2906
2912 2911 2906
2905 2912 2906
2911 2912 2913
2808 2913 2912
2910 2911 2914
2915 2808 2912
2915 2916 2808
2916 2917 2808
2917 2916 2918
2916 2919 2918
2919 2916 2920
2917 2807 2808
2807 2917 2921
2807 2921 2806
2922 2918 2919
2919 2923 2922
2924 2922 2923
2923 2925 2924
2925 2926 2924
2927 2925 2923
2927 2923 2928
2926 2929 2924
2929 2922 2924
2928 2930 2927
2930 2928 2931
2931 2932 2930
2932 2931 2933
2934 2932 2933
2935 2930 2932
2935 2932 2934
2936 2935 2934
2669 2936 2934
2930 2935 2937
2927 2937 2925
2937 2927 2930
2938 2937 2935
2936 2938 2935
2936 2939 2938
2938 2939 2940
2926 2940 2929
2940 2941 2929
2941 2942 2929
2937 2938 2943
2938 2940 2943
2940 2926 2943
2925 2943 2926
2943 2925 2937
2940 2939 2944
2941 2940 2944
2663 2669 2934
2934 2662 2663
2934 2659 2662
2945 2942 2946
2947 2945 2946
2945 2947 2948
2929 2945 2948
2942 2945 2929
2948 2922 2929
2947 2922 2948
2827 2947 2946
2947 2827 2949
2949 2827 2828
2949 2828 2950
2951 2949 2950
2949 2951 2947
2922 2947 2951
2918 2922 2951
2951 2917 2918
2917 2951 2950
2921 2950 2828
2950 2921 2917
2921 2828 2806
2825 2827 2946
2942 2825 2946
2952 2953 2954
2952 2955 2953
2952 2956 2955
2955 2956 2957
2952 2843 2956
2843 2952 2958
2959 2958 2952
2958 2959 2960
2960 2881 2958
2960 2882 2881
2958 2842 2843
2843 2845 2956
2960 2961 2882
2882 2961 2884
2962 2884 2961
2963 2884 2962
2964 2963 2962
2965 2964 2962
2964 2965 2705
2705 2966 2964
2966 2705 2967
2889 2966 2967
2889 2885 2966
2964 2885 2963
2885 2964 2966
2885 2884 2963
2967 2705 2698
2889 2967 2699
2967 2698 2699
2891 2889 2699
2965 2709 2705
2844 2968 2845
2844 2969 2968
2844 2834 2969
2834 2846 2969
2969 2846 2968
2968 2846 2847
2968 2847 2970
2847 2857 2970
2853 2971 2857
2853 2972 2971
2853 2858 2972
2954 2973 2737
2954 2737 2733
2974 2954 2733
2733 2734 2974
2974 2952 2954
2975 2713 2712
2713 2975 2731
2731 2714 2713
2714 2731 2717
2712 2711 2975
2732 2731 2975
2976 2977 2978
2670 2673 2979
2791 2979 2673
2979 2791 2980
2980 2981 2979
2981 2980 2982
2790 2980 2791
2980 2790 2983
2983 2982 2980
2661 2979 2981
2979 2661 2670
2661 2981 2658
2982 2658 2981
2820 2817 2984
2809 2820 2984
2802 2809 2984
2804 2984 2817
2984 2804 2802
2928 2985 2986
2928 2923 2985
2987 2928 2986
2928 2987 2988
2931 2928 2988
2986 2989 2987
2989 2986 2920
2985 2920 2986
2920 2990 2989
2990 2920 2916
2916 2915 2990
2915 2909 2990
2909 2989 2990
2909 2915 2991
2915 2912 2991
2903 2909 2991
2989 2909 2908
2905 2991 2912
2991 2905 2903
2931 2988 2992
2993 2931 2992
2931 2993 2994
2902 2994 2993
2994 2902 2672
2672 2671 2994
2995 2902 2993
2992 2995 2993
2902 2995 2907
2907 2995 2908
2933 2994 2671
2933 2671 2660
2994 2933 2931
2995 2992 2996
2995 2996 2908
2672 2902 2675
2659 2933 2660
2659 2934 2933
2988 2996 2992
2996 2988 2987
2989 2996 2987
2996 2989 2908
2997 2998 2999
2998 3000 2999
3000 2998 3001
3001 3002 3000
3002 3001 3003
3004 3002 3003
3002 3004 3005
3005 3004 3006
3007 3001 2998
3008 3007 2998
2997 3008 2998
3001 3007 3009
3009 3003 3001
3003 3009 3010
3010 3004 3003
3004 3010 3011
3006 3004 3011
3006 3011 3012
3010 3012 3011
3012 3013 3006
3012 3014 3013
3014 3012 3015
3012 3010 3015
3015 3016 3014
3016 3015 3017
3010 3017 3015
3017 3010 3009
3017 3018 3016
3018 3017 3019
3009 3019 3017
3019 3009 3007
3008 3019 3007
3020 3018 3019
3008 3020 3019
3021 3022 3023
3022 3024 3023
3022 3025 3024
3022 3026 3025
3024 3027 3023
3028 3023 3027
3023 3028 3029
3021 3023 3029
3027 3024 3030
3025 3030 3024
3030 3031 3027
3031 3030 3032
3032 3033 3031
3033 3032 3034
3035 3034 3032
3034 3035 3036
3037 3034 3036
3037 3033 3034
3038 3033 3037
3038 3031 3033
3036 3039 3037
3035 3039 3036
3030 3025 3040
3040 3032 3030
3041 3027 3031
3027 3041 3028
3031 3038 3041
3032 3040 3042
3042 3043 3032
3043 3042 3044
3045 3042 3040
3040 3046 3045
3042 3045 3047
3047 3044 3042
3040 3025 3046
3026 3046 3025
3044 3047 3048
3039 3035 3049
3044 3050 3043
3048 3050 3044
3051 3052 3053
3052 3054 3053
2808 3055 2913
2795 2913 3055
2913 2795 2911
2797 2911 2795
2911 2797 2914
2797 2886 2914
2914 2886 2910
2888 2910 2886
2910 2888 2890
2892 2910 2890
3055 2800 2795
2800 3055 2808
2797 2798 2887
2880 2887 2798
2811 2880 2798
2880 2811 2812
2813 2881 2812
2881 2813 2838
2838 2837 2881
2837 2958 2881
2958 2837 2842
3056 3057 3058
3057 3059 3058
3060 3059 3057
3059 3060 3061
3058 3059 3061
3060 3062 3061
3056 3063 3057
3063 3064 3057
3064 3060 3057
3065 3058 3061
3066 3065 3061
3062 3066 3061
2824 2851 2829
2851 2830 2829
2851 2840 2830
3067 3068 3069
3069 3070 3067
3070 3069 3071
3071 3072 3070
3072 3071 3073
3074 3072 3073
3075 3076 3077
3078 3075 3077
3075 3078 3079
3080 3079 3078
3079 3080 3081
3080 3082 3081
3083 3084 3085
3083 3086 3084
3087 3084 3086
3083 3088 3086
3087 3086 3088
3084 3089 3085
3090 3087 3088
3090 3091 3087
3092 3090 3088
3087 3093 3084
3093 3089 3084
3094 3092 3088
3083 3094 3088
3090 3095 3091
3095 3096 3091
3091 3097 3087
3097 3098 3087
3093 3087 3098
3099 3098 3097
3096 3099 3091
3099 3097 3091
3098 3100 3093
3099 3101 3098
3101 3100 3098
2959 3102 2960
3103 3104 3105
3104 3106 3105
2667 3107 2668
2667 2653 3107
2920 2985 2919
2923 2919 2985
472 489 476
1235 1218 1219
1235 1228 1218
3108 3109 3110
3111 3108 3110
3112 3111 3110
3113 3112 3110
3114 3113 3110
3115 3114 3110
3116 3115 3110
3117 3116 3110
3118 3117 3110
3119 3118 3110
3120 3119 3110
3121 3120 3110
3122 3121 3110
3123 3122 3110
3124 3123 3110
3125 3124 3110
3126 3125 3110
3127 3126 3110
3128 3127 3110
3109 3128 3110
3129 3130 3131
3130 3132 3131
3130 3133 3132
3130 3134 3133
3130 3135 3134
3130 3136 3135
3130 3137 3136
3130 3138 3137
3130 3139 3138
3130 3140 3139
3130 3141 3140
3130 3142 3141
3130 3143 3142
3130 3144 3143
3130 3145 3144
3130 3146 3145
3130 3147 3146
3130 3129 3147
3148 3149 3150
3149 3151 3150
3149 3152 3151
3149 3153 3152
3149 3154 3153
3149 3155 3154
3149 3156 3155
3149 3157 3156
3149 3158 3157
3149 3159 3158
3149 3160 3159
3149 3161 3160
3149 3162 3161
3149 3163 3162
3149 3164 3163
3149 3165 3164
3149 3166 3165
3149 3148 3166
3167 3168 3169
3167 3170 3168
3167 3171 3170
3167 3172 3171
3167 3173 3172
3167 3174 3173
3167 3175 3174
3167 3176 3175
3167 3177 3176
3167 3178 3177
3167 3179 3178
3167 3180 3179
3167 3181 3180
3167 3182 3181
3167 3183 3182
3184 3169 3168
3168 3185 3184
3185 3168 3170
3170 3186 3185
3186 3170 3171
3171 3187 3186
3187 3171 3172
3172 3188 3187
3188 3172 3173
3173 3189 3188
3189 3173 3174
3174 3190 3189
3190 3174 3175
3176 3190 3175
3190 3176 3191
3177 3191 3176
3191 3177 3192
3178 3192 3177
3192 3178 3193
3179 3193 3178
3193 3179 3194
3180 3194 3179
3194 3180 3195
3181 3195 3180
3195 3181 3196
3182 3196 3181
3196 3182 3197
3183 3197 3182
3197 3183 3198
3199 3198 3183
3167 3199 3183
3167 3200 3199
3167 3201 3200
3167 3202 3201
3167 3169 3202
3198 3199 3203
3200 3203 3199
3203 3200 3204
3201 3204 3200
3204 3201 3205
3202 3205 3201
3205 3202 3206
3202 3207 3206
3207 3202 3169
3169 3184 3207
3208 3209 3210
3209 3211 3210
3209 3212 3211
3209 3213 3212
3209 3214 3213
3209 3215 3214
3209 3216 3215
3209 3217 3216
3209 3218 3217
3209 3208 3219
3209 3219 3220
3209 3220 3221
3209 3221 3222
3223 3224 3218
3223 3225 3224
3226 3222 3227
3226 3227 3228
3226 3228 3229
3230 3231 3232
3231 3233 3234
3235 3236 3233
3235 3237 3236
3235 3238 3237
3235 3239 3238
3235 3230 3239
3235 3240 3241
3242 3243 3244
3242 3245 3246
3242 3247 3245
3248 3249 3247
3248 3250 3249
3248 3251 3250
3252 3253 3254
3252 3255 3253
3256 3257 3258
3259 3260 3261
3262 3263 3264
3265 3262 3264
3266 3265 3264
3267 3266 3264
3268 3267 3264
3269 3268 3264
3263 3270 3264
3270 3271 3264
3271 3272 3264
3272 3273 3264
3273 3274 3264
3274 3275 3264
3275 3276 3264
3276 3277 3264
3277 3278 3264
3278 3279 3264
3279 3280 3264
3280 3281 3264
3281 3282 3264
3282 3283 3264
3284 3285 3286
3284 3286 3287
3284 3287 3288
3284 3288 3289
3284 3289 3290
3284 3290 3291
3284 3291 3292
3284 3292 3293
3284 3293 3294
3284 3294 3295
3284 3295 3296
3284 3296 3297
3284 3297 3298
3284 3298 3299
3284 3299 3300
3285 3301 3286
3286 3302 3287
3302 3286 3301
3288 3303 3289
3289 3304 3290
3304 3289 3303
3291 3305 3292
3305 3293 3292
3293 3305 3306
3306 3294 3293
3294 3306 3307
3307 3295 3294
3295 3307 3308
3308 3296 3295
3296 3308 3309
3309 3297 3296
3297 3309 3310
3310 3298 3297
3298 3310 3311
3311 3299 3298
3299 3311 3312
3312 3300 3299
3300 3312 3313
3313 3314 3300
3284 3300 3314
3284 3314 3315
3284 3315 3316
3284 3316 3317
3284 3317 3285
3314 3313 3318
3318 3315 3314
3315 3318 3319
3319 3316 3315
3316 3319 3320
3320 3317 3316
3317 3320 3321
3317 3322 3285
3322 3317 3321
3301 3285 3322
3287 3323 3288
3323 3287 3302
3303 3288 3323
3290 3324 3291
3324 3290 3304
3305 3291 3324
