byte offset: 0
first index: 0
index count: 7662
topology: trianglelist
format: DXGI_FORMAT_R16_UINT

0 1 2
2 3 0
3 2 4
4 5 3
5 4 6
7 4 2
4 7 8
8 6 4
6 9 5
9 6 10
10 11 9
11 10 12
12 13 11
13 12 14
14 15 13
15 14 16
16 17 15
17 16 18
18 19 17
19 18 20
18 21 20
22 10 6
6 8 22
10 22 23
23 12 10
24 14 12
12 23 24
14 24 25
25 16 14
18 16 26
16 25 26
27 26 25
26 27 28
18 26 28
18 28 29
27 29 28
18 29 21
29 30 21
30 29 31
29 27 31
32 31 27
32 25 24
25 32 27
31 32 33
30 34 21
20 21 34
34 30 35
30 36 35
36 30 37
37 31 33
31 37 30
37 38 36
38 37 39
33 39 37
40 38 39
38 40 41
32 42 33
39 33 42
42 40 39
42 32 43
40 44 41
44 40 45
45 46 44
46 45 47
43 48 42
40 42 48
48 43 49
50 48 49
48 50 51
40 51 45
51 40 48
52 51 50
51 52 53
45 53 47
53 45 51
54 53 52
53 54 55
55 47 53
23 49 43
49 23 22
22 56 49
56 22 8
8 57 56
57 8 7
47 58 46
59 46 58
46 59 60
61 60 59
60 61 62
62 63 60
63 62 64
65 64 62
64 65 66
67 66 65
66 67 68
68 69 66
69 68 70
70 71 69
71 70 72
72 73 71
73 72 74
74 75 73
75 74 76
76 77 75
77 76 78
64 79 63
78 76 80
80 81 78
81 80 82
83 82 80
76 83 80
82 83 84
84 85 82
85 84 86
86 87 85
88 85 87
85 88 89
89 82 85
82 89 81
90 89 88
89 90 91
91 81 89
91 78 81
91 77 78
19 91 90
91 19 20
87 86 92
93 92 86
92 93 94
91 20 95
91 95 77
96 86 84
86 96 93
97 93 96
93 97 98
98 94 93
20 34 95
34 99 95
99 34 35
94 98 100
101 100 98
100 101 102
103 102 101
102 103 104
104 103 105
101 106 103
106 101 107
98 107 101
107 98 97
97 108 107
108 97 109
96 109 97
109 96 110
111 107 108
107 111 106
106 111 112
103 106 113
106 112 113
103 113 105
35 114 99
73 99 114
99 73 75
75 95 99
95 75 77
114 71 73
71 114 115
114 116 115
116 117 115
117 116 79
38 79 116
79 38 41
79 64 117
36 116 114
116 36 38
41 63 79
63 41 44
115 69 71
69 115 117
117 66 69
66 117 64
44 60 63
60 44 46
114 35 36
7 118 119
118 120 119
120 57 119
7 119 57
57 120 121
121 56 57
56 121 122
56 122 49
120 118 123
118 124 123
124 118 1
2 1 118
2 118 7
125 124 1
1 126 125
126 1 127
127 128 126
128 127 129
130 126 128
126 130 131
0 127 1
127 0 132
129 127 132
132 133 129
132 134 133
134 132 135
133 136 129
136 133 137
133 138 137
138 133 134
139 137 138
138 140 139
140 138 141
134 141 138
137 139 142
142 136 137
136 143 129
143 136 144
144 145 143
145 144 146
147 146 144
146 147 148
141 149 140
149 141 150
150 151 149
151 150 152
152 153 151
153 152 154
154 155 153
155 154 156
156 157 155
157 156 158
158 159 157
159 158 160
161 160 158
160 161 162
163 162 161
162 163 164
161 165 163
165 161 166
166 158 156
158 166 161
167 156 154
156 167 166
168 154 152
154 168 167
152 169 168
169 152 150
150 170 169
170 150 141
141 134 170
135 170 134
170 135 171
171 169 170
3 171 135
171 3 5
5 172 171
169 171 172
172 168 169
172 5 9
9 173 172
168 172 173
173 167 168
173 9 11
11 174 173
174 11 13
13 165 174
165 13 15
132 3 135
3 132 0
167 173 174
166 174 165
174 166 167
15 163 165
163 15 17
19 163 17
163 19 164
19 175 164
175 162 164
162 175 176
177 176 175
176 177 178
176 160 162
160 176 179
178 179 176
179 159 160
159 179 180
181 180 179
179 178 181
180 181 182
183 182 181
182 183 184
185 184 183
184 185 186
187 186 185
186 187 188
189 181 178
181 189 183
190 183 189
183 190 185
191 185 190
185 191 187
192 187 191
187 192 193
193 188 187
188 193 194
195 194 193
194 195 196
197 196 195
196 197 198
199 198 197
195 200 197
201 197 200
197 201 202
199 197 202
200 195 203
193 203 195
203 193 192
203 204 200
200 204 205
200 205 201
204 203 206
192 206 203
201 207 202
207 199 202
207 201 208
199 207 209
210 207 208
207 210 211
211 209 207
212 211 210
211 212 213
213 214 211
209 211 214
214 213 215
104 205 204
206 104 204
205 104 105
104 206 102
216 102 206
102 216 100
217 100 216
100 217 94
218 94 217
94 218 92
219 92 218
92 219 87
177 87 219
87 177 88
216 191 217
191 216 192
206 192 216
190 217 191
217 190 218
189 218 190
218 189 219
178 219 189
219 178 177
175 88 177
88 175 90
175 19 90
43 24 23
24 43 32
96 83 110
83 96 84
220 110 83
83 76 220
76 74 220
74 221 220
110 220 221
221 74 72
72 222 221
222 72 70
70 223 222
223 70 68
68 224 223
224 68 67
67 225 224
225 67 226
226 227 225
227 226 228
229 224 225
227 229 225
224 229 230
230 223 224
109 221 222
221 109 110
231 222 223
222 231 109
223 230 231
229 227 232
227 228 233
232 227 233
65 226 67
226 65 234
62 234 65
234 62 61
61 235 234
235 61 236
236 237 235
238 235 237
235 238 239
239 234 235
238 237 240
237 236 241
240 237 241
242 241 236
241 242 243
241 243 240
236 59 242
59 236 61
59 58 242
58 244 242
58 47 244
244 55 242
47 55 244
242 55 54
234 239 226
245 246 142
245 147 246
136 142 246
144 246 147
246 144 136
247 248 131
248 247 249
249 247 250
247 131 130
126 131 248
247 130 251
252 247 251
252 250 247
252 253 250
253 252 254
254 255 253
255 254 256
257 250 253
250 257 258
249 250 258
259 254 252
259 252 251
254 259 260
260 256 254
261 251 130
262 253 255
253 262 257
263 260 259
264 263 259
261 264 251
264 259 251
265 264 261
266 265 261
265 266 267
264 265 268
263 264 268
260 263 269
269 270 260
256 260 270
270 269 271
270 272 256
272 270 273
271 273 270
273 274 272
275 272 274
272 275 276
276 256 272
274 273 277
278 277 273
273 271 278
277 278 279
274 280 275
280 274 281
282 274 277
279 282 277
282 281 274
282 279 283
284 276 275
276 284 285
286 275 280
275 286 284
285 255 276
256 276 255
255 285 262
281 287 280
287 281 288
289 287 288
287 289 290
288 291 289
291 288 292
293 290 289
290 293 294
289 295 293
295 289 291
291 296 295
296 291 297
297 291 292
298 297 292
290 299 287
299 290 300
294 300 290
288 301 292
301 288 281
292 302 298
302 292 301
294 293 303
304 293 295
293 304 303
304 305 303
306 303 305
294 303 306
305 304 307
308 307 304
308 295 296
295 308 304
307 308 309
301 283 302
283 301 282
282 301 281
305 310 306
310 311 306
312 306 311
306 312 294
311 310 313
314 313 310
310 315 314
310 305 315
307 315 305
315 316 314
315 307 316
316 317 314
307 317 316
317 307 309
300 294 312
318 319 320
319 318 321
322 320 319
320 322 323
318 320 324
320 323 324
321 146 319
146 321 145
319 148 322
148 319 146
325 326 327
326 325 328
329 326 328
326 329 330
326 331 327
331 326 332
330 332 326
333 331 332
331 333 334
332 335 333
335 332 336
332 330 336
337 335 336
335 337 338
339 336 330
336 339 337
339 330 329
340 338 337
338 340 341
342 341 340
341 342 343
339 329 344
344 345 339
345 337 339
337 345 340
345 344 346
333 347 334
338 348 335
335 348 349
348 338 350
341 350 338
350 341 351
343 351 341
346 352 345
352 340 345
340 352 342
353 342 352
343 342 353
352 346 354
351 343 355
356 355 343
356 343 353
357 356 353
356 357 358
359 357 353
359 352 354
359 353 352
357 359 360
357 361 358
361 357 362
363 361 362
362 364 363
357 364 362
364 357 360
335 349 333
349 347 333
365 366 367
365 367 129
267 367 366
367 267 266
367 266 128
367 128 129
266 130 128
266 261 130
126 248 125
368 369 370
369 368 371
370 372 368
372 370 373
368 374 371
374 375 371
375 374 376
376 201 375
371 375 377
371 377 369
373 378 372
379 372 378
380 379 378
379 380 381
372 379 382
382 368 372
378 373 383
379 384 382
384 379 385
381 385 379
201 376 386
387 376 374
386 376 387
388 378 383
378 388 380
384 389 382
368 382 389
368 389 374
390 374 389
374 390 387
391 387 390
387 391 392
391 390 393
389 384 393
390 389 393
394 393 384
385 394 384
393 394 395
391 393 395
394 385 396
397 396 385
385 381 397
398 397 381
381 399 398
400 398 399
398 400 401
401 402 398
397 398 402
402 401 403
404 401 400
401 404 405
401 405 406
403 401 406
407 403 406
407 402 403
406 408 407
399 409 400
409 399 410
411 400 409
400 411 404
380 410 399
399 381 380
410 380 388
404 412 405
412 404 413
413 414 412
414 413 415
416 415 413
416 404 411
404 416 413
415 416 417
417 418 415
418 417 419
419 420 418
420 419 421
422 418 420
418 422 423
415 423 414
423 415 418
424 414 423
414 424 425
425 412 414
426 425 424
423 426 424
425 426 427
426 423 428
422 428 423
428 422 429
421 430 420
430 422 420
430 421 431
431 432 430
430 432 433
422 430 433
433 429 422
433 432 434
429 433 434
427 435 425
412 425 435
435 405 412
405 435 436
437 436 435
435 427 437
436 437 438
438 406 436
405 436 406
406 438 408
439 440 441
441 440 442
213 439 441
442 213 441
439 213 212
213 442 215
443 444 445
444 443 446
443 447 446
447 443 448
449 448 443
448 449 450
450 451 448
451 450 452
452 453 451
454 451 453
451 454 455
455 448 451
448 455 447
453 452 456
443 445 457
443 457 449
449 457 458
458 459 449
449 459 460
460 452 450
449 460 450
459 461 460
452 460 462
462 456 452
463 462 460
461 463 460
462 463 464
465 462 464
462 465 466
456 462 466
465 467 466
467 465 468
469 466 467
466 469 456
470 467 468
470 471 467
471 469 467
472 469 471
469 472 473
474 471 470
471 474 475
475 472 471
476 475 474
475 476 477
472 475 477
453 469 473
453 456 469
453 473 454
478 105 479
480 105 478
478 481 480
377 480 481
480 377 375
481 482 377
482 481 483
481 478 484
484 483 481
483 484 485
105 480 205
375 205 480
482 483 486
483 485 486
113 479 105
479 113 487
112 487 113
487 112 488
112 489 488
489 112 111
108 489 111
489 108 490
109 490 108
375 201 205
491 201 386
492 491 386
387 492 386
492 387 392
396 397 493
402 493 397
493 402 494
402 407 494
495 496 497
497 498 495
497 499 498
499 497 500
500 501 499
501 500 502
503 501 502
501 503 504
505 504 503
504 505 506
507 506 505
506 507 508
507 509 508
509 507 510
511 495 498
495 511 512
513 498 499
498 513 511
501 513 499
513 501 514
514 504 515
506 515 504
504 514 501
515 506 516
508 516 506
516 508 517
518 508 509
508 518 517
519 495 512
495 519 520
519 521 520
522 510 523
523 524 522
524 523 525
525 526 524
526 525 527
528 522 524
526 528 524
522 528 529
528 526 530
531 530 526
530 531 532
531 533 532
534 533 531
534 526 527
526 534 531
510 522 509
529 509 522
509 529 518
299 280 287
280 299 286
535 536 537
536 535 538
539 538 535
538 539 540
541 537 536
537 541 542
541 543 542
543 541 544
545 535 537
535 545 546
547 537 542
537 547 545
548 542 543
542 548 547
549 548 543
544 549 543
544 550 549
551 549 550
549 551 552
551 553 552
548 549 554
552 554 549
554 552 555
552 556 555
553 556 552
557 550 544
550 558 551
558 550 557
559 558 557
557 560 559
560 557 561
561 562 560
562 561 563
563 564 562
564 563 565
565 566 564
566 565 567
567 568 566
568 567 569
570 568 569
568 570 571
558 559 572
573 558 572
558 573 574
575 570 569
570 575 576
570 576 577
569 578 575
569 567 578
565 579 567
567 579 578
579 565 580
565 581 580
582 574 573
574 582 583
583 553 574
551 574 553
574 551 558
553 583 584
584 556 553
556 584 585
585 586 556
586 585 587
582 588 583
588 582 589
590 588 589
591 590 589
590 591 592
588 590 593
592 591 594
589 595 591
594 591 595
595 589 582
585 596 587
556 586 555
584 597 585
585 598 596
598 599 596
600 599 597
599 600 601
601 600 602
602 600 603
584 600 597
583 600 584
588 600 583
603 588 593
588 603 600
604 605 606
605 604 607
608 607 604
607 608 609
606 610 604
610 606 611
539 611 606
611 539 612
613 604 610
604 613 608
608 614 609
614 608 615
613 615 608
614 615 616
616 615 617
615 613 617
540 606 605
606 540 539
535 612 539
612 535 546
618 619 571
620 619 618
619 620 621
620 622 621
622 620 623
624 622 623
622 624 625
625 624 626
627 620 618
620 627 628
629 620 628
620 629 623
630 623 629
623 630 624
626 624 630
618 577 627
618 570 577
571 570 618
631 632 633
634 635 636
635 634 637
635 638 636
636 639 634
639 636 640
636 638 641
636 641 640
642 641 638
641 642 643
644 643 642
643 644 645
646 637 634
637 646 647
648 647 646
647 648 649
648 650 649
650 648 651
650 651 652
653 648 646
648 653 654
655 648 654
648 655 651
652 651 655
634 653 646
653 634 639
656 657 658
656 659 657
659 656 660
660 661 659
661 660 662
662 663 661
663 662 664
665 663 664
666 665 664
663 665 667
663 667 668
581 565 563
563 544 581
544 563 561
561 557 544
669 670 671
670 669 672
671 670 673
670 674 673
674 670 675
675 670 672
675 676 674
676 675 677
678 677 675
678 675 672
677 678 679
679 680 677
680 679 681
681 682 680
682 681 683
684 682 683
682 684 685
685 684 686
687 677 680
677 687 676
688 680 682
680 688 687
685 688 682
688 685 689
690 689 685
690 685 686
689 690 691
692 691 690
690 693 692
693 690 694
694 690 686
695 692 693
692 695 696
697 696 695
696 697 698
699 698 697
698 699 700
699 701 700
701 699 702
702 703 701
703 702 704
704 705 703
705 704 706
707 706 704
706 707 708
704 709 707
709 704 710
706 711 705
711 706 712
708 712 706
710 713 709
713 710 714
714 715 713
715 714 716
717 701 703
701 717 718
719 701 718
701 719 700
720 700 719
700 720 698
721 698 720
698 721 696
722 696 721
696 722 692
691 692 722
716 723 715
723 716 724
724 725 723
725 724 726
727 725 726
725 727 728
728 727 729
730 731 712
731 732 712
733 712 732
712 733 711
711 733 734
712 708 730
711 734 735
736 711 735
711 736 705
736 703 705
703 736 717
737 738 739
738 740 739
741 739 740
739 741 742
740 738 743
744 742 741
742 744 745
746 745 744
745 746 747
747 746 748
749 740 743
750 751 752
751 750 753
754 752 751
752 754 755
756 753 750
753 756 757
756 758 757
758 756 759
759 760 758
760 759 761
762 760 761
760 762 763
762 764 763
764 762 765
766 764 765
764 766 767
768 767 766
767 768 769
768 770 769
770 768 771
771 772 770
772 771 773
773 774 772
774 773 775
776 777 778
779 776 778
776 779 780
779 778 781
778 782 781
782 778 783
777 783 778
783 784 782
784 783 785
777 785 783
786 782 784
784 787 786
787 784 788
785 788 784
785 789 788
788 790 787
790 788 791
789 791 788
782 786 792
782 792 793
779 781 793
782 793 781
789 794 791
794 790 791
794 789 795
796 795 789
795 796 797
790 794 798
794 799 798
799 794 800
795 800 794
801 799 800
802 801 800
802 795 797
802 800 795
803 801 802
801 803 804
799 801 805
804 805 801
805 804 806
807 806 804
802 808 803
802 797 808
809 803 808
809 810 803
804 810 807
810 804 803
811 807 810
811 810 809
807 811 812
813 811 809
813 809 808
811 813 814
815 813 808
808 816 815
816 808 797
797 817 816
817 797 796
796 818 817
818 796 819
789 819 796
819 789 785
785 777 819
777 818 819
818 777 820
776 820 777
821 812 822
821 822 823
824 821 823
821 824 825
826 825 824
825 826 827
828 827 826
827 828 829
826 830 828
830 826 831
826 824 832
826 832 831
824 823 832
833 829 828
829 833 834
835 834 833
834 835 836
835 837 836
837 835 838
838 839 837
839 838 840
840 841 839
841 840 842
843 840 838
840 843 844
840 844 845
840 845 842
846 842 845
841 842 846
841 846 793
793 846 847
847 846 848
845 848 846
838 849 843
849 838 835
850 845 844
845 850 851
848 845 851
850 852 851
852 850 853
843 849 854
854 853 850
843 854 844
854 850 844
855 852 853
852 855 856
855 857 856
857 855 858
851 852 859
856 859 852
859 860 851
851 860 848
860 859 861
848 860 862
863 862 860
860 861 863
864 861 859
859 856 864
861 864 865
866 863 861
861 865 866
867 855 853
853 854 867
854 868 867
869 867 868
867 869 870
855 867 870
868 871 869
871 868 872
873 872 868
872 873 874
874 875 872
875 874 876
875 876 877
878 876 874
876 878 830
830 877 876
878 828 830
828 878 833
878 835 833
835 878 849
849 874 873
874 849 878
877 830 831
879 872 875
872 879 871
879 875 880
877 880 875
877 881 880
881 877 882
882 877 831
883 881 882
881 883 884
885 884 883
884 885 886
832 882 831
883 882 832
823 883 832
885 883 823
822 885 823
884 887 881
887 884 888
889 884 886
884 889 888
890 888 889
888 890 891
888 892 887
892 888 891
891 893 892
891 890 893
894 887 892
887 894 895
894 896 895
880 895 896
896 894 897
898 896 897
896 898 879
880 896 879
898 871 879
871 898 899
898 900 899
900 898 901
897 902 898
902 897 894
902 901 898
899 869 871
869 899 903
904 869 903
869 904 870
904 855 870
855 904 858
901 905 900
905 901 906
901 907 906
902 907 901
900 908 899
908 903 899
908 909 903
909 908 910
909 910 911
908 912 910
913 910 912
912 914 913
914 912 915
914 916 913
916 914 917
918 916 917
916 918 919
920 915 912
912 908 920
915 920 921
916 922 913
910 913 922
910 922 911
923 911 922
922 916 923
923 916 919
924 923 919
856 923 924
911 923 856
911 856 857
915 925 914
925 915 926
921 926 915
926 927 925
927 926 928
929 925 927
925 929 930
931 928 926
926 921 931
928 931 932
933 931 921
931 933 934
934 932 931
935 934 933
934 935 936
936 937 934
932 934 937
937 936 938
937 939 932
939 937 940
938 940 937
940 938 941
941 942 940
942 939 940
942 941 943
943 944 942
945 942 944
942 945 946
939 942 946
946 947 939
947 932 939
947 946 948
948 949 947
949 948 950
951 950 948
951 946 945
946 951 948
950 951 952
952 953 950
950 953 954
953 952 955
952 956 955
951 957 952
952 957 956
957 951 958
945 958 951
944 943 959
958 945 960
944 960 945
960 944 961
959 961 944
961 959 962
958 963 957
963 964 957
957 964 956
964 963 965
963 966 965
966 963 967
968 967 963
963 958 968
960 968 958
967 968 969
967 970 966
970 967 971
967 969 971
972 969 968
968 960 972
961 972 960
969 972 973
974 973 972
972 961 974
973 974 975
974 976 975
976 974 977
977 978 976
978 977 979
973 980 969
980 971 969
973 981 980
981 973 975
976 981 975
976 982 981
982 976 978
962 979 977
979 962 983
977 961 962
961 977 974
971 984 970
981 984 980
982 984 981
980 984 971
985 983 962
959 985 962
959 986 985
943 986 959
943 987 986
988 987 943
941 988 943
941 989 988
941 990 989
990 941 938
936 991 938
991 936 992
993 938 991
938 993 994
995 991 992
991 995 996
995 997 996
997 995 998
992 999 995
999 1000 995
999 992 1001
1002 1000 999
999 1003 1002
1004 1002 1003
1002 1004 1005
1003 999 1006
1001 1006 999
1007 1005 1004
1005 1007 1008
1000 1002 1009
1008 1010 1005
1002 1010 1009
1010 1002 1005
1010 1008 1011
1012 1009 1010
1000 1009 1012
1010 1011 1012
1013 1000 1012
1006 1001 1014
906 1014 1001
1001 935 906
933 906 935
906 933 905
921 905 933
905 921 920
920 900 905
900 920 908
1015 1014 906
907 1015 906
1015 907 1016
1016 907 902
1016 902 894
1017 1016 894
1016 1017 1006
1006 1014 1015
1006 1015 1016
1017 1003 1006
1017 1018 1003
893 1018 1017
1019 1018 893
1019 1007 1018
1018 1004 1003
1007 1004 1018
893 1017 892
892 1017 894
890 1019 893
1020 1021 1022
1021 1020 1023
1021 1024 1022
1024 1021 1025
1023 1026 1021
1026 1023 1027
1028 1024 1025
1024 1028 1029
1028 1030 1029
1030 1028 1031
1031 1032 1030
1032 1031 1033
1033 1034 1032
1034 1033 1035
1036 1034 1035
1034 1036 1037
1027 1038 1026
1039 1026 1038
1026 1039 1040
1041 1040 1039
1040 1041 1042
1042 1031 1028
1041 1043 1042
1031 1042 1043
1043 1033 1031
1043 1041 1044
1044 1045 1043
1033 1043 1045
1033 1045 1035
1045 1044 1046
1045 1047 1035
1046 1047 1045
1042 1025 1040
1021 1040 1025
1040 1021 1026
1025 1042 1028
1047 1046 1048
1049 1047 1048
1049 1048 1050
1035 1047 1049
1049 1051 1035
1049 1052 1051
1052 1049 1053
1049 1050 1053
1054 1051 1052
1051 1054 1055
1054 1056 1055
1055 1056 1057
1055 1057 1058
1055 1058 1036
1036 1051 1055
1035 1051 1036
1059 1058 1057
1057 1060 1059
1058 1059 1061
1062 1058 1061
1058 1062 1063
1058 1063 1037
1036 1058 1037
1064 1060 1057
1060 1064 1065
1057 1066 1064
1066 1057 1056
1037 1063 1067
1068 1063 1062
1063 1068 1067
1069 1067 1068
1067 1069 1070
1071 1065 1064
1066 1071 1064
1065 1071 1072
1072 1071 1073
1071 1074 1073
1071 1066 1074
1075 1037 1067
1075 1034 1037
1034 1075 1076
1076 1075 1077
1077 1075 1067
1077 1067 1070
1078 1034 1076
1034 1078 1032
1079 1032 1078
1032 1079 1030
1079 1029 1030
1029 1079 1080
1080 1024 1029
1024 1080 1081
1082 1024 1081
1024 1082 1022
1083 1022 1082
1022 1083 1020
1084 1083 1082
1083 1084 1085
1078 1076 1086
1085 1084 1087
1084 1088 1087
1088 1084 1089
1089 1082 1081
1082 1089 1084
1089 1090 1088
1090 1089 1091
1091 1081 1080
1081 1091 1089
1092 1090 1091
1090 1092 1093
1086 1093 1092
1093 1086 1094
1091 1079 1092
1079 1091 1080
1078 1092 1079
1092 1078 1086
1086 1095 1094
1095 1086 1096
1097 1095 1096
1098 1097 1096
1099 1098 1096
1098 1099 1100
1076 1099 1096
1099 1101 1100
1101 1099 1077
1099 1076 1077
1077 1102 1101
1102 1077 1070
1070 1103 1102
1103 1070 1104
1105 1104 1070
1104 1105 1106
1107 1104 1106
1104 1107 1108
1108 1103 1104
1103 1108 1109
1107 1110 1108
1110 1109 1108
1110 1107 1111
1110 1111 1112
1113 1110 1112
1109 1110 1113
1101 1114 1100
1115 1114 1116
1115 1116 1117
1114 1101 1116
1118 1116 1101
1116 1118 1117
918 1119 1120
1121 1120 1119
1122 1120 1121
919 1120 1122
919 918 1120
918 1123 1119
1123 918 1124
1124 1125 1123
1125 1124 1126
930 1126 1124
1126 1127 1125
1127 1126 1128
929 1128 1126
930 929 1126
1128 929 1129
1127 1130 1125
1130 1127 1131
1132 1125 1130
1125 1132 1123
1133 1128 1129
1128 1133 1134
1134 1127 1128
1134 1133 1135
1135 1136 1134
1127 1134 1136
1137 1136 1135
1137 1127 1136
1127 1137 1131
1124 917 930
914 930 917
930 914 925
949 929 927
927 947 949
947 927 928
932 947 928
929 949 1138
949 950 1138
950 954 1138
917 1124 918
1139 1140 1141
1140 1139 1142
1143 1140 1142
1144 1141 1140
1141 1144 1145
1140 1143 1146
1146 1144 1140
1147 1145 1144
1147 1144 1146
1145 1147 1148
1141 1149 1139
1149 1141 1150
1145 1150 1141
1150 1151 1149
1151 1150 1152
1150 1145 1153
1148 1153 1145
1154 1150 1153
1150 1154 1152
1153 1148 1155
1156 1153 1155
1153 1156 1154
1069 1149 1151
1149 1069 1068
1068 1139 1149
1139 1068 1062
1061 1139 1062
1139 1061 1142
1155 1157 1156
1157 1155 1158
1159 1157 1158
1158 1160 1159
1161 1159 1160
1160 1162 1161
1162 1160 1163
1163 1164 1162
1164 1163 1165
1166 1161 1162
1164 1166 1162
1161 1166 1167
1166 1164 1168
1159 1161 1169
1169 1170 1159
1157 1159 1170
1170 1169 1171
1172 1161 1167
1161 1172 1169
1173 1169 1172
1169 1173 1171
1174 1163 1160
1163 1174 1175
1175 1165 1163
1165 1175 1176
1166 1177 1167
1168 1177 1166
1167 1177 1172
1172 1177 1173
1148 1175 1174
1174 1155 1148
1155 1174 1158
1160 1158 1174
1175 1148 1147
1147 1176 1175
1176 1147 1178
1146 1178 1147
865 1179 1180
1180 1179 1122
1179 924 1122
924 1179 864
1179 865 864
924 919 1122
1180 1122 1181
1122 1121 1181
866 865 1180
864 856 924
1119 1182 1121
1123 1182 1119
1182 1123 1132
1183 1184 1185
1185 1186 1183
1186 1185 1187
1188 1186 1187
1186 1188 1189
1187 1190 1188
1190 1187 1191
1191 1192 1190
1192 1191 1193
1193 1194 1192
1194 1193 1195
1196 1195 1193
1191 1196 1193
1195 1196 1197
1196 1198 1197
1198 1196 1199
1200 1198 1199
1198 1200 1201
1200 1202 1201
1202 1200 1203
1204 1199 1196
1196 1191 1204
1199 1204 1205
1199 1206 1200
1206 1199 1205
1207 1206 1205
1208 1206 1207
1206 1208 1209
1200 1209 1203
1209 1200 1206
1209 1210 1203
1210 1209 1211
1211 1209 1212
1209 1208 1212
1212 1208 1213
1201 1214 1198
1202 1214 1201
1214 1202 1215
1215 1203 1210
1203 1215 1202
1198 1214 1197
1197 1214 1195
1195 1214 1194
1184 1207 1205
1185 1184 1205
1185 1205 1204
1204 1187 1185
1187 1204 1191
1216 1020 1217
1216 1218 1020
1083 1217 1020
1083 1219 1217
1085 1219 1083
1218 1023 1020
1220 1023 1218
1220 1027 1023
993 1221 1222
1221 1223 1222
1223 1221 1224
1223 1224 1225
1225 1224 1226
1226 1227 1225
1228 1224 1221
1224 1228 1226
1226 1229 1227
1229 1226 1228
1228 1230 1229
1230 1228 1231
1231 1221 993
1221 1231 1228
991 1231 993
1231 991 996
996 1230 1231
1230 996 997
993 1222 994
881 887 895
880 881 895
868 854 873
849 873 854
935 1001 992
992 936 935
1232 1233 1234
1233 1232 1235
1234 1236 1232
1236 1234 1237
1237 1238 1236
1238 1237 1239
1239 1240 1238
1240 1239 1241
1242 1240 1241
1240 1242 1243
1244 1243 1242
1243 1244 1245
1246 1245 1244
1245 1246 1247
1248 1235 1232
1236 1248 1232
1235 1248 1249
1248 1236 1250
1238 1250 1236
1250 1238 1251
1240 1251 1238
1251 1240 1252
1243 1252 1240
1252 1243 1253
1245 1253 1243
1253 1245 1254
1247 1254 1245
1254 1247 1255
1256 1248 1250
1251 1256 1250
1248 1256 1257
1257 1249 1248
1256 1251 1258
1252 1258 1251
1258 1252 1259
1253 1259 1252
1259 1253 1260
1261 1253 1254
1253 1261 1260
1255 1262 1254
1254 1262 1261
1262 1255 1263
1264 1258 1259
1258 1264 1265
1265 1256 1258
1259 1266 1264
1266 1259 1260
1267 1260 1261
1260 1267 1266
1262 1267 1261
1267 1262 1268
1263 1268 1262
1255 1269 1263
1270 1263 1269
1271 1270 1269
1272 1271 1269
1271 1272 1273
1274 1273 1272
1273 1274 1275
1276 1275 1274
1275 1276 1277
1278 1275 1277
1275 1278 1279
1278 1280 1279
1280 1278 1281
1282 1280 1281
1280 1282 1283
1284 1283 1282
1283 1284 1285
1286 1275 1279
1275 1286 1273
1287 1279 1280
1279 1287 1286
1288 1280 1283
1280 1288 1287
1285 1288 1283
1288 1285 1289
1290 1286 1287
1288 1290 1287
1286 1290 1291
1291 1273 1286
1273 1291 1271
1290 1288 1292
1289 1292 1288
1292 1289 1293
1291 1294 1271
1270 1271 1294
1294 1291 1295
1290 1295 1291
1295 1290 1296
1290 1292 1297
1290 1297 1296
1292 1293 1298
1294 1299 1270
1299 1294 1300
1295 1300 1294
1300 1295 1301
1296 1301 1295
1301 1296 1302
1297 1303 1296
1303 1297 1304
1299 1300 1305
1301 1302 1306
1292 1298 1307
1307 1304 1297
1298 1308 1307
1308 1298 1309
1309 1310 1308
1310 1309 1311
1311 1312 1310
1312 1311 1313
1314 1309 1298
1309 1314 1315
1315 1311 1309
1311 1315 1316
1298 1293 1314
1304 1307 1317
1317 1318 1304
1318 1317 1319
1319 1320 1318
1321 1318 1320
1318 1321 1322
1322 1304 1318
1320 1319 1323
1320 1324 1321
1324 1320 1325
1323 1325 1320
1325 1323 1326
1304 1322 1303
1315 1327 1316
1327 1315 1328
1328 1329 1327
1329 1328 1330
1331 1330 1328
1330 1331 1332
1333 1327 1329
1327 1333 1334
1328 1314 1331
1314 1328 1315
1335 1332 1331
1335 1331 1293
1331 1314 1293
1289 1335 1293
1335 1289 1336
1285 1336 1289
1336 1285 1337
1284 1337 1285
1337 1284 1338
1338 1339 1337
1339 1336 1337
1339 1338 1340
1341 1339 1340
1339 1341 1342
1341 1343 1342
1343 1341 1344
1345 1343 1344
1343 1345 1346
1346 1347 1343
1347 1346 1348
1349 1343 1347
1343 1349 1342
1350 1342 1349
1342 1350 1339
1336 1339 1350
1348 1351 1347
1351 1348 1352
1353 1347 1351
1347 1353 1349
1354 1349 1353
1349 1354 1350
1354 1336 1350
1336 1354 1335
1355 1351 1352
1351 1355 1356
1356 1353 1351
1353 1356 1357
1357 1354 1353
1354 1357 1358
1354 1359 1335
1354 1358 1359
1360 1356 1355
1356 1360 1361
1361 1357 1356
1357 1361 1362
1362 1358 1357
1358 1362 1363
1364 1359 1358
1359 1364 1365
1362 1366 1363
1359 1332 1335
1365 1332 1359
1332 1365 1367
1368 1367 1365
1367 1368 1369
1370 1369 1368
1368 1371 1370
1371 1368 1372
1365 1372 1368
1372 1365 1364
1369 1370 1373
1374 1370 1371
1370 1374 1375
1375 1373 1370
1373 1375 1376
1362 1377 1366
1378 1366 1377
1366 1378 1379
1380 1379 1378
1379 1380 1381
1381 1382 1379
1382 1381 1383
1384 1379 1382
1379 1384 1366
1366 1384 1363
1378 1385 1380
1385 1378 1386
1377 1386 1378
1386 1387 1385
1386 1388 1387
1388 1386 1389
1390 1389 1386
1386 1377 1390
1377 1362 1390
1391 1388 1389
1360 1391 1389
1362 1361 1390
1361 1389 1390
1360 1389 1361
1360 1392 1391
1392 1360 1393
1355 1393 1360
1393 1355 1394
1355 1395 1394
1395 1355 1352
1352 1396 1395
1396 1397 1395
1397 1396 1398
1399 1398 1396
1398 1399 1400
1401 1400 1399
1400 1401 1402
1402 1403 1400
1403 1402 1404
1404 1405 1403
1405 1404 1406
1407 1405 1406
1405 1407 1408
1409 1408 1407
1408 1409 1410
1411 1410 1409
1410 1411 1412
1233 1412 1411
1412 1233 1235
1235 1413 1412
1413 1410 1412
1413 1235 1249
1410 1413 1414
1414 1408 1410
1408 1414 1415
1415 1405 1408
1405 1415 1416
1416 1403 1405
1403 1416 1417
1417 1400 1403
1400 1417 1398
1413 1418 1414
1418 1415 1414
1418 1413 1419
1249 1419 1413
1415 1418 1420
1420 1416 1415
1416 1420 1421
1421 1417 1416
1417 1421 1422
1423 1417 1422
1417 1423 1398
1420 1424 1421
1424 1420 1425
1418 1425 1420
1421 1426 1422
1426 1421 1424
1427 1422 1426
1422 1427 1423
1427 1397 1423
1398 1423 1397
1397 1427 1428
1428 1395 1397
1395 1428 1394
1429 1394 1428
1394 1429 1393
1430 1393 1429
1431 1430 1429
1432 1431 1429
1432 1428 1427
1428 1432 1429
1433 1432 1427
1426 1433 1427
1433 1431 1432
1393 1430 1392
1424 1434 1426
1433 1426 1434
1434 1424 1435
1425 1418 1436
1419 1436 1418
1436 1419 1437
1438 1437 1419
1419 1249 1438
1249 1257 1438
1439 1438 1257
1438 1439 1440
1437 1438 1440
1257 1441 1439
1441 1257 1256
1256 1265 1441
1442 1440 1439
1440 1442 1443
1439 1444 1442
1444 1439 1441
1441 1445 1444
1445 1441 1265
1264 1445 1265
1445 1264 1446
1264 1447 1446
1447 1264 1266
1266 1448 1447
1448 1266 1267
1448 1267 1449
1268 1449 1267
1449 1268 1450
1449 1450 1451
1448 1449 1451
1451 1450 1452
1453 1452 1450
1452 1453 1454
1299 1454 1453
1454 1299 1455
1453 1270 1299
1270 1453 1456
1456 1450 1268
1450 1456 1453
1263 1270 1456
1268 1263 1456
1299 1305 1455
1455 1305 1457
1458 1457 1305
1457 1458 1459
1460 1458 1305
1458 1461 1459
1462 1461 1458
1461 1462 1463
1464 1463 1462
1463 1464 1465
1466 1465 1464
1465 1466 1467
1464 1468 1466
1468 1464 1306
1462 1306 1464
1306 1462 1469
1469 1458 1460
1458 1469 1462
1301 1306 1469
1469 1460 1301
1306 1302 1468
1301 1460 1300
1300 1460 1305
1470 1471 1472
1472 1473 1470
1473 1472 1474
1474 1475 1473
1475 1474 1476
1477 1475 1476
1475 1477 1478
1479 1480 1481
1480 1479 1482
1481 1316 1479
1316 1481 1311
1479 1483 1482
1483 1479 1484
1316 1484 1479
1484 1316 1327
1297 1292 1307
1485 1486 1487
1488 1487 1486
1487 1488 1489
1490 1313 1491
1313 1490 1312
1492 1493 1494
1493 1492 1495
1494 1496 1492
1496 1494 1497
1497 1498 1496
1498 1497 1499
1500 1498 1499
1269 1255 1272
1247 1272 1255
1272 1247 1274
1246 1274 1247
1274 1246 1276
1501 1276 1246
1501 1277 1276
1501 1278 1277
1278 1501 1502
1502 1281 1278
1502 1282 1281
1503 1282 1502
1282 1503 1284
1246 1504 1501
1504 1246 1244
1504 1244 1242
1242 1505 1504
1505 1242 1241
1505 1241 1239
1505 1239 1237
1237 1506 1505
1506 1237 1234
1234 1507 1506
1507 1234 1233
1411 1507 1233
1507 1411 1508
1409 1508 1411
1508 1409 1509
1509 1409 1407
1509 1407 1406
1404 1509 1406
1509 1404 1510
1510 1404 1402
1401 1510 1402
1510 1401 1511
1511 1401 1345
1401 1346 1345
1346 1401 1399
1399 1348 1346
1348 1399 1396
1396 1352 1348
1511 1345 1344
1341 1511 1344
1511 1341 1512
1512 1341 1340
1512 1340 1338
1338 1503 1512
1503 1338 1284
1513 1514 1515
1516 1514 1513
1514 1516 1517
1518 1517 1516
1517 1518 1519
1518 1520 1519
1520 1518 1521
1522 1523 1524
1523 1525 1524
1525 1523 1526
1334 1527 1528
1527 1334 1333
1529 1530 1531
1530 1529 1532
1533 1532 1529
1532 1533 1534
1535 1534 1533
1534 1535 1536
1537 1536 1535
1538 1440 1443
1440 1538 1437
1539 1437 1538
1437 1539 1436
1540 1436 1539
1436 1540 1425
1540 1424 1425
1424 1540 1435
806 807 825
827 806 825
806 827 805
829 805 827
805 829 799
834 799 829
799 834 798
836 798 834
798 836 790
836 787 790
787 836 837
837 786 787
786 837 839
839 792 786
792 839 841
792 841 793
793 847 779
848 1541 847
1541 848 862
807 812 821
807 821 825
1059 1542 1061
1542 1142 1061
1542 1143 1142
1076 1096 1086
1000 1013 995
1543 1544 1545
1546 1547 1548
1546 1549 1547
1550 1551 1549
1550 1552 1551
1550 1553 1552
1554 1555 1553
1554 1556 1555
1557 1558 1559
1560 1561 1562
1563 1564 1565
1566 1567 1568
1569 1570 1571
1569 1572 1570
1573 1574 1572
1573 1575 1574
1573 1576 1575
1573 1577 1576
1578 1579 1577
1580 1581 1582
1583 1584 1585
1584 1583 1586
1587 1588 1589
1588 1587 1590
1591 1592 1593
1592 1591 1594
1595 1596 1597
1596 1595 1598
1599 1600 1601
1600 1599 1602
1603 1604 1605
1604 1603 1606
1607 1608 1609
1608 1607 1610
1611 1612 1613
1612 1611 1614
1615 1616 1617
1616 1615 1618
1619 1620 1621
1620 1619 1622
1623 1624 1625
1624 1623 1626
1627 1628 1629
1628 1627 1630
1631 1632 1633
1632 1631 1634
1635 1636 1637
1636 1635 1638
1639 1640 1641
1640 1639 1642
1643 1644 1645
1644 1643 1646
1647 1648 1649
1648 1647 1650
1651 1652 1653
1652 1651 1654
1655 1656 1657
1656 1655 1658
1659 1660 1661
1660 1659 1662
1663 1664 1665
1666 1667 1668
1666 1668 1669
1670 1669 1671
1670 1671 1672
1670 1672 1673
1674 1673 1675
1674 1675 1676
1677 1678 1679
1680 1681 1682
1683 1684 1685
1686 1687 1688
1689 1690 1691
1689 1691 1692
1693 1692 1694
1693 1694 1695
1693 1695 1696
1693 1696 1697
1698 1697 1699
1700 1701 1702
1703 1704 1705
1704 1703 1706
1707 1708 1709
1708 1707 1710
1711 1712 1713
1712 1711 1714
1715 1716 1717
1716 1715 1718
1719 1720 1721
1720 1719 1722
1723 1724 1725
1724 1723 1726
1727 1728 1729
1728 1727 1730
1731 1732 1733
1732 1731 1734
1735 1736 1737
1736 1735 1738
1739 1740 1741
1740 1739 1742
1743 1744 1745
1744 1743 1746
1747 1748 1749
1748 1747 1750
1751 1752 1753
1752 1751 1754
1755 1756 1757
1756 1755 1758
1759 1760 1761
1760 1759 1762
1763 1764 1765
1764 1763 1766
1767 1768 1769
1768 1767 1770
1771 1772 1773
1772 1771 1774
1775 1776 1777
1776 1775 1778
1779 1780 1781
1780 1779 1782
1783 1784 1785
1786 1787 1788
1789 1786 1788
1790 1789 1791
1792 1790 1791
1793 1792 1794
1795 1793 1794
1796 1795 1797
1798 1799 1800
1801 1802 1803
1804 1805 1806
1807 1804 1806
1808 1809 1810
1811 1808 1810
1812 1811 1813
1814 1812 1813
1815 1814 1816
1817 1815 1816
1818 1819 1820
1821 1822 1823
1824 1825 1826
1827 1828 1829
1830 1828 1827
1831 1832 1830
1833 1832 1831
1834 1835 1833
1836 1835 1834
1837 1838 1836
1839 1840 1841
1842 1843 1844
1845 1846 1847
1848 1846 1845
1849 1850 1851
1852 1850 1849
1853 1854 1852
1855 1854 1853
1856 1857 1855
1858 1857 1856
1859 1860 1861
1862 1863 1864
1865 1866 1867
1867 1866 1868
1867 1869 1865
1870 1871 1869
1870 1872 1871
1873 1874 1872
1873 1875 1874
1876 1877 1878
1879 1880 1881
1882 1883 1884
1885 1886 1887
1885 1887 1888
1889 1888 1890
1889 1890 1891
1892 1893 1894
1892 1894 1895
1896 1895 1897
1898 1899 1900
1901 1902 1903
1902 1904 1903
1902 1901 1905
1906 1905 1907
1906 1907 1908
1909 1908 1910
1909 1910 1911
1912 1913 1914
1915 1916 1917
1918 1919 1920
1921 1922 1923
1921 1924 1922
1925 1926 1924
1925 1927 1926
1928 1929 1930
1928 1931 1929
1932 1933 1931
1934 1935 1936
