byte offset: 0
first index: 52542
index count: 3687
topology: trianglelist
format: DXGI_FORMAT_R16_UINT

13740 13741 13742
13743 13740 13742
13742 13741 13744
13744 13745 13742
13746 13742 13745
13742 13746 13747
13743 13742 13747
13748 13747 13746
13747 13748 13749
13748 13750 13749
13750 13748 13751
13749 13750 13752
13753 13750 13751
13751 13754 13753
13750 13753 13755
13753 13756 13755
13756 13753 13757
13757 13758 13756
13759 13756 13758
13756 13759 13760
13758 13757 13761
13757 13762 13761
13762 13757 13763
13753 13764 13757
13765 13764 13753
13765 13753 13754
13762 13763 13766
13760 13759 13767
13755 13756 13768
13769 13755 13768
13769 13770 13755
13755 13770 13750
13771 13772 13749
13749 13772 13747
13771 13749 13752
13773 13774 13775
13775 13774 13776
13776 13777 13775
13778 13775 13777
13775 13778 13779
13775 13779 13780
13773 13775 13780
13777 13776 13781
13782 13781 13776
13781 13782 13783
13776 13784 13782
13785 13783 13782
13783 13785 13786
13787 13786 13785
13786 13787 13788
13787 13785 13789
13787 13790 13788
13790 13787 13791
13791 13792 13790
13792 13791 13793
13787 13794 13791
13795 13790 13792
13790 13795 13796
13791 13797 13793
13797 13791 13798
13796 13795 13799
13797 13798 13800
13788 13801 13786
13802 13801 13788
13802 13788 13803
13790 13803 13788
13804 13787 13789
13794 13787 13804
13805 13806 13807
13806 13805 13744
13745 13744 13805
13806 13778 13807
13778 13806 13779
13806 13808 13779
13809 13808 13806
13810 13809 13806
13810 13806 13744
13805 13811 13745
13812 13745 13811
13812 13813 13745
13745 13813 13746
13807 13814 13805
13815 13814 13807
13815 13807 13816
13778 13816 13807
13746 13817 13748
13818 13748 13817
13818 13819 13748
13748 13819 13751
13820 13821 13782
13782 13821 13785
13820 13782 13784
13822 13823 13777
13822 13777 13824
13777 13823 13778
13781 13824 13777
13783 13825 13781
13826 13825 13783
13826 13783 13827
13786 13827 13783
13828 13829 13830
13829 13828 13831
13832 13831 13828
13831 13832 13833
13834 13833 13832
13833 13834 13835
13834 13836 13835
13836 13834 13837
13838 13839 13840
13839 13838 13841
13840 13842 13838
13842 13840 13843
13843 13844 13842
13844 13843 13845
13846 13844 13845
13844 13846 13847
13848 13849 13850
13849 13848 13851
13852 13851 13848
13852 13853 13851
13851 13854 13849
13855 13849 13854
13854 13856 13855
13857 13855 13856
13856 13858 13857
13858 13856 13859
13860 13859 13856
13856 13854 13860
13859 13860 13861
13861 13862 13859
13862 13861 13863
13863 13864 13862
13864 13863 13865
13866 13862 13864
13862 13866 13867
13867 13859 13862
13859 13867 13858
13868 13867 13866
13867 13868 13869
13869 13858 13867
13870 13865 13863
13865 13870 13871
13872 13871 13870
13871 13872 13873
13874 13873 13872
13870 13875 13872
13876 13872 13875
13872 13876 13877
13874 13872 13877
13875 13870 13878
13863 13878 13870
13878 13863 13861
13878 13879 13875
13879 13878 13880
13861 13880 13878
13880 13861 13860
13875 13881 13876
13881 13875 13879
13860 13882 13880
13882 13860 13854
13880 13883 13879
13883 13880 13882
13883 13881 13879
13854 13851 13882
13882 13853 13883
13853 13882 13851
13884 13885 13850
13885 13884 13886
13887 13886 13884
13886 13887 13888
13889 13888 13887
13888 13889 13890
13886 13891 13885
13891 13886 13892
13888 13892 13886
13892 13888 13893
13890 13893 13888
13893 13890 13894
13884 13895 13887
13895 13884 13896
13850 13896 13884
13896 13897 13895
13898 13895 13897
13897 13899 13898
13899 13897 13857
13855 13857 13897
13897 13896 13855
13857 13900 13899
13900 13857 13858
13858 13869 13900
13849 13855 13896
13895 13898 13901
13901 13887 13895
13887 13901 13889
13896 13850 13849
13894 13902 13893
13903 13904 13905
13904 13903 13906
13907 13903 13905
13907 13905 13908
13909 13905 13904
13904 13910 13909
13911 13909 13910
13910 13912 13911
13913 13911 13912
13911 13913 13914
13914 13915 13911
13909 13911 13915
13915 13914 13916
13917 13916 13914
13916 13917 13918
13919 13918 13917
13918 13919 13920
13917 13921 13919
13921 13917 13922
13922 13914 13913
13914 13922 13917
13922 13923 13921
13923 13922 13924
13913 13924 13922
13920 13925 13918
13925 13920 13926
13926 13927 13925
13927 13926 13928
13929 13925 13927
13927 13930 13929
13930 13927 13931
13932 13931 13927
13932 13927 13928
13925 13929 13933
13933 13918 13925
13918 13933 13916
13934 13933 13929
13933 13934 13935
13935 13916 13933
13916 13935 13915
13929 13936 13934
13936 13929 13930
13937 13915 13935
13915 13937 13909
13935 13938 13937
13938 13935 13934
13938 13934 13936
13905 13909 13937
13908 13937 13938
13937 13908 13905
13939 13940 13906
13940 13939 13941
13941 13942 13940
13942 13941 13943
13943 13944 13942
13944 13943 13945
13946 13941 13939
13941 13946 13947
13947 13943 13941
13943 13947 13948
13948 13945 13943
13945 13948 13949
13950 13940 13942
13940 13950 13951
13951 13906 13940
13952 13951 13950
13950 13953 13952
13954 13952 13953
13952 13954 13912
13912 13910 13952
13951 13952 13910
13955 13912 13954
13912 13955 13913
13924 13913 13955
13910 13904 13951
13953 13950 13956
13942 13956 13950
13956 13942 13944
13906 13951 13904
13949 13948 13957
13958 13959 13960
13961 13958 13960
13958 13961 13962
13963 13958 13962
13964 13963 13962
13963 13964 13965
13966 13962 13961
13962 13966 13964
13967 13965 13964
13965 13967 13968
13969 13964 13966
13964 13969 13967
13966 13970 13969
13970 13966 13971
13961 13971 13966
13971 13961 13972
13960 13972 13961
13972 13960 13973
13959 13973 13960
13973 13959 13974
13975 13968 13967
13968 13975 13976
13977 13976 13975
13976 13977 13978
13979 13978 13977
13977 13980 13979
13981 13979 13980
13980 13982 13981
13983 13981 13982
13981 13983 13984
13984 13985 13981
13979 13981 13985
13985 13984 13986
13986 13987 13985
13987 13986 13988
13989 13988 13986
13988 13989 13990
13991 13990 13989
13990 13991 13992
13989 13993 13991
13993 13989 13994
13994 13986 13984
13986 13994 13989
13995 13992 13991
13992 13995 13996
13997 13996 13995
13996 13997 13998
13995 13999 13997
13999 13995 14000
13991 14000 13995
14000 13991 13993
14000 14001 13999
14001 14000 14002
13993 14002 14000
14003 13998 13997
13998 14003 14004
14005 13997 13999
13997 14005 14003
14006 13999 14001
13999 14006 14005
14002 13993 14007
13994 14007 13993
14007 13994 14008
13984 14008 13994
14008 13984 13983
14009 14004 14003
14004 14009 14010
14003 14011 14009
14011 14003 14005
14005 14012 14011
14012 14005 14006
13982 13980 14013
14014 14013 13980
14013 14014 14015
13980 13977 14014
13975 14014 13977
14014 13975 14016
14016 14015 14014
14015 14016 14017
13967 14016 13975
14016 13967 13969
13969 14017 14016
14017 13969 13970
13985 14018 13979
14018 13985 13987
13978 13979 14018
14019 14020 14021
14020 14019 14022
14020 14023 14021
14023 14020 14024
14021 14025 14019
14026 14019 14025
14019 14026 14027
14027 14022 14019
14028 14027 14026
14027 14028 14029
14030 14029 14028
14029 14030 14031
14025 14021 14032
14028 14033 14030
14033 14028 14034
14026 14034 14028
14034 14026 14035
14025 14035 14026
14035 14025 14036
14032 14036 14025
14021 14037 14032
14037 14021 14023
14029 14038 14027
14038 14029 14039
14031 14039 14029
14039 14040 14038
14041 14038 14040
14040 14042 14041
14042 14040 14043
14044 14043 14040
14040 14039 14044
14043 14044 14045
14045 14046 14043
14046 14045 14047
14048 14047 14045
14047 14048 14049
14049 14050 14047
14050 14049 14051
14051 14052 14050
14052 14051 14053
14053 14054 14052
14054 14053 14055
14055 14056 14054
14056 14055 14057
14058 14057 14055
14057 14058 14059
14060 14059 14058
14059 14060 14061
14062 14054 14056
14054 14062 14063
14063 14052 14054
14064 14063 14062
14063 14064 14065
14066 14065 14064
14065 14066 14067
14066 14068 14067
14068 14066 14069
14058 14070 14060
14070 14058 14071
14055 14071 14058
14071 14055 14053
14065 14072 14063
14052 14063 14072
14072 14065 14073
14074 14065 14067
14065 14074 14073
14075 14067 14068
14067 14075 14074
14073 14076 14072
14076 14073 14077
14074 14077 14073
14077 14074 14078
14079 14074 14075
14074 14079 14078
14072 14050 14052
14050 14072 14076
14071 14080 14070
14080 14081 14070
14081 14080 14082
14080 14083 14082
14083 14080 14084
14085 14084 14080
14080 14071 14085
14053 14085 14071
14085 14053 14051
14084 14085 14086
14051 14086 14085
14086 14051 14049
14076 14047 14050
14078 14087 14077
14046 14077 14087
14047 14076 14046
14077 14046 14076
14086 14088 14084
14088 14086 14089
14049 14089 14086
14089 14049 14048
14087 14043 14046
14043 14087 14042
14090 14042 14087
14087 14078 14090
14078 14091 14090
14091 14078 14079
14042 14090 14092
14093 14090 14091
14090 14093 14092
14092 14041 14042
14041 14092 14094
14095 14092 14093
14092 14095 14094
14048 14096 14089
14096 14048 14097
14045 14097 14048
14097 14045 14044
14044 14098 14097
14098 14044 14039
14094 14022 14041
14038 14041 14022
14022 14094 14020
14024 14094 14095
14094 14024 14020
14097 14099 14096
14099 14097 14098
14098 14100 14099
14100 14098 14031
14039 14031 14098
14101 14099 14100
14101 14102 14099
14102 14096 14099
14096 14102 14103
14103 14089 14096
14089 14103 14088
14103 14104 14088
14104 14084 14088
14084 14104 14083
14022 14027 14038
14105 14106 14107
14105 14108 14106
14108 14105 14109
14110 14109 14105
14110 14111 14109
14111 14110 14112
14113 14109 14111
14109 14113 14108
14112 14114 14111
14114 14112 14115
14116 14111 14114
14111 14116 14113
14117 14113 14116
14113 14117 14118
14118 14108 14113
14108 14118 14119
14119 14106 14108
14106 14119 14120
14120 14107 14106
14107 14120 14121
14115 14122 14114
14122 14115 14123
14123 14124 14122
14124 14123 14125
14125 14126 14124
14127 14124 14126
14126 14128 14127
14129 14127 14128
14128 14130 14129
14130 14128 14131
14132 14131 14128
14128 14126 14132
14131 14132 14133
14134 14133 14132
14133 14134 14135
14135 14136 14133
14136 14135 14137
14137 14138 14136
14138 14137 14139
14140 14136 14138
14136 14140 14141
14133 14141 14131
14141 14133 14136
14139 14142 14138
14142 14139 14143
14143 14144 14142
14144 14143 14145
14146 14142 14144
14142 14146 14147
14138 14147 14140
14147 14138 14142
14148 14147 14146
14147 14148 14149
14149 14140 14147
14145 14150 14144
14150 14145 14151
14144 14152 14146
14152 14144 14150
14146 14153 14148
14153 14146 14152
14140 14149 14154
14154 14141 14140
14141 14154 14155
14155 14131 14141
14131 14155 14130
14151 14156 14150
14156 14151 14157
14150 14158 14152
14158 14150 14156
14152 14159 14153
14159 14152 14158
14070 14160 14060
14160 14070 14081
14160 14061 14060
14061 14160 14161
14127 14129 14162
14162 14163 14127
14163 14162 14164
14124 14127 14163
14163 14122 14124
14122 14163 14165
14164 14165 14163
14165 14164 14166
14165 14114 14122
14114 14165 14116
14166 14116 14165
14116 14166 14117
14167 14132 14126
14132 14167 14134
14126 14125 14167
14168 14169 14036
14169 14168 14170
14036 14032 14168
14032 14171 14168
14171 14170 14168
14171 14032 14037
14170 14171 14172
14036 14169 14035
14173 14174 14175
14174 14173 14176
14175 14177 14173
14177 14178 14173
14178 14176 14173
14178 14177 14179
14176 14180 14174
14180 14176 14181
14182 14181 14176
14176 14178 14182
14181 14182 14183
14184 14182 14178
14182 14184 14185
14185 14183 14182
14183 14185 14186
14187 14186 14185
14186 14187 14188
14181 14189 14180
14189 14181 14190
14183 14190 14181
14190 14191 14189
14191 14190 14192
14192 14193 14191
14193 14192 14194
14194 14195 14193
14195 14194 14196
14197 14196 14194
14196 14197 14198
14198 14199 14196
14199 14198 14200
14200 14201 14199
14201 14200 14202
14203 14202 14200
14202 14203 14204
14205 14204 14203
14204 14205 14206
14204 14207 14202
14207 14204 14208
14206 14208 14204
14208 14209 14207
14210 14207 14209
14207 14210 14211
14211 14202 14207
14202 14211 14201
14212 14201 14211
14201 14212 14213
14213 14199 14201
14209 14214 14210
14214 14209 14215
14216 14210 14214
14210 14216 14217
14217 14211 14210
14211 14217 14212
14209 14208 14218
14218 14215 14209
14219 14218 14208
14208 14206 14219
14218 14219 14220
14221 14218 14220
14218 14221 14222
14215 14218 14222
14199 14213 14223
14223 14196 14199
14196 14223 14195
14224 14179 14225
14225 14226 14224
14226 14225 14227
14226 14184 14224
14184 14226 14228
14228 14185 14184
14185 14228 14187
14178 14224 14184
14224 14178 14179
14229 14197 14230
14197 14229 14231
14231 14198 14197
14198 14231 14232
14231 14233 14232
14233 14203 14232
14203 14233 14205
14233 14231 14234
14229 14234 14231
14232 14200 14198
14200 14232 14203
14194 14230 14197
14230 14194 14192
14234 14229 14235
14192 14236 14230
14236 14192 14190
14237 14230 14236
14230 14237 14229
14238 14229 14237
14229 14238 14235
14190 14183 14236
14236 14186 14237
14186 14236 14183
14237 14188 14238
14188 14237 14186
14239 14240 14241
14240 14239 14242
14242 14239 14243
14244 14243 14239
14241 14244 14239
14243 14244 14245
14246 14241 14240
14241 14246 14247
14247 14248 14241
14244 14241 14248
14248 14247 14249
14248 14250 14244
14250 14248 14251
14249 14251 14248
14251 14249 14252
14252 14253 14251
14253 14252 14254
14255 14247 14246
14247 14255 14256
14256 14249 14247
14257 14256 14255
14256 14257 14258
14259 14258 14257
14258 14259 14260
14261 14260 14259
14260 14261 14262
14262 14263 14260
14263 14262 14264
14265 14264 14262
14264 14265 14266
14267 14266 14265
14266 14267 14268
14268 14269 14266
14269 14268 14270
14270 14271 14269
14271 14270 14272
14273 14270 14268
14270 14273 14274
14274 14272 14270
14275 14274 14273
14273 14276 14275
14276 14273 14277
14277 14268 14267
14268 14277 14273
14267 14278 14277
14278 14267 14279
14265 14279 14267
14280 14275 14276
14275 14280 14281
14276 14282 14280
14282 14276 14283
14283 14277 14278
14277 14283 14276
14274 14275 14284
14281 14284 14275
14284 14285 14274
14272 14274 14285
14285 14284 14286
14284 14287 14286
14287 14284 14288
14284 14281 14288
14279 14265 14289
14262 14289 14265
14289 14262 14261
14290 14291 14245
14292 14291 14290
14291 14292 14293
14250 14292 14290
14292 14250 14294
14251 14294 14250
14294 14251 14253
14290 14244 14250
14244 14290 14245
14263 14295 14296
14295 14263 14297
14264 14297 14263
14297 14264 14298
14299 14297 14298
14269 14299 14298
14299 14269 14271
14297 14299 14300
14300 14295 14297
14298 14266 14269
14266 14298 14264
14296 14260 14263
14260 14296 14258
14295 14300 14301
14302 14258 14296
14258 14302 14256
14303 14296 14295
14296 14303 14302
14304 14295 14301
14295 14304 14303
14249 14256 14302
14252 14302 14303
14302 14252 14249
14254 14303 14304
14303 14254 14252
14305 14306 14307
14306 14305 14308
14309 14307 14306
14307 14309 14310
14306 14311 14309
14311 14306 14312
14308 14312 14306
14312 14313 14311
14313 14312 14314
14315 14310 14309
14310 14315 14316
14317 14309 14311
14309 14317 14315
14318 14311 14313
14311 14318 14317
14319 14316 14315
14316 14319 14320
14321 14315 14317
14315 14321 14319
14322 14317 14318
14317 14322 14321
14323 14320 14319
14320 14323 14324
14325 14319 14321
14319 14325 14323
14326 14321 14322
14321 14326 14325
14327 14313 14314
14313 14327 14328
14329 14313 14328
14313 14329 14318
14330 14318 14329
14318 14330 14322
14331 14322 14330
14322 14331 14326
14332 14324 14323
14324 14332 14333
14334 14333 14332
14333 14334 14335
14336 14335 14334
14334 14337 14336
14337 14334 14338
14332 14338 14334
14338 14339 14337
14339 14338 14340
14341 14340 14338
14338 14332 14341
14340 14341 14342
14343 14336 14337
14336 14343 14344
14345 14344 14343
14344 14345 14346
14346 14347 14344
14347 14346 14348
14343 14349 14345
14349 14343 14350
14337 14350 14343
14350 14337 14339
14350 14351 14349
14351 14350 14352
14339 14352 14350
14353 14348 14346
14348 14353 14354
14355 14354 14353
14354 14355 14356
14357 14356 14355
14356 14357 14358
14355 14359 14357
14359 14355 14360
14353 14360 14355
14360 14361 14359
14361 14360 14362
14362 14363 14361
14363 14362 14364
14365 14358 14357
14358 14365 14366
14367 14366 14365
14365 14368 14367
14368 14365 14369
14357 14369 14365
14369 14357 14359
14369 14370 14368
14370 14369 14371
14359 14371 14369
14371 14359 14361
14371 14372 14370
14373 14370 14372
14370 14373 14374
14374 14368 14370
14372 14371 14375
14361 14375 14371
14375 14361 14363
14366 14367 14376
14377 14364 14362
14362 14378 14377
14364 14377 14379
14345 14377 14378
14378 14346 14345
14346 14378 14353
14360 14353 14378
14378 14362 14360
14377 14345 14349
14349 14379 14377
14379 14349 14351
14380 14376 14367
14376 14380 14381
14367 14382 14380
14382 14367 14368
14368 14374 14382
14308 14383 14384
14385 14308 14384
14312 14308 14385
14314 14312 14385
14308 14305 14383
14383 14305 14386
14387 14344 14347
14344 14387 14336
14335 14336 14387
14352 14339 14388
14340 14388 14339
14388 14340 14389
14342 14389 14340
14389 14342 14390
14326 14390 14342
14342 14325 14326
14325 14342 14341
14341 14323 14325
14323 14341 14332
14390 14326 14331
14391 14392 14393
14392 14391 14394
14393 14395 14391
14395 14393 14396
14397 14391 14395
14391 14397 14398
14398 14394 14391
14399 14398 14397
14398 14399 14400
14396 14401 14395
14401 14396 14402
14403 14395 14401
14395 14403 14397
14404 14397 14403
14397 14404 14399
14402 14405 14401
14405 14402 14406
14407 14401 14405
14401 14407 14403
14408 14403 14407
14403 14408 14404
14406 14409 14405
14409 14406 14410
14411 14405 14409
14405 14411 14407
14412 14407 14411
14407 14412 14408
14399 14413 14400
14413 14399 14414
14415 14399 14404
14399 14415 14414
14416 14404 14408
14404 14416 14415
14417 14408 14412
14408 14417 14416
14410 14418 14409
14418 14410 14419
14419 14420 14418
14420 14419 14421
14421 14422 14420
14423 14420 14422
14420 14423 14424
14424 14418 14420
14425 14424 14423
14424 14425 14426
14426 14427 14424
14418 14424 14427
14427 14426 14428
14422 14429 14423
14429 14422 14430
14430 14431 14429
14431 14430 14432
14433 14432 14430
14432 14433 14434
14435 14429 14431
14429 14435 14436
14423 14436 14425
14436 14423 14429
14437 14436 14435
14436 14437 14438
14438 14425 14436
14434 14439 14432
14439 14434 14440
14440 14441 14439
14441 14440 14442
14442 14443 14441
14443 14442 14444
14445 14441 14443
14441 14445 14446
14446 14439 14441
14447 14446 14445
14446 14447 14448
14449 14448 14447
14448 14449 14450
14444 14451 14443
14451 14444 14452
14452 14453 14451
14454 14451 14453
14451 14454 14455
14455 14443 14451
14443 14455 14445
14456 14455 14454
14455 14456 14457
14457 14445 14455
14445 14457 14447
14458 14457 14456
14456 14459 14458
14459 14456 14460
14454 14460 14456
14457 14458 14461
14461 14447 14457
14447 14461 14449
14453 14452 14462
14450 14463 14448
14464 14448 14463
14448 14464 14446
14439 14446 14464
14464 14432 14439
14432 14464 14431
14463 14431 14464
14431 14463 14435
14465 14435 14463
14463 14450 14465
14435 14465 14437
14462 14466 14453
14466 14462 14467
14468 14453 14466
14453 14468 14454
14460 14454 14468
14392 14469 14470
14394 14469 14392
14394 14471 14469
14472 14471 14394
14394 14398 14472
14400 14472 14398
14473 14430 14422
14430 14473 14433
14422 14421 14473
14425 14438 14474
14474 14426 14425
14426 14474 14475
14475 14428 14426
14428 14475 14476
14476 14412 14428
14411 14428 14412
14428 14411 14427
14409 14427 14411
14427 14409 14418
14412 14476 14417
14477 14478 14479
14477 14479 14480
14481 14477 14480
14481 14480 14482
14482 14483 14481
14483 14482 14484
14484 14485 14483
14486 14485 14484
14487 14488 14489
14487 14490 14488
14491 14490 14487
14491 14492 14490
14493 14492 14491
14493 14494 14492
14495 14494 14493
14495 14496 14494
14497 14498 14499
14497 14500 14498
14501 14500 14497
14501 14502 14500
14503 14502 14501
14503 14504 14502
14505 14504 14503
14505 14506 14504
14507 14508 14509
14507 14509 14510
14511 14507 14510
14511 14510 14512
14513 14511 14512
14513 14512 14514
14515 14513 14514
14515 14514 14516
14517 14518 14519
14520 14517 14519
14517 14520 14521
14522 14521 14520
14521 14522 14523
14523 14522 14524
14525 14523 14524
14525 14524 14526
14527 14525 14526
14527 14526 14528
14529 14527 14528
14528 14530 14529
14530 14528 14531
14531 14532 14530
14533 14534 14535
14534 14533 14536
14536 14537 14534
14538 14537 14536
14537 14538 14539
14535 14540 14533
14540 14535 14541
14541 14542 14540
14543 14542 14541
14542 14543 14544
14544 14543 14545
14546 14539 14538
14539 14546 14547
14548 14549 14550
14548 14551 14549
14552 14551 14548
14548 14553 14552
14552 14553 14554
14555 14548 14550
14555 14550 14556
14555 14556 14557
14557 14558 14555
14559 14558 14557
14552 14554 14560
14554 14561 14560
14557 14562 14559
14562 14563 14559
14559 14563 14564
14559 14564 14565
14565 14566 14559
14565 14567 14566
14566 14567 14568
14567 14569 14568
14567 14570 14569
14570 14571 14569
14569 14571 14572
14571 14573 14572
14572 14573 14574
14574 14573 14575
14576 14575 14573
14574 14575 14577
14554 14578 14579
14579 14561 14554
14579 14578 14580
14580 14581 14579
14580 14582 14581
14583 14582 14580
14583 14580 14584
14583 14584 14585
14585 14586 14583
14585 14587 14586
14585 14588 14587
14589 14588 14585
14589 14590 14588
14589 14591 14590
14591 14589 14592
14591 14592 14593
14593 14594 14591
14594 14593 14595
14593 14596 14595
14597 14596 14593
14593 14598 14597
14597 14598 14599
14598 14600 14599
14599 14600 14601
14599 14601 14602
14602 14601 14603
14601 14604 14603
14603 14604 14605
14604 14606 14605
14606 14607 14605
14608 14605 14607
14606 14609 14607
14610 14611 14612
14610 14612 14613
14610 14613 14614
14614 14615 14610
14614 14616 14615
14617 14611 14610
14617 14618 14611
14617 14619 14618
14619 14617 14620
14619 14620 14621
14614 14622 14616
14616 14622 14623
14621 14624 14619
14624 14621 14625
14621 14626 14625
14627 14626 14621
14621 14628 14627
14627 14628 14629
14628 14630 14629
14629 14630 14631
14629 14631 14632
14632 14631 14633
14631 14634 14633
14633 14634 14635
14634 14636 14635
14636 14637 14635
14638 14635 14637
14636 14639 14637
14640 14641 14616
14616 14623 14640
14642 14641 14640
14640 14643 14642
14642 14643 14644
14645 14642 14644
14645 14646 14642
14647 14646 14645
14645 14648 14647
14647 14648 14649
14647 14649 14650
14651 14647 14650
14651 14650 14652
14651 14652 14653
14653 14654 14651
14655 14654 14653
14653 14656 14655
14656 14657 14655
14655 14657 14658
14655 14658 14659
14659 14660 14655
14659 14661 14660
14660 14661 14662
14661 14663 14662
14661 14664 14663
14664 14665 14663
14663 14665 14666
14665 14667 14666
14666 14667 14668
14668 14667 14669
14670 14669 14667
14668 14669 14671
