byte offset: 0
first index: 0
index count: 17769
topology: trianglelist
format: DXGI_FORMAT_R16_UINT

0 1 2
1 0 3
4 5 6
5 4 7
8 9 10
9 8 11
12 13 14
13 12 15
16 17 18
17 16 19
20 21 22
21 20 23
24 25 26
27 25 24
28 25 27
29 25 28
30 25 29
31 25 30
32 25 31
33 25 32
34 25 33
35 25 34
36 25 35
37 25 36
38 25 37
39 25 38
40 25 39
41 25 40
42 25 41
43 25 42
44 25 43
26 25 44
45 46 47
46 48 47
46 49 48
46 50 49
46 51 50
46 52 51
46 53 52
46 54 53
46 55 54
46 56 55
46 57 56
46 58 57
46 59 58
46 60 59
46 61 60
46 62 61
46 63 62
46 45 63
64 65 66
65 64 67
68 66 65
66 68 69
70 69 68
65 70 68
69 70 71
72 71 70
71 72 73
74 70 65
70 74 75
69 76 66
76 64 66
76 69 77
71 77 69
64 76 78
73 79 71
77 71 79
79 73 80
77 81 76
81 77 82
79 82 77
82 83 81
82 79 83
83 84 81
84 83 85
86 76 81
76 86 78
79 87 83
87 79 80
88 89 90
89 88 91
90 92 88
92 90 93
94 92 93
92 94 95
96 95 94
95 96 97
98 97 96
97 98 99
91 100 89
100 91 101
102 94 93
94 102 103
102 104 103
104 102 105
105 106 104
107 106 105
102 107 105
108 106 107
104 106 109
109 103 104
109 106 110
111 106 108
107 102 112
112 108 107
108 112 113
113 111 108
111 113 114
113 100 114
110 115 109
103 109 115
115 110 116
115 94 103
94 115 96
116 96 115
96 116 98
90 113 112
113 90 89
100 113 89
112 93 90
93 112 102
117 118 119
120 118 117
121 118 120
122 118 121
123 118 122
119 118 123
124 125 126
127 125 124
128 125 127
129 125 128
130 125 129
131 125 130
132 125 131
133 125 132
134 125 133
126 125 135
136 137 138
137 136 139
140 137 139
137 140 141
142 141 140
141 142 143
144 136 138
136 144 145
145 144 146
144 138 146
138 147 146
148 146 147
147 149 148
149 147 150
150 151 149
151 150 152
152 153 151
153 154 155
154 156 155
157 154 158
159 157 158
158 160 159
161 162 163
162 161 164
161 165 164
166 167 165
168 166 169
168 169 142
170 171 172
171 170 173
174 173 170
173 174 175
175 176 173
176 175 177
175 178 177
178 175 179
174 179 175
179 180 178
180 179 181
179 174 182
183 177 178
177 183 184
184 176 177
185 184 183
186 185 183
186 178 180
178 186 183
185 186 187
188 187 186
187 188 189
184 185 190
190 191 184
176 184 191
191 190 192
193 191 192
191 193 194
194 176 191
176 194 195
186 196 188
196 186 180
195 173 176
173 195 171
180 197 196
181 197 180
198 197 181
198 181 199
199 181 179
199 179 182
200 201 202
203 202 201
200 202 204
200 204 205
200 205 206
202 203 207
204 202 207
204 207 208
209 208 207
203 209 207
208 209 210
209 203 211
212 211 203
203 201 212
211 212 213
204 214 205
210 214 208
204 208 214
205 214 215
205 215 206
206 215 216
215 217 216
217 215 218
215 219 218
219 215 214
214 210 219
220 221 222
220 223 221
221 223 224
222 221 225
225 221 226
221 224 226
227 228 229
228 227 230
231 229 228
229 231 232
231 233 232
233 231 234
235 233 234
233 235 236
235 237 236
237 235 238
238 239 237
239 238 240
241 233 236
233 241 242
236 243 241
243 236 237
239 243 237
243 239 244
232 245 229
245 227 229
227 245 246
247 233 242
245 232 247
233 247 232
248 240 238
238 249 248
249 238 235
234 249 235
249 234 250
231 250 234
250 231 251
228 251 231
251 228 252
228 253 252
253 228 230
254 251 252
251 254 255
252 256 254
256 252 253
249 257 248
257 258 248
240 248 258
258 257 259
260 251 255
251 260 250
261 250 260
257 249 261
250 261 249
262 263 264
263 262 265
266 264 263
264 266 267
268 267 266
267 268 269
268 270 269
270 268 271
271 272 270
272 271 273
273 274 272
274 273 275
265 245 263
245 265 246
263 247 266
247 263 245
266 242 268
242 266 247
242 271 268
271 242 241
241 273 271
273 241 243
243 275 273
275 243 244
276 267 269
267 276 277
278 270 272
270 278 279
269 279 276
279 269 270
280 267 277
267 280 264
281 264 280
264 281 262
272 282 278
282 272 274
283 284 285
286 284 283
287 284 286
288 284 287
289 284 288
285 284 289
290 291 292
291 290 293
294 292 291
292 294 295
294 296 295
296 294 297
298 296 297
296 298 299
298 300 299
300 298 301
301 302 300
302 301 303
304 296 299
296 304 305
299 306 304
306 299 300
302 306 300
306 302 307
295 308 292
308 290 292
290 308 309
310 296 305
308 295 310
296 310 295
311 312 313
312 311 314
315 314 311
314 315 316
315 317 316
317 315 318
313 319 311
319 313 320
311 321 315
321 311 319
321 318 315
319 322 321
322 323 321
318 321 323
323 324 318
324 323 325
323 322 326
326 325 323
322 319 327
320 327 319
325 326 328
328 329 325
329 328 330
331 329 330
329 331 332
318 333 317
324 334 333
334 324 335
335 325 329
325 335 324
332 335 329
336 334 335
335 332 336
334 336 337
333 318 324
330 338 331
338 330 339
330 340 339
340 330 328
328 341 340
341 328 326
326 342 341
342 326 322
327 342 322
342 327 343
344 343 327
327 320 344
343 344 345
346 347 348
347 346 349
350 348 347
348 350 351
350 352 351
352 350 353
353 354 352
354 353 355
355 356 354
356 355 357
357 358 356
358 357 359
348 360 346
360 348 361
351 361 348
361 351 362
352 362 351
362 352 363
352 364 363
364 352 354
354 365 364
365 354 356
356 366 365
366 356 358
367 362 363
362 367 368
369 368 367
368 369 370
367 371 369
371 367 372
363 372 367
372 363 364
372 373 371
373 372 374
366 374 365
364 374 372
374 364 365
374 375 373
375 374 376
374 366 376
377 368 370
368 377 378
379 378 377
378 379 380
378 362 368
362 378 361
380 361 378
361 380 360
381 382 383
384 382 381
385 382 384
386 382 385
387 382 386
383 382 387
388 389 390
388 391 389
391 388 392
393 392 388
394 393 388
388 390 394
393 394 395
394 396 395
392 393 397
391 398 389
398 391 399
399 400 398
400 401 398
401 400 402
403 401 402
401 403 404
403 405 404
405 403 406
400 399 407
408 398 401
404 408 401
409 408 404
405 409 404
409 405 410
410 411 409
411 390 409
411 410 412
400 413 402
413 403 402
413 400 414
407 414 400
403 413 415
415 406 403
406 415 416
414 407 417
418 416 415
416 418 419
415 420 418
420 415 413
414 420 413
420 414 421
414 422 421
422 414 417
412 423 411
411 423 396
423 424 396
424 423 425
425 426 424
426 427 424
395 424 427
396 424 395
428 395 427
395 428 393
428 397 393
397 428 429
427 430 428
430 429 428
430 427 431
427 426 431
426 425 432
429 430 433
411 396 394
411 394 390
390 389 434
389 408 434
389 398 408
409 390 434
434 408 409
435 436 437
438 435 437
435 438 439
439 440 435
440 441 435
435 441 436
441 440 442
441 442 443
440 439 444
445 438 437
438 445 446
447 446 445
448 447 445
447 448 449
450 449 448
449 450 451
452 451 450
451 452 453
446 447 454
455 448 445
450 448 455
456 450 455
456 452 450
452 456 457
458 457 456
458 456 436
457 458 459
460 447 449
451 460 449
447 460 461
461 454 447
460 451 462
453 462 451
462 453 463
454 461 464
463 465 462
465 463 466
467 462 465
462 467 460
467 461 460
461 467 468
468 464 461
464 468 469
459 458 470
458 443 470
471 470 443
470 471 472
473 472 471
471 474 473
474 471 475
442 475 471
443 442 471
442 476 475
476 474 475
476 442 440
444 476 440
476 444 477
474 476 478
477 478 476
472 473 479
478 477 480
458 441 443
458 436 441
436 481 437
437 481 455
437 455 445
456 481 436
481 456 455
482 483 484
483 482 485
486 482 484
482 486 487
482 488 485
488 482 489
487 489 482
489 490 488
490 489 491
491 492 490
492 491 493
491 494 493
494 491 495
489 495 491
495 489 496
489 487 496
497 487 486
487 497 498
498 496 487
497 499 498
499 497 500
499 501 498
501 495 496
496 498 501
501 499 502
502 503 501
495 501 503
503 502 504
505 503 504
503 505 506
506 495 503
495 506 494
500 507 499
507 502 499
507 500 508
504 509 505
509 504 510
511 504 502
504 511 510
502 507 511
508 512 507
512 511 507
512 508 513
511 512 514
514 510 511
510 514 515
515 509 510
509 515 516
513 517 512
517 513 518
518 519 517
519 518 520
521 517 519
517 521 522
522 515 514
522 512 517
512 522 514
521 523 522
523 516 515
515 522 523
523 521 524
524 525 523
516 523 525
525 524 526
520 527 519
527 520 528
528 529 527
529 528 530
531 527 529
527 531 532
532 524 521
532 519 527
519 532 521
531 533 532
533 526 524
524 532 533
533 531 534
534 535 533
526 533 535
535 534 536
537 538 539
538 537 540
540 541 538
541 542 538
542 541 543
543 544 542
545 542 544
542 545 546
546 538 542
538 546 539
544 543 547
541 540 548
547 543 549
549 543 541
549 541 550
550 541 548
551 549 550
549 551 552
550 553 551
553 550 554
550 548 554
555 549 552
549 555 556
556 547 549
557 555 552
555 557 558
559 558 557
558 559 560
561 559 557
553 561 551
561 552 551
552 561 557
559 561 562
561 563 562
563 561 564
561 553 564
563 564 565
553 565 564
566 558 560
566 555 558
560 567 566
567 568 566
555 566 569
566 570 569
570 566 568
565 571 563
565 572 571
565 573 572
573 565 574
565 553 574
575 576 577
576 575 578
578 579 576
580 576 579
576 580 581
582 581 580
581 582 583
584 581 583
581 584 585
585 576 581
576 585 577
579 578 586
582 580 587
588 580 579
580 588 587
588 579 586
588 589 587
589 588 590
591 590 588
588 586 591
590 591 592
589 593 587
593 582 587
593 589 594
595 594 589
594 595 596
597 596 595
596 597 598
599 597 595
592 599 590
599 589 590
589 599 595
597 599 600
601 600 599
599 592 601
600 601 602
603 596 598
603 594 596
598 604 603
604 605 603
594 603 606
603 607 606
607 603 605
602 601 608
601 609 608
610 608 609
608 610 611
609 601 592
608 612 602
608 611 612
613 614 615
613 616 614
617 613 615
618 617 615
619 615 614
619 618 615
618 619 620
621 618 620
618 621 622
623 622 621
622 623 624
625 622 624
625 626 622
617 618 626
626 618 622
625 627 626
627 625 628
628 625 629
625 624 629
630 624 623
624 630 631
624 631 629
631 632 629
633 629 632
629 633 634
634 628 629
635 633 632
636 634 633
634 636 637
638 634 637
639 636 633
635 639 633
635 640 639
641 639 640
636 639 642
643 642 639
641 643 639
642 643 644
644 645 642
645 644 646
646 647 645
648 645 647
645 648 649
649 642 645
642 649 636
649 637 636
648 650 649
637 649 650
650 648 651
651 652 650
652 651 653
647 646 654
655 650 652
650 655 637
653 656 652
656 653 657
652 658 655
658 652 656
638 655 658
655 638 637
659 657 653
657 659 660
653 661 659
661 653 651
651 662 661
662 651 648
647 662 648
662 647 663
654 663 647
663 654 664
657 665 656
658 656 665
658 665 666
667 666 665
665 668 667
668 665 669
665 657 669
660 669 657
670 667 668
671 670 668
671 668 672
669 672 668
669 660 672
671 672 673
671 673 674
674 675 671
675 670 671
675 674 676
676 677 675
677 676 678
679 676 674
676 679 680
680 678 676
681 680 679
680 681 682
683 682 681
682 683 684
681 685 683
685 681 686
679 686 681
687 685 686
685 687 688
686 679 689
674 689 679
690 686 689
686 690 687
691 675 677
675 691 670
690 689 692
693 685 688
685 693 694
694 683 685
683 694 695
683 696 684
696 683 695
697 696 695
694 697 695
696 697 698
697 699 698
699 697 700
701 700 697
697 694 701
700 701 702
703 700 702
699 700 703
699 703 704
703 705 704
705 703 706
703 702 707
703 708 706
703 707 708
707 702 709
702 701 709
708 710 706
705 706 710
711 705 710
712 711 710
711 712 713
714 713 712
713 714 715
713 715 716
716 711 713
712 717 714
717 712 718
710 718 712
718 719 717
717 719 720
721 717 720
719 718 722
723 719 722
719 723 724
724 725 719
719 725 720
725 724 726
727 722 718
718 710 727
710 708 727
708 728 727
722 727 728
728 723 722
728 708 729
730 728 729
728 730 731
723 728 731
732 721 720
733 732 720
733 720 725
733 734 732
732 735 721
735 732 736
736 732 734
737 735 736
738 735 737
735 738 714
735 714 717
735 717 721
738 715 714
715 738 739
740 715 739
739 741 740
741 739 742
715 740 716
716 740 743
743 740 744
741 744 740
716 743 745
746 743 744
743 746 745
747 741 742
748 747 742
748 742 749
750 749 742
742 751 750
751 742 752
749 750 753
741 747 754
755 741 754
741 755 744
748 756 747
756 748 757
757 758 756
758 759 756
747 759 754
759 747 756
759 755 754
759 758 760
755 759 760
761 748 749
753 761 749
762 751 752
763 762 752
763 764 762
736 764 763
762 764 765
766 751 762
766 762 765
765 764 767
764 768 767
767 768 769
768 770 769
770 768 771
768 764 771
736 771 764
737 736 763
772 766 765
772 765 767
771 736 734
733 773 734
773 733 774
774 733 725
726 774 725
726 775 774
641 775 726
641 776 775
777 776 641
643 641 726
724 643 726
724 644 643
644 724 723
731 644 723
644 731 646
731 654 646
654 731 730
730 664 654
664 730 778
729 778 730
778 729 707
708 707 729
778 779 664
779 778 709
778 707 709
693 664 779
779 694 693
694 779 701
701 779 709
664 693 663
688 663 693
663 688 662
688 661 662
661 688 687
687 659 661
659 687 690
690 660 659
660 690 692
660 692 672
692 673 672
692 689 673
689 674 673
780 781 782
783 782 781
784 780 782
784 785 780
785 786 780
787 783 781
787 781 788
789 787 788
789 788 790
784 791 785
791 784 792
792 784 782
792 793 791
793 792 794
795 794 792
794 795 796
792 797 795
796 798 794
798 796 799
794 800 793
800 794 798
801 787 789
802 800 798
799 802 798
800 802 803
802 799 804
805 803 802
803 805 806
802 807 805
807 802 804
808 806 805
806 808 809
810 809 808
809 810 811
812 811 810
811 812 813
812 814 813
814 812 815
812 816 815
816 812 817
810 817 812
817 818 816
818 817 819
820 819 817
817 810 820
819 820 821
822 816 818
816 822 823
823 815 816
815 823 824
815 825 814
825 815 824
826 824 823
824 826 827
828 827 826
826 829 828
829 826 830
823 830 826
830 823 822
831 828 829
828 831 832
827 828 833
834 827 833
827 834 835
824 835 825
835 824 827
836 832 831
832 836 837
838 832 837
832 838 839
828 839 833
839 828 832
840 837 836
837 840 841
833 842 834
842 833 843
843 844 842
844 843 845
846 844 845
844 846 847
846 848 847
848 846 849
849 850 848
851 841 840
841 851 852
853 852 851
852 853 854
855 852 854
852 855 856
856 841 852
841 856 857
854 858 855
858 854 859
854 860 859
860 854 853
859 861 858
860 861 859
837 857 838
857 837 841
862 863 864
865 862 864
865 864 866
867 862 865
863 862 868
862 869 868
862 616 869
867 616 862
616 870 869
871 869 870
872 871 870
869 871 873
869 873 868
872 874 871
874 872 875
871 874 876
871 876 873
873 876 877
666 874 875
874 666 878
878 876 874
876 878 879
879 880 876
880 877 876
670 880 879
670 879 878
667 670 878
667 878 666
880 670 691
873 877 881
882 875 872
882 872 883
872 884 883
617 883 884
617 884 613
613 884 870
884 872 870
882 883 627
626 627 883
617 626 883
885 882 627
885 886 882
886 885 638
638 885 634
875 882 886
886 666 875
666 886 658
638 658 886
885 627 628
634 885 628
616 613 870
616 867 614
887 888 889
887 890 888
890 891 888
775 890 887
775 887 892
892 887 889
893 891 890
894 891 893
893 895 894
895 893 896
896 897 895
897 896 898
899 897 898
632 899 898
635 898 896
635 632 898
777 635 896
777 893 890
893 777 896
891 894 900
891 900 901
774 775 892
773 774 892
902 773 892
902 903 773
902 904 903
904 902 905
906 905 902
907 903 904
903 907 908
909 904 905
909 907 904
906 910 905
906 911 910
911 906 912
913 905 910
905 913 909
910 914 913
914 910 911
914 915 913
915 914 916
916 917 915
917 916 918
917 918 919
915 920 913
917 920 915
920 909 913
920 917 921
921 917 919
922 907 909
907 922 923
924 923 922
923 924 925
926 925 924
925 926 927
928 927 926
927 928 929
928 930 929
930 928 931
931 932 930
932 931 933
933 934 932
934 933 935
925 936 923
936 925 937
925 938 937
938 925 927
927 939 938
939 927 929
929 940 939
940 929 930
930 941 940
941 930 932
932 942 941
942 932 934
935 943 934
943 935 944
934 945 942
945 934 943
944 946 943
946 944 947
943 948 945
948 943 946
949 948 946
949 946 947
908 923 936
923 908 907
950 951 952
952 953 950
953 952 954
953 955 950
953 956 955
954 956 953
954 952 957
954 957 958
959 957 952
951 959 952
957 959 960
960 961 957
951 962 959
960 959 962
963 960 962
960 963 961
963 964 961
962 951 965
966 965 951
965 966 967
968 967 966
969 968 966
969 966 950
955 969 950
967 968 970
961 964 971
957 972 958
966 951 950
961 972 957
970 973 967
973 970 678
678 680 973
682 973 680
973 682 974
974 967 973
967 974 965
684 974 682
974 684 975
696 975 684
975 696 976
698 976 696
976 698 977
698 978 977
971 977 978
978 698 699
704 978 699
975 965 974
965 975 962
976 962 975
962 976 963
976 964 963
964 976 977
977 971 964
978 704 979
979 704 980
704 981 980
981 704 705
705 982 981
982 705 711
716 982 711
983 978 979
980 983 979
983 971 978
716 984 982
983 980 985
981 985 980
986 983 985
985 981 987
982 987 981
982 984 987
988 985 987
984 988 987
985 988 989
986 985 989
990 986 989
986 990 991
992 991 990
990 993 992
993 990 994
994 989 988
989 994 990
994 995 993
995 994 996
988 996 994
996 988 997
988 984 997
991 992 998
991 999 986
991 1000 999
983 986 999
961 999 1000
991 998 1001
1001 972 961
1002 998 992
998 1002 1003
1004 1003 1002
1002 1005 1004
1005 1006 1004
1005 1007 1006
1005 1002 1008
1005 1009 1007
1008 1009 1005
1009 1008 1010
1003 1004 1011
1011 1004 1012
1004 1006 1012
1012 1013 1011
1013 1012 1014
1015 1012 1006
1015 1006 1007
1015 1007 1016
1016 1017 1015
1017 1018 1015
1019 1018 1017
1020 1011 1013
1011 1020 1003
1021 1007 1009
1016 1007 1021
1019 1022 1018
1019 1023 1022
1023 1019 1024
1025 1022 1023
1022 1026 1018
1026 1022 1027
1027 1028 1026
1028 1014 1026
1028 1027 954
958 1028 954
1028 958 1029
958 972 1029
1020 1029 972
1022 1030 1027
1025 1030 1022
1025 1031 1030
1031 1025 1032
1027 956 954
1033 956 1027
1030 1033 1027
1030 1031 1033
1034 956 1033
1031 1034 1033
1024 1035 1023
1035 1036 1023
1032 1036 1037
1036 1032 1025
1036 1025 1023
1037 1038 1032
1031 1032 1038
1038 1037 1039
1040 1031 1038
1040 1034 1031
1034 955 956
955 1034 1041
1040 1041 1034
1041 969 955
969 1041 1042
1043 969 1042
1044 1043 1042
1043 1044 1045
1043 1045 1046
1042 1041 1047
1042 1047 1044
1041 1040 1047
968 969 1043
1046 968 1043
968 1046 970
1046 1048 970
1045 1048 1046
1048 1049 970
970 1049 678
1049 1050 678
1049 1048 1051
1052 1049 1051
1049 1052 1050
1051 1048 1053
1053 1048 1045
1054 1051 1053
1052 1055 1050
1055 1052 1051
1055 1051 1056
1056 1051 1054
1056 1054 1057
1055 1056 1058
1054 1059 1057
1060 1059 1054
1053 1060 1054
1053 1061 1060
1061 1062 1060
1059 1063 1057
1057 1063 1064
1064 1065 1057
1065 1056 1057
1056 1065 1058
1066 1058 1065
1059 1067 1063
1067 1059 1060
1067 1060 1062
1063 1068 1064
1064 1068 1069
1069 1070 1064
1070 1066 1065
1070 1065 1064
1066 1070 1071
1072 1068 1063
1067 1072 1063
1068 1072 1073
1074 1068 1073
1068 1074 1075
1068 1075 1069
1076 1069 1075
1074 1076 1075
1069 1076 1077
1078 1069 1077
1070 1078 1071
1078 1070 1069
1076 1074 1079
1071 1078 1080
1071 1080 1081
1071 1081 1082
1082 1081 881
1082 881 877
1082 1066 1071
1082 1083 1066
1083 1082 877
880 1083 877
1058 1066 1083
1058 1083 1084
1083 880 1084
880 691 1084
677 1084 691
1084 677 1050
1055 1058 1084
1055 1084 1050
1050 677 678
1079 1085 1086
1087 1086 1085
1086 1087 1088
1087 1089 1088
1090 1089 1087
1091 1090 1087
1085 1091 1087
1092 1090 1091
1092 1093 1090
1094 1093 1092
1095 1094 1092
1039 1094 1095
1039 1095 1096
1039 1096 1038
1096 1097 1038
1095 1092 1098
1098 1092 1099
1092 1091 1099
1095 1100 1096
1100 1095 1098
1096 1100 1097
1040 1038 1097
1073 1098 1099
1099 1074 1073
1074 1099 1085
1091 1085 1099
1085 1079 1074
1098 1073 1072
1100 1098 1072
1047 1040 1097
1047 1097 1062
1100 1062 1097
1061 1047 1062
1100 1067 1062
1067 1100 1072
1047 1061 1044
1061 1045 1044
1045 1061 1053
889 1101 912
906 889 912
889 888 1101
892 889 906
902 892 906
1101 888 901
888 891 901
1102 1103 1104
1103 1102 1105
1106 1104 1103
1104 1106 1107
1104 1108 1102
1108 1104 1109
1107 1109 1104
1109 1107 1110
1109 1111 1108
1111 1109 1112
1110 1112 1109
1112 1113 1111
1113 1112 1114
1115 1114 1112
1112 1110 1115
1114 1115 1116
1114 1117 1113
1116 1117 1114
630 1118 631
631 1118 899
631 899 632
903 734 773
777 641 640
635 777 640
777 890 776
776 890 775
1119 1120 1121
1122 1120 1119
1123 1120 1122
1120 1123 1124
1120 1124 1125
1120 1125 1121
1122 1126 1123
1126 1122 1127
1127 1128 1126
1128 1127 1129
1127 1122 1130
1130 1122 1131
1122 1119 1131
1124 1132 1125
1133 1124 1123
1124 1133 1134
1134 1132 1124
1133 1135 1134
1135 1136 1134
1132 1134 1136
1136 1135 1137
1135 1138 1137
1138 1135 1139
1135 1133 1140
1140 1139 1135
1141 1140 1133
1140 1141 1142
1142 1143 1140
1139 1140 1143
1143 1142 1144
1144 1145 1143
1143 1145 1139
1145 1146 1139
1145 1144 1147
1147 1148 1145
1148 1147 1149
1150 1149 1147
1149 1150 1151
1149 1152 1148
1152 1149 1153
1154 1148 1152
1148 1154 1155
1156 1148 1155
1156 1146 1145
1156 1145 1148
1157 1146 1156
1146 1157 1158
1146 1158 1159
1151 1160 1149
1160 1151 1161
1147 1162 1150
1162 1147 1144
1142 1162 1144
1162 1142 1163
1163 1164 1162
1164 1163 1165
1166 1165 1163
1165 1166 1167
1165 1167 1168
1163 1141 1166
1141 1163 1142
1169 1162 1164
1164 1170 1169
1170 1164 1171
1165 1171 1164
1171 1165 1168
1169 1170 1172
1162 1169 1150
1150 1169 1173
1173 1169 1172
1168 1174 1171
1174 1168 1175
1176 1175 1168
1167 1176 1168
1175 1176 1177
1170 1178 1172
1179 1178 1170
1171 1179 1170
1179 1171 1174
1178 1179 1180
1180 1181 1178
1181 1180 1182
1182 1183 1181
1184 1181 1183
1181 1184 1185
1178 1185 1172
1185 1178 1181
1185 1186 1172
1186 1173 1172
1187 1183 1182
1151 1150 1173
1151 1173 1188
1188 1189 1151
1189 1188 1190
1190 1191 1189
1191 1190 1192
1193 1194 1195
1195 1194 1196
1196 1194 1197
1176 1193 1195
1193 1129 1194
1194 1129 1197
1198 1197 1129
1129 1193 1128
1167 1128 1193
1176 1167 1193
1128 1167 1166
1166 1126 1128
1126 1166 1141
1141 1123 1126
1123 1141 1133
1176 1195 1177
1127 1198 1129
1127 1199 1198
1199 1127 1130
1200 1201 1202
1201 1200 1203
1204 1201 1203
1204 1203 1158
1157 1204 1158
1205 1204 1157
1205 1157 1156
1205 1206 1204
1206 1205 1207
1207 1208 1206
1208 1207 1209
1209 1210 1208
1161 1211 1160
1211 1161 1212
1152 1213 1154
1213 1152 1214
1153 1214 1152
1214 1153 1215
1139 1159 1138
1159 1139 1146
807 1216 1217
821 1217 1216
1217 821 820
820 1218 1217
1218 807 1217
1218 820 810
810 808 1218
1218 805 807
805 1218 808
1219 1220 1221
1220 1219 1222
1219 1223 1222
1224 1219 1221
1224 1225 1219
1225 1224 1226
1227 1226 1224
1227 1224 1221
1226 1227 1228
1229 1221 1220
1221 1229 1230
1230 783 1221
783 1230 782
1231 1221 783
1227 1221 1231
1220 1232 1229
1232 1220 1222
1233 1225 1226
1228 1233 1226
1225 1233 1234
1233 1228 1235
1236 1235 1228
1236 1228 1227
1235 1236 1237
1238 1237 1236
1236 1227 1239
1231 1239 1227
1240 1236 1239
1240 1238 1236
801 1240 1239
1231 801 1239
1231 783 787
801 1231 787
1237 1241 1235
1241 1237 1242
1242 1243 1241
1244 1241 1243
1241 1244 1245
1235 1245 1233
1245 1235 1241
1245 1234 1233
1243 1242 1246
1243 1247 1244
1247 1243 1248
1246 1248 1243
1248 1249 1247
1249 1248 1250
1251 1250 1248
1248 1246 1251
1250 1251 1252
1252 1253 1250
1249 1250 1253
1253 1252 1254
1242 1255 1246
1255 1251 1246
1255 1242 1256
1257 1252 1251
1251 1255 1257
1252 1257 1258
1259 1252 1258
1252 1259 1254
1260 1254 1259
1254 1260 1261
1249 1253 1262
1262 1263 1249
1263 1262 1264
1265 1264 1262
1253 1265 1262
1264 1265 1266
1264 1267 1263
1268 1263 1267
1267 1269 1268
1269 1267 1270
1267 1271 1270
1271 1267 1272
1267 1264 1272
1272 1273 1271
1273 1272 1274
1274 1264 1266
1264 1274 1272
1263 1268 1275
1275 1249 1263
1249 1275 1276
1277 1276 1275
1275 1268 1277
1276 1277 1278
1279 1249 1276
1249 1279 1280
1276 1281 1279
1281 1276 1278
1268 1282 1277
1268 1269 1282
1277 1282 1283
1284 1278 1277
1284 1277 1283
1278 1284 1285
1278 1285 1281
1286 1284 1283
1284 1286 1287
1285 1284 1287
1286 1288 1287
1288 1286 1289
1288 1290 1287
1285 1287 1290
1290 1288 1291
1292 1288 1289
1288 1292 1293
1292 1222 1293
1222 1292 1232
1223 1293 1222
1293 1223 1294
1288 1294 1291
1294 1288 1293
1295 1296 1297
1295 1298 1296
1298 1295 1265
1261 1296 1298
1297 1299 1295
1299 1297 1300
1301 1300 1297
1297 1302 1301
1303 1301 1302
1302 1297 1304
1296 1304 1297
1296 1305 1304
1300 1301 1306
1300 1307 1299
1307 1300 1308
1306 1308 1300
1309 1307 1308
1307 1309 1310
1311 1309 1308
1308 1306 1311
1311 1312 1309
1301 1303 1313
1313 1306 1301
1303 1314 1313
1314 1315 1313
1306 1313 1315
1316 1311 1306
1311 1316 1317
1317 1312 1311
1318 1317 1316
1317 1318 1319
1312 1317 1319
1314 1318 1320
1310 1274 1307
1274 1310 1273
1266 1307 1274
1307 1266 1299
1266 1295 1299
1295 1266 1265
1265 1253 1298
1254 1298 1253
1298 1254 1261
1260 1296 1261
1296 1260 1305
1018 1026 1321
1014 1321 1026
1018 1321 1015
1015 1321 1012
1014 1012 1321
1029 1014 1028
1014 1029 1013
1029 1020 1013
1020 998 1003
998 1020 1322
1001 1020 972
1323 1324 1325
1324 1326 1325
1327 1325 1326
1328 1325 1327
1325 1328 1329
1328 1330 1329
1330 1328 1331
1331 1332 1330
1332 1331 1333
1334 1331 1328
1331 1334 1335
1335 1333 1331
1336 1335 1334
1334 1337 1336
1337 1334 1338
1338 1328 1327
1328 1338 1334
1335 1336 1339
1337 1340 1336
1340 1337 1341
1342 1341 1337
1342 1337 1338
1343 1342 1338
1341 1342 1344
1345 1336 1340
1336 1345 1339
1327 1343 1338
1343 1327 1326
1324 1343 1326
1333 1335 1346
1339 1346 1335
1346 1339 1347
1339 1348 1347
1348 1339 1345
1341 1349 1340
1349 1341 1350
1350 1351 1349
1351 1350 1352
1353 1349 1351
1349 1353 1354
1355 1352 1350
1356 1354 1353
1354 1356 1357
1345 1357 1348
1357 1345 1354
1355 1350 1358
1354 1340 1349
1340 1354 1345
1350 1359 1358
1350 1341 1359
1358 1360 1355
1360 1361 1355
1361 1360 1362
1360 1358 1363
1364 1363 1358
1364 1358 1359
1365 1364 1362
1365 1362 1360
1363 1365 1360
1364 1365 1363
1344 1364 1359
1341 1344 1359
1362 1366 1361
1364 1366 1362
1364 1367 1366
1364 1344 1367
1368 1361 1366
1367 1368 1366
1369 1348 1357
1348 1369 1370
1371 1370 1369
1369 1372 1371
1372 1369 1373
1357 1373 1369
1374 1371 1372
1375 1374 1372
1370 1371 1376
1374 1376 1371
1374 1377 1376
1377 1378 1376
1378 1379 1376
1380 1370 1376
1381 1380 1376
1379 1382 1376
1381 1376 1382
1381 1382 1383
1379 1383 1382
1383 1379 1384
1383 1384 1385
1383 1385 1386
1385 1387 1386
1387 1388 1386
1388 1383 1386
1388 1381 1383
1388 1387 1389
1389 1333 1388
1333 1389 1332
1388 1346 1381
1346 1388 1333
1381 1347 1380
1347 1381 1346
1347 1370 1380
1370 1347 1348
1245 1390 1391
1390 1245 1244
1247 1390 1244
1390 1247 1392
1249 1392 1247
1392 1249 1393
1234 1245 1391
1394 1395 1396
1395 1394 1397
1397 1398 1395
1398 1397 1399
1395 1398 1400
1398 1399 1401
1401 1402 1398
1401 1403 1402
1404 1402 1403
1402 1405 1398
1398 1405 1400
1402 1406 1405
1406 1402 1407
1404 1407 1402
1407 1408 1406
1405 1409 1400
1406 1409 1405
1410 1399 1397
1399 1410 1411
1411 1401 1399
1411 1403 1401
1412 1403 1411
1413 1412 1411
1410 1413 1411
1410 1414 1413
1414 1410 1415
1416 1413 1414
1415 1417 1414
1417 1415 1418
1419 1417 1418
1417 1419 1420
1413 1421 1412
1421 1422 1412
1412 1422 1423
1424 1412 1423
1423 1425 1424
1425 1423 1426
1427 1425 1426
1428 1425 1427
1424 1425 1428
1424 1428 1429
1426 1430 1427
1431 1427 1430
1427 1431 1432
1428 1427 1432
1433 1432 1431
1431 1434 1433
1434 1431 1435
1432 1433 1436
1436 1428 1432
1428 1436 1437
1429 1428 1437
1438 1431 1430
1431 1438 1435
1439 1437 1436
1437 1439 1440
1429 1437 1440
1440 1439 1441
1442 1440 1441
1442 1429 1440
1404 1429 1442
1443 1433 1434
1433 1443 1444
1436 1444 1439
1444 1436 1433
1443 1445 1444
1445 1439 1444
1445 1446 1439
1439 1446 1447
1441 1439 1447
1446 1445 1448
1448 1445 1449
1447 1446 1450
1451 1447 1450
1447 1451 1452
1453 1452 1451
1452 1453 1454
1454 1455 1452
1447 1455 1441
1455 1447 1452
1442 1441 1455
1455 1454 1456
1455 1456 1442
1456 1404 1442
1445 1443 1457
1449 1445 1457
1458 1457 1443
1457 1458 1459
1460 1459 1458
1459 1460 1461
1459 1461 1462
1458 1463 1460
1463 1458 1464
1465 1463 1464
1463 1465 1466
1466 1465 1467
1466 1468 1463
1468 1460 1463
1468 1466 1469
1469 1466 1470
1471 1469 1470
1469 1471 1472
1470 1473 1471
1469 1472 1474
1468 1469 1474
1475 1472 1471
1473 1476 1471
1476 1475 1471
1473 1477 1476
1478 1476 1477
1476 1478 1479
1476 1479 1475
1479 1480 1475
1477 1473 1481
1473 1482 1481
1482 1473 1483
1470 1483 1473
1483 1484 1482
1484 1483 1485
1470 1485 1483
1485 1486 1484
1486 1485 1487
1488 1482 1484
1486 1488 1484
1486 1489 1488
1482 1488 1490
1481 1482 1490
1488 1491 1490
1466 1487 1485
1491 1492 1490
1481 1490 1492
1492 1493 1478
1493 1492 1494
1493 1495 1478
1496 1495 1493
1495 1496 1497
1497 1498 1495
1499 1495 1498
1499 1479 1495
1479 1478 1495
1479 1499 1480
1500 1480 1499
1498 1500 1499
1501 1480 1500
1502 1497 1496
1496 1503 1502
1504 1502 1503
1502 1504 1505
1505 1506 1502
1497 1502 1506
1498 1497 1506
1506 1505 1507
1506 1507 1508
1498 1506 1508
1503 1509 1504
1509 1503 1510
1511 1510 1503
1512 1510 1511
1510 1512 1513
1494 1513 1512
1513 1494 1514
1514 1515 1513
1515 1514 1516
1517 1513 1515
1513 1517 1510
1509 1510 1517
1511 1496 1512
1509 1517 1518
1515 1518 1517
1518 1519 1509
1520 1519 1518
1518 1515 1520
1519 1520 1521
1521 1520 1522
1522 1520 1515
1522 1515 1516
1521 1523 1519
1519 1523 1524
1525 1524 1523
1526 1524 1525
1526 1527 1524
1519 1524 1527
1527 1526 1528
1526 1529 1528
1529 1526 1530
1531 1527 1528
1529 1531 1528
1527 1531 1509
1509 1519 1527
1531 1529 1532
1522 1533 1521
1523 1521 1533
1522 1534 1533
1522 1535 1534
1522 1536 1535
1537 1533 1534
1535 1537 1534
1533 1537 1538
1538 1539 1533
1540 1539 1538
1541 1540 1538
1541 1538 1537
1541 1542 1540
1542 1541 1543
1539 1540 1544
1542 1544 1540
1544 1542 1545
1546 1541 1537
1546 1543 1541
1537 1547 1546
1547 1548 1546
1548 1547 1549
1550 1546 1548
1549 1551 1548
1551 1549 1552
1553 1551 1552
1551 1553 1554
1554 1553 1555
1556 1548 1551
1548 1556 1550
1556 1551 1554
1557 1550 1556
1550 1557 1558
1550 1558 1546
1558 1559 1546
1559 1558 1557
1555 1553 1560
1561 1560 1553
1560 1561 1562
1561 1563 1562
1564 1562 1563
1563 1565 1564
1565 1563 1566
1567 1565 1566
1568 1567 1566
1565 1567 1569
1569 1570 1565
1564 1565 1570
1570 1569 1571
1562 1564 1572
1564 1570 1572
1566 1573 1568
1573 1574 1568
1574 1573 1575
1573 1576 1575
1576 1573 1577
1566 1577 1573
1577 1578 1576
1575 1576 1535
1535 1576 1579
1578 1579 1576
1577 1580 1578
1580 1577 1581
1581 1561 1580
1581 1563 1561
1563 1581 1566
1577 1566 1581
1578 1547 1579
1547 1537 1579
1537 1535 1579
1547 1578 1549
1552 1578 1580
1578 1552 1549
1561 1553 1580
1553 1552 1580
1575 1535 1536
1574 1575 1536
1574 1536 1582
1583 1574 1582
1583 1582 1584
1585 1583 1584
1522 1584 1582
1536 1522 1582
1586 1584 1522
1586 1585 1584
1583 1568 1574
1583 1585 1568
1586 1587 1585
1586 1588 1587
1491 1587 1588
1587 1491 1589
1585 1587 1589
1588 1586 1590
1586 1522 1590
1585 1589 1591
1489 1591 1589
1488 1489 1589
1488 1589 1491
1591 1489 1592
1591 1592 1593
1594 1593 1592
1592 1595 1594
1486 1592 1489
1592 1486 1595
1596 1591 1593
1591 1596 1597
1597 1567 1568
1567 1597 1598
1599 1598 1597
1599 1597 1596
1599 1600 1598
1600 1599 1601
1602 1601 1599
1593 1602 1596
1602 1599 1596
1601 1602 1603
1601 1604 1600
1604 1601 1605
1603 1605 1601
1605 1606 1604
1606 1605 1607
1606 1607 1608
1609 1608 1607
1610 1609 1607
1609 1610 1611
1612 1610 1607
1605 1603 1612
1605 1612 1607
1613 1610 1612
1611 1614 1609
1608 1609 1615
1615 1609 1614
1616 1606 1608
1606 1616 1617
1606 1617 1604
1618 1617 1616
1617 1618 1619
1570 1617 1619
1618 1620 1619
1619 1572 1570
1620 1572 1619
1615 1614 1621
1622 1621 1614
1620 1623 1572
1572 1623 1562
1570 1571 1617
1617 1571 1604
1571 1600 1604
1600 1571 1569
1569 1598 1600
1598 1569 1567
1624 1625 1622
1625 1624 1626
1626 1627 1625
1627 1626 1628
1626 1629 1628
1629 1626 1630
1630 1631 1629
1631 1630 1632
1632 1633 1631
1634 1631 1633
1631 1634 1635
1631 1635 1636
1636 1628 1629
1629 1631 1636
1633 1632 1637
1638 1627 1628
1628 1636 1638
1627 1638 1416
1633 1637 1594
1426 1633 1594
1634 1633 1426
1595 1426 1594
1426 1595 1639
1639 1595 1487
1639 1487 1438
1430 1426 1639
1639 1438 1430
1438 1487 1467
1465 1438 1467
1438 1465 1435
1464 1435 1465
1435 1464 1434
1464 1443 1434
1443 1464 1458
1487 1466 1467
1595 1486 1487
1485 1470 1466
1640 1641 1642
1396 1641 1640
1640 1642 1419
1418 1640 1419
1418 1643 1640
1396 1640 1643
1418 1394 1643
1396 1643 1394
1394 1418 1415
1415 1397 1394
1397 1415 1410
1396 1644 1641
1396 1645 1644
1646 1644 1645
1647 1646 1645
1646 1647 1648
1644 1646 1649
1649 1650 1644
1648 1651 1646
1651 1648 1652
1653 1646 1651
1646 1653 1649
1653 1654 1649
1654 1650 1649
1653 1655 1654
1655 1653 1656
1657 1655 1656
1655 1657 1658
1659 1658 1657
1658 1659 1660
1659 1661 1660
1659 1662 1661
1663 1648 1647
1400 1663 1647
1409 1663 1400
1409 1664 1663
1663 1664 1648
1665 1664 1409
1666 1665 1409
1666 1667 1665
1667 1666 1668
1669 1668 1666
1666 1409 1669
1669 1409 1406
1670 1668 1669
1670 1669 1671
1671 1669 1408
1408 1669 1406
1408 1453 1671
1453 1408 1454
1668 1670 1672
1672 1667 1668
1667 1672 1673
1673 1672 1674
1674 1672 1670
1674 1670 1675
1675 1670 1676
1453 1676 1671
1670 1671 1676
1453 1677 1676
1451 1677 1453
1677 1451 1678
1450 1678 1451
1678 1450 1679
1679 1450 1446
1679 1446 1680
1448 1680 1446
1454 1408 1407
1454 1407 1456
1404 1456 1407
1673 1674 1681
1682 1673 1681
1681 1683 1682
1682 1683 1684
1683 1681 1685
1685 1686 1683
1683 1686 1687
1683 1687 1684
1686 1685 1688
1688 1689 1686
1686 1689 1690
1689 1688 1691
1691 1692 1689
1689 1692 1693
1689 1693 1690
1692 1691 1694
1682 1667 1673
1667 1682 1695
1682 1684 1695
1695 1684 1696
1665 1695 1696
1695 1665 1667
1684 1687 1697
1684 1697 1696
1697 1664 1696
1665 1696 1664
1664 1697 1698
1698 1652 1664
1652 1698 1699
1698 1700 1699
1699 1700 1701
1699 1701 1702
1652 1699 1702
1702 1701 1656
1700 1698 1703
1698 1704 1703
1704 1698 1697
1703 1705 1700
1703 1706 1705
1706 1703 1704
1706 1707 1705
1705 1707 1708
1705 1708 1709
1705 1709 1700
1709 1708 1710
1709 1710 1711
1700 1709 1711
1711 1710 1659
1690 1706 1704
1712 1690 1704
1687 1712 1704
1690 1693 1706
1693 1707 1706
1693 1713 1707
1708 1714 1710
1710 1714 1662
1710 1662 1659
1692 1713 1693
1711 1659 1657
1715 1711 1657
1701 1715 1657
1700 1711 1715
1700 1715 1701
1701 1657 1656
1686 1712 1687
1686 1690 1712
1702 1656 1653
1651 1702 1653
1652 1702 1651
1687 1704 1697
1664 1652 1648
1554 1716 1717
1556 1554 1717
1717 1718 1556
1557 1556 1718
1554 1555 1716
1719 1720 1557
1720 1719 1721
1721 1722 1720
1720 1722 1723
1722 1721 1724
1725 1724 1721
1721 1726 1725
1719 1726 1721
1724 1725 1727
1727 1728 1724
1728 1727 1729
1728 1729 1730
1731 1722 1724
1731 1724 1728
1722 1731 1732
1722 1732 1723
1733 1732 1731
1733 1731 1728
1733 1728 1730
1732 1733 1734
1735 1734 1733
1735 1733 1730
1734 1735 1736
1735 1730 1737
1735 1737 1738
1735 1738 1736
1738 1739 1736
1740 1739 1738
1525 1739 1740
1525 1545 1739
1739 1545 1736
1734 1543 1732
1543 1734 1542
1542 1736 1545
1736 1542 1734
1741 1732 1543
1543 1546 1741
1559 1741 1546
1732 1741 1723
1559 1723 1741
1559 1720 1723
1525 1544 1545
1544 1525 1539
1525 1523 1539
1523 1533 1539
1526 1525 1740
1720 1559 1557
1526 1740 1530
1740 1742 1530
1743 1530 1742
1743 1742 1744
1745 1743 1744
1746 1743 1745
1743 1746 1747
1747 1530 1743
1745 1748 1746
1749 1746 1748
1746 1749 1750
1750 1747 1746
1749 1751 1750
1751 1749 1752
1752 1753 1751
1753 1752 1754
1755 1751 1753
1753 1756 1755
1756 1757 1755
1758 1756 1753
1758 1753 1754
1758 1759 1756
1760 1757 1756
1760 1756 1761
1756 1762 1761
1756 1759 1762
1508 1760 1761
1760 1508 1507
1507 1757 1760
1757 1507 1505
1504 1757 1505
1509 1757 1504
1509 1763 1757
1764 1757 1763
1764 1755 1757
1764 1765 1755
1532 1765 1764
1763 1532 1764
1765 1532 1766
1532 1763 1531
1509 1531 1763
1766 1751 1765
1751 1755 1765
1751 1766 1750
1747 1750 1766
1532 1747 1766
1747 1532 1529
1530 1747 1529
1477 1481 1492
1492 1478 1477
1491 1588 1492
1588 1494 1492
1494 1588 1514
1588 1516 1514
1516 1588 1590
1590 1522 1516
1493 1494 1512
1496 1493 1512
1503 1496 1511
1416 1767 1768
1767 1416 1414
1416 1768 1627
1625 1627 1768
1768 1769 1625
1769 1622 1625
1767 1770 1768
1770 1771 1768
1417 1771 1770
1767 1417 1770
1417 1767 1414
1771 1417 1420
1638 1413 1416
1638 1421 1413
1421 1638 1636
1422 1421 1636
1635 1422 1636
1635 1423 1422
1423 1635 1634
1423 1634 1426
1622 1614 1624
1614 1772 1624
1772 1626 1624
1626 1772 1630
1772 1632 1630
1632 1772 1613
1613 1637 1632
1637 1613 1773
1773 1613 1612
1612 1603 1773
1773 1603 1602
1773 1602 1593
1637 1773 1594
1594 1773 1593
1613 1772 1610
1772 1614 1611
1772 1611 1610
1774 1775 1461
1774 1461 1776
1774 1776 1777
1474 1777 1776
1461 1460 1776
1460 1468 1776
1474 1776 1468
1461 1775 1462
1778 1459 1462
1459 1778 1457
1778 1449 1457
1474 1472 1779
1474 1779 1780
1475 1779 1472
1779 1475 1480
1501 1779 1480
1779 1501 1780
1501 1781 1780
1412 1424 1782
1403 1412 1782
1424 1429 1782
1429 1403 1782
1404 1403 1429
1645 1395 1647
1395 1645 1396
1400 1647 1395
1650 1641 1644
1585 1591 1597
1585 1597 1568
1783 1784 1785
1784 1783 1786
1787 1784 1786
1784 1787 1788
1789 1788 1787
1785 1790 1783
1790 1785 1791
1792 1790 1791
1790 1792 1793
1794 1793 1792
1793 1794 1795
1796 1786 1783
1786 1796 1797
1797 1798 1786
1798 1787 1786
1795 1799 1793
1799 1795 1800
1793 1801 1790
1801 1793 1799
1783 1801 1796
1801 1783 1790
1789 1802 1788
1789 1803 1802
1803 1789 1804
1804 1805 1803
1805 1804 1806
1807 1806 1804
1804 1808 1807
1808 1804 1789
1806 1807 1809
1808 1810 1807
1810 1808 1811
1811 1808 1787
1789 1787 1808
1812 1807 1810
1807 1812 1809
1798 1811 1787
1803 1813 1802
1813 1814 1802
1814 1813 1815
1813 1803 1816
1813 1816 1817
1816 1818 1817
1819 1818 1816
1815 1813 1820
1813 1821 1820
1821 1813 1817
1822 1815 1820
1815 1822 1823
1815 1823 1824
1814 1815 1824
1784 1814 1824
1825 1784 1824
1784 1825 1785
1814 1784 1788
1826 1785 1825
1785 1826 1791
1827 1791 1826
1791 1827 1792
1828 1792 1827
1792 1828 1794
1825 1829 1826
1829 1827 1826
1829 1825 1830
1830 1824 1823
1824 1830 1825
1823 1831 1830
1830 1831 1829
1831 1823 1832
1832 1833 1831
1833 1832 1834
1831 1833 1835
1822 1834 1832
1834 1822 1836
1836 1837 1834
1838 1837 1836
1838 1839 1837
1839 1838 1840
1841 1837 1839
1837 1841 1842
1833 1842 1835
1837 1842 1834
1842 1833 1834
1835 1842 1843
1842 1841 1844
1842 1844 1843
1844 1845 1843
1846 1843 1845
1846 1835 1843
1847 1835 1846
1835 1847 1848
1845 1844 1849
1836 1850 1838
1850 1836 1822
1838 1850 1851
1851 1852 1838
1852 1840 1838
1851 1850 1853
1854 1839 1840
1852 1854 1840
1839 1854 1855
1856 1855 1854
1855 1856 1857
1857 1858 1855
1859 1856 1854
1854 1852 1859
1856 1859 1860
1858 1857 1861
1856 1861 1857
1860 1861 1856
1861 1862 1858
1861 1863 1862
1863 1864 1862
1864 1858 1862
1864 1863 1865
1865 1844 1864
1844 1866 1864
1858 1864 1866
1858 1866 1855
1866 1844 1841
1866 1841 1855
1841 1839 1855
1844 1865 1849
1867 1868 1847
1868 1848 1847
1848 1868 1869
1828 1869 1868
1869 1828 1827
1827 1829 1869
1829 1848 1869
1831 1848 1829
1831 1835 1848
1867 1847 1846
1870 1871 1872
1871 1870 1873
1874 1873 1870
1873 1874 1875
1874 1876 1875
1876 1874 1877
1877 1878 1876
1878 1877 1879
1880 1872 1871
1872 1880 1881
1880 1882 1881
1882 1880 1883
1884 1882 1883
1882 1884 1885
1886 1885 1884
1885 1886 1887
1874 1799 1877
1799 1874 1801
1870 1801 1874
1801 1870 1796
1872 1796 1870
1796 1872 1797
1798 1872 1881
1872 1798 1797
1811 1881 1882
1881 1811 1798
1885 1811 1882
1811 1885 1810
1887 1810 1885
1810 1887 1812
1800 1877 1799
1877 1800 1879
1820 1888 1850
1888 1853 1850
1853 1888 1889
1850 1822 1820
1821 1890 1820
1821 1891 1890
1891 1892 1890
1893 1892 1891
1892 1893 1894
1891 1818 1893
1818 1891 1817
1891 1821 1817
1895 1892 1894
1895 1896 1892
1892 1896 1890
1897 1890 1896
1896 1895 1897
1890 1897 1898
1890 1898 1820
1822 1832 1823
1803 1819 1816
1819 1803 1805
1802 1814 1788
1256 1237 1238
1237 1256 1242
992 1008 1002
1008 992 993
993 1010 1008
1010 993 995
1373 1357 1356
999 961 971
983 999 971
1661 1899 1660
1900 1901 1902
1901 1900 1903
1904 1900 1902
1900 1904 1905
1906 1905 1904
1905 1906 1907
1900 1908 1903
1908 1900 1909
1905 1909 1900
1907 1910 1905
1909 1905 1910
1910 1907 1911
1912 1911 1907
1911 1912 1913
1914 1913 1912
1912 1915 1914
1915 1912 1916
1907 1916 1912
1916 1907 1906
1913 1914 1917
1918 1914 1915
1914 1918 1919
1919 1917 1914
1920 1919 1918
1919 1920 1921
1921 1922 1919
1917 1919 1922
1922 1921 1923
1924 1921 1920
1921 1924 1925
1925 1923 1921
1924 1926 1925
1926 1924 1927
1927 1928 1926
1928 1927 1929
1929 1930 1928
1930 1929 1931
1931 1932 1930
1932 1931 1933
1933 1934 1932
1934 1933 1935
1936 1925 1926
1925 1936 1937
1923 1925 1937
1938 1926 1928
1926 1938 1936
1928 1939 1938
1939 1928 1930
1930 1940 1939
1940 1930 1932
1934 1940 1932
1940 1934 1941
1942 1941 1934
1935 1942 1934
1943 1903 1944
1903 1943 1945
1901 1903 1945
1946 1947 1948
1947 1946 1949
1950 1947 1949
1949 1951 1950
1952 1950 1951
1950 1952 1953
1953 1954 1950
1947 1950 1954
1954 1953 1955
1955 1953 1956
1953 1952 1956
1951 1949 1957
1957 1949 1946
1957 1946 1958
1959 1960 1961
1959 1962 1960
1962 1959 1963
1964 1959 1961
1959 1965 1963
1965 1966 1963
1965 1959 1967
1963 1966 1968
1969 1963 1968
1963 1969 1962
1970 1968 1966
1968 1970 1971
1972 1971 1970
1971 1972 1973
1973 1974 1971
1974 1968 1971
1968 1974 1969
1974 1973 1975
1976 1975 1973
1975 1976 1977
1973 1978 1976
1978 1973 1972
1976 1979 1977
1979 1976 1980
1980 1981 1979
1981 1980 1982
1983 1982 1980
1976 1983 1980
1983 1976 1978
1982 1983 1984
1984 1985 1982
1985 1981 1982
1985 1984 1986
1986 1987 1985
1987 1986 1988
1989 1985 1987
1985 1989 1990
1981 1985 1990
1987 1991 1989
1991 1987 1992
1993 1991 1992
1991 1993 1994
1987 1995 1992
1995 1987 1988
1995 1993 1992
1993 1995 1996
1997 1994 1993
1994 1997 1998
1999 1998 1997
1998 1999 2000
2001 1999 1997
2002 2001 1997
1993 2002 1997
2002 1993 1996
2003 2000 1999
2000 2003 2004
2001 2005 1999
2005 2003 1999
2006 2004 2003
2005 2007 2003
2005 2008 2007
2005 2009 2008
2009 2010 2008
2008 2011 2007
2011 2008 2010
2012 2005 2001
2001 2013 2012
2013 2001 2014
2014 2015 2013
2015 2014 2016
2012 2017 2005
2017 2009 2005
2018 2015 2016
2015 2018 2019
2020 2019 2018
2019 2020 2021
2022 2021 2020
2021 2022 2023
1978 2023 2022
2023 1978 2024
1978 1972 2024
2025 2026 2027
2027 2028 2025
2029 2028 2027
2028 2029 2030
2031 2028 2030
2028 2031 2032
2032 2033 2028
2028 2033 2025
2033 2032 2034
2031 2030 2035
2030 2029 2035
2034 2036 2033
2033 2036 2025
2036 2034 2037
2037 2038 2036
2038 2037 2039
2039 2040 2038
2026 2025 2041
2038 2042 2036
2042 2043 2036
2043 2044 2036
2045 2044 2043
2042 2045 2043
2045 2046 2044
2047 2041 2046
2041 2047 2048
2049 2048 2047
2048 2049 2050
2051 2050 2049
2050 2051 2052
2053 2052 2051
2052 2053 2054
2055 2054 2053
2054 2055 2056
2057 2056 2055
2056 2057 2058
2055 2059 2057
2059 2055 2060
2053 2060 2055
2060 2053 2061
2051 2061 2053
2061 2051 2062
2049 2062 2051
2062 2049 2063
2049 2064 2063
2064 2049 2047
2065 2058 2057
2058 2065 2066
2057 2067 2065
2067 2057 2059
2064 2047 2068
2069 2064 2068
2070 2069 2068
2069 2070 2071
2071 2070 2072
2047 2046 2068
2070 2068 2046
2073 2066 2065
2066 2073 2074
2065 2075 2073
2075 2065 2067
2076 2073 2075
2076 2074 2073
2046 2045 2077
2046 2077 2078
2077 2079 2078
2077 2080 2079
2080 2077 2081
2080 2081 2082
2083 2082 2081
2084 2082 2083
2081 2085 2083
2086 2083 2085
2085 2087 2086
2083 2086 2088
2089 2083 2088
2083 2089 2090
2089 2091 2090
2092 2093 2094
2093 2092 2095
2095 2096 2093
2096 2095 2097
2098 2096 2097
2096 2098 2099
2100 2099 2098
2099 2100 2101
2102 2100 2098
2100 2102 2103
2104 2098 2097
2098 2104 2102
2092 2105 2095
2105 2097 2095
2097 2105 2104
2105 2092 2106
2103 2107 2100
2107 2101 2100
2107 2103 2108
2108 2109 2107
2110 2107 2109
2107 2110 2111
2101 2107 2111
2109 2108 2112
2109 2113 2110
2113 2109 2114
2112 2114 2109
2115 2110 2113
2116 2115 2113
2115 2116 2117
2114 2112 2118
2119 2114 2118
2114 2119 2120
2113 2120 2116
2120 2113 2114
2121 2120 2119
2120 2121 2122
2122 2116 2120
2116 2122 2123
2124 2122 2121
2122 2124 2125
2125 2123 2122
2124 2126 2125
2125 2126 2127
2123 2125 2127
2128 2117 2116
2117 2128 2129
2130 2129 2128
2129 2130 2131
2132 2131 2130
2131 2132 2133
2134 2133 2132
2133 2134 2135
2136 2135 2134
2137 2138 2139
2138 2137 2140
2141 2138 2140
2138 2141 2142
2143 2142 2141
2142 2143 2144
2145 2144 2143
2144 2145 2146
2137 2147 2140
2147 2137 2148
2137 2149 2148
2149 2137 2150
2139 2150 2137
2150 2139 2151
2150 2094 2149
2094 2150 2092
2151 2092 2150
2092 2151 2106
2145 2152 2146
2146 2152 2153
2141 2154 2143
2155 2143 2154
2143 2155 2145
2152 2145 2155
2156 2152 2155
2157 2140 2147
2140 2157 2141
2154 2141 2157
2158 2159 2160
2159 2158 2161
2162 2159 2161
2159 2162 2163
2163 2164 2159
2164 2163 2165
2165 2166 2164
2166 2165 2167
2159 2168 2160
2168 2159 2169
2169 2170 2168
2170 2169 2171
2171 2172 2170
2172 2171 2173
2171 2174 2173
2174 2171 2175
2169 2175 2171
2176 2174 2175
2174 2176 2177
2175 2178 2176
2179 2178 2175
2178 2179 2180
2180 2181 2178
2181 2182 2178
2182 2181 2183
2183 2181 2184
2181 2185 2184
2181 2180 2185
2184 2185 2186
2180 2186 2185
2186 2180 2187
2187 2180 2188
2180 2179 2188
2179 2189 2188
2179 2190 2189
2190 2179 2191
2192 2190 2191
2190 2192 2193
2182 2194 2178
2194 2182 2195
2195 2196 2194
2196 2195 2197
2196 2198 2194
2198 2196 2199
2199 2200 2198
2200 2199 2201
2177 2198 2200
2198 2177 2176
2194 2176 2178
2176 2194 2198
2202 2196 2197
2201 2199 2202
2199 2196 2202
2191 2203 2192
2203 2191 2204
2205 2203 2204
2204 2206 2205
2206 2204 2175
2169 2206 2175
2159 2206 2169
2164 2206 2159
2206 2164 2207
2207 2205 2206
2208 2207 2164
2208 2164 2209
2209 2210 2208
2210 2209 2211
2210 2212 2208
2212 2210 2213
2214 2212 2213
2212 2214 2215
2216 2215 2214
2215 2216 2217
2217 2218 2215
2218 2212 2215
2218 2217 2219
2212 2218 2220
2220 2208 2212
2208 2220 2207
2221 2220 2218
2219 2221 2218
2220 2221 2222
2220 2223 2207
2220 2222 2223
2224 2217 2216
2217 2224 2219
2225 2219 2224
2225 2221 2226
2219 2225 2226
2221 2219 2226
2221 2225 2227
2223 2228 2207
2205 2207 2228
2223 2229 2228
2228 2230 2205
2203 2205 2230
2230 2228 2231
2229 2231 2228
2222 2232 2223
2223 2233 2229
2233 2223 2234
2232 2234 2223
2232 2235 2234
2235 2233 2234
2203 2236 2192
2237 2238 2239
2238 2237 2240
2240 2241 2238
2241 2240 2242
2242 2160 2241
2160 2238 2241
2160 2242 2158
2238 2160 2168
2168 2239 2238
2239 2168 2170
2170 2237 2239
2237 2170 2172
2243 2244 2245
2244 2243 2246
2244 2165 2245
2165 2243 2245
2165 2244 2167
2243 2165 2163
2163 2246 2243
2246 2163 2162
2247 2248 2249
2248 2247 2250
2247 2166 2250
2166 2247 2164
2249 2251 2247
2251 2249 2252
2253 2251 2252
2249 2253 2252
2253 2249 2248
2251 2253 2254
2254 2209 2251
2209 2247 2251
2247 2209 2164
2209 2254 2211
2044 2046 2025
2025 2046 2041
2044 2025 2036
2255 2256 2257
2256 2255 2258
2257 2259 2255
2259 2257 2260
2260 2261 2259
2262 2256 2258
2262 2258 2263
2264 2262 2263
2262 2264 2265
2266 2265 2264
2265 2266 2267
2268 2267 2266
2267 2268 2269
2263 2258 2270
2258 2271 2270
2271 2258 2272
2272 2273 2271
2268 2274 2269
2275 2276 2038
2038 2276 2042
2040 2275 2038
2204 2179 2175
2179 2204 2191
2277 2278 2279
2278 2280 2279
2278 2281 2280
2281 2278 2282
2283 2282 2278
2283 2278 2277
2282 2283 2284
2284 2285 2282
2285 2284 2286
2287 2282 2285
2282 2287 2281
2285 2288 2287
2288 2285 2289
2286 2289 2285
2289 2290 2288
2290 2289 2291
2292 2291 2289
2289 2286 2292
2291 2292 2293
2291 2294 2290
2294 2291 2295
2293 2295 2291
2295 2296 2294
2296 2295 2297
2298 2297 2295
2295 2293 2298
2297 2298 2299
2297 2300 2296
2300 2297 2301
2299 2301 2297
2302 2300 2301
2300 2302 2303
2304 2303 2302
2303 2304 2305
2306 2305 2304
2305 2306 2307
2308 2307 2306
2307 2308 2309
2310 2309 2308
2309 2310 2311
2312 2311 2310
2308 2313 2310
2312 2310 2313
2313 2308 2314
2306 2314 2308
2314 2306 2315
2304 2315 2306
2315 2304 2316
2302 2316 2304
2316 2302 2317
2301 2317 2302
2317 2301 2318
2301 2299 2318
2319 2320 2321
2320 2319 2322
2323 2322 2319
2322 2323 2324
2325 2324 2323
2324 2325 2326
2327 2326 2325
2326 2327 2328
2327 2329 2328
2329 2327 2330
2330 2331 2329
2331 2330 2332
2332 2333 2331
2333 2332 2334
2334 2335 2333
2335 2334 2336
2337 2330 2327
2325 2337 2327
2330 2337 2338
2338 2332 2330
2339 2338 2337
2338 2339 2340
2340 2341 2338
2332 2338 2341
2341 2334 2332
2341 2340 2342
2342 2343 2341
2334 2341 2343
2343 2336 2334
2343 2342 2344
2344 2345 2343
2336 2343 2345
2345 2344 2346
2347 2339 2337
2339 2347 2348
2349 2348 2347
2348 2349 2350
2351 2350 2349
2350 2351 2352
2353 2352 2351
2352 2353 2354
2351 2321 2353
2321 2351 2319
2349 2319 2351
2319 2349 2323
2347 2323 2349
2323 2347 2325
2337 2325 2347
2355 2356 2357
2356 2355 2358
2359 2357 2356
2357 2359 2360
2359 2361 2360
2361 2359 2362
2362 2363 2361
2363 2362 2364
2364 2365 2363
2365 2364 2366
2366 2367 2365
2367 2366 2368
2368 2369 2367
2369 2368 2370
2371 2358 2355
2358 2371 2372
2373 2366 2364
2366 2373 2374
2374 2368 2366
2364 2375 2373
2375 2364 2362
2359 2375 2362
2375 2359 2376
2356 2376 2359
2376 2356 2377
2358 2377 2356
2377 2358 2378
2372 2378 2358
2378 2372 2379
2380 2370 2368
2368 2374 2380
2370 2380 2381
2355 2382 2371
2383 2373 2375
2373 2383 2384
2375 2385 2383
2385 2375 2376
2377 2385 2376
2385 2377 2386
2378 2386 2377
2386 2378 2387
2379 2387 2378
2387 2379 2388
2389 2381 2380
2381 2389 2390
2380 2391 2389
2391 2380 2374
2374 2384 2391
2384 2374 2373
2382 2355 2392
2357 2392 2355
2392 2357 2393
2360 2393 2357
2393 2360 2394
2360 2395 2394
2395 2360 2361
2363 2395 2361
2395 2363 2396
2363 2397 2396
2397 2363 2365
2365 2398 2397
2398 2365 2367
2369 2398 2367
2398 2369 2399
2400 2401 2402
2401 2400 2403
2404 2403 2400
2403 2404 2405
2406 2405 2404
2405 2406 2407
2406 2408 2407
2408 2406 2409
2409 2410 2408
2410 2409 2411
2411 2412 2410
2412 2411 2413
2413 2414 2412
2414 2413 2415
2416 2402 2401
2402 2416 2417
2418 2402 2417
2402 2418 2419
2419 2400 2402
2400 2419 2420
2413 2421 2415
2421 2413 2422
2411 2422 2413
2422 2411 2423
2409 2423 2411
2423 2409 2424
2409 2425 2424
2425 2409 2406
2406 2426 2425
2426 2406 2404
2404 2420 2426
2420 2404 2400
2427 2428 2429
2428 2430 2429
2430 2431 2429
2431 2432 2429
2432 2433 2429
2433 2434 2429
2434 2435 2429
2435 2427 2429
2436 2437 2438
2437 2436 2439
2436 2440 2439
2440 2436 2441
2442 2439 2440
2439 2442 2443
2443 2437 2439
2444 2436 2438
2441 2436 2444
2437 2443 2445
2446 2447 2448
2446 2449 2447
2449 2446 2450
2451 2450 2446
2452 2451 2446
2446 2448 2452
2451 2452 2453
2452 2454 2453
2450 2451 2455
2449 2456 2447
2456 2449 2457
2457 2458 2456
2458 2459 2456
2459 2458 2460
2461 2459 2460
2459 2461 2462
2461 2463 2462
2463 2461 2464
2458 2457 2465
2466 2456 2459
2462 2466 2459
2467 2466 2462
2463 2467 2462
2467 2463 2468
2468 2469 2467
2469 2448 2467
2469 2468 2470
2458 2471 2460
2471 2461 2460
2471 2458 2472
2465 2472 2458
2461 2471 2473
2473 2464 2461
2464 2473 2474
2472 2465 2475
2476 2474 2473
2474 2476 2477
2473 2478 2476
2478 2473 2471
2472 2478 2471
2478 2472 2479
2475 2479 2472
2479 2475 2480
2470 2481 2469
2469 2481 2454
2481 2482 2454
2482 2481 2483
2483 2484 2482
2485 2482 2484
2482 2485 2486
2453 2482 2486
2454 2482 2453
2487 2453 2486
2485 2487 2486
2453 2487 2451
2487 2455 2451
2455 2487 2488
2487 2485 2489
2489 2488 2487
2484 2483 2490
2488 2489 2491
2469 2454 2452
2469 2452 2448
2448 2447 2492
2447 2466 2492
2447 2456 2466
2467 2448 2492
2492 2466 2467
2493 2494 2495
2494 2493 2496
2497 2493 2495
2493 2497 2498
2499 2498 2497
2498 2499 2500
2501 2500 2499
2500 2501 2502
2503 2502 2501
2502 2503 2504
2503 2505 2504
2505 2503 2506
2506 2507 2505
2507 2506 2508
2508 2509 2507
2509 2508 2510
2501 2511 2503
2511 2506 2503
2511 2501 2512
2499 2512 2501
2512 2499 2513
2499 2514 2513
2514 2499 2497
2497 2515 2514
2515 2497 2495
2494 2515 2495
2515 2494 2516
2508 2517 2510
2517 2508 2518
2508 2519 2518
2519 2508 2506
2506 2511 2519
2520 2521 2522
2523 2521 2520
2524 2521 2523
2525 2521 2524
2526 2521 2525
2527 2521 2526
2528 2521 2527
2522 2521 2528
2529 2530 2531
2531 2530 2532
2532 2530 2533
2533 2530 2534
2534 2530 2535
2535 2530 2536
2536 2530 2537
2537 2530 2529
2538 2539 2540
2539 2538 2541
2542 2541 2538
2541 2542 2543
2544 2543 2542
2543 2544 2545
2544 2546 2545
2546 2544 2547
2547 2548 2546
2548 2547 2549
2549 2550 2548
2550 2549 2551
2551 2552 2550
2552 2551 2553
2554 2552 2553
2552 2554 2555
2556 2549 2547
2549 2556 2557
2558 2549 2557
2549 2558 2551
2559 2551 2558
2551 2559 2553
2560 2553 2559
2553 2560 2554
2547 2561 2556
2561 2547 2544
2544 2562 2561
2562 2544 2542
2542 2563 2562
2563 2542 2538
2538 2564 2563
2564 2538 2540
2563 2565 2562
2565 2563 2566
2563 2567 2566
2567 2563 2564
2568 2560 2559
2560 2568 2569
2559 2570 2568
2570 2559 2558
2557 2570 2558
2570 2557 2571
2556 2571 2557
2571 2556 2572
2556 2573 2572
2573 2556 2561
2573 2562 2565
2562 2573 2561
2574 2575 2576
2575 2574 2577
2575 2578 2576
2578 2575 2579
2579 2580 2578
2580 2579 2581
2581 2582 2580
2582 2581 2583
2584 2582 2583
2582 2584 2585
2584 2586 2585
2586 2584 2587
2587 2588 2586
2588 2587 2589
2590 2577 2574
2577 2590 2591
2592 2578 2580
2582 2592 2580
2578 2592 2593
2592 2582 2594
2582 2595 2594
2595 2582 2585
2585 2596 2595
2596 2585 2586
2588 2596 2586
2596 2588 2597
2574 2598 2590
2598 2574 2599
2576 2599 2574
2599 2576 2600
2600 2578 2593
2578 2600 2576
2591 2601 2577
2602 2577 2601
2577 2602 2575
2602 2579 2575
2579 2602 2603
2603 2581 2579
2581 2603 2604
2605 2581 2604
2581 2605 2583
2606 2583 2605
2583 2606 2584
2606 2587 2584
2587 2606 2607
2607 2589 2587
2589 2607 2608
2601 2591 2609
2610 2611 2612
2611 2610 2613
2614 2613 2610
2613 2614 2615
2616 2615 2614
2615 2616 2617
2616 2618 2617
2618 2616 2619
2619 2620 2618
2620 2619 2621
2621 2622 2620
2622 2621 2623
2623 2624 2622
2624 2623 2625
2626 2612 2611
2612 2626 2627
2628 2612 2627
2612 2628 2629
2629 2610 2612
2610 2629 2630
2631 2625 2623
2621 2631 2623
2625 2631 2632
2631 2621 2633
2619 2633 2621
2633 2619 2634
2616 2634 2619
2634 2616 2635
2614 2635 2616
2630 2614 2610
2635 2614 2636
2614 2630 2636
2637 2638 2639
2638 2640 2639
2640 2641 2639
2641 2642 2639
2642 2643 2639
2643 2644 2639
2644 2645 2639
2645 2637 2639
2646 2647 2648
2647 2646 2649
2649 2650 2647
2650 2651 2647
2651 2650 2652
2652 2653 2651
2654 2651 2653
2651 2654 2655
2655 2647 2651
2647 2655 2648
2653 2652 2656
2650 2649 2657
2656 2652 2658
2659 2652 2650
2652 2659 2658
2659 2650 2657
2660 2658 2659
2658 2660 2661
2659 2662 2660
2662 2659 2663
2659 2657 2663
2664 2658 2661
2658 2664 2665
2665 2656 2658
2666 2664 2661
2664 2666 2667
2668 2667 2666
2667 2668 2669
2670 2668 2666
2662 2670 2660
2670 2661 2660
2661 2670 2666
2668 2670 2671
2672 2671 2670
2670 2662 2672
2671 2672 2673
2673 2672 2674
2662 2674 2672
2675 2667 2669
2675 2664 2667
2669 2676 2675
2676 2677 2675
2664 2675 2678
2675 2679 2678
2679 2675 2677
2674 2680 2673
2674 2681 2680
2674 2682 2681
2682 2674 2683
2674 2662 2683
2684 2685 2686
2687 2686 2685
2684 2686 2688
2687 2689 2686
2690 2691 2692
2691 2690 2693
2693 2694 2691
2694 2695 2691
2695 2694 2696
2696 2697 2695
2698 2695 2697
2695 2698 2699
2699 2691 2695
2691 2699 2692
2697 2696 2700
2694 2693 2701
2700 2696 2702
2702 2696 2694
2702 2694 2703
2703 2694 2701
2704 2702 2703
2702 2704 2705
2703 2706 2704
2706 2703 2707
2703 2701 2707
2705 2708 2702
2708 2700 2702
2708 2705 2709
2710 2709 2705
2709 2710 2711
2712 2711 2710
2711 2712 2713
2714 2712 2710
2706 2714 2704
2705 2714 2710
2714 2705 2704
2712 2714 2715
2714 2716 2715
2716 2714 2717
2714 2706 2717
2716 2717 2718
2706 2718 2717
2719 2711 2713
2719 2709 2711
2713 2720 2719
2720 2721 2719
2709 2719 2722
2719 2723 2722
2723 2719 2721
2718 2724 2716
2718 2725 2724
2718 2726 2725
2726 2718 2727
2718 2706 2727
2728 2729 2730
2729 2728 2731
2732 2730 2729
2730 2732 2733
2728 2734 2731
2734 2728 2735
2735 2736 2734
2736 2735 2737
2738 2736 2737
2736 2738 2739
2728 2740 2735
2740 2737 2735
2740 2728 2741
2730 2741 2728
2737 2740 2742
2742 2738 2737
2738 2742 2743
2733 2744 2730
2741 2730 2744
2744 2733 2745
2746 2747 2748
2747 2746 2749
2750 2746 2748
2751 2752 2753
2752 2751 2754
2755 2753 2752
2756 2757 2758
2757 2756 2759
2760 2756 2758
2756 2760 2761
2759 2762 2757
2762 2759 2763
2764 2762 2763
2762 2764 2765
2766 2765 2764
2765 2766 2767
2762 2768 2757
2768 2758 2757
2768 2762 2769
2765 2769 2762
2769 2765 2770
2767 2770 2765
2770 2767 2771
2772 2760 2758
2758 2768 2772
2760 2772 2773
2774 2775 2776
2774 2777 2775
2777 2774 2778
2779 2778 2774
2780 2779 2774
2774 2776 2780
2779 2780 2781
2780 2782 2781
2778 2779 2783
2777 2784 2775
2784 2777 2785
2785 2786 2784
2786 2787 2784
2787 2786 2788
2789 2787 2788
2787 2789 2790
2789 2791 2790
2791 2789 2792
2786 2785 2793
2794 2784 2787
2790 2794 2787
2795 2794 2790
2791 2795 2790
2795 2791 2796
2796 2797 2795
2797 2776 2795
2797 2796 2798
2786 2799 2788
2799 2789 2788
2799 2786 2800
2793 2800 2786
2789 2799 2801
2801 2792 2789
2792 2801 2802
2800 2793 2803
2801 2804 2802
2804 2801 2805
2801 2806 2805
2806 2801 2799
2800 2806 2799
2806 2800 2807
2800 2808 2807
2808 2800 2803
2798 2809 2797
2797 2809 2782
2809 2810 2782
2810 2809 2811
2782 2810 2781
2781 2810 2812
2813 2781 2812
2781 2813 2779
2813 2783 2779
2783 2813 2814
2811 2815 2810
2815 2811 2816
2817 2810 2815
2810 2817 2812
2817 2813 2812
2813 2817 2818
2818 2814 2813
2814 2818 2819
2797 2782 2780
2797 2780 2776
2776 2775 2820
2775 2794 2820
2775 2784 2794
2795 2776 2820
2820 2794 2795
2821 2822 2823
2822 2821 2824
2825 2824 2821
2824 2825 2826
2826 2827 2824
2827 2826 2828
2826 2829 2828
2829 2826 2830
2825 2830 2826
2830 2831 2829
2831 2830 2832
2830 2825 2833
2834 2828 2829
2828 2834 2835
2836 2835 2834
2837 2836 2834
2837 2829 2831
2829 2837 2834
2836 2837 2838
2839 2838 2837
2838 2839 2840
2835 2836 2841
2841 2842 2835
2842 2828 2835
2828 2842 2827
2842 2841 2843
2844 2842 2843
2842 2844 2845
2845 2827 2842
2827 2845 2846
2837 2847 2839
2847 2837 2831
2846 2824 2827
2824 2846 2822
2831 2848 2847
2832 2848 2831
2849 2848 2832
2849 2832 2850
2850 2832 2830
2850 2830 2833
2851 2852 2853
2852 2851 2854
2852 2855 2853
2855 2852 2856
2856 2857 2855
2857 2856 2858
2859 2857 2858
2857 2859 2860
2859 2861 2860
2861 2859 2862
2862 2863 2861
2863 2862 2864
2860 2865 2857
2865 2860 2866
2860 2867 2866
2867 2860 2861
2861 2868 2867
2868 2861 2863
2855 2869 2853
2869 2851 2853
2851 2869 2870
2871 2857 2865
2869 2855 2871
2857 2871 2855
2872 2873 2874
2873 2872 2875
2876 2875 2872
2875 2876 2877
2878 2877 2876
2877 2878 2879
2878 2880 2879
2880 2878 2881
2881 2882 2880
2882 2881 2883
2883 2884 2882
2884 2883 2885
2886 2878 2876
2872 2886 2876
2878 2886 2887
2887 2881 2878
2888 2887 2886
2887 2888 2889
2890 2889 2888
2889 2890 2891
2892 2891 2890
2891 2892 2893
2890 2894 2892
2894 2890 2895
2888 2895 2890
2896 2894 2895
2894 2896 2897
2893 2898 2891
2898 2893 2899
2900 2898 2899
2898 2900 2901
2902 2901 2900
2901 2902 2903
2895 2888 2904
2895 2905 2896
2905 2895 2904
2903 2906 2901
2906 2903 2907
2901 2908 2898
2908 2901 2906
2908 2891 2898
2891 2908 2889
2904 2909 2905
2909 2904 2910
2904 2886 2910
2886 2904 2888
2907 2911 2906
2911 2907 2912
2913 2906 2911
2906 2913 2908
2913 2889 2908
2889 2913 2887
2886 2872 2910
2910 2874 2909
2874 2910 2872
2885 2911 2912
2911 2885 2883
2883 2913 2911
2913 2883 2881
2881 2887 2913
2914 2915 2916
2915 2914 2917
2918 2916 2915
2916 2918 2919
2920 2919 2918
2919 2920 2921
2922 2921 2920
2921 2922 2923
2922 2924 2923
2924 2922 2925
2925 2926 2924
2926 2925 2927
2916 2928 2914
2928 2916 2929
2919 2929 2916
2929 2919 2930
2921 2930 2919
2930 2921 2931
2921 2932 2931
2932 2921 2923
2923 2933 2932
2933 2923 2924
2924 2934 2933
2934 2924 2926
2931 2935 2930
2935 2931 2936
2937 2935 2936
2935 2937 2938
2936 2939 2937
2939 2936 2940
2931 2940 2936
2940 2931 2932
2940 2941 2939
2941 2940 2942
2932 2942 2940
2942 2932 2933
2942 2943 2941
2943 2942 2944
2933 2944 2942
2944 2933 2934
2945 2935 2938
2935 2945 2946
2947 2946 2945
2946 2947 2948
2946 2930 2935
2930 2946 2929
2948 2929 2946
2929 2948 2928
2949 2950 2951
2952 2950 2949
2953 2950 2952
2954 2950 2953
2955 2950 2954
2951 2950 2955
2956 2957 2958
2956 2959 2957
2956 2960 2959
2956 2961 2960
2956 2962 2961
2956 2963 2962
2956 2964 2963
2956 2965 2964
2956 2966 2965
2956 2967 2966
2956 2968 2967
2956 2969 2968
2956 2970 2969
2956 2971 2970
2956 2972 2971
2957 2973 2958
2974 2959 2960
2961 2974 2960
2959 2974 2975
2974 2961 2976
2962 2976 2961
2976 2962 2977
2963 2977 2962
2977 2963 2978
2964 2978 2963
2978 2964 2979
2965 2979 2964
2979 2965 2980
2966 2980 2965
2980 2966 2981
2967 2981 2966
2981 2967 2982
2968 2982 2967
2982 2968 2983
2984 2968 2969
2968 2984 2983
2969 2985 2984
2985 2969 2970
2970 2986 2985
2986 2970 2971
2971 2987 2986
2987 2971 2972
2972 2988 2987
2988 2972 2989
2956 2989 2972
2956 2990 2989
2956 2991 2990
2956 2992 2991
2956 2958 2992
2993 2989 2990
2989 2993 2988
2994 2990 2991
2990 2994 2993
2992 2994 2991
2994 2992 2995
2958 2995 2992
2995 2958 2973
2973 2957 2996
2957 2975 2996
2975 2957 2959
2997 2998 2999
3000 2997 2999
2997 3000 3001
3001 3002 2997
3002 3003 2997
2997 3003 2998
3003 3002 3004
3003 3004 3005
3002 3001 3006
3007 3000 2999
3000 3007 3008
3009 3008 3007
3010 3009 3007
3009 3010 3011
3012 3011 3010
3011 3012 3013
3014 3013 3012
3013 3014 3015
3008 3009 3016
3017 3010 3007
3012 3010 3017
3018 3012 3017
3018 3014 3012
3014 3018 3019
3020 3019 3018
3020 3018 2998
3019 3020 3021
3022 3009 3011
3013 3022 3011
3009 3022 3023
3023 3016 3009
3022 3013 3024
3015 3024 3013
3024 3015 3025
3016 3023 3026
3025 3027 3024
3027 3025 3028
3029 3024 3027
3024 3029 3022
3029 3023 3022
3023 3029 3030
3030 3026 3023
3021 3020 3031
3020 3005 3031
3032 3031 3005
3031 3032 3033
3034 3033 3032
3032 3035 3034
3035 3032 3036
3004 3036 3032
3005 3004 3032
3004 3037 3036
3037 3035 3036
3037 3004 3002
3006 3037 3002
3037 3006 3038
3035 3037 3039
3038 3039 3037
3033 3034 3040
3039 3038 3041
3020 3003 3005
3020 2998 3003
2998 3042 2999
2999 3042 3017
2999 3017 3007
3018 3042 2998
3042 3018 3017
3026 3030 3043
3044 3045 3046
3045 3044 3047
3045 3048 3046
3048 3045 3049
3050 3048 3049
3048 3050 3051
3052 3051 3050
3051 3052 3053
3048 3054 3046
3054 3044 3046
3054 3048 3055
3044 3054 3056
3057 3051 3053
3051 3057 3058
3048 3058 3055
3058 3048 3051
3044 3059 3047
3060 3047 3059
3047 3060 3061
3061 3060 3062
3056 3063 3064
3063 3056 3065
3066 3063 3065
3064 3044 3056
3059 3044 3067
3044 3064 3067
3068 3069 3070
3068 3071 3069
3071 3068 3072
3068 3073 3072
3073 3068 3074
3075 3074 3068
3068 3070 3075
3074 3075 3076
3075 3077 3076
3071 3078 3069
3078 3071 3079
3079 3080 3078
3081 3078 3080
3078 3081 3082
3083 3082 3081
3082 3083 3084
3083 3085 3084
3085 3083 3086
3080 3079 3087
3088 3078 3082
3084 3088 3082
3089 3088 3084
3090 3084 3085
3084 3090 3089
3090 3091 3089
3091 3070 3089
3091 3090 3092
3080 3093 3081
3093 3080 3094
3095 3081 3093
3081 3095 3083
3095 3086 3083
3086 3095 3096
3097 3096 3095
3093 3097 3095
3096 3097 3098
3097 3093 3099
3094 3099 3093
3099 3094 3100
3101 3100 3094
3080 3101 3094
3101 3080 3087
3100 3101 3102
3092 3103 3091
3091 3103 3077
3104 3077 3103
3077 3104 3105
3104 3106 3105
3106 3107 3105
3076 3105 3107
3077 3105 3076
3108 3076 3107
3076 3108 3074
3109 3074 3108
3074 3109 3073
3110 3108 3107
3107 3106 3110
3108 3110 3111
3106 3104 3112
3113 3108 3111
3108 3113 3109
3091 3077 3075
3091 3075 3070
3070 3069 3114
3069 3088 3114
3069 3078 3088
3089 3070 3114
3114 3088 3089
3115 3116 3117
3118 3115 3117
3115 3118 3119
3119 3120 3115
3120 3121 3115
3115 3121 3116
3121 3120 3122
3121 3122 3123
3120 3119 3124
3125 3118 3117
3118 3125 3126
3127 3126 3125
3128 3127 3125
3127 3128 3129
3128 3130 3129
3130 3128 3131
3132 3130 3131
3130 3132 3133
3126 3127 3134
3135 3128 3125
3131 3128 3135
3136 3131 3135
3136 3132 3131
3132 3136 3137
3138 3137 3136
3138 3136 3116
3137 3138 3139
3140 3127 3129
3130 3140 3129
3127 3140 3141
3141 3134 3127
3140 3130 3142
3133 3142 3130
3142 3133 3143
3134 3141 3144
3145 3142 3143
3142 3145 3146
3147 3142 3146
3142 3147 3140
3147 3141 3140
3141 3147 3148
3149 3141 3148
3141 3149 3144
3139 3138 3150
3138 3123 3150
3151 3150 3123
3150 3151 3152
3153 3152 3151
3151 3154 3153
3154 3151 3155
3122 3155 3151
3123 3122 3151
3122 3156 3155
3156 3154 3155
3156 3122 3120
3124 3156 3120
3156 3124 3157
3154 3156 3158
3157 3158 3156
3152 3153 3159
3158 3157 3160
3138 3121 3123
3138 3116 3121
3116 3161 3117
3117 3161 3135
3117 3135 3125
3136 3161 3116
3161 3136 3135
3162 3163 3164
3163 3165 3164
3163 3166 3165
3163 3167 3166
3163 3168 3167
3163 3169 3168
3163 3170 3169
3163 3171 3170
3163 3172 3171
3163 3173 3172
3163 3174 3173
3163 3175 3174
3163 3176 3175
3163 3177 3176
3163 3178 3177
3163 3179 3178
3163 3180 3179
3163 3162 3180
3181 3182 3183
3182 3181 3184
3185 3186 3187
3186 3185 3188
3189 3190 3191
3190 3189 3192
3193 3194 3195
3194 3193 3196
3197 3198 3199
3198 3197 3200
3201 3202 3203
3202 3201 3204
3205 3206 3207
3206 3208 3207
3208 3206 3209
3209 3210 3208
3210 3209 3211
3211 3212 3210
3212 3211 3213
3214 3212 3213
3212 3214 3215
3216 3215 3214
3215 3216 3217
3218 3217 3216
3217 3218 3219
3220 3219 3218
3221 3222 3223
3224 3223 3222
3223 3224 3225
3226 3225 3224
3225 3226 3227
3228 3227 3226
3227 3228 3229
3230 3222 3221
3222 3230 3231
3231 3224 3222
3232 3230 3221
3225 3232 3223
3221 3223 3232
3230 3232 3233
3224 3231 3234
3235 3233 3232
3232 3225 3235
3227 3235 3225
3233 3235 3236
3237 3224 3234
3224 3237 3226
3237 3228 3226
3235 3238 3236
3238 3235 3239
3235 3227 3239
3229 3239 3227
3228 3237 3240
3241 3238 3239
3239 3229 3241
3238 3241 3242
3228 3243 3229
3243 3228 3244
3244 3245 3243
3245 3244 3246
3246 3247 3245
3247 3246 3248
3249 3247 3248
3248 3250 3249
3250 3248 3251
3250 3252 3249
3252 3245 3247
3249 3252 3247
3252 3250 3253
3254 3248 3246
3248 3254 3251
3253 3255 3252
3245 3252 3255
3255 3243 3245
3255 3253 3256
3257 3246 3244
3246 3257 3254
3258 3255 3256
3255 3258 3259
3228 3257 3244
3257 3228 3240
3258 3241 3259
3241 3258 3242
3243 3255 3259
3229 3259 3241
3259 3229 3243
3260 3261 3262
3261 3260 3263
3262 3264 3260
3264 3262 3265
3266 3262 3261
3262 3266 3267
3267 3265 3262
3266 3268 3267
3268 3266 3269
3269 3270 3268
3270 3269 3271
3270 3272 3268
3272 3267 3268
3272 3270 3273
3267 3272 3274
3265 3267 3274
3275 3261 3263
3261 3275 3276
3277 3271 3269
3266 3277 3269
3271 3277 3278
3277 3266 3279
3279 3261 3276
3261 3279 3266
3273 3280 3272
3280 3273 3281
3281 3282 3280
3282 3281 3283
3283 3284 3282
3284 3283 3285
3285 3286 3284
3286 3285 3287
3282 3288 3280
3284 3289 3282
3282 3289 3288
3289 3284 3290
3286 3290 3284
3290 3286 3291
3292 3289 3290
3291 3292 3290
3289 3292 3293
3289 3293 3288
3294 3293 3292
3293 3294 3295
3295 3296 3293
3293 3296 3288
3296 3295 3297
3298 3294 3292
3292 3291 3298
3294 3298 3299
3300 3299 3298
3291 3300 3298
3299 3300 3301
3302 3301 3300
3301 3302 3303
3304 3302 3300
3300 3291 3304
3302 3304 3305
3306 3305 3304
3305 3306 3307
3308 3307 3306
3307 3308 3309
3306 3287 3308
3287 3306 3286
3304 3286 3306
3286 3304 3291
3297 3265 3296
3265 3310 3296
3310 3265 3274
3272 3310 3274
3310 3272 3280
3296 3310 3288
3288 3310 3280
3265 3297 3264
3311 3312 3313
3312 3311 3314
3314 3315 3312
3315 3314 3316
3317 3313 3312
3313 3317 3318
3312 3319 3317
3319 3312 3315
3320 3314 3311
3314 3320 3321
3322 3314 3321
3314 3322 3316
3316 3322 3323
3323 3315 3316
3323 3324 3315
3319 3315 3324
3325 3319 3324
3326 3325 3324
3326 3324 3327
3324 3323 3327
3328 3326 3327
3326 3328 3329
3329 3330 3326
3325 3326 3330
3330 3329 3331
3332 3328 3327
3323 3332 3327
3328 3332 3333
3332 3323 3334
3322 3334 3323
3335 3321 3320
3321 3335 3336
3337 3333 3332
3334 3337 3332
3333 3337 3338
3337 3334 3339
3340 3336 3335
3336 3340 3341
3342 3338 3337
3339 3342 3337
3338 3342 3343
3342 3339 3344
3345 3344 3339
3341 3345 3336
3345 3339 3334
3322 3345 3334
3345 3321 3336
3321 3345 3322
3344 3345 3346
3345 3341 3346
3347 3346 3341
3346 3347 3348
3341 3349 3347
3349 3341 3340
3350 3343 3342
3344 3350 3342
3343 3350 3351
3350 3344 3352
3352 3346 3348
3346 3352 3344
3353 3354 3355
3354 3353 3356
3356 3357 3354
3357 3356 3358
3359 3357 3358
3357 3359 3360
3355 3361 3353
3361 3355 3362
3363 3361 3362
3361 3363 3364
3360 3365 3357
3357 3365 3354
3365 3366 3354
3366 3355 3354
3365 3367 3366
3368 3366 3367
3366 3368 3369
3369 3362 3355
3355 3366 3369
3370 3369 3368
3369 3370 3371
3362 3369 3371
3370 3372 3371
3372 3362 3371
3362 3372 3363
3372 3370 3373
3367 3365 3374
3375 3374 3365
3365 3360 3375
3374 3375 3376
3364 3317 3361
3317 3364 3318
3317 3353 3361
3353 3317 3319
3319 3356 3353
3356 3319 3325
3330 3356 3325
3356 3330 3358
3331 3358 3330
3358 3331 3359
3377 3374 3376
3374 3377 3378
3378 3367 3374
3367 3378 3379
3379 3368 3367
3368 3379 3380
3381 3368 3380
3368 3381 3370
3382 3370 3381
3370 3382 3373
3383 3384 3385
3384 3386 3385
3386 3387 3385
3387 3388 3385
3388 3389 3385
3390 3391 3392
3392 3391 3393
3393 3391 3394
3394 3391 3395
3395 3391 3396
3397 3398 3399
3398 3397 3400
3401 3399 3398
3399 3401 3402
3403 3402 3401
3402 3403 3404
3405 3404 3403
3404 3405 3406
3407 3406 3405
3406 3407 3408
3409 3410 3411
3410 3409 3412
3413 3414 3415
3414 3413 3416
3417 3418 3419
3418 3417 3420
3418 3421 3419
3421 3418 3422
3423 3421 3422
3420 3423 3418
3418 3423 3422
3421 3423 3424
3423 3425 3424
3425 3423 3426
3423 3420 3426
3421 3427 3419
3427 3417 3419
3427 3421 3428
3417 3427 3429
3425 3430 3424
3421 3430 3428
3430 3421 3424
3428 3430 3427
3430 3429 3427
3430 3425 3431
3429 3430 3431
3432 3433 3434
3435 3434 3433
3434 3435 3436
3437 3436 3435
3436 3437 3438
3437 3439 3438
3439 3437 3440
3440 3441 3439
3441 3440 3442
3442 3443 3441
3443 3442 3444
3444 3445 3443
3445 3444 3446
3447 3445 3446
3448 3449 3450
3449 3451 3450
3451 3449 3452
3452 3453 3451
3453 3452 3454
3455 3453 3454
3453 3455 3456
3450 3457 3448
3457 3450 3458
3457 3459 3448
3459 3452 3449
3448 3459 3449
3459 3457 3460
3461 3450 3451
3450 3461 3458
3460 3462 3459
3452 3459 3462
3462 3454 3452
3462 3460 3463
3464 3451 3453
3451 3464 3461
3456 3464 3453
3465 3462 3463
3462 3465 3466
3454 3462 3466
3466 3455 3454
3464 3456 3467
3465 3468 3466
3455 3466 3468
3468 3465 3469
3470 3456 3455
3456 3470 3471
3472 3471 3470
3471 3472 3473
3472 3474 3473
3474 3472 3475
3476 3474 3475
3477 3474 3476
3474 3477 3478
3479 3477 3476
3476 3475 3479
3477 3479 3480
3481 3474 3478
3474 3481 3473
3482 3480 3479
3482 3475 3472
3475 3482 3479
3470 3482 3472
3480 3482 3483
3484 3473 3481
3473 3484 3471
3482 3485 3483
3485 3482 3486
3484 3456 3471
3456 3484 3467
3468 3485 3486
3485 3468 3469
3482 3470 3486
3455 3486 3470
3486 3455 3468
3487 3488 3489
3490 3487 3489
3487 3490 3491
3491 3492 3487
3492 3493 3487
3487 3493 3488
3493 3492 3494
3493 3494 3495
3492 3491 3496
3497 3490 3489
3490 3497 3498
3499 3498 3497
3500 3499 3497
3499 3500 3501
3500 3502 3501
3502 3500 3503
3504 3502 3503
3502 3504 3505
3498 3499 3506
3507 3500 3497
3503 3500 3507
3508 3503 3507
3508 3504 3503
3504 3508 3509
3510 3509 3508
3510 3508 3488
3509 3510 3511
3512 3499 3501
3502 3512 3501
3499 3512 3513
3513 3506 3499
3512 3502 3514
3505 3514 3502
3514 3505 3515
3506 3513 3516
3515 3517 3514
3517 3515 3518
3519 3514 3517
3514 3519 3512
3519 3513 3512
3513 3519 3520
3521 3513 3520
3513 3521 3516
3511 3510 3522
3510 3495 3522
3523 3522 3495
3522 3523 3524
3525 3524 3523
3526 3525 3523
3494 3526 3523
3495 3494 3523
3494 3527 3526
3527 3494 3492
3496 3527 3492
3527 3496 3528
3529 3526 3527
3528 3529 3527
3526 3529 3530
3525 3526 3530
3524 3525 3531
3529 3528 3532
3510 3493 3495
3510 3488 3493
3488 3533 3489
3489 3533 3507
3489 3507 3497
3508 3533 3488
3533 3508 3507
3534 3535 3536
3535 3534 3537
3538 3537 3534
3537 3538 3539
3537 3540 3535
3540 3537 3541
3539 3541 3537
3542 3540 3541
3540 3542 3543
3544 3543 3542
3543 3544 3545
3546 3544 3542
3541 3546 3542
3544 3546 3547
3546 3541 3548
3541 3539 3548
3535 3549 3536
3549 3535 3550
3545 3551 3543
3551 3540 3543
3551 3545 3552
3540 3551 3553
3553 3535 3540
3535 3553 3550
3554 3547 3546
3547 3554 3555
3556 3555 3554
3555 3556 3557
3558 3557 3556
3557 3558 3559
3560 3559 3558
3559 3560 3561
3556 3554 3562
3563 3558 3556
3556 3562 3563
3558 3563 3564
3564 3560 3558
3560 3564 3565
3563 3566 3564
3566 3565 3564
3566 3563 3567
3563 3562 3567
3567 3568 3566
3568 3567 3569
3570 3569 3567
3567 3562 3570
3569 3570 3571
3568 3572 3566
3565 3566 3572
3572 3568 3573
3573 3574 3572
3574 3565 3572
3574 3573 3575
3575 3576 3574
3576 3575 3577
3576 3578 3574
3565 3574 3578
3578 3576 3579
3579 3580 3578
3580 3579 3581
3581 3582 3580
3582 3581 3583
3561 3580 3582
3580 3561 3560
3560 3578 3580
3578 3560 3565
3571 3539 3538
3539 3571 3570
3584 3539 3570
3539 3584 3548
3584 3546 3548
3546 3584 3554
3570 3562 3584
3562 3554 3584
3585 3586 3587
3586 3585 3588
3589 3586 3588
3586 3589 3590
3588 3591 3589
3591 3588 3592
3593 3591 3592
3591 3593 3594
3595 3594 3593
3594 3595 3596
3597 3589 3591
3589 3597 3598
3597 3599 3598
3600 3598 3599
3598 3600 3601
3589 3601 3590
3601 3589 3598
3599 3597 3602
3597 3603 3602
3603 3597 3604
3596 3604 3594
3591 3604 3597
3604 3591 3594
3604 3605 3603
3605 3604 3606
3604 3596 3606
3607 3608 3609
3608 3607 3610
3611 3607 3609
3607 3611 3612
3613 3612 3611
3612 3613 3614
3615 3612 3614
3612 3615 3616
3610 3617 3608
3617 3610 3618
3619 3608 3617
3608 3619 3620
3620 3609 3608
3621 3620 3619
3620 3621 3622
3623 3620 3622
3620 3623 3624
3609 3620 3624
3625 3624 3623
3624 3625 3626
3625 3627 3626
3627 3625 3628
3611 3627 3613
3627 3611 3626
3626 3609 3624
3609 3626 3611
3629 3622 3621
3622 3629 3630
3631 3628 3625
3623 3631 3625
3628 3631 3632
3631 3623 3633
3633 3622 3630
3622 3633 3623
3634 3635 3636
3635 3634 3637
3638 3636 3635
3636 3638 3639
3640 3639 3638
3639 3640 3641
3642 3641 3640
3641 3642 3643
3644 3643 3642
3643 3644 3645
3646 3645 3644
3645 3646 3647
3648 3647 3646
3647 3648 3649
3650 3649 3648
3649 3650 3651
3652 3651 3650
3651 3652 3653
3638 3654 3640
3640 3655 3642
3655 3640 3654
3656 3655 3654
3654 3657 3656
3658 3656 3657
3657 3659 3658
3659 3657 3660
3661 3659 3660
3659 3661 3662
3656 3658 3663
3663 3664 3656
3655 3656 3664
3664 3663 3665
3665 3666 3664
3666 3665 3667
3667 3668 3666
3668 3667 3669
3669 3670 3668
3670 3669 3671
3671 3672 3670
3672 3671 3673
3673 3674 3672
3674 3673 3675
3676 3661 3660
3660 3677 3676
3677 3660 3657
3657 3654 3677
3678 3666 3668
3666 3678 3679
3680 3668 3670
3668 3680 3678
3681 3670 3672
3670 3681 3680
3682 3672 3674
3672 3682 3681
3677 3635 3676
3635 3683 3676
3661 3676 3683
3683 3635 3637
3635 3677 3638
3654 3638 3677
3678 3644 3679
3642 3679 3644
3679 3642 3655
3664 3679 3655
3679 3664 3666
3644 3678 3646
3680 3646 3678
3646 3680 3648
3681 3648 3680
3648 3681 3650
3682 3650 3681
3650 3682 3652
3684 3661 3683
3637 3684 3683
3661 3684 3685
3685 3662 3661
3662 3685 3686
3684 3637 3687
3634 3687 3637
3687 3634 3688
3652 3689 3690
3689 3652 3682
3674 3689 3682
3689 3674 3691
3675 3691 3674
3691 3675 3692
3690 3653 3652
3653 3690 3693
3694 3695 3696
3695 3694 3697
3698 3695 3697
3695 3698 3699
3695 3700 3696
3700 3695 3701
3695 3702 3701
3702 3695 3699
3699 3703 3702
3703 3699 3704
3704 3699 3698
3705 3704 3698
3706 3704 3705
3704 3706 3707
3706 3708 3707
3708 3706 3709
3708 3710 3707
3707 3710 3704
3710 3703 3704
3710 3708 3711
3712 3709 3706
3705 3712 3706
3709 3712 3713
3712 3705 3714
3715 3713 3712
3713 3715 3716
3714 3717 3712
3717 3715 3712
3718 3717 3714
3718 3714 3705
3698 3718 3705
3697 3718 3698
3718 3697 3719
3697 3720 3719
3720 3697 3694
3720 3721 3719
3721 3720 3722
3717 3718 3723
3723 3719 3721
3719 3723 3718
3722 3724 3721
3724 3722 3725
3726 3716 3715
3717 3726 3715
3716 3726 3727
3726 3717 3728
3723 3728 3717
3728 3723 3729
3729 3721 3724
3721 3729 3723
3730 3729 3724
3729 3730 3731
3724 3732 3730
3732 3724 3725
3733 3727 3726
3728 3733 3726
3727 3733 3734
3733 3728 3735
3735 3729 3731
3729 3735 3728
3736 3737 3738
3737 3736 3739
3739 3740 3737
3740 3739 3741
3742 3740 3741
3740 3742 3743
3738 3744 3736
3744 3738 3745
3746 3744 3745
3744 3746 3747
3740 3748 3737
3748 3738 3737
3748 3740 3749
3743 3749 3740
3749 3750 3748
3750 3751 3748
3751 3745 3738
3738 3748 3751
3751 3750 3752
3752 3753 3751
3753 3746 3745
3745 3751 3753
3753 3752 3754
3754 3755 3753
3746 3753 3755
3755 3754 3756
3750 3749 3757
3758 3757 3749
3749 3743 3758
3757 3758 3759
3700 3744 3747
3744 3700 3701
3701 3736 3744
3736 3701 3702
3739 3736 3702
3760 3750 3757
3759 3760 3757
3750 3760 3761
3760 3759 3762
3754 3763 3756
3761 3752 3750
3752 3761 3764
3765 3752 3764
3763 3754 3765
3752 3765 3754
3703 3739 3702
3710 3739 3703
3739 3710 3741
3711 3741 3710
3741 3711 3742
3766 3767 3768
3767 3766 3769
3770 3769 3766
3769 3770 3771
3771 3770 3772
3773 3771 3772
3770 3774 3772
3768 3775 3766
3775 3776 3766
3777 3768 3767
3768 3777 3778
3779 3778 3777
3778 3779 3780
3768 3781 3775
3768 3782 3781
3783 3780 3779
3780 3783 3784
3785 3784 3783
3784 3785 3786
3785 3787 3786
3785 3788 3787
3787 3789 3786
3789 3790 3786
3791 3790 3789
3790 3791 3792
3791 3793 3792
3785 3794 3788
3793 3795 3792
3795 3796 3792
3797 3798 3799
3798 3797 3800
3800 3801 3798
3801 3800 3802
3802 3803 3801
3804 3803 3802
3801 3803 3805
3799 3798 3806
3806 3798 3807
3799 3808 3797
3808 3799 3809
3809 3810 3808
3810 3809 3811
3799 3806 3812
3799 3812 3813
3811 3814 3810
3814 3811 3815
3814 3815 3816
3815 3817 3816
3816 3817 3818
3816 3818 3819
3818 3817 3820
3820 3817 3821
3821 3822 3820
3822 3821 3823
3822 3823 3824
3816 3819 3825
3824 3823 3826
3826 3823 3827
3828 3829 3830
3829 3828 3831
3832 3830 3829
3830 3832 3833
3834 3833 3832
3833 3834 3835
3828 3836 3831
3836 3828 3837
3837 3838 3836
3838 3837 3839
3840 3838 3839
3838 3840 3841
3842 3841 3840
3841 3842 3843
3844 3843 3842
3843 3844 3845
3846 3847 3848
3847 3846 3849
3849 3850 3847
3850 3849 3851
3852 3853 3854
3853 3852 3855
3856 3857 3858
3857 3856 3859
3860 3861 3862
3861 3860 3863
3864 3865 3866
3865 3864 3867
3868 3869 3870
3869 3868 3871
3872 3873 3874
3873 3872 3875
3874 3876 3872
3876 3874 3877
3878 3879 3880
3879 3878 3881
3881 3882 3879
3882 3881 3883
3884 3882 3883
3882 3884 3885
3880 3886 3878
3886 3880 3887
3888 3885 3884
3885 3888 3889
3890 3889 3888
3889 3890 3891
3892 3891 3890
3891 3892 3893
3894 3895 3896
3895 3894 3897
3898 3897 3894
3897 3898 3899
3898 3900 3899
3900 3898 3901
3901 3902 3900
3902 3901 3903
3904 3905 3906
3905 3904 3907
3908 3907 3904
3907 3908 3909
3910 3906 3905
3906 3910 3911
3912 3913 3914
3913 3912 3915
3916 3914 3913
3914 3916 3917
3916 3918 3917
3918 3916 3919
3919 3920 3918
3920 3919 3921
3917 3922 3914
3922 3917 3923
3914 3924 3912
3924 3914 3922
3925 3918 3920
3918 3925 3926
3917 3926 3923
3926 3917 3918
3921 3927 3920
3927 3925 3920
3927 3921 3928
3929 3928 3921
3928 3929 3930
3930 3929 3931
3925 3927 3932
3932 3933 3925
3933 3932 3934
3935 3933 3934
3936 3937 3938
3936 3938 3939
3936 3939 3940
3936 3940 3941
3936 3941 3942
3936 3942 3943
3936 3943 3944
3936 3944 3945
3936 3945 3946
3936 3946 3947
3936 3947 3948
3936 3948 3949
3936 3949 3950
3936 3950 3951
3936 3951 3952
3953 3938 3937
3939 3954 3940
3954 3941 3940
3941 3954 3955
3955 3942 3941
3942 3955 3956
3956 3943 3942
3943 3956 3957
3957 3944 3943
3944 3957 3958
3958 3945 3944
3945 3958 3959
3959 3946 3945
3946 3959 3960
3960 3947 3946
3947 3960 3961
3961 3948 3947
3948 3961 3962
3963 3948 3962
3948 3963 3949
3964 3949 3963
3949 3964 3950
3965 3950 3964
3950 3965 3951
3966 3951 3965
3951 3966 3952
3967 3952 3966
3952 3967 3968
3936 3952 3968
3936 3968 3969
3936 3969 3970
3936 3970 3971
3936 3971 3937
3972 3968 3967
3968 3972 3969
3973 3969 3972
3969 3973 3970
3973 3971 3970
3971 3973 3974
3974 3937 3971
3937 3974 3953
3938 3953 3975
3976 3938 3975
3938 3976 3939
3954 3939 3976
3977 3978 3979
3980 3977 3979
3981 3980 3979
3982 3981 3979
3983 3982 3979
3984 3983 3979
3985 3984 3979
3986 3985 3979
3987 3986 3979
3988 3987 3979
3989 3988 3979
3990 3989 3979
3991 3990 3979
3992 3991 3979
3993 3992 3979
3994 3993 3979
3995 3994 3979
3996 3995 3979
3997 3996 3979
3978 3997 3979
3998 3999 4000
3999 3998 4001
3999 4002 4000
4002 3999 4003
4004 3999 4001
3999 4004 4005
4005 4003 3999
4006 4005 4004
4005 4006 4007
4008 4007 4006
4007 4008 4009
4010 4007 4009
4007 4010 4011
4011 4005 4007
4005 4011 4012
4003 4005 4012
4003 4013 4002
4013 4003 4014
4012 4014 4003
4015 4013 4014
4013 4015 4016
4017 4015 4014
4011 4017 4012
4014 4012 4017
4015 4017 4018
4019 4018 4017
4017 4011 4019
4018 4019 4020
4019 4021 4020
4021 4019 4022
4011 4022 4019
4022 4011 4010
4023 4016 4015
4018 4023 4015
4016 4023 4024
4025 4020 4021
4020 4025 4026
4027 4020 4026
4020 4027 4018
4023 4018 4027
4028 4024 4023
4027 4028 4023
4024 4028 4029
4028 4027 4030
4026 4030 4027
4030 4026 4031
4025 4031 4026
4031 4025 4032
4033 4029 4028
4029 4033 4034
4035 4034 4033
4034 4035 4036
4033 4037 4035
4037 4033 4038
4031 4038 4030
4038 4028 4030
4028 4038 4033
4039 4037 4038
4032 4039 4031
4038 4031 4039
4037 4039 4040
4041 4040 4039
4039 4032 4041
4040 4041 4042
4043 4036 4035
4036 4043 4044
4045 4044 4043
4044 4045 4046
4043 4047 4045
4047 4043 4048
4040 4048 4037
4035 4048 4043
4048 4035 4037
4049 4047 4048
4042 4049 4040
4048 4040 4049
4047 4049 4050
4051 4050 4049
4049 4042 4051
4050 4051 4052
4053 4054 4055
4054 4053 4056
4053 4057 4056
4057 4053 4058
4058 4059 4057
4059 4058 4060
4060 4061 4059
4061 4060 4062
4062 4063 4061
4063 4062 4064
4064 4065 4063
4065 4064 4066
4066 4067 4065
4067 4066 4068
4068 4069 4067
4069 4068 4070
4070 4071 4069
4071 4070 4072
4073 4057 4059
4057 4073 4074
4073 4075 4074
4076 4074 4075
4075 4077 4076
4078 4076 4077
4076 4078 4079
4077 4075 4080
4081 4080 4075
4075 4073 4081
4080 4081 4082
4083 4082 4081
4082 4083 4084
4085 4084 4083
4084 4085 4086
4087 4086 4085
4086 4087 4088
4089 4088 4087
4088 4089 4090
4091 4090 4089
4090 4091 4092
4093 4092 4091
4092 4093 4094
4081 4095 4083
4095 4081 4073
4096 4083 4095
4083 4096 4085
4097 4085 4096
4085 4097 4087
4098 4087 4097
4087 4098 4089
4099 4089 4098
4089 4099 4091
4100 4091 4099
4091 4100 4093
4059 4095 4073
4095 4059 4061
4061 4096 4095
4096 4061 4063
4063 4097 4096
4097 4063 4065
4065 4098 4097
4098 4065 4067
4067 4099 4098
4099 4067 4069
4069 4100 4099
4100 4069 4071
4101 4094 4093
4093 4102 4101
4102 4093 4100
4071 4102 4100
4102 4071 4103
4072 4103 4071
4103 4072 4104
4094 4101 4105
4106 4079 4107
4079 4106 4076
4074 4076 4106
4054 4106 4107
4106 4054 4056
4056 4074 4106
4074 4056 4057
4079 4108 4107
4108 4054 4107
4108 4079 4109
4078 4109 4079
4109 4078 4110
4054 4108 4111
4111 4055 4054
4055 4111 4112
4113 4114 4115
4114 4116 4115
4114 4117 4116
4114 4118 4117
4114 4119 4118
4114 4120 4119
4114 4121 4120
4114 4122 4121
4114 4123 4122
4114 4124 4123
4114 4125 4124
4114 4126 4125
4114 4127 4126
4114 4128 4127
4114 4129 4128
4114 4130 4129
4114 4131 4130
4114 4113 4131
4132 4133 4134
4133 4132 4135
4136 4134 4133
4134 4136 4137
4136 4138 4137
4139 4135 4132
4135 4139 4140
4139 4141 4140
4141 4139 4142
4135 4143 4133
4143 4135 4144
4140 4144 4135
4136 4133 4145
4145 4133 4143
4138 4136 4146
4146 4136 4145
4147 4140 4141
4140 4147 4148
4144 4140 4148
4143 4144 4149
4145 4143 4150
4150 4143 4149
4151 4145 4150
4145 4151 4146
4148 4147 4152
4153 4144 4148
4152 4153 4148
4144 4153 4154
4154 4149 4144
4149 4154 4155
4150 4149 4155
4150 4155 4156
4156 4151 4150
4153 4152 4157
4153 4158 4154
4158 4155 4154
4158 4153 4159
4157 4159 4153
4159 4160 4158
4160 4159 4161
4161 4162 4160
4162 4161 4163
4162 4164 4160
4164 4162 4165
4166 4164 4165
4164 4166 4167
4166 4168 4167
4168 4166 4169
4161 4170 4163
4170 4161 4171
4159 4171 4161
4172 4167 4168
4167 4172 4173
4174 4173 4172
4173 4174 4156
4156 4175 4173
4167 4175 4164
4175 4167 4173
4175 4156 4155
4155 4158 4175
4151 4156 4174
4160 4175 4158
4175 4160 4164
4171 4159 4176
4159 4157 4176
4177 4178 4179
4180 4177 4179
4177 4180 4181
4182 4181 4180
4181 4182 4183
4180 4184 4182
4184 4180 4185
4179 4185 4180
4185 4179 4186
4186 4187 4185
4187 4186 4188
4186 4189 4188
4189 4186 4190
4179 4190 4186
4190 4191 4189
4191 4190 4192
4190 4179 4193
4179 4178 4193
4178 4194 4193
4189 4195 4188
4195 4187 4188
4195 4189 4196
4191 4196 4189
4142 4181 4183
4181 4142 4139
4132 4181 4139
4181 4132 4177
4134 4177 4132
4177 4134 4178
4134 4194 4178
4194 4134 4137
4196 4197 4195
4197 4196 4198
4199 4198 4196
4198 4199 4200
4199 4201 4200
4201 4199 4202
4197 4203 4195
4203 4197 4204
4204 4205 4203
4205 4204 4206
4187 4195 4203
4203 4207 4187
4207 4203 4205
4191 4202 4199
4196 4191 4199
4202 4191 4208
4207 4185 4187
4185 4207 4184
4191 4209 4208
4192 4209 4191
4210 4209 4192
4210 4192 4211
4211 4192 4190
4211 4190 4193
4193 4194 4211
4194 4212 4211
4211 4212 4210
4194 4213 4212
4137 4213 4194
4137 4138 4213
4214 4215 4216
4215 4217 4216
4215 4218 4217
4215 4219 4218
4215 4220 4219
4215 4221 4220
4215 4222 4221
4215 4223 4222
4215 4224 4223
4215 4225 4224
4215 4226 4225
4215 4227 4226
4215 4228 4227
4215 4229 4228
4215 4230 4229
4215 4231 4230
4215 4232 4231
4215 4214 4232
4233 4234 4235
4234 4233 4236
4237 4238 4239
4238 4237 4240
4241 4242 4243
4242 4241 4244
4245 4246 4247
4246 4245 4248
4249 4250 4251
4250 4249 4252
4253 4254 4255
4254 4253 4256
4257 4258 4259
4258 4257 4260
4261 4259 4262
4259 4261 4263
4259 4264 4262
4264 4265 4262
4265 4264 4266
4267 4268 4269
4268 4267 4270
4271 4268 4270
4272 4271 4270
4271 4272 4273
4274 4275 4276
4275 4274 4277
4278 4276 4275
4276 4278 4279
4280 4281 4282
4281 4280 4283
4284 4285 4286
4285 4284 4287
