byte offset: 0
first index: 0
index count: 16509
topology: trianglelist
format: DXGI_FORMAT_R16_UINT

0 1 2
1 0 3
1 4 2
4 1 5
6 7 8
7 6 9
10 6 8
6 10 11
12 13 14
13 12 15
16 12 14
12 16 17
18 19 20
19 18 21
22 23 24
23 22 25
26 27 28
27 26 29
30 31 32
31 30 33
34 35 36
35 34 37
36 38 34
38 36 39
39 40 38
40 39 41
41 42 40
42 41 43
44 37 34
37 44 45
46 45 44
45 46 47
44 48 46
48 44 49
49 34 38
34 49 44
49 50 48
50 49 51
51 38 40
38 51 49
51 52 50
52 51 53
53 40 42
40 53 51
53 54 52
54 53 55
42 55 53
55 56 54
56 55 57
57 58 56
58 57 59
59 60 58
60 59 61
61 62 60
62 61 63
63 64 62
64 63 65
65 66 64
66 65 67
67 68 66
68 67 69
70 54 56
58 70 56
54 70 71
54 71 52
72 52 71
52 72 50
72 48 50
48 72 73
48 73 46
74 46 73
46 74 47
75 66 68
66 75 76
73 77 74
73 78 77
72 78 73
71 78 72
71 79 78
70 79 71
80 79 70
70 58 80
60 80 58
60 81 80
81 60 62
81 64 76
64 81 62
66 76 64
80 82 79
81 82 80
76 82 81
76 83 82
75 83 76
78 84 77
84 78 79
82 84 79
84 82 83
75 85 83
85 86 83
86 84 83
85 87 86
88 87 85
87 88 89
88 90 89
91 89 90
89 91 92
92 87 89
93 92 91
92 93 94
95 94 93
94 95 96
97 96 95
96 97 98
99 98 97
98 99 100
101 100 99
100 101 102
103 102 101
102 103 104
105 104 103
104 105 106
45 106 105
106 45 47
74 106 47
106 74 107
104 106 107
108 104 107
104 108 102
108 100 102
100 108 109
98 100 109
110 98 109
98 110 96
110 94 96
94 110 111
92 94 111
87 92 111
107 74 77
107 77 112
108 107 112
109 108 112
109 112 113
110 109 113
111 110 113
111 113 86
87 111 86
84 112 77
112 84 113
84 86 113
114 115 116
116 117 114
116 118 117
118 116 119
119 120 118
120 119 121
121 122 120
122 121 123
123 124 122
124 123 125
125 126 124
126 125 127
128 129 130
129 128 131
130 132 128
132 130 133
67 131 128
131 67 65
65 134 131
134 65 135
135 136 134
136 135 61
61 137 136
137 61 59
59 138 137
138 59 57
57 139 138
139 57 55
55 42 139
140 132 133
132 140 141
142 141 140
141 142 143
144 143 142
143 144 145
146 145 144
145 146 147
148 147 146
147 148 149
150 149 148
149 150 151
152 151 150
151 152 153
154 153 152
153 154 155
156 155 154
155 156 157
158 157 156
157 158 159
160 159 158
159 160 161
35 161 160
161 35 37
37 105 161
105 37 45
103 161 105
161 103 159
101 159 103
159 101 157
99 157 101
157 99 155
97 155 99
155 97 153
95 153 97
153 95 151
93 151 95
151 93 149
91 149 93
149 91 147
90 147 91
147 90 145
162 145 90
90 88 162
163 162 88
162 163 164
68 164 163
164 68 69
163 88 85
75 163 85
163 75 68
145 162 143
164 143 162
143 164 141
69 141 164
141 69 132
69 128 132
128 69 67
165 166 167
166 165 168
167 169 165
169 167 170
170 171 169
171 170 172
172 173 171
173 172 174
175 166 168
166 175 176
177 176 175
176 177 178
179 178 177
178 179 180
181 180 179
180 181 182
183 182 181
182 183 184
185 184 183
184 185 186
187 186 185
186 187 188
189 188 187
188 189 190
191 190 189
190 191 192
193 192 191
192 193 194
195 194 193
194 195 196
197 196 195
196 197 198
197 199 198
199 197 200
200 201 199
201 200 202
203 204 205
204 203 206
205 207 203
207 205 208
208 209 207
209 208 210
210 211 209
211 210 212
212 213 211
213 212 214
214 215 213
215 214 216
217 218 219
218 217 220
219 221 217
221 219 222
222 223 221
223 222 224
224 225 223
225 224 226
227 218 220
218 227 228
229 228 227
228 229 230
231 230 229
230 231 232
233 232 231
232 233 234
235 234 233
234 235 236
237 236 235
236 237 238
239 238 237
238 239 240
241 240 239
240 241 242
243 242 241
242 243 244
245 244 243
244 245 246
247 246 245
246 247 248
249 248 247
248 249 250
249 251 250
251 249 252
252 253 251
253 252 254
255 256 257
256 255 258
257 259 255
259 257 260
260 261 259
261 260 262
262 263 261
263 262 264
264 265 263
265 264 266
266 267 265
267 266 268
269 270 271
270 269 272
273 272 269
272 273 274
275 274 273
274 275 276
277 276 275
276 277 278
279 278 277
278 279 280
281 280 279
280 281 282
283 282 281
282 283 284
285 284 283
284 285 286
287 286 285
286 287 288
289 288 287
288 289 290
291 290 289
290 291 292
293 292 291
292 293 294
293 295 294
295 293 296
296 297 295
297 296 298
298 299 297
299 298 300
300 301 299
301 300 302
302 303 301
303 302 304
304 305 303
305 304 306
306 307 305
307 306 308
308 309 307
309 308 310
310 311 309
311 310 312
312 313 311
313 312 314
314 315 313
315 314 316
316 270 315
270 316 271
317 318 319
319 318 320
320 318 321
321 318 322
322 318 323
323 318 324
324 318 325
325 318 326
326 318 327
327 318 328
328 318 329
329 318 330
317 331 318
331 332 318
332 333 318
333 334 318
334 335 318
335 336 318
336 337 318
337 338 318
338 339 318
339 340 318
341 330 318
340 341 318
342 343 344
343 342 345
346 344 343
344 346 347
347 346 348
349 347 348
344 350 342
350 344 351
349 351 347
347 351 344
351 349 352
352 353 351
350 351 353
353 352 354
352 355 354
355 352 356
355 356 357
352 349 358
352 358 359
355 357 360
357 361 360
357 362 361
362 363 361
363 362 364
364 365 363
365 364 366
366 367 365
367 366 368
368 369 367
359 358 370
359 370 371
372 371 370
371 372 373
372 374 373
374 372 375
375 376 374
376 375 377
377 378 376
379 380 381
380 379 382
382 383 380
383 382 384
385 379 381
379 385 386
387 386 385
386 387 388
384 389 383
389 384 390
390 391 389
391 390 392
392 393 391
393 392 394
395 381 380
381 395 396
385 397 387
397 385 398
399 388 387
387 397 399
388 399 400
398 381 396
381 398 385
396 401 398
401 396 402
395 402 396
403 401 402
401 403 404
402 405 403
405 402 406
402 395 406
406 407 405
407 406 408
395 408 406
408 409 407
409 408 410
411 410 408
408 395 411
380 411 395
411 380 383
410 411 412
383 412 411
412 413 410
413 412 414
414 415 413
415 414 416
410 417 409
417 410 413
416 418 415
418 419 415
413 419 417
419 413 415
412 383 389
389 414 412
391 416 414
414 389 391
416 391 393
416 393 418
394 418 393
400 399 420
397 421 399
398 422 397
422 398 401
397 422 423
422 424 423
422 425 424
401 425 422
401 404 426
427 428 429
428 427 430
431 430 427
430 431 432
428 433 429
433 428 434
434 435 433
435 434 436
437 432 431
432 437 438
439 438 437
438 439 440
441 440 439
440 441 442
429 443 427
443 429 444
445 427 443
427 445 431
446 433 435
433 446 447
436 448 435
435 448 446
448 436 449
429 447 444
447 429 433
450 444 447
444 450 451
451 443 444
450 452 451
452 450 453
454 451 452
451 454 455
443 451 455
456 455 454
455 456 457
458 457 456
457 458 459
457 443 455
443 457 445
459 445 457
445 459 460
461 460 459
460 461 462
463 462 461
462 463 464
465 459 458
459 465 461
464 463 466
466 463 467
461 467 463
467 461 465
460 431 445
431 460 437
462 437 460
464 439 462
437 462 439
439 464 441
464 466 441
442 441 466
449 468 448
446 448 469
470 447 446
447 470 450
450 470 471
446 472 470
470 472 473
470 473 471
450 474 453
475 476 477
476 475 478
476 478 479
475 477 480
477 481 480
482 481 477
481 482 483
484 483 482
483 484 485
486 477 476
477 486 482
484 482 486
487 483 485
483 487 488
489 488 487
488 489 490
483 491 481
491 483 488
492 491 488
491 492 493
494 490 489
490 494 495
496 495 494
495 496 497
498 497 496
499 493 492
493 499 500
501 500 499
502 503 504
502 505 503
505 502 506
507 504 503
505 507 503
508 507 505
507 508 509
510 507 509
504 507 510
508 511 509
509 511 512
511 508 513
513 508 514
508 505 514
505 506 514
510 515 504
516 504 515
504 516 517
502 504 517
515 510 518
519 518 510
510 509 519
509 512 519
518 519 520
512 520 519
518 521 515
521 518 522
520 522 518
522 523 521
523 522 524
522 520 525
526 525 520
520 512 526
525 526 527
527 528 525
528 522 525
528 524 522
528 527 529
530 528 529
530 524 528
515 531 516
531 515 521
521 532 531
532 521 523
533 532 523
524 533 523
524 534 533
530 534 524
530 535 534
535 530 536
535 537 534
537 538 534
534 538 539
538 537 540
537 535 541
530 542 536
542 530 529
533 534 543
534 539 543
544 533 543
544 543 539
539 545 544
545 546 544
546 545 547
548 544 546
544 548 549
550 549 548
549 550 532
533 544 549
533 549 532
538 551 539
545 539 551
551 538 552
552 553 551
553 552 554
553 555 551
555 547 545
551 555 545
555 553 556
547 555 556
552 540 554
540 552 538
557 558 559
558 557 560
559 561 557
561 559 562
560 563 558
563 560 564
564 565 563
565 564 566
567 559 558
559 567 568
568 562 559
562 568 569
570 558 563
558 570 567
571 563 565
563 571 570
565 572 571
573 572 565
566 573 565
573 574 572
575 572 574
576 575 574
576 574 577
574 573 577
572 575 578
579 568 567
568 579 580
580 569 568
581 580 579
580 581 582
582 583 580
569 580 583
583 582 584
585 581 579
581 585 586
585 587 586
587 585 588
588 578 587
589 584 582
584 589 590
567 585 579
585 567 570
570 588 585
588 570 571
572 588 571
591 584 590
584 591 592
593 592 591
592 593 594
595 594 593
594 595 596
595 597 596
598 596 597
597 599 598
598 599 600
599 597 601
597 595 601
600 599 602
600 603 598
596 598 603
603 594 596
603 600 604
605 600 602
600 605 604
594 603 606
606 592 594
604 606 603
592 606 607
607 584 592
584 607 583
606 604 608
607 606 608
609 604 605
604 609 608
609 610 608
610 609 611
611 612 610
612 611 613
612 614 610
608 610 614
614 612 615
615 616 614
616 615 617
618 616 617
618 619 616
620 616 619
619 621 620
621 619 622
623 620 621
620 623 624
623 625 624
625 623 626
627 622 619
619 618 627
622 627 628
624 629 620
616 620 629
629 624 630
631 624 625
624 631 630
631 632 630
632 629 630
632 631 633
633 634 632
634 633 635
635 561 634
561 635 636
636 557 561
557 636 637
637 560 557
560 637 638
562 634 561
634 562 639
569 639 562
639 569 640
583 640 569
640 583 607
607 608 640
641 634 639
634 641 632
629 632 641
640 608 642
639 640 642
642 641 639
616 629 641
641 642 614
642 608 614
616 641 614
643 644 645
643 645 646
643 646 647
645 622 646
622 645 621
644 621 645
621 644 623
648 623 644
644 643 648
623 648 626
628 646 622
646 628 647
649 650 651
649 652 650
651 650 536
649 653 652
654 652 653
652 654 655
652 655 650
536 650 655
541 655 654
655 541 535
536 655 535
653 649 656
536 542 651
657 658 659
658 660 659
659 660 661
661 660 662
660 658 662
662 663 661
664 661 663
661 664 665
666 664 663
667 666 663
663 662 667
658 667 662
668 666 667
666 668 669
668 670 669
669 671 666
664 666 671
671 669 672
669 673 672
673 669 674
670 674 669
675 674 670
674 675 676
675 677 676
678 668 667
668 679 670
679 668 678
678 680 679
680 678 657
681 679 680
679 681 682
670 682 675
682 670 679
683 682 681
684 675 682
683 684 682
675 684 677
683 685 684
684 685 677
685 683 686
686 687 685
685 688 677
687 688 685
657 678 658
678 667 658
689 690 691
690 689 692
692 693 690
694 690 693
618 689 691
617 692 689
618 617 689
692 617 615
615 693 692
693 615 612
693 613 694
613 693 612
695 696 697
696 695 698
699 697 696
697 699 700
697 701 695
701 697 702
700 702 697
701 702 703
704 703 702
703 704 705
702 700 706
707 700 699
700 707 708
708 706 700
709 708 707
708 709 710
709 711 710
710 712 708
706 708 712
712 710 713
713 710 714
715 705 704
716 705 715
705 716 717
718 717 716
717 718 719
719 718 720
711 709 721
709 722 721
723 721 722
721 723 724
725 724 723
724 725 726
727 726 725
726 727 728
729 728 727
730 731 714
731 730 732
732 730 733
713 714 731
721 734 735
734 736 735
721 735 737
711 721 737
738 739 740
739 738 741
740 742 738
742 740 743
744 743 740
743 744 745
742 743 746
747 746 743
747 743 745
746 747 748
749 741 738
750 749 738
742 750 738
742 751 750
751 742 752
742 746 752
753 751 752
752 746 753
746 754 753
754 746 748
755 750 751
751 756 755
757 755 756
755 757 758
759 758 757
758 759 760
756 751 761
753 761 751
762 760 759
760 762 763
764 763 762
765 760 763
760 766 758
766 760 765
767 758 766
758 767 755
766 768 767
768 766 769
765 769 766
750 755 767
769 765 770
771 769 770
765 763 772
772 763 764
770 765 772
772 773 770
771 770 773
773 772 774
774 772 764
767 749 750
749 767 768
768 775 749
775 768 776
776 769 771
769 776 768
741 749 775
777 778 779
779 778 780
781 779 780
779 781 782
781 783 782
783 784 782
784 783 785
782 784 786
779 786 777
779 782 786
785 787 784
787 785 788
784 787 789
784 789 786
783 781 790
788 791 787
787 792 789
787 791 792
791 793 792
793 794 792
795 792 794
792 795 796
797 795 794
795 797 798
794 793 799
799 797 794
797 799 800
793 791 801
802 801 791
788 802 791
801 802 803
804 796 795
796 804 805
804 806 805
806 804 807
808 807 804
795 808 804
808 795 798
807 808 809
798 810 808
810 809 808
810 798 811
809 810 812
800 813 797
813 800 814
813 798 797
798 813 811
815 803 802
803 815 816
817 816 815
816 817 818
819 818 817
818 819 820
815 821 817
819 817 821
822 819 821
823 822 821
823 824 822
824 823 825
826 825 823
825 826 827
828 823 821
823 828 826
821 815 828
829 825 827
825 829 830
830 824 825
824 830 831
832 822 824
831 832 824
822 832 833
822 833 819
832 834 833
834 832 835
832 831 835
834 836 833
836 834 837
820 836 837
836 820 819
833 836 819
785 827 826
827 785 783
826 828 788
790 827 783
827 790 829
785 826 788
788 828 802
828 815 802
838 839 840
839 838 841
840 842 838
842 840 843
844 842 843
845 838 842
838 845 846
846 841 838
845 847 846
848 847 845
849 848 845
842 849 845
849 842 844
848 849 850
847 848 851
841 852 839
852 841 853
853 854 852
854 853 855
855 856 854
856 855 857
857 858 856
858 857 859
844 860 849
849 860 850
861 858 859
862 859 857
859 862 863
864 863 862
863 864 865
862 866 864
866 862 867
857 867 862
867 857 855
867 868 866
868 867 869
855 869 867
868 869 870
853 870 869
870 853 841
841 846 870
847 870 846
870 847 871
870 871 868
847 872 871
873 871 872
871 873 874
874 866 868
871 874 868
872 847 851
875 874 873
874 875 876
866 874 876
877 876 875
876 877 878
878 877 879
869 855 853
864 876 878
876 864 866
864 878 880
880 878 879
778 880 879
880 778 777
864 880 865
865 880 777
881 865 777
881 882 865
882 881 789
786 789 881
786 881 777
882 863 865
863 882 883
883 882 796
796 861 883
792 882 789
882 792 796
859 863 883
883 861 859
796 805 861
778 884 780
885 886 887
886 885 888
811 888 885
889 811 885
887 889 885
811 889 810
890 810 889
889 891 890
891 889 892
889 887 892
893 892 887
886 893 887
892 893 891
893 886 894
888 894 886
810 890 812
888 811 813
814 888 813
888 814 895
894 888 895
896 740 739
740 896 744
897 744 896
898 897 896
897 898 899
899 900 897
900 899 901
744 897 902
903 744 902
902 904 903
904 902 905
897 905 902
744 903 745
906 745 903
903 907 906
908 906 907
906 908 909
747 906 909
906 747 745
907 903 910
911 908 907
910 911 907
911 910 912
912 913 911
914 911 913
913 915 914
915 913 916
913 912 916
911 914 917
911 917 908
905 918 904
748 747 909
919 915 920
921 919 920
919 921 922
923 922 921
922 923 924
925 924 923
924 925 926
925 927 926
927 925 928
927 928 929
928 930 929
931 918 932
931 932 933
932 934 933
934 932 905
905 897 934
918 905 932
931 935 936
935 901 936
901 935 900
937 931 938
939 937 938
937 939 940
941 940 939
940 941 903
941 942 903
942 941 943
943 944 942
944 943 945
945 946 944
946 945 947
915 946 947
843 860 844
948 949 950
951 949 948
949 951 952
953 952 951
952 953 954
955 954 953
954 955 956
957 956 955
956 957 958
952 959 949
959 952 960
954 960 952
960 954 961
956 961 954
958 962 956
961 956 962
962 963 961
964 963 962
962 958 964
963 964 965
966 964 958
964 966 967
967 965 964
966 968 967
968 966 969
969 970 968
970 969 971
971 972 970
973 970 972
970 973 974
974 968 970
972 971 975
976 975 971
975 976 977
978 972 975
977 978 975
972 978 979
979 973 972
980 979 978
979 980 981
982 981 980
980 983 982
983 980 984
978 984 980
981 982 985
978 977 986
984 978 986
971 987 976
973 979 988
981 988 979
989 973 988
973 989 990
988 991 989
991 988 992
988 981 992
985 992 981
990 974 973
974 990 993
993 994 974
994 993 995
996 994 995
994 996 997
998 997 996
997 998 965
968 974 994
997 968 994
968 997 967
965 967 997
999 965 998
965 999 963
963 999 1000
992 1001 991
1001 992 1002
992 985 1002
1003 1002 985
985 1004 1003
1004 985 982
983 1004 982
1004 983 1005
1005 1006 1004
1006 1003 1004
1006 1005 1007
1007 1008 1006
1008 1009 1006
1003 1006 1009
1002 1003 1010
1010 1001 1002
1009 1010 1003
1009 1011 1010
1008 1011 1009
1010 1011 1012
1001 1010 1012
1013 961 1000
961 1013 960
1014 960 1013
960 1014 959
1015 959 1014
959 1015 1016
1015 1017 1016
1017 1015 1018
1016 1017 950
1019 950 1017
949 1016 950
949 959 1016
1020 1017 1018
1017 1020 1021
1021 1022 1017
1019 1017 1022
1020 1023 1021
1023 1020 1024
1024 1025 1023
1026 1023 1025
1023 1026 1027
1027 1022 1021
1027 1021 1023
1028 1022 1027
1027 1029 1028
1029 1027 1026
1026 1030 1029
1030 1026 1031
1025 1031 1026
1031 1032 1030
1032 1031 1033
1033 1034 1032
1034 1033 1035
1031 1025 1036
1036 1033 1031
1037 1035 1033
1033 1036 1037
1037 1036 1038
1038 1039 1037
1035 1037 1039
1039 1038 1040
1039 1041 1035
1041 1034 1035
1041 1039 1042
1040 1042 1039
1043 1041 1042
1041 1043 1044
1045 1044 1043
1044 1045 1046
1047 1046 1045
1045 1048 1047
1048 1045 1049
1043 1049 1045
1046 1047 1050
1050 1051 1046
1051 1050 1052
1047 1053 1050
1053 1052 1050
1053 1047 1054
1048 1054 1047
1054 1055 1053
1055 1054 1056
1056 1057 1055
1058 1055 1057
1055 1058 1059
1059 1053 1055
1057 1056 1060
1052 1053 1061
1053 1059 1061
1062 1046 1051
1046 1062 1044
1063 1044 1062
1044 1063 1041
1034 1041 1063
1064 1056 1054
1054 1048 1064
1048 1065 1064
1065 1048 1066
1067 1064 1065
1064 1067 1068
1056 1064 1068
1068 1060 1056
1049 1066 1048
1066 1049 1069
1070 1069 1049
1069 1070 1071
1070 1072 1071
1072 1070 1073
1073 1074 1072
1074 1073 1040
1049 1043 1070
1043 1073 1070
1073 1043 1042
1042 1040 1073
1040 1075 1074
1075 1040 1038
1076 1068 1067
1068 1076 1077
1060 1068 1077
1077 1078 1060
1079 1060 1078
1060 1079 1057
1079 1058 1057
1058 1079 1080
1081 1080 1079
1078 1081 1079
1080 1081 1082
1082 1081 1083
1083 1081 1084
1081 1078 1084
1078 1077 1085
1076 1085 1077
1084 1078 1085
1084 1085 1086
1083 1084 1086
1085 1087 1086
1085 1076 1087
987 971 969
966 987 969
987 966 1088
958 1088 966
1088 958 957
1089 976 987
976 1089 1090
977 976 1090
1091 1092 1093
1094 1092 1091
1092 1094 1095
1095 1096 1092
1097 1092 1096
1097 1093 1092
1096 1095 1098
1099 1093 1097
1097 1100 1099
1101 1099 1100
1099 1101 1102
1100 1097 1103
1096 1103 1097
1104 1102 1101
1102 1104 1105
1106 1105 1104
1105 1106 1107
1100 1108 1101
1103 1108 1100
1109 1106 1104
1109 1101 1108
1101 1109 1104
1106 1109 1110
1105 1111 1102
1111 1105 1112
1107 1112 1105
1112 1113 1111
1114 1111 1113
1111 1114 1115
1115 1102 1111
1113 1112 1116
1117 1116 1112
1102 1115 1099
1093 1099 1115
1112 1107 1118
1117 1112 1118
1119 1109 1108
1109 1119 1120
1120 1110 1109
1121 1120 1119
1120 1121 1122
1122 1123 1120
1110 1120 1123
1123 1122 1124
1119 1125 1121
1126 1121 1125
1121 1126 1127
1127 1122 1121
1125 1098 1126
1098 1125 1096
1103 1096 1125
1125 1119 1103
1122 1127 1128
1128 1124 1122
1124 1128 1129
1108 1103 1119
1130 1126 1098
1126 1130 1131
1131 1127 1126
1127 1131 1132
1132 1128 1127
1130 1133 1131
1133 1132 1131
1133 1130 1134
1132 1133 1135
1134 1136 1133
1136 1135 1133
1136 1134 1137
1128 1132 1138
1138 1129 1128
1135 1138 1132
1129 1138 1139
1138 1135 1140
1140 1139 1138
1141 1140 1135
1139 1140 1142
1143 1142 1140
1140 1141 1143
1135 1136 1144
1141 1135 1144
1134 1130 1145
1146 1145 1130
1145 1146 1147
1146 1130 1098
1095 1146 1098
1148 1145 1147
1148 1149 1145
1145 1149 1134
1149 1137 1134
1137 1149 1150
1151 1150 1149
1149 1148 1151
1150 1151 1152
1153 1150 1152
1147 1154 1148
1147 1146 1155
1095 1155 1146
1156 1147 1155
1156 1157 1147
1147 1157 1154
1158 1157 1156
1158 1159 1157
1160 1159 1158
1158 1161 1160
1161 1158 1156
1162 1161 1156
1163 1162 1156
1164 1137 1150
1164 1150 1153
1165 1137 1164
1137 1165 1136
1164 1153 1166
1164 1166 1167
1168 1165 1164
1167 1168 1164
1168 1169 1165
1165 1169 1170
1165 1170 1136
1170 1144 1136
1170 1169 1171
1171 1172 1170
1144 1170 1172
1141 1144 1172
1143 1141 1172
1171 1173 1172
1173 1174 1172
1174 1175 1172
1175 1176 1172
1172 1176 1143
1175 1177 1176
1143 1176 1177
1177 1178 1143
1179 1177 1175
1180 1177 1179
1181 1177 1180
1181 1182 1177
1177 1182 1183
1178 1177 1183
1178 1183 1184
1185 1184 1183
1185 1183 1182
1184 1185 1186
1186 1187 1184
1187 1186 1188
1188 1189 1187
1189 1188 1190
1190 1191 1189
1191 1190 1192
1193 1192 1190
1192 1193 1194
1195 1194 1193
1194 1195 1196
1194 1197 1192
1197 1194 1198
1198 1194 1196
1198 1196 1199
1198 1200 1197
1200 1198 1201
1199 1201 1198
1201 1202 1200
1202 1201 1203
1203 1204 1202
1204 1203 1205
1205 1106 1204
1106 1205 1107
1200 1202 1206
1206 1197 1200
1106 1207 1204
1202 1207 1206
1207 1202 1204
1207 1106 1110
1201 1199 1208
1208 1203 1201
1209 1205 1203
1203 1208 1209
1210 1209 1208
1209 1210 1211
1211 1212 1209
1205 1209 1212
1212 1107 1205
1212 1211 1213
1214 1212 1213
1107 1212 1118
1214 1118 1212
1207 1215 1206
1215 1207 1216
1110 1216 1207
1216 1191 1215
1191 1216 1217
1123 1217 1216
1216 1110 1123
1217 1123 1124
1192 1215 1191
1215 1192 1197
1217 1189 1191
1189 1217 1218
1124 1218 1217
1218 1124 1129
1197 1206 1215
1218 1187 1189
1187 1218 1219
1129 1219 1218
1219 1129 1139
1219 1184 1187
1184 1219 1220
1139 1220 1219
1220 1139 1142
1220 1142 1143
1143 1178 1220
1178 1184 1220
1115 1221 1093
1221 1115 1114
1091 1093 1221
1155 1095 1094
1155 1094 1156
1118 1222 1117
1118 1214 1222
1025 1024 1223
1223 1036 1025
1036 1223 1224
1038 1036 1224
1038 1224 1075
1052 1225 1051
1226 1051 1225
1051 1226 1062
1227 1228 1199
1228 1208 1199
1208 1228 1210
1227 1199 1196
1196 1229 1227
1229 1196 1195
1195 1230 1229
1230 1195 1231
1195 1193 1231
1231 1193 1232
1190 1232 1193
1232 1190 1188
1186 1232 1188
1232 1186 1233
1185 1233 1186
1233 1185 1234
1233 1235 1232
1231 1232 1235
1235 1236 1231
1236 1230 1231
1235 1233 1237
1234 1237 1233
1238 1235 1237
1236 1235 1238
1237 1234 1239
1239 1240 1237
1237 1240 1238
1240 1239 1241
1242 1241 1239
1238 1243 1236
1236 1243 1244
1245 1236 1244
1246 1245 1244
1246 1244 1247
1248 1246 1247
1246 1248 1249
1249 1245 1246
1250 1245 1249
1245 1230 1236
1251 1245 1250
1252 1242 1239
1252 1253 1242
1252 1254 1253
1254 1252 1255
1255 1252 1256
1234 1256 1252
1256 1234 1185
1256 1185 1182
1256 1182 1257
1255 1256 1257
1182 1181 1257
1252 1239 1234
1230 1245 1229
963 1000 961
588 572 578
1258 1259 1260
1261 1260 1259
1260 1261 1262
1263 1260 1262
1264 1260 1263
1260 1264 1258
1265 1266 1267
1266 1265 1268
1267 1269 1265
1269 1267 1270
1266 1271 1267
1271 1270 1267
1271 1266 1272
1273 1271 1272
1271 1273 1274
1275 1274 1273
1274 1275 1276
1270 1271 1277
1278 1271 1274
1271 1278 1277
1279 1274 1276
1274 1279 1278
1280 1269 1270
1269 1280 1281
1282 1281 1280
1281 1282 1283
1284 1283 1282
1283 1284 1285
1280 1286 1282
1286 1284 1282
1286 1280 1287
1288 1286 1287
1288 1277 1278
1277 1288 1287
1279 1288 1278
1286 1288 1289
1290 1289 1288
1288 1279 1290
1289 1290 1291
1284 1286 1292
1293 1286 1289
1286 1293 1292
1294 1289 1291
1289 1294 1293
1270 1287 1280
1287 1270 1277
1295 1296 1297
1296 1295 1298
1299 1298 1295
1295 1300 1299
1300 1295 1301
1302 1300 1301
1300 1302 1303
1302 1304 1303
1304 1302 1305
1298 1299 1306
1307 1295 1297
1295 1307 1301
1307 1302 1301
1302 1307 1308
1309 1302 1308
1302 1309 1305
1310 1311 1312
1311 1313 1312
1313 1311 1314
1315 1313 1314
1313 1315 1316
1316 1317 1313
1317 1312 1313
1317 1316 1318
1314 1319 1315
1319 1314 1320
1312 1317 1321
1322 1312 1321
1310 1312 1322
1314 1323 1320
1323 1314 1311
1324 1323 1311
1324 1311 1310
1325 1326 1327
1326 1328 1327
1328 1326 1329
1330 1328 1329
1328 1330 1331
1331 1332 1328
1332 1327 1328
1332 1331 1333
1333 1334 1332
1334 1333 1335
1327 1332 1336
1334 1336 1332
1337 1327 1336
1325 1327 1337
1337 1336 1338
1336 1334 1339
1338 1336 1339
1340 1341 1342
1341 1340 1343
1342 1341 1344
1341 1345 1344
1345 1341 1346
1343 1346 1341
1347 1345 1346
1345 1347 1348
1346 1349 1347
1349 1346 1350
1346 1343 1350
1348 1351 1345
1351 1352 1345
1352 1344 1345
1351 1348 1353
1353 1354 1351
1354 1352 1351
1354 1353 1355
1355 1356 1354
1356 1355 1357
1358 1354 1356
1354 1358 1359
1352 1354 1359
1360 1352 1359
1352 1360 1361
1362 1361 1360
1360 1363 1362
1363 1360 1364
1359 1364 1360
1364 1359 1358
1361 1362 1365
1362 1366 1365
1366 1362 1367
1362 1368 1367
1368 1362 1363
1368 1369 1367
1367 1369 1370
1366 1367 1370
1369 1368 1371
1372 1366 1370
1366 1372 1373
1373 1365 1366
1364 1374 1363
1374 1364 1375
1375 1376 1374
1376 1375 1377
1378 1377 1375
1377 1378 1379
1380 1379 1378
1379 1380 1381
1382 1381 1380
1381 1382 1383
1376 1384 1374
1384 1376 1385
1377 1386 1376
1386 1377 1387
1379 1387 1377
1383 1388 1381
1388 1383 1389
1387 1379 1390
1390 1381 1388
1381 1390 1379
1391 1376 1386
1376 1391 1385
1380 1357 1382
1357 1380 1356
1356 1380 1358
1384 1385 1392
1371 1384 1392
1384 1371 1368
1363 1384 1368
1384 1363 1374
1375 1358 1378
1358 1375 1364
1380 1378 1358
1393 1394 1395
1395 1396 1393
1396 1395 1397
1398 1397 1395
1399 1398 1395
1399 1395 1394
1400 1398 1399
1398 1400 1401
1401 1402 1398
1397 1398 1402
1402 1401 1403
1394 1404 1399
1404 1394 1405
1406 1404 1405
1404 1406 1407
1408 1407 1406
1407 1408 1409
1410 1404 1407
1409 1410 1407
1404 1410 1411
1399 1411 1400
1411 1399 1404
1410 1409 1412
1405 1413 1406
1413 1405 1414
1406 1415 1408
1415 1406 1413
1416 1412 1409
1412 1416 1417
1418 1417 1416
1417 1418 1419
1416 1420 1418
1420 1416 1421
1409 1421 1416
1421 1409 1408
1421 1422 1420
1422 1421 1423
1423 1408 1415
1408 1423 1421
1424 1420 1422
1420 1424 1425
1425 1418 1420
1426 1419 1418
1418 1425 1426
1419 1426 1427
1428 1414 1405
1394 1428 1405
1394 1429 1428
1429 1394 1430
1431 1430 1394
1431 1432 1430
1430 1433 1429
1433 1430 1434
1432 1434 1430
1435 1433 1434
1435 1434 1436
1434 1432 1436
1437 1438 1439
1439 1438 1440
1440 1441 1439
1442 1441 1440
1441 1442 1443
1444 1438 1437
1438 1444 1445
1445 1440 1438
1440 1445 1442
1446 1442 1445
1445 1447 1446
1445 1444 1447
1446 1447 1365
1365 1373 1446
1442 1446 1373
1442 1373 1372
1443 1442 1372
1447 1361 1365
1447 1344 1361
1344 1352 1361
1447 1342 1344
1448 1449 1450
1449 1448 1451
1452 1451 1448
1451 1452 1453
1454 1450 1449
1450 1454 1455
1349 1350 1456
1350 1457 1456
1350 1458 1457
1458 1350 1343
1343 1459 1458
1459 1343 1340
1460 1461 1462
1461 1397 1462
1461 1396 1397
1402 1462 1397
1462 1402 1463
1463 1464 1462
1460 1462 1464
1464 1463 1465
1463 1402 1466
1465 1463 1466
1466 1402 1403
1467 1468 1469
1468 1470 1469
1467 1471 1468
1471 1467 1472
1469 1473 1467
1473 1472 1467
1473 1469 1474
1475 1474 1469
1470 1475 1469
1470 1476 1475
1474 1475 1477
1475 1478 1477
1478 1475 1479
1476 1479 1475
1472 1473 1480
1474 1481 1473
1481 1480 1473
1481 1474 1482
1477 1482 1474
1482 1483 1481
1483 1482 1484
1485 1484 1482
1482 1477 1485
1484 1485 1486
1485 1487 1486
1487 1485 1488
1488 1477 1478
1477 1488 1485
1483 1489 1481
1480 1481 1489
1489 1483 1490
1484 1491 1483
1491 1490 1483
1491 1484 1492
1486 1492 1484
1492 1486 1493
1494 1486 1487
1486 1494 1493
1490 1491 1495
1492 1496 1491
1496 1495 1491
1496 1492 1497
1493 1497 1492
1497 1493 1498
1499 1493 1494
1493 1499 1498
1495 1496 1500
1497 1501 1496
1501 1500 1496
1501 1497 1502
1503 1501 1502
1501 1503 1504
1502 1505 1503
1505 1502 1506
1506 1497 1498
1497 1506 1502
1507 1505 1506
1507 1498 1499
1498 1507 1506
1505 1507 1508
1509 1501 1504
1501 1509 1510
1500 1501 1510
1511 1504 1503
1504 1511 1512
1513 1503 1505
1503 1513 1511
1508 1513 1505
1513 1508 1514
1515 1504 1512
1504 1515 1509
1516 1512 1511
1512 1516 1517
1518 1517 1516
1517 1518 1519
1516 1520 1518
1520 1516 1521
1521 1511 1513
1511 1521 1516
1514 1521 1513
1522 1520 1521
1521 1514 1522
1520 1522 1523
1524 1517 1519
1517 1524 1525
1525 1512 1517
1512 1525 1515
1526 1519 1518
1519 1526 1527
1528 1518 1520
1518 1528 1526
1523 1528 1520
1528 1523 1529
1530 1519 1527
1519 1530 1524
1531 1532 1533
1533 1532 1534
1533 1534 1535
1536 1535 1534
1535 1536 1537
1537 1538 1535
1538 1533 1535
1538 1537 1539
1539 1540 1538
1540 1533 1538
1540 1539 1541
1542 1540 1541
1540 1542 1543
1533 1540 1543
1544 1543 1542
1543 1544 1545
1533 1543 1545
1546 1545 1544
1545 1546 1547
1547 1533 1545
1548 1533 1547
1548 1547 1549
1549 1547 1546
1534 1550 1536
1551 1548 1549
1552 1548 1551
1531 1548 1552
1552 1551 1553
1554 1553 1551
1551 1549 1554
1553 1554 1555
1555 1556 1553
1556 1552 1553
1556 1555 1557
1557 1558 1556
1558 1552 1556
1558 1557 1559
1560 1558 1559
1558 1560 1561
1552 1558 1561
1562 1561 1560
1561 1562 1563
1552 1561 1563
1564 1563 1562
1563 1564 1565
1565 1552 1563
1566 1552 1565
1531 1552 1566
1531 1566 1567
1567 1566 1568
1567 1568 1569
1570 1569 1568
1569 1570 1571
1571 1572 1569
1572 1567 1569
1572 1571 1573
1573 1574 1572
1574 1567 1572
1574 1573 1575
1576 1574 1575
1574 1576 1577
1567 1574 1577
1578 1577 1576
1577 1578 1579
1567 1577 1579
1580 1579 1578
1579 1580 1581
1581 1567 1579
1582 1567 1581
1582 1581 1583
1583 1581 1580
1584 1582 1583
1585 1582 1584
1531 1582 1585
1585 1584 1586
1587 1586 1584
1584 1583 1587
1586 1587 1588
1588 1589 1586
1589 1585 1586
1589 1588 1590
1590 1591 1589
1591 1585 1589
1591 1590 1592
1593 1591 1592
1591 1593 1594
1585 1591 1594
1595 1594 1593
1594 1595 1596
1585 1594 1596
1597 1596 1595
1596 1597 1598
1598 1585 1596
1599 1585 1598
1531 1585 1599
1531 1599 1600
1600 1599 1601
1600 1601 1602
1603 1602 1601
1602 1603 1604
1604 1605 1602
1605 1600 1602
1605 1604 1606
1606 1607 1605
1607 1600 1605
1607 1606 1608
1609 1607 1608
1607 1609 1610
1600 1607 1610
1611 1610 1609
1610 1611 1612
1600 1610 1612
1613 1612 1611
1612 1613 1614
1614 1600 1612
1532 1600 1614
1532 1614 1550
1550 1614 1613
1534 1532 1550
1601 1615 1603
1601 1599 1615
1599 1598 1615
1615 1598 1597
1531 1600 1532
1531 1533 1548
1531 1567 1582
1616 1617 1618
1619 1617 1616
1618 1617 1620
1620 1617 1621
1621 1617 1622
1622 1617 1623
1623 1617 1624
1624 1617 1625
1626 1625 1617
1626 1617 1619
1626 1627 1625
1628 1625 1627
1629 1627 1626
1630 1627 1629
1631 1627 1630
1632 1627 1631
1633 1627 1632
1634 1627 1633
1635 1627 1634
1628 1627 1635
1628 1636 1625
1637 1625 1636
1638 1636 1628
1639 1636 1638
1640 1636 1639
1641 1636 1640
1642 1636 1641
1643 1636 1642
1644 1636 1643
1637 1636 1644
1645 1646 1637
1647 1646 1645
1648 1646 1647
1649 1646 1648
1650 1646 1649
1651 1646 1650
1652 1646 1651
1637 1646 1625
1653 1625 1646
1653 1646 1652
1653 1654 1625
1624 1625 1654
1655 1654 1653
1656 1654 1655
1657 1654 1656
1658 1654 1657
1659 1654 1658
1660 1654 1659
1661 1654 1660
1624 1654 1661
1568 1566 1662
1568 1662 1570
1566 1565 1662
1662 1565 1564
1663 1664 1665
1666 1665 1664
1667 1665 1666
1668 1665 1667
1669 1665 1668
1663 1665 1669
1663 1670 1664
1671 1664 1670
1672 1670 1663
1673 1670 1672
1674 1670 1673
1671 1670 1674
1671 1675 1664
1676 1664 1675
1677 1675 1671
1678 1675 1677
1679 1675 1678
1676 1675 1679
1676 1680 1664
1681 1664 1680
1682 1680 1676
1683 1680 1682
1684 1680 1683
1681 1680 1684
1681 1685 1664
1666 1664 1685
1686 1685 1681
1687 1685 1686
1688 1685 1687
1666 1685 1688
1689 1690 1691
1690 1689 1692
1691 1690 1693
1693 1690 1694
1690 1695 1694
1690 1696 1695
1690 1697 1696
1690 1698 1697
1690 1699 1698
1699 1690 1700
1700 1690 1701
1690 1692 1702
1703 1690 1702
1704 1690 1703
1690 1704 1705
1690 1705 1706
1707 1690 1706
1708 1690 1707
1690 1708 1709
1690 1709 1701
1710 1711 1712
1711 1710 1713
1714 1713 1710
1713 1714 1715
1716 1714 1710
1714 1716 1717
1718 1715 1714
1717 1718 1714
1715 1718 1719
1718 1717 1720
1718 1721 1719
1721 1718 1722
1718 1723 1722
1723 1718 1720
1722 1724 1721
1724 1722 1725
1725 1726 1724
1713 1727 1711
1727 1713 1728
1729 1727 1728
1727 1729 1730
1721 1731 1719
1732 1719 1731
1732 1733 1728
1729 1728 1733
1733 1732 1734
1731 1734 1732
1734 1735 1733
1735 1734 1736
1734 1737 1736
1737 1734 1738
1734 1731 1738
1738 1739 1737
1739 1738 1740
1738 1741 1740
1741 1738 1731
1741 1742 1740
1742 1741 1743
1728 1715 1732
1719 1732 1715
1731 1721 1741
1741 1724 1743
1724 1741 1721
1726 1743 1724
1743 1726 1744
1744 1745 1743
1742 1743 1745
1745 1744 1746
1747 1744 1726
1744 1747 1748
1725 1747 1726
1749 1747 1725
1749 1750 1747
1750 1749 1751
1722 1749 1725
1752 1749 1722
1752 1751 1749
1715 1728 1713
1753 1754 1755
1754 1753 1756
1753 1757 1756
1757 1753 1758
1758 1759 1757
1759 1758 1760
1759 1760 1761
1755 1762 1753
1753 1763 1758
1763 1753 1764
1753 1762 1764
1758 1765 1760
1758 1763 1765
1760 1765 1766
1760 1766 1761
1762 1767 1764
1764 1767 1768
1764 1768 1763
1765 1769 1766
1769 1763 1768
1763 1769 1765
1768 1770 1769
1759 1771 1757
1771 1759 1772
1773 1757 1771
1773 1756 1757
1756 1773 1774
1774 1775 1756
1775 1774 1776
1766 1769 1777
1778 1772 1759
1778 1779 1772
1780 1779 1778
1781 1780 1778
1781 1782 1780
1759 1761 1783
1716 1710 1784
1710 1785 1784
1785 1710 1712
1785 1786 1784
1786 1785 1787
1788 1786 1787
1786 1788 1789
1790 1717 1716
1717 1790 1791
1791 1720 1717
1720 1791 1792
1792 1723 1720
1723 1792 1793
1794 1795 1796
1795 1794 1797
1798 1794 1796
1794 1798 1799
1794 1800 1797
1800 1794 1801
1797 1800 1802
1803 1797 1802
1797 1803 1795
1803 1802 1804
1805 1800 1801
1805 1801 1794
1805 1794 1806
1806 1794 1799
1806 1807 1805
1807 1806 1808
1800 1805 1809
1810 1799 1798
1810 1811 1799
1803 1804 1812
1800 1813 1802
1802 1813 1814
1815 1816 1817
1815 1817 1818
1815 1818 1819
1820 1818 1817
1818 1820 1821
1821 1822 1818
1818 1822 1819
1822 1821 1823
1823 1824 1822
1819 1822 1824
1824 1825 1819
1824 1823 1826
1827 1821 1820
1821 1827 1828
1828 1823 1821
1823 1828 1829
1830 1823 1829
1823 1830 1826
1831 1828 1827
1828 1831 1832
1828 1832 1829
1829 1833 1830
1833 1829 1834
1832 1834 1829
1831 1835 1832
1832 1835 1836
1832 1836 1834
1837 1834 1836
1834 1837 1833
1836 1838 1837
1838 1836 1839
1840 1824 1826
1824 1840 1841
1842 1841 1840
1841 1842 1843
1841 1843 1844
1845 1842 1840
1842 1845 1846
1847 1846 1845
1837 1847 1833
1846 1847 1848
1847 1849 1848
1847 1837 1849
1850 1824 1841
1850 1841 1844
1826 1845 1840
1845 1826 1830
1830 1847 1845
1847 1830 1833
1825 1824 1850
1851 1852 1853
1852 1851 1854
1851 1855 1854
1855 1851 1856
1856 1857 1855
1857 1856 1858
1853 1859 1851
1859 1856 1851
1856 1859 1860
1860 1858 1856
1858 1860 1861
1859 1861 1860
1858 1861 1862
1857 1858 1862
1854 1863 1852
1863 1854 1864
1857 1865 1855
1854 1865 1864
1865 1854 1855
1865 1857 1866
1867 1866 1857
1868 1867 1857
1857 1862 1868
1867 1868 1869
1862 1861 1870
1868 1862 1870
1853 1871 1859
1827 1872 1831
1872 1835 1831
1835 1872 1873
1874 1730 1729
1730 1874 1875
1876 1877 1878
1878 1877 1879
1878 1879 1880
1881 1880 1879
1879 1877 1881
1880 1881 1882
1883 1880 1882
1880 1883 1884
1884 1878 1880
1885 1884 1883
1884 1885 1886
1886 1878 1884
1885 1887 1886
1878 1886 1887
1887 1885 1888
1888 1889 1887
1878 1887 1889
1889 1888 1890
1891 1889 1890
1889 1891 1892
1892 1878 1889
1893 1892 1891
1893 1878 1892
1876 1878 1893
1876 1893 1894
1894 1893 1895
1894 1895 1896
1897 1896 1895
1895 1893 1897
1896 1897 1898
1899 1896 1898
1896 1899 1900
1900 1894 1896
1901 1900 1899
1900 1901 1902
1902 1894 1900
1901 1903 1902
1894 1902 1903
1903 1901 1904
1904 1905 1903
1894 1903 1905
1905 1904 1906
1907 1905 1906
1905 1907 1908
1908 1894 1905
1909 1908 1907
1909 1894 1908
1876 1894 1909
1876 1909 1910
1910 1909 1911
1910 1911 1912
1913 1912 1911
1911 1909 1913
1912 1913 1914
1915 1912 1914
1912 1915 1916
1916 1910 1912
1917 1916 1915
1916 1917 1918
1918 1910 1916
1917 1919 1918
1910 1918 1919
1919 1917 1920
1920 1921 1919
1910 1919 1921
1921 1920 1922
1923 1921 1922
1921 1923 1924
1924 1910 1921
1925 1924 1923
1925 1910 1924
1876 1910 1925
1876 1925 1926
1926 1925 1927
1926 1927 1928
1929 1928 1927
1927 1925 1929
1928 1929 1930
1931 1928 1930
1928 1931 1932
1932 1926 1928
1933 1932 1931
1932 1933 1934
1934 1926 1932
1933 1935 1934
1926 1934 1935
1935 1933 1936
1936 1937 1935
1926 1935 1937
1937 1936 1938
1939 1937 1938
1937 1939 1940
1940 1926 1937
1941 1940 1939
1941 1926 1940
1876 1926 1941
1876 1941 1942
1942 1941 1943
1942 1943 1944
1945 1944 1943
1943 1941 1945
1944 1945 1946
1947 1944 1946
1944 1947 1948
1948 1942 1944
1949 1948 1947
1948 1949 1950
1950 1942 1948
1949 1951 1950
1942 1950 1951
1951 1949 1952
1952 1953 1951
1942 1951 1953
1953 1952 1954
1955 1953 1954
1953 1955 1956
1956 1942 1953
1877 1956 1955
1877 1942 1956
1876 1942 1877
1957 1958 1959
1960 1958 1957
1961 1958 1960
1962 1958 1961
1963 1958 1962
1959 1958 1964
1964 1958 1965
1965 1958 1963
1961 1966 1962
1960 1967 1961
1961 1967 1968
1968 1969 1961
1961 1969 1970
1971 1969 1968
1970 1969 1972
1972 1969 1973
1973 1969 1974
1974 1969 1975
1975 1969 1971
1970 1976 1961
1961 1976 1977
1978 1979 1977
1977 1979 1961
1961 1979 1980
1980 1979 1981
1981 1979 1982
1982 1979 1983
1983 1979 1984
1984 1979 1978
1980 1985 1961
1961 1985 1986
1986 1987 1961
1961 1987 1988
1989 1987 1986
1988 1987 1990
1990 1987 1991
1991 1987 1992
1992 1987 1993
1993 1987 1989
1988 1994 1961
1961 1994 1995
1996 1997 1995
1995 1997 1961
1961 1997 1998
1998 1997 1999
1999 1997 2000
2000 1997 2001
2001 1997 2002
2002 1997 1996
1998 1966 1961
2003 2004 2005
2006 2005 2004
2007 2005 2006
2008 2005 2007
2009 2005 2008
2003 2005 2009
2003 2010 2004
2011 2004 2010
2012 2010 2003
2013 2010 2012
2014 2010 2013
2011 2010 2014
2011 2015 2004
2016 2004 2015
2017 2015 2011
2018 2015 2017
2019 2015 2018
2016 2015 2019
2016 2020 2004
2021 2004 2020
2022 2020 2016
2023 2020 2022
2024 2020 2023
2021 2020 2024
2021 2025 2004
2006 2004 2025
2026 2025 2021
2027 2025 2026
2028 2025 2027
2006 2025 2028
2029 2030 2031
2030 2029 2032
2031 2030 2033
2033 2030 2034
2030 2035 2034
2030 2036 2035
2030 2037 2036
2030 2038 2037
2030 2039 2038
2039 2030 2040
2040 2030 2041
2030 2032 2042
2043 2030 2042
2044 2030 2043
2030 2044 2045
2030 2045 2046
2047 2030 2046
2048 2030 2047
2030 2048 2049
2030 2049 2041
2050 2051 2052
2052 2051 2053
2052 2053 2054
2055 2054 2053
2054 2055 2056
2056 2057 2054
2057 2052 2054
2057 2056 2058
2058 2059 2057
2059 2052 2057
2059 2058 2060
2061 2059 2060
2059 2061 2062
2052 2059 2062
2063 2062 2061
2062 2063 2064
2052 2062 2064
2065 2064 2063
2064 2065 2066
2066 2052 2064
2067 2052 2066
2067 2066 2068
2068 2066 2065
2053 2069 2055
2070 2067 2068
2071 2067 2070
2050 2067 2071
2071 2070 2072
2073 2072 2070
2070 2068 2073
2072 2073 2074
2074 2075 2072
2075 2071 2072
2075 2074 2076
2076 2077 2075
2077 2071 2075
2077 2076 2078
2079 2077 2078
2077 2079 2080
2071 2077 2080
2081 2080 2079
2080 2081 2082
2071 2080 2082
2083 2082 2081
2082 2083 2084
2084 2071 2082
2085 2071 2084
2050 2071 2085
2050 2085 2086
2086 2085 2087
2086 2087 2088
2089 2088 2087
2088 2089 2090
2090 2091 2088
2091 2086 2088
2091 2090 2092
2092 2093 2091
2093 2086 2091
2093 2092 2094
2095 2093 2094
2093 2095 2096
2086 2093 2096
2097 2096 2095
2096 2097 2098
2086 2096 2098
2099 2098 2097
2098 2099 2100
2100 2086 2098
2101 2086 2100
2101 2100 2102
2102 2100 2099
2103 2101 2102
2104 2101 2103
2050 2101 2104
2104 2103 2105
2106 2105 2103
2103 2102 2106
2105 2106 2107
2107 2108 2105
2108 2104 2105
2108 2107 2109
2109 2110 2108
2110 2104 2108
2110 2109 2111
2112 2110 2111
2110 2112 2113
2104 2110 2113
2114 2113 2112
2113 2114 2115
2104 2113 2115
2116 2115 2114
2115 2116 2117
2117 2104 2115
2118 2104 2117
2050 2104 2118
2050 2118 2119
2119 2118 2120
2119 2120 2121
2122 2121 2120
2121 2122 2123
2123 2124 2121
2124 2119 2121
2124 2123 2125
2125 2126 2124
2126 2119 2124
2126 2125 2127
2128 2126 2127
2126 2128 2129
2119 2126 2129
2130 2129 2128
2129 2130 2131
2119 2129 2131
2132 2131 2130
2131 2132 2133
2133 2119 2131
2051 2119 2133
2051 2133 2069
2069 2133 2132
2053 2051 2069
2120 2134 2122
2120 2118 2134
2118 2117 2134
2134 2117 2116
2050 2119 2051
2050 2052 2067
2050 2086 2101
2135 2136 2137
2138 2136 2135
2137 2136 2139
2139 2136 2140
2140 2136 2141
2141 2136 2142
2142 2136 2143
2143 2136 2144
2145 2144 2136
2145 2136 2138
2145 2146 2144
2147 2144 2146
2148 2146 2145
2149 2146 2148
2150 2146 2149
2151 2146 2150
2152 2146 2151
2153 2146 2152
2154 2146 2153
2147 2146 2154
2147 2155 2144
2156 2144 2155
2157 2155 2147
2158 2155 2157
2159 2155 2158
2160 2155 2159
2161 2155 2160
2162 2155 2161
2163 2155 2162
2156 2155 2163
2164 2165 2156
2166 2165 2164
2167 2165 2166
2168 2165 2167
2169 2165 2168
2170 2165 2169
2171 2165 2170
2156 2165 2144
2172 2144 2165
2172 2165 2171
2172 2173 2144
2143 2144 2173
2174 2173 2172
2175 2173 2174
2176 2173 2175
2177 2173 2176
2178 2173 2177
2179 2173 2178
2180 2173 2179
2143 2173 2180
2087 2085 2181
2087 2181 2089
2085 2084 2181
2181 2084 2083
2182 2183 2184
2182 2185 2183
2182 2186 2185
2182 2187 2186
2182 2188 2187
2182 2184 2188
2183 2189 2184
2189 2183 2190
2185 2190 2183
2190 2185 2191
2186 2191 2185
2191 2186 2192
2187 2192 2186
2192 2187 2193
2188 2193 2187
2193 2188 2194
2194 2184 2189
2184 2194 2188
2195 2189 2190
2195 2190 2191
2195 2191 2192
2195 2192 2193
2195 2193 2194
2195 2194 2189
2196 2197 2198
2196 2199 2197
2196 2200 2199
2196 2201 2200
2196 2202 2201
2196 2198 2202
2197 2203 2198
2203 2197 2204
2199 2204 2197
2204 2199 2205
2200 2205 2199
2205 2200 2206
2201 2206 2200
2206 2201 2207
2202 2207 2201
2207 2202 2208
2208 2198 2203
2198 2208 2202
2209 2203 2204
2209 2204 2205
2209 2205 2206
2209 2206 2207
2209 2207 2208
2209 2208 2203
2210 2211 2212
2210 2213 2211
2210 2214 2213
2210 2215 2214
2210 2216 2215
2210 2212 2216
2211 2217 2212
2217 2211 2218
2213 2218 2211
2218 2213 2219
2214 2219 2213
2219 2214 2220
2215 2220 2214
2220 2215 2221
2216 2221 2215
2221 2216 2222
2222 2212 2217
2212 2222 2216
2223 2217 2218
2223 2218 2219
2223 2219 2220
2223 2220 2221
2223 2221 2222
2223 2222 2217
2224 2225 2226
2227 2225 2224
2225 2227 2228
2229 2228 2227
2228 2229 2230
2224 2226 2231
2226 2232 2231
2232 2233 2231
2232 2234 2233
2234 2235 2233
2234 2236 2235
2236 2237 2235
2236 2238 2237
2238 2239 2237
2238 2240 2239
2240 2241 2239
2240 2242 2241
2242 2243 2241
2242 2244 2243
2244 2242 2245
2246 2244 2245
2244 2246 2247
2248 2247 2246
2247 2248 2249
2248 2250 2249
2250 2248 2251
2251 2252 2250
2252 2251 2253
2254 2252 2253
2252 2254 2255
2254 2256 2255
2257 2256 2254
2257 2258 2256
2259 2258 2257
2259 2260 2258
2261 2260 2259
2261 2262 2260
2263 2262 2261
2263 2264 2262
2265 2264 2263
2266 2264 2265
2267 2266 2265
2268 2266 2267
2268 2267 2269
2269 2270 2268
2270 2269 2271
2271 2272 2270
2272 2271 2273
2274 2275 2276
2275 2274 2277
2276 2278 2274
2278 2276 2279
2279 2280 2278
2280 2279 2281
2277 2282 2275
2282 2277 2283
2283 2284 2282
2284 2283 2285
2285 2286 2284
2286 2285 2287
2287 2288 2286
2288 2287 2289
2289 2290 2288
2290 2289 2291
2292 2290 2291
2290 2292 2293
2293 2292 2294
2295 2293 2294
2296 2295 2294
2295 2296 2297
2298 2297 2296
2297 2298 2299
2298 2300 2299
2300 2298 2301
2301 2302 2300
2302 2301 2303
2302 2303 2304
2304 2303 2305
2305 2306 2304
2306 2305 2307
2308 2306 2307
2306 2308 2309
2310 2309 2308
2309 2310 2311
2312 2311 2310
2311 2312 2313
2314 2313 2312
2313 2314 2315
2316 2315 2314
2315 2316 2317
2318 2317 2316
2317 2318 2319
2320 2319 2318
2319 2320 2321
2280 2321 2320
2321 2280 2281
2322 2323 2324
2323 2322 2325
2326 2324 2323
2324 2326 2327
2328 2327 2326
2327 2328 2329
2330 2325 2322
2325 2330 2331
2332 2329 2328
2329 2332 2333
2334 2333 2332
2333 2334 2335
2336 2335 2334
2335 2336 2337
2336 2338 2337
2338 2336 2339
2339 2340 2338
2340 2339 2341
2341 2342 2340
2342 2341 2343
2343 2344 2342
2344 2343 2345
2345 2346 2344
2346 2345 2347
2348 2346 2347
2346 2348 2349
2350 2349 2348
2349 2350 2351
2352 2351 2350
2351 2352 2353
2354 2353 2352
2353 2354 2355
2356 2355 2354
2355 2356 2357
2356 2358 2357
2358 2356 2359
2359 2360 2358
2360 2359 2361
2361 2362 2360
2362 2361 2363
2363 2364 2362
2364 2363 2365
2365 2366 2364
2366 2365 2367
2367 2368 2366
2368 2367 2369
2369 2330 2368
2330 2369 2331
2370 2371 2372
2371 2370 2373
2372 2374 2370
2374 2372 2375
2376 2371 2373
2371 2376 2377
2376 2378 2377
2376 2379 2378
2379 2380 2378
2379 2381 2380
2381 2382 2380
2381 2383 2382
2383 2384 2382
2383 2385 2384
2386 2384 2385
2386 2385 2387
2387 2388 2386
2388 2387 2389
2389 2390 2388
2390 2389 2391
2391 2392 2390
2392 2391 2393
2393 2394 2392
2394 2393 2395
2396 2397 2398
2397 2396 2399
2374 2399 2396
2399 2374 2375
2397 2400 2398
2400 2397 2401
2400 2401 2402
2400 2402 2403
2403 2402 2404
2403 2404 2405
2405 2404 2406
2405 2406 2407
2407 2406 2408
2407 2408 2409
2410 2409 2408
2410 2411 2409
2412 2411 2410
2411 2412 2413
2414 2413 2412
2413 2414 2415
2416 2415 2414
2415 2416 2417
2418 2417 2416
2417 2418 2419
2420 2421 2422
2420 2423 2421
2420 2422 2424
2422 2425 2424
2425 2426 2424
2425 2427 2426
2427 2428 2426
2428 2427 2429
2428 2429 2430
2429 2431 2430
2431 2429 2432
2433 2431 2432
2431 2433 2434
2423 2435 2421
2423 2436 2435
2436 2437 2435
2437 2436 2438
2437 2438 2439
2438 2440 2439
2440 2441 2439
2441 2440 2442
2441 2442 2443
2444 2445 2446
2445 2444 2447
2446 2448 2444
2448 2446 2449
2450 2448 2449
2448 2450 2451
2450 2452 2451
2452 2450 2453
2454 2452 2453
2452 2454 2455
2454 2456 2455
2456 2454 2457
2457 2458 2456
2458 2457 2459
2447 2460 2445
2460 2447 2461
2461 2462 2460
2462 2461 2463
2464 2462 2463
2462 2464 2465
2466 2465 2464
2465 2466 2467
2466 2468 2467
2468 2466 2469
2469 2470 2468
2470 2469 2471
2472 2470 2471
2470 2472 2473
2474 2473 2472
2473 2474 2475
2476 2475 2474
2475 2476 2477
2478 2477 2476
2477 2478 2479
2478 2480 2479
2480 2478 2481
2482 2480 2481
2480 2482 2483
2482 2484 2483
2484 2482 2485
2486 2484 2485
2484 2486 2487
2488 2487 2486
2487 2488 2489
2490 2491 2492
2491 2490 2493
2494 2493 2490
2493 2494 2495
2491 2496 2492
2496 2491 2497
2497 2498 2496
2498 2497 2499
2500 2498 2499
2498 2500 2501
2500 2502 2501
2502 2500 2503
2503 2504 2502
2504 2503 2505
2505 2506 2504
2506 2505 2507
2508 2506 2507
2506 2508 2509
2510 2509 2508
2509 2510 2511
2512 2511 2510
2511 2512 2513
2514 2515 2516
2517 2514 2516
2518 2514 2517
2518 2517 2519
2519 2520 2518
2519 2521 2520
2522 2520 2521
2520 2522 2523
2522 2524 2523
2524 2522 2525
2515 2526 2516
2515 2527 2526
2527 2528 2526
2527 2529 2528
2529 2530 2528
2529 2531 2530
2530 2531 2532
2531 2533 2532
2533 2534 2532
2533 2535 2534
2534 2535 2536
2535 2537 2536
2538 2539 2540
2539 2538 2541
2542 2543 2544
2544 2543 2545
2543 2546 2545
2545 2546 2547
2546 2548 2547
2548 2549 2547
2548 2550 2549
2551 2549 2550
2549 2551 2552
2551 2553 2552
2553 2551 2554
2542 2544 2555
2542 2555 2556
2555 2557 2556
2556 2557 2558
2557 2559 2558
2559 2560 2558
2559 2561 2560
2560 2561 2562
2561 2563 2562
2563 2564 2562
2563 2565 2564
2566 2567 2568
2567 2566 2569
2569 2570 2567
2570 2569 2571
2572 2566 2568
2566 2572 2573
2574 2573 2572
2573 2574 2575
2574 2576 2575
2576 2574 2577
2578 2576 2577
2576 2578 2579
2580 2579 2578
2579 2580 2581
2582 2581 2580
2581 2582 2583
2582 2584 2583
2584 2582 2585
2585 2586 2584
2586 2585 2587
2587 2588 2586
2588 2587 2589
2590 2591 2592
2593 2590 2592
2593 2594 2590
2594 2593 2595
2594 2595 2596
2595 2597 2596
2597 2595 2598
2599 2597 2598
2597 2599 2600
2591 2601 2592
2601 2591 2602
2601 2602 2603
2603 2602 2604
2603 2604 2605
2605 2604 2606
2605 2606 2607
2606 2608 2607
2608 2609 2607
2609 2608 2610
2609 2610 2611
2610 2612 2611
2612 2613 2611
2614 2615 2616
2615 2614 2617
2618 2619 2620
2621 2619 2618
2621 2622 2619
2618 2620 2623
2624 2623 2620
2619 2624 2620
2619 2625 2624
2622 2625 2619
2623 2624 2626
2627 2624 2625
2627 2626 2624
2626 2627 2628
2629 2628 2627
2629 2627 2630
2625 2630 2627
2625 2622 2630
2629 2630 2631
2628 2629 2632
2622 2633 2630
2631 2630 2633
2631 2633 2634
2635 2631 2634
2636 2629 2631
2636 2631 2635
2637 2636 2635
2638 2637 2635
2638 2635 2639
2639 2635 2640
2634 2640 2635
2640 2641 2639
2641 2642 2639
2642 2641 2643
2643 2644 2642
2644 2643 2645
2644 2646 2642
2646 2644 2647
2647 2648 2646
2648 2647 2649
2649 2650 2648
2650 2649 2651
2651 2652 2650
2652 2651 2653
2654 2639 2642
2655 2648 2650
2656 2655 2650
2650 2652 2656
2655 2656 2657
2658 2655 2657
2655 2658 2659
2660 2659 2658
2659 2660 2661
2659 2662 2655
2648 2655 2662
2662 2663 2648
2663 2662 2638
2662 2659 2664
2661 2664 2659
2662 2664 2665
2665 2638 2662
2666 2665 2664
2664 2661 2666
2665 2666 2667
2666 2668 2667
2668 2666 2669
2668 2669 2670
2670 2671 2668
2670 2672 2671
2672 2670 2673
2669 2674 2670
2675 2670 2674
2676 2675 2674
2677 2673 2670
2670 2675 2677
2677 2675 2678
2679 2673 2677
2673 2680 2672
2680 2673 2681
2679 2681 2673
2682 2681 2679
2683 2681 2682
2681 2683 2680
2678 2684 2677
2682 2679 2685
2686 2679 2677
2686 2677 2684
2679 2687 2685
2687 2679 2686
2676 2688 2675
2688 2676 2689
2689 2690 2688
2691 2688 2690
2688 2691 2692
2690 2689 2693
2689 2694 2693
2694 2689 2695
2690 2696 2691
2696 2690 2697
2693 2697 2690
2697 2698 2696
2698 2697 2699
2700 2698 2699
2701 2700 2699
2700 2701 2702
2698 2700 2703
2704 2702 2701
2702 2704 2705
2699 2706 2701
2706 2699 2697
2697 2693 2706
2694 2706 2693
2707 2701 2706
2701 2707 2704
2706 2694 2707
2708 2700 2702
2705 2708 2702
2708 2703 2700
2708 2705 2709
2709 2710 2708
2710 2709 2711
2712 2708 2710
2708 2712 2713
2703 2708 2713
2714 2712 2710
2714 2710 2711
2715 2716 2717
2716 2715 2718
2718 2719 2716
2715 2720 2718
2715 2721 2720
2721 2715 2722
2715 2723 2722
2723 2715 2724
2725 2722 2723
2722 2725 2726
2721 2722 2726
2727 2726 2725
2726 2727 2728
2728 2729 2726
2721 2726 2729
2729 2728 2730
2715 2731 2724
2720 2732 2718
2719 2718 2732
2732 2733 2719
2731 2734 2724
2734 2731 2735
2735 2736 2734
2736 2735 2737
2738 2734 2736
2734 2738 2739
2739 2724 2734
2740 2739 2738
2739 2740 2741
2742 2741 2740
2741 2742 2743
2741 2723 2739
2724 2739 2723
2723 2741 2725
2743 2725 2741
2725 2743 2727
2737 2744 2736
2744 2737 2745
2745 2746 2744
2746 2745 2747
2747 2748 2746
2749 2746 2748
2748 2750 2749
2750 2748 2751
2752 2751 2748
2747 2752 2748
2751 2752 2753
2746 2749 2754
2754 2744 2746
2744 2754 2755
2756 2749 2750
2749 2756 2757
2757 2754 2749
2757 2758 2754
2758 2755 2754
2755 2758 2759
2758 2760 2759
2760 2758 2761
2762 2761 2758
2756 2762 2757
2757 2762 2758
2762 2756 2763
2759 2738 2755
2736 2755 2738
2755 2736 2744
2738 2759 2740
2760 2740 2759
2740 2760 2742
2764 2763 2756
2763 2764 2765
2766 2765 2764
2767 2766 2764
2766 2767 2768
2769 2768 2767
2768 2769 2770
2770 2771 2768
2771 2766 2768
2771 2770 2772
2766 2771 2773
2773 2774 2766
2765 2766 2774
2774 2773 2775
2776 2772 2770
2772 2776 2777
2778 2770 2769
2770 2778 2779
2770 2779 2776
2779 2778 2780
2780 2781 2779
2776 2779 2781
2781 2780 2782
2782 2783 2781
2781 2783 2784
2783 2782 2785
2778 2786 2780
2786 2778 2769
2769 2787 2786
2788 2775 2773
2773 2789 2788
2790 2788 2789
2788 2790 2791
2792 2788 2791
2788 2792 2793
2789 2794 2790
2794 2789 2795
2796 2794 2795
2794 2796 2797
2791 2798 2792
2798 2791 2799
2799 2800 2798
2800 2799 2801
2799 2802 2801
2803 2801 2802
2804 2801 2803
2804 2800 2801
2802 2799 2805
2791 2805 2799
2805 2791 2790
2805 2806 2802
2802 2806 2807
2803 2802 2807
2806 2808 2807
2808 2806 2809
2806 2805 2810
2810 2809 2806
2809 2810 2811
2790 2810 2805
2810 2790 2794
2794 2811 2810
2811 2794 2797
2803 2812 2804
2812 2803 2813
2807 2813 2803
2814 2812 2813
2812 2814 2815
2813 2816 2814
2816 2813 2817
2813 2807 2817
2817 2818 2816
2818 2817 2819
2819 2807 2808
2807 2819 2817
2820 2816 2818
2820 2814 2816
2820 2815 2814
2821 2822 2823
2822 2821 2824
2825 2821 2823
2821 2825 2826
2827 2825 2823
2825 2827 2828
2823 2822 2829
2823 2829 2827
2829 2830 2827
2831 2822 2824
2822 2831 2832
2831 2833 2832
2824 2834 2831
2834 2835 2831
2835 2834 2836
2836 2837 2835
2837 2838 2835
2838 2833 2831
2831 2835 2838
2838 2837 2839
2840 2839 2837
2837 2841 2840
2840 2841 2842
2841 2837 2843
2837 2836 2843
2839 2840 2844
2844 2840 2842
2829 2845 2830
2845 2846 2847
2846 2845 2848
2849 2846 2848
2822 2849 2848
2829 2848 2845
2822 2848 2829
2850 2847 2846
2847 2850 2851
2850 2852 2851
2853 2852 2850
2854 2853 2850
2849 2854 2846
2854 2850 2846
2855 2856 2857
2855 2858 2856
2858 2855 2859
2860 2855 2857
2857 2861 2860
2862 2861 2857
2861 2862 2863
2864 2863 2862
2863 2864 2865
2865 2866 2863
2866 2651 2863
2651 2866 2653
2863 2649 2861
2649 2863 2651
2649 2860 2861
2860 2649 2647
2647 2855 2860
2855 2647 2644
2644 2859 2855
2859 2644 2645
2862 2867 2864
2867 2862 2868
2857 2868 2862
2868 2857 2869
2869 2870 2868
2871 2868 2870
2868 2871 2872
2872 2867 2868
2870 2869 2873
2869 2874 2873
2874 2869 2875
2857 2875 2869
2875 2876 2874
2876 2875 2877
2870 2878 2871
2878 2870 2879
2873 2879 2870
2879 2880 2878
2880 2879 2881
2882 2881 2879
2879 2873 2882
2881 2882 2883
2883 2884 2881
2884 2883 2885
2885 2886 2884
2886 2885 2887
2888 2883 2882
2873 2888 2882
2888 2873 2874
2883 2888 2889
2889 2885 2883
2885 2889 2890
2889 2891 2890
2891 2889 2892
2888 2892 2889
2893 2890 2891
2890 2893 2894
2894 2885 2890
2885 2894 2887
2895 2887 2894
2887 2895 2896
2894 2897 2895
2897 2894 2893
2898 2895 2897
2895 2898 2899
2899 2896 2895
2900 2899 2898
2899 2900 2901
2900 2902 2901
2902 2900 2903
2896 2899 2904
2905 2896 2904
2906 2905 2904
2906 2899 2901
2906 2904 2899
2905 2906 2907
2907 2906 2908
2896 2905 2909
2909 2887 2896
2887 2909 2886
2910 2901 2902
2906 2910 2908
2910 2906 2901
2908 2910 2911
2902 2912 2910
2910 2912 2911
2913 2911 2912
2911 2913 2914
2915 2914 2913
2914 2915 2916
2916 2915 2917
2912 2918 2913
2918 2912 2919
2920 2918 2919
2919 2903 2920
2918 2920 2921
2912 2902 2919
2919 2902 2903
2917 2915 2922
2921 2922 2918
2913 2922 2915
2922 2913 2918
2917 2922 2923
2922 2921 2923
2924 2925 2926
2925 2924 2927
2928 2926 2925
2926 2928 2929
2925 2930 2928
2930 2925 2931
2927 2931 2925
2931 2932 2930
2932 2931 2933
2932 2933 2934
2926 2935 2924
2935 2926 2936
2926 2929 2936
2929 2937 2936
2936 2938 2935
2938 2936 2939
2936 2937 2939
2937 2940 2939
2941 2938 2939
2942 2941 2939
2942 2939 2940
2942 2940 2943
2934 2933 2944
2945 2934 2944
2946 2934 2945
2946 2932 2934
2944 2933 2947
2941 2948 2938
2949 2942 2943
2942 2949 2950
2942 2951 2941
2951 2942 2950
2941 2952 2948
2952 2941 2951
2949 2953 2950
2953 2949 2954
2954 2955 2953
2955 2954 2956
2957 2953 2955
2953 2957 2958
2950 2958 2951
2958 2950 2953
2959 2958 2957
2957 2960 2959
2960 2957 2961
2955 2961 2957
2961 2962 2960
2962 2961 2963
2958 2959 2964
2951 2964 2952
2964 2951 2958
2961 2955 2965
2965 2963 2961
2963 2965 2966
2965 2967 2966
2967 2965 2968
2968 2955 2956
2955 2968 2965
2969 2966 2967
2966 2969 2970
2971 2970 2969
2970 2971 2972
2973 2970 2972
2970 2973 2974
2966 2974 2963
2974 2966 2970
2975 2974 2973
2974 2975 2976
2976 2963 2974
2963 2976 2962
2973 2977 2975
2977 2973 2978
2972 2978 2973
2978 2979 2977
2979 2978 2980
2981 2980 2978
2978 2972 2981
2980 2981 2982
2981 2983 2982
2983 2981 2984
2972 2984 2981
2984 2972 2971
2980 2985 2979
2985 2980 2986
2987 2985 2986
2985 2987 2988
2986 2989 2987
2989 2986 2990
2980 2990 2986
2990 2980 2982
2990 2991 2989
2991 2990 2992
2982 2992 2990
2992 2982 2983
2993 2988 2987
2988 2993 2994
2995 2994 2993
2993 2996 2995
2997 2995 2996
2997 2998 2995
2994 2995 2998
2998 2997 2999
2997 2996 3000
2996 3001 3000
3001 2996 3002
3003 2999 2997
2999 3003 3004
3005 3004 3003
3004 3005 3006
3005 3003 3007
3007 2997 3000
2997 3007 3003
3007 3008 3005
3008 3007 3009
3000 3009 3007
3009 3000 3001
3005 3010 3006
3008 3010 3005
3011 3002 2996
2996 2993 3011
3002 3011 3012
2987 3011 2993
3011 2987 2989
2989 3012 3011
3012 2989 2991
3013 3014 3015
3014 3013 3016
3016 3017 3014
3017 3016 3018
3016 3019 3018
3019 3016 3020
3013 3020 3016
3015 3021 3013
3013 3021 3022
3020 3013 3022
3022 3023 3020
3023 3022 3024
3025 3021 3015
3024 3026 3023
3026 3024 3027
3027 3028 3026
3028 3027 3029
3030 3029 3027
3029 3030 3031
3032 3031 3030
3031 3032 3033
3032 3030 3034
3027 3034 3030
3034 3027 3024
3022 3034 3024
3022 3021 3034
3035 3033 3032
3033 3035 3036
3037 3036 3035
3036 3037 3038
3037 3039 3038
3039 3037 3040
3040 3041 3039
3041 3040 3042
3041 3042 3043
3037 3044 3040
3044 3037 3045
3035 3045 3037
3045 3046 3044
3047 3040 3044
3040 3047 3042
3048 3047 3044
3046 3048 3044
3047 3048 3049
3049 3050 3047
3050 3042 3047
3043 3042 3050
3050 3049 3051
3050 3052 3043
3052 3050 3053
3050 3051 3053
3052 3053 3054
3055 3046 3045
3056 3055 3045
3045 3035 3056
3057 3055 3056
3032 3056 3035
3056 3032 3058
3058 3057 3056
3058 3021 3057
3034 3058 3032
3058 3034 3021
3059 3060 3061
3060 3059 3062
3061 3063 3059
3063 3061 3064
3065 3062 3059
3062 3065 3066
3026 3066 3065
3066 3026 3028
3065 3023 3026
3023 3065 3067
3059 3067 3065
3067 3059 3063
3064 3068 3063
3068 3064 3069
3070 3068 3069
3068 3070 3071
3072 3071 3070
3071 3072 3073
3018 3068 3071
3073 3018 3071
3068 3018 3019
3063 3019 3067
3019 3063 3068
3018 3073 3017
3067 3020 3023
3020 3067 3019
3069 3074 3070
3074 3069 3075
3075 2729 3074
2730 3074 2729
3074 2730 3076
3070 3076 3072
3076 3070 3074
2729 3075 2721
3075 2720 2721
2720 3075 3077
3077 2732 2720
2732 3077 3078
2733 2732 3078
3064 3078 3077
3078 3064 3061
3060 3078 3061
3060 2733 3078
3077 3069 3064
3069 3077 3075
2892 2888 3079
2874 3079 2888
3079 2874 2876
3080 3081 3082
3081 3080 3083
3082 3084 3080
3084 3082 3085
3086 3083 3080
3087 3080 3084
3080 3087 3088
3086 3080 3088
3089 3086 3088
3088 3087 3090
3090 3089 3088
3091 3089 3090
3089 3091 3092
3093 3082 3081
3082 3093 3094
3085 3082 3094
3093 3095 3094
3095 3096 3094
3096 3085 3094
3096 3095 3097
3098 3096 3097
3096 3098 3085
3099 3092 3091
2881 3100 2880
3100 2881 2884
2886 3100 2884
3101 3102 3103
3102 3101 3104
3103 2669 3101
3105 3103 3102
3103 3105 2676
3103 2674 2669
2676 2674 3103
2695 2676 3105
2676 2695 2689
2666 3101 2669
3101 2666 2661
2661 3104 3101
3104 2661 2660
3106 3107 3108
3107 3106 3109
3110 3108 3107
3108 3110 2826
3109 2716 3107
2716 3110 3107
2716 2719 3110
2716 3109 2717
3108 2826 2825
2828 3108 2825
3108 2828 3106
2931 2927 3111
2931 3111 2947
2933 2931 2947
3112 3113 3114
3114 3113 3115
3112 2682 3113
2682 3115 3113
2682 3112 2683
3115 2682 2685
2687 3115 2685
3116 3117 3118
3118 3117 3119
2784 3117 3116
3117 2784 2783
2785 3117 2783
3117 2785 3119
2781 2784 3120
2776 2781 3120
3121 3122 3123
3122 3121 3124
3125 3123 3122
3123 3125 3126
3127 3126 3125
3126 3127 3128
3125 3129 3127
3129 3125 3130
3130 3125 3122
3131 3129 3130
3132 3131 3130
3124 3132 3122
3132 3130 3122
3129 3131 3133
3134 3124 3121
3124 3134 3135
3135 3134 3136
3135 3136 3137
3132 3124 3138
3135 3138 3124
3138 3135 3139
3137 3139 3135
3133 3140 3129
3140 3127 3129
3140 3133 3141
3141 3142 3140
3142 3141 3143
3142 3144 3140
3144 3142 3145
3145 3146 3144
3146 3145 3147
3148 3147 3145
3147 3148 3149
3150 3149 3148
3149 3150 3151
3152 3150 3148
3152 3145 3142
3145 3152 3148
3143 3152 3142
3150 3152 3153
3154 3153 3152
3152 3143 3154
3153 3154 3155
3156 3151 3150
3153 3156 3150
3151 3156 3157
3158 3157 3156
3157 3158 3159
3160 3158 3156
3156 3153 3160
3155 3160 3153
3158 3160 3161
3162 3161 3160
3160 3155 3162
3161 3162 3163
3158 3164 3159
3164 3158 3165
3161 3165 3158
3165 3166 3164
3166 3165 3167
3167 3168 3166
3168 3167 3169
3170 3169 3167
3169 3170 3171
3172 3171 3170
3171 3172 3173
3169 3174 3168
3174 3169 3175
3175 3169 3171
3173 3175 3171
3175 3176 3174
3176 3175 3177
3178 3177 3175
3175 3173 3178
3177 3178 3179
3177 3180 3176
3180 3177 3179
3167 3181 3170
3181 3167 3165
3170 3182 3172
3182 3170 3181
3165 3161 3181
3163 3181 3161
3181 3163 3182
2875 2857 2856
2856 2877 2875
2877 2856 2858
2777 2795 2772
2795 2777 2796
2795 2771 2772
2771 2795 2789
2789 2773 2771
2775 2788 2793
2692 2675 2688
2675 2692 2678
2753 2769 2751
2769 2753 2787
2767 2751 2769
2751 2767 2750
2764 2750 2767
2750 2764 2756
3127 3140 3144
3144 3128 3127
3128 3144 3146
2663 2638 2639
3183 3184 3185
3183 3186 3184
3183 3187 3186
3183 3188 3187
3183 3189 3188
3183 3190 3189
3183 3191 3190
3183 3192 3191
3183 3193 3192
3183 3194 3193
3183 3195 3194
3183 3196 3195
3183 3197 3196
3183 3198 3197
3183 3199 3198
3183 3200 3199
3183 3201 3200
3183 3202 3201
3183 3203 3202
3183 3185 3203
3204 3205 3206
3205 3204 3207
3206 3208 3204
3208 3206 3209
3209 3210 3208
3210 3209 3211
3211 3212 3210
3212 3211 3213
3213 3214 3212
3214 3213 3215
3215 3216 3214
3216 3215 3217
3217 3218 3216
3218 3217 3219
3220 3218 3219
3218 3220 3221
3222 3221 3220
3221 3222 3223
3224 3223 3222
3223 3224 3225
3226 3225 3224
3225 3226 3227
3228 3227 3226
3227 3228 3229
3230 3229 3228
3229 3230 3231
3232 3231 3230
3231 3232 3233
3234 3233 3232
3233 3234 3235
3236 3235 3234
3235 3236 3237
3238 3237 3236
3237 3238 3239
3240 3239 3238
3239 3240 3241
3240 3242 3241
3242 3240 3243
3243 3207 3242
3207 3243 3205
3244 3245 3246
3246 3245 3247
3246 3247 3248
3246 3248 3249
3246 3250 3244
3250 3246 3251
3249 3251 3246
3252 3251 3249
3253 3250 3251
3250 3253 3254
3254 3253 3255
3253 3256 3255
3253 3257 3256
3253 3258 3257
3258 3253 3251
3252 3258 3251
3259 3260 3261
3261 3260 3262
3263 3264 3265
3263 3265 3266
3267 3268 3269
3268 3267 3270
3271 3270 3267
3270 3271 3272
3273 3274 3275
3274 3273 3276
3277 3276 3273
3276 3277 3278
3279 3280 3281
3280 3279 3282
3280 3283 3281
3283 3280 3284
3285 3286 3287
3288 3285 3287
3285 3289 3290
3291 3289 3285
3292 3293 3294
3293 3292 3295
3296 3297 3298
3299 3300 3301
3302 3299 3301
3303 3304 3305
3304 3303 3306
3307 3308 3309
3310 3311 3312
3311 3313 3312
3314 3315 3316
3314 3317 3315
3318 3319 3320
3319 3318 3321
3320 3322 3318
3322 3320 3323
3324 3325 3326
3325 3324 3327
3326 3328 3324
3328 3326 3329
3330 3331 3332
3331 3330 3333
3334 3331 3333
3331 3334 3335
3336 3337 3338
3337 3336 3339
3340 3341 3342
3343 3344 3345
3346 3344 3343
3347 3348 3349
3348 3347 3350
3351 3352 3353
3354 3355 3356
3357 3354 3356
3356 3355 3358
3354 3359 3355
3359 3358 3355
3358 3359 3360
3360 3361 3358
3361 3360 3362
3362 3363 3361
3363 3362 3364
3356 3358 3365
3365 3358 3361
3356 3365 3366
3357 3356 3366
3365 3367 3366
3361 3367 3365
3367 3361 3363
3368 3367 3363
3368 3369 3367
3367 3369 3366
3370 3368 3363
3371 3368 3370
3372 3371 3370
3373 3371 3372
3373 3374 3371
3375 3371 3374
3371 3375 3376
3376 3368 3371
3368 3376 3369
3374 3377 3375
3374 3373 3378
3379 3377 3374
3379 3374 3378
3377 3379 3380
3381 3380 3379
3382 3381 3379
3381 3382 3383
3383 3384 3381
3385 3381 3384
3384 3386 3385
3386 3384 3387
3381 3385 3388
3380 3381 3388
3384 3383 3389
3389 3390 3384
3390 3387 3384
3391 3389 3383
3389 3391 3392
3390 3389 3392
3392 3393 3390
3393 3392 3394
3391 3394 3392
3394 3395 3393
3395 3394 3396
3394 3391 3397
3396 3394 3398
3397 3398 3394
3398 3397 3399
3397 3400 3399
3400 3397 3401
3391 3401 3397
3401 3402 3400
3401 3391 3403
3383 3403 3391
3403 3383 3382
3404 3402 3401
3403 3404 3401
3402 3404 3405
3404 3406 3405
3406 3404 3407
3408 3407 3404
3404 3403 3408
3407 3408 3409
3410 3409 3408
3408 3373 3410
3411 3408 3403
3408 3411 3373
3410 3412 3409
3412 3410 3413
3414 3412 3413
3412 3414 3415
3416 3412 3415
3412 3416 3417
3417 3409 3412
3409 3417 3407
3418 3417 3416
3417 3418 3419
3407 3419 3406
3419 3407 3417
3416 3420 3418
3420 3416 3421
3421 3416 3415
3421 3415 3422
3423 3421 3422
3424 3421 3423
3421 3424 3420
3423 3425 3424
3425 3423 3426
3423 3427 3426
3427 3423 3428
3423 3422 3428
3428 3429 3427
3429 3428 3430
3431 3430 3428
3428 3422 3432
3432 3431 3428
3415 3432 3422
3431 3432 3433
3432 3434 3433
3434 3432 3435
3414 3435 3432
3432 3415 3414
3436 3433 3434
3433 3436 3437
3438 3433 3437
3438 3431 3433
3430 3431 3439
3440 3439 3431
3440 3431 3438
3441 3427 3429
3427 3441 3442
3442 3426 3427
3426 3442 3443
3444 3426 3443
3426 3444 3425
3445 3442 3441
3442 3445 3446
3446 3443 3442
3447 3444 3443
3443 3446 3447
3444 3447 3448
3449 3447 3446
3447 3449 3450
3450 3448 3447
3446 3451 3449
3451 3446 3445
3448 3450 3452
3453 3450 3449
3451 3453 3449
3450 3453 3454
3454 3452 3450
3455 3454 3453
3455 3456 3454
3452 3454 3456
3456 3455 3457
3458 3457 3455
3457 3458 3459
3455 3460 3458
3460 3455 3461
3462 3455 3453
3455 3462 3461
3453 3451 3462
3463 3458 3460
3463 3459 3458
3464 3465 3466
3465 3464 3467
3466 3465 3468
3469 3466 3468
3466 3469 3470
3464 3466 3470
3471 3464 3470
3464 3471 3472
3473 3464 3472
3464 3473 3474
3472 3475 3473
3475 3472 3476
3471 3476 3472
3476 3477 3475
3477 3476 3478
3479 3478 3476
3471 3479 3476
3478 3479 3480
3481 3465 3467
3465 3481 3482
3483 3474 3473
3474 3483 3484
3484 3485 3474
3485 3484 3486
3465 3482 3487
3488 3473 3475
3473 3488 3483
3489 3475 3477
3475 3489 3488
3490 3486 3484
3486 3490 3491
3492 3491 3490
3491 3492 3493
3490 3494 3492
3494 3490 3495
3484 3495 3490
3495 3484 3483
3495 3496 3494
3496 3495 3497
3497 3498 3496
3498 3497 3499
3488 3499 3497
3499 3488 3489
3483 3497 3495
3497 3483 3488
3500 3493 3492
3493 3500 3501
3501 3500 3502
3501 3502 3503
3500 3504 3502
3504 3500 3505
3492 3505 3500
3505 3492 3494
3506 3504 3505
3506 3505 3507
3494 3507 3505
3507 3494 3496
3498 3507 3496
3506 3507 3508
3507 3509 3508
3507 3498 3509
3510 3503 3502
3503 3510 3511
3512 3511 3510
3511 3512 3513
3514 3513 3512
3510 3515 3512
3515 3510 3516
3516 3502 3504
3502 3516 3510
3517 3512 3515
3512 3517 3518
3519 3518 3517
3518 3519 3520
3519 3521 3520
3521 3522 3520
3522 3521 3523
3521 3519 3524
3525 3524 3519
3524 3525 3526
3527 3526 3525
3526 3527 3528
3516 3529 3515
3529 3516 3530
3531 3515 3529
3515 3531 3517
3519 3531 3525
3531 3519 3517
3525 3532 3527
3532 3525 3531
3531 3533 3532
3533 3531 3529
3534 3529 3530
3529 3534 3533
3535 3520 3522
3520 3535 3518
3518 3535 3536
3518 3536 3537
3537 3512 3518
3512 3537 3514
3538 3514 3537
3536 3538 3537
3539 3538 3536
3535 3539 3536
3538 3539 3540
3535 3541 3539
3539 3541 3542
3543 3540 3539
3539 3542 3543
3542 3544 3543
3544 3542 3545
3545 3546 3544
3546 3547 3544
3548 3544 3547
3544 3548 3543
3540 3543 3548
3549 3550 3551
3550 3549 3552
3552 3553 3550
3552 3554 3553
3553 3554 3555
3551 3550 3556
3550 3557 3556
3550 3553 3558
3553 3555 3559
3553 3559 3558
3559 3560 3558
3560 3559 3561
3561 3562 3560
3563 3560 3562
3564 3560 3563
3550 3558 3564
3564 3558 3560
3562 3561 3565
3562 3565 3566
3567 3562 3566
3563 3562 3567
3556 3557 3568
3556 3568 3569
3569 3570 3556
3570 3571 3556
3571 3570 3572
3569 3573 3570
3573 3572 3570
3573 3569 3574
3574 3575 3573
3576 3573 3575
3575 3577 3576
3573 3576 3578
3572 3573 3578
3575 3574 3579
3579 3577 3575
3556 3571 3551
3580 3581 3582
3581 3580 3583
3582 3584 3580
3584 3582 3585
3586 3580 3584
3580 3586 3587
3587 3583 3580
3588 3587 3586
3587 3588 3589
3588 3590 3589
3591 3582 3581
3582 3591 3592
3582 3592 3585
3593 3592 3591
3592 3593 3594
3592 3594 3595
3592 3595 3585
3596 3594 3593
3597 3594 3596
3583 3587 3598
3589 3599 3587
3599 3598 3587
3590 3600 3589
3600 3599 3589
3601 3600 3590
3602 3601 3590
3602 3590 3588
3597 3603 3594
3594 3603 3595
3597 3604 3603
3596 3593 3605
3597 3606 3604
3606 3597 3607
3608 3597 3596
3597 3608 3607
3609 3596 3605
3596 3609 3608
3610 3606 3607
3606 3610 3611
3612 3611 3610
3611 3612 3613
3610 3614 3612
3614 3610 3615
3615 3607 3608
3607 3615 3610
3615 3616 3614
3617 3614 3616
3614 3617 3618
3618 3612 3614
3619 3618 3617
3618 3619 3620
3616 3615 3621
3621 3608 3609
3608 3621 3615
3612 3618 3622
3620 3622 3618
3622 3620 3623
3624 3622 3623
3622 3624 3625
3612 3625 3613
3625 3612 3622
3626 3620 3619
3620 3626 3627
3627 3623 3620
3623 3627 3628
3629 3623 3628
3623 3629 3624
3628 3630 3629
3630 3628 3631
3631 3632 3630
3632 3631 3633
3631 3634 3633
3634 3631 3635
3635 3628 3627
3628 3635 3631
3635 3636 3634
3636 3635 3637
3627 3637 3635
3637 3627 3626
3638 3634 3636
3634 3638 3639
3639 3633 3634
3640 3639 3638
3639 3640 3641
3642 3639 3641
3639 3642 3643
3633 3639 3643
3644 3643 3642
3643 3644 3645
3645 3633 3643
3633 3645 3632
3640 3646 3641
3646 3640 3647
3647 3648 3646
3648 3647 3649
3650 3646 3648
3648 3651 3650
3651 3648 3652
3649 3652 3648
3653 3650 3651
3651 3654 3653
3654 3651 3655
3650 3653 3656
3656 3657 3650
3646 3650 3657
3657 3656 3658
3659 3651 3652
3659 3655 3651
3660 3659 3652
3652 3649 3660
3659 3660 3661
3661 3662 3659
3662 3661 3663
3663 3664 3662
3664 3663 3665
3664 3666 3662
3659 3666 3655
3666 3659 3662
3667 3666 3664
3666 3667 3668
3668 3655 3666
3655 3668 3654
3664 3665 3669
3667 3664 3669
3658 3642 3657
3641 3657 3642
3657 3641 3646
3642 3658 3644
3670 3671 3672
3671 3670 3673
3674 3673 3670
3673 3674 3675
3676 3673 3675
3673 3676 3677
3677 3671 3673
3672 3671 3678
3671 3679 3678
3671 3677 3679
3680 3679 3677
3679 3680 3681
3682 3672 3678
3683 3681 3680
3681 3683 3684
3685 3684 3683
3684 3685 3686
3686 3687 3684
3687 3686 3688
3688 3689 3687
3689 3688 3690
3691 3687 3689
3684 3691 3681
3691 3684 3687
3679 3691 3678
3679 3681 3691
3692 3678 3691
3689 3692 3691
3690 3693 3689
3693 3690 3694
3694 3695 3693
3695 3694 3696
3697 3695 3696
3695 3697 3698
3699 3698 3697
3698 3699 3700
3699 3701 3700
3702 3695 3698
3695 3702 3703
3703 3693 3695
3698 3704 3702
3704 3698 3700
3704 3705 3702
3705 3704 3706
3707 3706 3704
3707 3704 3700
3701 3707 3700
3706 3707 3708
3709 3707 3701
3707 3709 3710
3707 3710 3708
3709 3711 3710
3702 3705 3712
3703 3702 3712
3703 3712 3713
3714 3703 3713
3693 3703 3714
3714 3689 3693
3689 3714 3692
3692 3714 3715
3714 3713 3715
3692 3715 3678
3716 3717 3718
3717 3716 3719
3720 3719 3716
3719 3720 3721
3716 3722 3720
3723 3720 3722
3720 3723 3724
3724 3721 3720
3722 3716 3725
3726 3722 3725
3722 3726 3727
3727 3723 3722
3725 3728 3726
3728 3725 3729
3716 3729 3725
3729 3716 3718
3718 3730 3729
3730 3718 3731
3729 3732 3728
3732 3729 3730
3730 3733 3732
3733 3730 3734
3731 3734 3730
3734 3735 3733
3735 3734 3736
3737 3735 3736
3735 3737 3738
3739 3738 3737
3734 3731 3740
3731 3741 3740
3741 3742 3740
3742 3734 3740
3742 3736 3734
3742 3741 3743
3741 3731 3744
3718 3744 3731
3744 3718 3717
3737 3745 3739
3745 3737 3746
3746 3736 3742
3746 3737 3736
3747 3746 3742
3743 3747 3742
3747 3748 3746
3746 3748 3745
3748 3749 3745
3749 3748 3750
3750 3751 3749
3751 3750 3752
3752 3753 3751
3754 3745 3749
3745 3754 3739
3754 3755 3739
3755 3754 3756
3753 3757 3751
3757 3756 3754
3749 3757 3754
3757 3749 3751
3753 3758 3757
3756 3757 3758
3739 3755 3738
3759 3760 3761
3762 3760 3759
3760 3762 3763
3764 3763 3762
3763 3764 3765
3764 3766 3765
3766 3764 3767
3767 3768 3766
3768 3767 3769
3770 3769 3767
3769 3770 3771
3675 3771 3770
3772 3675 3770
3767 3772 3770
3772 3767 3764
3762 3772 3764
3675 3772 3676
3771 3675 3674
3773 3676 3772
3772 3762 3773
3676 3773 3774
3775 3774 3773
3774 3775 3776
3776 3680 3774
3680 3776 3683
3777 3683 3776
3683 3777 3685
3778 3776 3775
3776 3778 3777
3677 3774 3680
3774 3677 3676
3773 3759 3775
3759 3773 3762
3761 3775 3759
3775 3761 3778
3760 3779 3761
3760 3469 3779
3468 3779 3469
3763 3469 3760
3469 3763 3470
3765 3470 3763
3470 3765 3471
3765 3479 3471
3479 3765 3766
3766 3480 3479
3480 3766 3768
3465 3487 3468
3487 3780 3781
3780 3782 3781
3780 3783 3782
3783 3780 3784
3780 3487 3482
3482 3784 3780
3784 3482 3481
3782 3549 3781
3549 3782 3552
3782 3554 3552
3554 3782 3783
3785 3786 3787
3788 3785 3787
3785 3788 3789
3790 3789 3788
3789 3790 3791
3792 3791 3790
3791 3792 3721
3721 3724 3791
3793 3721 3792
3721 3793 3719
3717 3719 3793
3791 3794 3789
3794 3791 3724
3723 3794 3724
3794 3723 3795
3796 3795 3723
3723 3727 3796
3795 3796 3797
3795 3798 3794
3798 3789 3794
3798 3795 3799
3797 3799 3795
3799 3797 3800
3387 3798 3799
3800 3387 3799
3798 3387 3390
3387 3800 3386
3390 3785 3798
3789 3798 3785
3785 3390 3393
3393 3786 3785
3786 3393 3395
3801 3802 3803
3802 3801 3804
3805 3803 3802
3803 3805 3806
3802 3807 3805
3807 3802 3808
3808 3809 3807
3809 3808 3810
3810 3808 3811
3811 3808 3802
3811 3802 3804
3803 3812 3801
3812 3803 3813
3813 3803 3806
3812 3813 3814
3814 3813 3815
3815 3813 3806
3815 3816 3814
3815 3817 3816
3817 3815 3806
3810 3818 3809
3818 3810 3819
3820 3818 3819
3821 3822 3823
3822 3821 3824
3825 3823 3822
3823 3825 3826
3827 3826 3825
3826 3827 3828
3829 3821 3823
3821 3829 3830
3831 3823 3826
3823 3831 3829
3828 3831 3826
3831 3828 3832
3833 3827 3825
3833 3825 3822
3833 3822 3824
3831 3834 3829
3829 3834 3835
3829 3835 3830
3834 3836 3835
3836 3834 3837
3837 3838 3836
3838 3837 3839
3839 3526 3838
3526 3839 3524
3840 3524 3839
3524 3840 3521
3840 3523 3521
3523 3840 3841
3526 3842 3838
3842 3526 3528
3840 3843 3841
3843 3840 3844
3844 3839 3837
3839 3844 3840
3845 3838 3842
3838 3845 3836
3844 3846 3843
3846 3844 3847
3837 3847 3844
3847 3837 3834
3847 3832 3846
3832 3847 3831
3831 3847 3834
3848 3836 3845
3836 3848 3835
3835 3848 3830
3464 3474 3485
3849 3850 3851
3852 3849 3851
3849 3852 3853
3850 3854 3851
3854 3852 3851
3852 3854 3855
3855 3854 3856
3437 3853 3852
3853 3437 3436
3852 3438 3437
3855 3438 3852
3856 3438 3855
3438 3856 3440
3857 3858 3859
3858 3857 3860
3860 3861 3858
3861 3860 3862
3862 3863 3861
3863 3862 3864
3865 3861 3863
3861 3865 3866
3866 3858 3861
3865 3867 3866
3868 3866 3867
3868 3859 3858
3868 3858 3866
3867 3865 3869
3859 3870 3857
3870 3859 3871
3871 3872 3870
3871 3873 3872
3859 3868 3874
3874 3871 3859
3871 3874 3875
3873 3871 3875
3864 3876 3863
3876 3864 3877
3863 3878 3865
3878 3863 3876
3878 3869 3865
3869 3878 3879
3880 3879 3878
3876 3880 3878
3879 3880 3881
3882 3881 3880
3881 3882 3883
3884 3882 3880
3880 3876 3884
3877 3884 3876
3882 3884 3885
3886 3885 3884
3884 3877 3886
3885 3886 3887
3887 3888 3885
3888 3882 3885
3888 3887 3889
3889 3890 3888
3890 3889 3891
3890 3892 3888
3882 3888 3892
3892 3883 3882
3892 3890 3893
3893 3894 3892
3883 3892 3894
3894 3893 3895
3891 3896 3890
3896 3893 3890
3896 3891 3897
3898 3896 3897
3896 3898 3899
3899 3900 3896
3893 3896 3900
3900 3895 3893
3900 3899 3901
3902 3901 3899
3901 3902 3903
3903 3904 3901
3904 3903 3905
3906 3901 3904
3901 3906 3900
3895 3900 3906
3907 3905 3903
3905 3907 3908
3903 3909 3907
3909 3903 3902
3902 3910 3909
3910 3902 3911
3899 3911 3902
3911 3899 3898
3912 3909 3910
3909 3912 3913
3913 3907 3909
3913 3908 3907
3914 3913 3912
3913 3914 3915
3915 3916 3913
3908 3913 3916
3916 3915 3917
3915 3914 3918
3918 3917 3915
3508 3530 3506
3530 3508 3534
3530 3504 3506
3504 3530 3516
3919 3920 3921
3920 3919 3922
3923 3921 3920
3920 3924 3923
3924 3925 3923
3925 3924 3926
3927 3923 3925
3923 3927 3928
3921 3923 3928
3924 3920 3929
3929 3920 3922
3930 3929 3922
3924 3929 3931
3932 3926 3924
3932 3924 3931
3926 3932 3933
3934 3933 3932
3931 3934 3932
3933 3934 3935
3936 3935 3934
3935 3936 3937
3934 3938 3936
3938 3934 3939
3934 3931 3939
3931 3940 3939
3940 3931 3941
3930 3941 3929
3941 3931 3929
3941 3942 3940
3943 3940 3942
3940 3943 3944
3939 3944 3938
3944 3939 3940
3942 3941 3945
3945 3941 3930
3946 3942 3945
3942 3946 3947
3946 3948 3947
3942 3949 3943
3949 3942 3947
3950 3949 3947
3948 3950 3947
3949 3950 3951
3946 3952 3948
3952 3946 3953
3945 3953 3946
3954 3944 3943
3944 3954 3955
3956 3955 3954
3955 3956 3957
3957 3958 3955
3958 3957 3959
3959 3960 3958
3960 3959 3961
3961 3962 3960
3962 3961 3963
3956 3954 3964
3951 3964 3949
3964 3965 3956
3966 3957 3956
3957 3966 3967
3967 3959 3957
3968 3963 3961
3963 3968 3969
3959 3967 3970
3970 3961 3959
3961 3970 3968
3971 3956 3965
3956 3971 3966
3938 3958 3960
3937 3960 3962
3960 3937 3936
3936 3938 3960
3964 3972 3965
3964 3951 3972
3938 3955 3958
3955 3938 3944
3943 3964 3954
3964 3943 3949
3973 3974 3975
3976 3974 3973
3974 3976 3977
3977 3978 3974
3979 3974 3978
3979 3975 3974
3978 3980 3979
3980 3978 3981
3982 3981 3978
3978 3977 3982
3981 3982 3983
3984 3975 3979
3975 3984 3985
3984 3986 3985
3986 3984 3987
3987 3988 3986
3988 3987 3989
3984 3990 3987
3990 3989 3987
3990 3984 3991
3991 3979 3980
3979 3991 3984
3989 3990 3992
3993 3985 3986
3985 3993 3994
3995 3986 3988
3986 3995 3993
3985 3994 3996
3992 3997 3989
3997 3992 3998
3998 3999 3997
3999 3998 4000
4001 3997 3999
3997 4001 4002
3989 4002 3988
4002 3989 3997
4003 4002 4001
4002 4003 4004
4001 4005 4003
4005 4001 4006
3999 4006 4001
4000 4007 3999
4006 3999 4007
4007 4000 4008
4004 3988 4002
3988 4004 3995
4009 3975 3996
3975 4009 4010
4011 3975 4010
4011 4010 4012
4013 4010 4009
4010 4013 4014
4014 4012 4010
4015 4014 4013
4015 4016 4014
4012 4014 4016
3975 3985 3996
4017 4018 4019
4018 4020 4019
4020 4018 4021
4021 4022 4020
4022 4021 4023
4023 3952 4022
4019 4024 4017
4024 4019 4025
4025 4020 4022
4020 4025 4019
4025 3930 4024
4022 4026 4025
4025 4026 3930
4026 4022 3953
3952 3953 4022
3953 3945 4026
4026 3945 3930
4027 4028 4029
4028 4027 4030
4030 4031 4028
4031 4030 4032
4029 4033 4027
4033 4029 4034
3927 4035 3928
3928 4035 4036
4037 3928 4036
3928 4037 3921
4038 3921 4037
3921 4038 3919
4039 4040 4041
4040 4042 4041
4042 4040 4043
3982 4041 4042
4041 3982 3977
4042 4044 3982
4043 4044 4042
4045 4041 3977
4039 4041 4045
4045 3977 3976
4044 3983 3982
4046 4047 4048
4046 4048 4049
4046 4049 4050
4046 4050 4051
4046 4051 4052
4046 4052 4053
4046 4053 4054
4046 4054 4055
4046 4055 4056
4046 4056 4057
4046 4057 4058
4046 4058 4059
4046 4059 4060
4046 4060 4061
4046 4061 4062
4046 4062 4063
4046 4063 4064
4046 4064 4065
4046 4065 4066
4046 4066 4047
4067 4068 4069
4068 4067 4070
4071 4069 4068
4069 4071 4072
4073 4072 4071
4072 4073 4074
4075 4074 4073
4074 4075 4076
4077 4076 4075
4076 4077 4078
4079 4078 4077
4078 4079 4080
4081 4080 4079
4080 4081 4082
4081 4083 4082
4083 4081 4084
4084 4085 4083
4085 4084 4086
4086 4087 4085
4087 4086 4088
4088 4089 4087
4089 4088 4090
4090 4091 4089
4091 4090 4092
4092 4093 4091
4093 4092 4094
4094 4095 4093
4095 4094 4096
4096 4097 4095
4097 4096 4098
4098 4099 4097
4099 4098 4100
4100 4101 4099
4101 4100 4102
4102 4103 4101
4103 4102 4104
4105 4103 4104
4103 4105 4106
4070 4106 4105
4106 4070 4067
4107 4108 4109
4108 4107 4110
4108 4111 4109
4111 4108 4112
4112 4113 4111
4113 4112 4114
4115 4110 4107
4110 4115 4116
4109 4117 4107
4117 4109 4118
4118 4119 4117
4119 4118 4120
4118 4121 4120
4121 4118 4122
4122 4109 4111
4109 4122 4118
4122 4123 4121
4123 4122 4124
4124 4111 4113
4111 4124 4122
4125 4117 4119
4117 4125 4126
4120 4127 4119
4127 4120 4128
4129 4120 4121
4120 4129 4128
4130 4121 4123
4121 4130 4129
4131 4119 4127
4119 4131 4125
4126 4107 4117
4107 4126 4115
4128 4132 4127
4132 4128 4133
4129 4133 4128
4132 4133 4134
4135 4134 4133
4133 4129 4135
4134 4135 4136
4135 4137 4136
4137 4135 4138
4138 4129 4130
4129 4138 4135
4139 4127 4132
4127 4139 4131
4140 4139 4132
4132 4134 4140
4139 4140 4141
4142 4140 4134
4136 4142 4134
4140 4142 4143
4144 4143 4142
4143 4144 4145
4146 4144 4142
4142 4136 4146
4144 4146 4147
4146 4148 4147
4148 4146 4149
4149 4136 4137
4136 4149 4146
4145 4150 4143
4150 4140 4143
4140 4150 4141
4150 4145 4151
4152 4145 4144
4145 4152 4153
4154 4144 4147
4144 4154 4152
4148 4154 4147
4154 4148 4155
4156 4145 4153
4145 4156 4151
4157 4153 4152
4153 4157 4158
4159 4158 4157
4158 4159 4160
4157 4161 4159
4161 4157 4162
4162 4152 4154
4152 4162 4157
4155 4162 4154
4163 4161 4162
4162 4155 4163
4161 4163 4164
4165 4158 4160
4165 4153 4158
4153 4165 4156
4166 4110 4167
4110 4166 4108
4116 4167 4110
4167 4116 4168
4169 4112 4108
4112 4169 4170
4171 4112 4170
4112 4171 4114
