byte offset: 0
first index: 42471
index count: 3063
topology: trianglelist
format: DXGI_FORMAT_R16_UINT

11683 11684 11685
11683 11685 11686
11686 11687 11683
11684 11683 11688
11688 11683 11689
11684 11688 11690
11691 11690 11688
11691 11692 11690
11692 11691 11693
11692 11693 11694
11695 11694 11693
11695 11696 11694
11697 11695 11693
11698 11695 11697
11696 11695 11698
11698 11697 11699
11700 11698 11699
11700 11699 11701
11699 11702 11701
11703 11701 11702
11703 11704 11701
11704 11700 11701
11705 11703 11702
11705 11702 11706
11707 11705 11706
11707 11706 11708
11702 11709 11706
11709 11708 11706
11702 11710 11709
11699 11710 11702
11697 11710 11699
11709 11711 11708
11704 11712 11700
11712 11713 11700
11712 11714 11713
11715 11700 11713
11715 11698 11700
11696 11698 11715
11716 11707 11708
11716 11708 11717
11708 11711 11717
11710 11718 11709
11711 11709 11718
11710 11719 11718
11697 11719 11710
11719 11697 11720
11719 11720 11721
11718 11719 11721
11697 11693 11720
11722 11721 11720
11722 11720 11693
11722 11723 11721
11723 11722 11724
11722 11725 11724
11726 11716 11717
11716 11726 11727
11716 11727 11728
11729 11728 11727
11730 11716 11728
11729 11730 11728
11730 11707 11716
11705 11707 11730
11705 11730 11731
11732 11731 11730
11729 11732 11730
11732 11733 11731
11734 11733 11732
11732 11729 11734
11734 11735 11733
11735 11734 11736
11737 11735 11736
11737 11738 11735
11736 11739 11737
11736 11740 11739
11735 11738 11741
11735 11741 11733
11738 11742 11741
11741 11742 11743
11741 11743 11744
11744 11705 11731
11733 11741 11744
11733 11744 11731
11738 11745 11742
11745 11738 11737
11744 11703 11705
11746 11737 11739
11746 11739 11747
11748 11737 11746
11745 11737 11748
11748 11746 11749
11750 11749 11746
11750 11746 11747
11750 11751 11749
11752 11751 11750
11752 11753 11751
11754 11752 11750
11754 11750 11755
11756 11754 11755
11756 11755 11757
11750 11758 11755
11750 11759 11758
11750 11747 11759
11758 11760 11755
11760 11757 11755
11753 11761 11751
11753 11762 11761
11762 11763 11761
11761 11763 11764
11761 11764 11765
11751 11761 11765
11762 11766 11763
11751 11765 11749
11765 11748 11749
11765 11767 11748
11767 11745 11748
11767 11768 11745
11745 11768 11769
11768 11770 11769
11769 11770 11771
11769 11771 11772
11768 11773 11770
11773 11768 11767
11745 11769 11742
11742 11769 11772
11742 11772 11743
11772 11704 11743
11772 11712 11704
11704 11744 11743
11704 11703 11744
11714 11712 11772
11714 11772 11771
11773 11767 11774
11774 11767 11765
11774 11765 11764
11775 11776 11777
11777 11776 11778
11777 11778 11779
11779 11778 11780
11779 11780 11687
11781 11775 11777
11782 11781 11777
11782 11777 11779
11783 11782 11779
11783 11779 11687
11687 11780 11683
11780 11689 11683
11686 11783 11687
11686 11784 11783
11785 11784 11686
11785 11686 11685
11786 11691 11688
11691 11786 11725
11722 11691 11725
11722 11693 11691
11787 11788 11789
11787 11789 11790
11789 11791 11790
11789 11792 11791
11757 11792 11789
11788 11757 11789
11757 11793 11792
11788 11756 11757
11760 11793 11757
11790 11794 11787
11790 11795 11794
11791 11795 11790
11791 11796 11795
11795 11797 11794
11796 11797 11795
11798 11799 11736
11799 11798 11800
11800 11798 11801
11800 11801 11802
11801 11803 11802
11799 11740 11736
11798 11804 11801
11798 11734 11804
11734 11798 11736
11801 11804 11805
11803 11801 11805
11805 11806 11803
11807 11808 11809
11807 11809 11810
11810 11809 11811
11810 11811 11812
11811 11813 11812
11811 11814 11813
11813 11814 11815
11813 11815 11816
11809 11808 11817
11809 11817 11818
11811 11809 11818
11818 11817 11819
11818 11819 11820
11821 11818 11820
11811 11818 11821
11821 11820 11822
11822 11823 11821
11823 11814 11811
11823 11811 11821
11815 11814 11823
11822 11824 11823
11825 11823 11824
11815 11823 11825
11825 11824 11826
11824 11827 11826
11824 11828 11827
11829 11813 11816
11813 11829 11830
11813 11830 11812
11831 11812 11830
11831 11810 11812
11832 11810 11831
11832 11807 11810
11824 11822 11833
11824 11833 11828
11822 11834 11833
11835 11827 11828
11833 11836 11828
11836 11835 11828
11835 11836 11837
11833 11834 11838
11833 11838 11839
11837 11836 11839
11839 11836 11833
11839 11840 11837
11837 11840 11841
11837 11841 11842
11837 11842 11843
11842 11844 11843
11845 11843 11844
11845 11837 11843
11845 11844 11846
11845 11846 11847
11845 11847 11848
11847 11849 11848
11847 11850 11849
11850 11851 11849
11850 11852 11851
11853 11848 11849
11851 11853 11849
11853 11854 11848
11845 11848 11854
11854 11853 11855
11854 11855 11856
11856 11855 11857
11856 11857 11858
11851 11859 11853
11859 11855 11853
11859 11860 11855
11860 11857 11855
11860 11861 11857
11862 11861 11860
11862 11863 11861
11864 11863 11862
11864 11862 11865
11865 11862 11866
11866 11862 11860
11866 11860 11859
11865 11866 11867
11867 11866 11868
11868 11866 11859
11867 11868 11869
11868 11870 11869
11868 11871 11870
11868 11859 11851
11852 11871 11868
11852 11868 11851
11872 11864 11865
11872 11865 11873
11873 11865 11867
11873 11867 11874
11874 11867 11869
11874 11869 11875
11870 11875 11869
11870 11876 11875
11877 11878 11837
11856 11878 11877
11856 11858 11878
11877 11854 11856
11877 11845 11854
11845 11877 11837
11879 11880 11881
11879 11881 11882
11881 11880 11883
11881 11883 11884
11884 11883 11885
11884 11885 11886
11887 11880 11879
11883 11880 11887
11887 11879 11888
11889 11887 11888
11889 11890 11887
11891 11890 11889
11891 11889 11892
11893 11890 11891
11893 11894 11890
11894 11893 11895
11894 11895 11896
11897 11894 11896
11897 11898 11894
11898 11887 11890
11898 11890 11894
11883 11887 11898
11885 11883 11898
11885 11898 11897
11899 11884 11886
11900 11884 11899
11900 11881 11884
11881 11900 11901
11881 11901 11882
11902 11895 11893
11903 11891 11892
11903 11904 11891
11893 11891 11904
11904 11903 11905
11906 11882 11901
11906 11907 11882
11908 11907 11906
11908 11909 11907
11909 11910 11907
11910 11882 11907
11909 11911 11910
11911 11912 11910
11911 11913 11912
11913 11914 11912
11910 11879 11882
11912 11879 11910
11912 11888 11879
11915 11888 11912
11915 11889 11888
11889 11915 11916
11915 11917 11916
11889 11916 11892
11918 11892 11916
11919 11918 11916
11917 11919 11916
11919 11920 11918
11921 11918 11920
11918 11903 11892
11905 11903 11918
11905 11918 11921
11922 11915 11912
11914 11922 11912
11922 11923 11915
11915 11923 11917
11905 11921 11924
11919 11925 11920
11917 11925 11919
11917 11926 11925
11927 11905 11924
11905 11927 11928
11929 11905 11928
11924 11930 11927
11930 11931 11927
11930 11932 11931
11905 11929 11904
11929 11933 11904
11893 11904 11933
11933 11929 11902
11893 11933 11902
11929 11934 11902
11899 11886 11935
11899 11936 11900
11900 11936 11937
11900 11937 11901
11901 11937 11938
11936 11939 11937
11936 11940 11939
11940 11941 11939
11940 11942 11941
11937 11939 11943
11937 11943 11944
11937 11944 11938
11941 11942 11945
11941 11945 11946
11945 11947 11946
11901 11938 11906
11948 11944 11943
11943 11949 11948
11943 11950 11949
11951 11943 11939
11939 11952 11951
11939 11953 11952
11906 11954 11908
11829 11816 11955
11909 11956 11957
11909 11957 11911
11911 11957 11958
11911 11958 11913
11958 11914 11913
11958 11959 11914
11909 11960 11956
11960 11961 11956
11961 11962 11956
11841 11963 11964
11840 11963 11841
11839 11965 11840
11839 11838 11965
11965 11838 11966
11967 11966 11838
11834 11967 11838
11820 11967 11834
11820 11819 11967
11822 11820 11834
11968 11969 11970
11968 11970 11971
11970 11969 11972
11970 11972 11973
11973 11972 11974
11973 11974 11975
11975 11974 11976
11975 11976 11977
11977 11976 11978
11978 11976 11979
11978 11979 11980
11978 11980 11981
11980 11982 11981
11983 11981 11982
11984 11983 11982
11984 11985 11983
11983 11985 11986
11983 11986 11987
11986 11988 11987
11986 11989 11988
11990 11989 11986
11990 11991 11989
11986 11985 11992
11986 11992 11990
11993 11990 11992
11988 11994 11987
11988 11995 11994
11996 11995 11988
11996 11988 11997
11997 11988 11989
11998 11995 11996
11998 11999 11995
12000 11999 11998
12000 11998 12001
12002 11999 12000
12002 12003 11999
11995 11999 12003
11995 12003 11994
12004 12003 12002
12004 12005 12003
12003 12005 12006
12003 12006 11994
12006 11987 11994
12006 11983 11987
12007 12005 12004
12007 12008 12005
12006 12005 12008
11983 12006 11981
12006 12008 11981
11978 11981 12008
12009 11978 12008
12009 12008 12007
11977 11978 12009
12001 11998 12010
12001 12010 12011
12010 11998 11996
12010 11996 12012
12012 11996 11997
12012 11997 12013
12014 12013 11997
12014 11997 12015
12016 12014 12015
11991 12016 12015
12017 12016 11991
11991 12015 11989
11997 11989 12015
12017 11991 11990
12017 11990 11993
11993 11992 12018
12019 11992 12020
12020 11992 11985
12020 11985 11984
12019 12020 12021
12022 12021 12020
12022 12020 11984
12023 12022 11984
12023 11984 11982
11980 12023 11982
12024 12021 12022
12024 12025 12021
12026 12021 12025
12019 12021 12026
12027 12024 12022
12027 12022 12023
11980 12027 12023
12028 12024 12027
12028 12029 12024
12028 12030 12029
12028 12031 12030
12024 12029 12032
12024 12032 12025
12025 12032 12033
12026 12025 12033
12032 12034 12033
12029 12030 12034
12029 12034 12032
11980 11979 12027
12035 12031 12028
12035 12028 12027
12035 12027 11979
12035 12036 12031
11976 12035 11979
11976 11974 12035
11974 12036 12035
11974 11972 12036
12031 12037 12030
12034 12038 12033
12030 12038 12034
12030 12039 12038
12037 12039 12030
12040 12039 12037
12040 12037 12041
12042 12038 12039
12042 12039 12040
12038 12042 12043
12033 12038 12043
11972 12044 12036
12041 12037 12044
12036 12044 12031
12044 12037 12031
11972 11969 12044
12041 12044 12045
12045 12044 11969
12045 11969 11968
12046 12047 12048
12049 12047 12046
12049 12050 12047
12050 12049 12051
12050 12051 12052
12047 12050 12053
12052 12053 12050
12047 12053 12054
12055 12054 12053
12056 12054 12055
12047 12054 12056
12047 12056 12048
12056 12055 12057
12057 12055 12058
12057 12058 12059
12059 12058 12060
12059 12060 12061
12062 12060 12058
12062 12063 12060
12064 12060 12063
12064 12063 12065
12066 12063 12062
12063 12066 12065
12066 12062 12067
12067 12062 12068
12068 12062 12058
12068 12058 12055
12055 12053 12068
12067 12068 12069
12068 12070 12069
12068 12053 12070
12071 12067 12069
12071 12069 12072
12065 12066 12073
12073 12066 12067
12073 12067 12071
12069 12070 12074
12069 12074 12072
12052 12070 12053
12075 12074 12070
12075 12070 12052
12076 12075 12052
12076 12052 12051
12077 12060 12064
12077 12061 12060
12078 12079 12080
12078 12080 12081
12081 12082 12078
12081 12083 12082
12083 12081 12084
12081 12080 12085
12081 12085 12084
12086 12078 12082
12086 12087 12078
12087 12079 12078
12087 12088 12079
12088 12089 12079
12088 12090 12089
12091 12084 12085
12092 12091 12085
12080 12092 12085
12080 12093 12092
12079 12089 12093
12079 12093 12080
12094 12095 12096
12094 12096 12097
12097 12096 12098
12097 12098 12099
12100 12095 12094
12100 12101 12095
12102 12101 12100
12098 12103 12099
12104 12105 12106
12104 12106 12107
12105 12108 12106
12105 12109 12108
12108 12109 12110
12108 12110 12111
12110 12112 12111
12110 12113 12112
12106 12114 12107
12106 12115 12114
12108 12115 12106
12115 12116 12114
12115 12117 12116
12118 12116 12117
12118 12119 12116
12120 12117 12115
12108 12120 12115
12120 12121 12117
12118 12117 12121
12121 12120 12122
12122 12120 12108
12122 12108 12111
12112 12122 12111
12121 12122 12123
12124 12123 12122
12112 12124 12122
12124 12125 12123
12123 12125 12126
12123 12126 12127
12128 12121 12123
12128 12123 12127
12118 12121 12128
12118 12129 12119
12128 12129 12118
12128 12127 12130
12130 12127 12131
12127 12126 12131
12131 12132 12130
12128 12130 12133
12133 12130 12132
12133 12129 12128
12134 12129 12133
12135 12129 12134
12133 12136 12134
12137 12136 12133
12138 12136 12137
12137 12139 12138
12137 12140 12139
12139 12140 12141
12142 12141 12140
12142 12140 12137
12142 12143 12141
12142 12144 12143
12142 12145 12144
12144 12145 12146
12144 12146 12147
12147 12146 12148
12147 12148 12149
12150 12146 12145
12148 12146 12150
12150 12145 12151
12142 12151 12145
12151 12152 12150
12151 12153 12152
12153 12154 12152
12153 12155 12154
12148 12150 12156
12156 12150 12152
12156 12152 12157
12157 12152 12154
12157 12154 12158
12159 12157 12158
12159 12158 12160
12161 12159 12160
12161 12162 12159
12162 12163 12159
12163 12156 12157
12163 12157 12159
12162 12164 12163
12164 12165 12163
12165 12156 12163
12164 12166 12165
12165 12166 12167
12165 12167 12168
12165 12148 12156
12149 12148 12165
12149 12165 12168
12169 12162 12161
12169 12170 12162
12170 12164 12162
12170 12171 12164
12171 12166 12164
12171 12172 12166
12167 12166 12172
12167 12172 12173
12174 12137 12175
12153 12174 12175
12153 12175 12155
12174 12153 12151
12174 12151 12142
12142 12137 12174
12176 12177 12178
12176 12178 12179
12178 12180 12179
12178 12181 12180
12181 12182 12180
12181 12183 12182
12184 12176 12179
12180 12184 12179
12184 12185 12176
12186 12185 12184
12186 12184 12187
12188 12186 12187
12188 12189 12186
12190 12188 12187
12190 12187 12191
12191 12192 12190
12191 12193 12192
12194 12193 12191
12194 12191 12195
12195 12191 12187
12195 12187 12184
12180 12195 12184
12182 12194 12195
12182 12195 12180
12196 12183 12181
12197 12196 12181
12197 12181 12178
12178 12198 12197
12178 12177 12198
12190 12192 12199
12200 12189 12188
12200 12188 12201
12202 12198 12177
12202 12177 12203
12204 12202 12203
12204 12203 12205
12205 12203 12206
12206 12203 12177
12205 12206 12207
12207 12206 12208
12207 12208 12209
12209 12208 12210
12206 12177 12176
12208 12206 12176
12208 12176 12185
12211 12208 12185
12211 12185 12186
12186 12212 12211
12211 12212 12213
12186 12189 12212
12214 12212 12189
12215 12212 12214
12213 12212 12215
12215 12214 12216
12217 12216 12214
12214 12189 12200
12218 12214 12200
12218 12217 12214
12219 12208 12211
12210 12208 12219
12219 12211 12220
12211 12213 12220
12221 12217 12218
12215 12216 12222
12213 12215 12222
12213 12222 12223
12218 12200 12201
12201 12224 12218
12224 12201 12225
12199 12224 12225
12190 12225 12201
12199 12225 12190
12190 12201 12188
12218 12224 12226
12227 12218 12226
12221 12218 12227
12227 12228 12221
12229 12228 12227
12230 12228 12229
12199 12231 12224
12196 12232 12183
12196 12197 12233
12197 12234 12233
12197 12198 12234
12198 12235 12234
12233 12234 12236
12233 12236 12237
12237 12236 12238
12237 12238 12239
12234 12240 12236
12234 12241 12240
12234 12235 12241
12238 12242 12239
12238 12243 12242
12242 12243 12244
12198 12202 12235
12245 12240 12241
12240 12245 12246
12240 12246 12247
12248 12236 12240
12236 12248 12249
12236 12249 12250
12202 12204 12251
12252 12253 12105
12252 12105 12104
12253 12109 12105
12253 12254 12109
12110 12109 12254
12110 12254 12255
12255 12113 12110
12255 12256 12113
12205 12207 12257
12205 12257 12258
12207 12259 12257
12207 12209 12259
12259 12209 12210
12259 12210 12260
12205 12258 12261
12261 12258 12262
12262 12258 12263
12264 12138 12265
12138 12264 12136
12266 12267 12268
12266 12268 12269
12268 12270 12269
12268 12271 12270
12271 12272 12270
12271 12273 12272
12273 12274 12272
12273 12275 12274
12275 12276 12274
12276 12277 12274
12276 12278 12277
12276 12279 12278
12278 12279 12280
12281 12280 12279
12282 12280 12281
12282 12281 12283
12281 12284 12283
12281 12285 12284
12284 12285 12286
12284 12286 12287
12288 12284 12287
12288 12287 12289
12284 12288 12290
12284 12290 12283
12291 12290 12288
12286 12285 12292
12286 12292 12293
12294 12286 12293
12294 12295 12286
12295 12287 12286
12296 12294 12293
12296 12293 12297
12298 12296 12297
12298 12299 12296
12300 12298 12297
12300 12297 12301
12293 12292 12301
12293 12301 12297
12302 12300 12301
12302 12301 12303
12301 12292 12304
12301 12304 12303
12304 12292 12285
12304 12285 12281
12305 12302 12303
12305 12303 12306
12304 12306 12303
12281 12279 12304
12304 12279 12306
12276 12306 12279
12307 12305 12306
12307 12306 12276
12275 12307 12276
12299 12308 12309
12299 12309 12296
12309 12294 12296
12309 12310 12294
12310 12295 12294
12310 12311 12295
12312 12295 12311
12312 12313 12295
12314 12313 12312
12289 12313 12314
12315 12289 12314
12289 12287 12313
12295 12313 12287
12315 12288 12289
12315 12291 12288
12291 12316 12290
12317 12318 12290
12318 12283 12290
12318 12282 12283
12317 12319 12318
12320 12282 12318
12320 12318 12319
12321 12282 12320
12321 12280 12282
12278 12280 12321
12322 12320 12319
12322 12319 12323
12324 12323 12319
12317 12324 12319
12325 12321 12320
12325 12320 12322
12278 12321 12325
12326 12325 12322
12326 12322 12327
12326 12327 12328
12326 12328 12329
12322 12323 12330
12322 12330 12327
12323 12331 12330
12324 12331 12323
12330 12331 12332
12327 12330 12332
12327 12332 12328
12278 12325 12277
12333 12326 12329
12333 12277 12325
12333 12325 12326
12333 12329 12334
12274 12277 12333
12274 12333 12272
12272 12333 12334
12272 12334 12270
12332 12331 12335
12328 12332 12335
12328 12335 12336
12328 12336 12337
12329 12328 12337
12338 12337 12336
12338 12339 12337
12340 12338 12336
12340 12336 12335
12335 12341 12340
12331 12341 12335
12270 12334 12342
12339 12342 12337
12329 12337 12342
12334 12329 12342
12270 12342 12269
12339 12343 12342
12343 12269 12342
12343 12266 12269
12344 12345 12346
12347 12344 12346
12347 12346 12348
12348 12349 12347
12348 12350 12349
12346 12351 12348
12350 12348 12351
12346 12352 12351
12353 12351 12352
12354 12353 12352
12346 12345 12354
12346 12354 12352
12354 12355 12353
12355 12356 12353
12355 12357 12356
12357 12358 12356
12357 12359 12358
12360 12356 12358
12360 12358 12361
12362 12361 12358
12362 12363 12361
12364 12360 12361
12361 12363 12364
12364 12365 12360
12365 12366 12360
12366 12353 12356
12366 12356 12360
12353 12366 12351
12365 12367 12366
12366 12367 12368
12366 12368 12351
12369 12367 12365
12369 12370 12367
12363 12371 12364
12371 12369 12365
12371 12365 12364
12367 12370 12372
12367 12372 12368
12350 12351 12368
12373 12350 12368
12373 12368 12372
12374 12350 12373
12374 12349 12350
12375 12362 12358
12375 12358 12359
12376 12377 12378
12376 12378 12379
12377 12376 12380
12377 12380 12381
12381 12382 12377
12377 12382 12383
12377 12383 12378
12384 12380 12376
12384 12376 12385
12385 12376 12379
12385 12379 12386
12386 12379 12387
12386 12387 12388
12389 12383 12382
12390 12383 12389
12378 12383 12390
12378 12390 12391
12379 12378 12391
12379 12391 12387
12392 12393 12394
12392 12394 12395
12393 12396 12394
12393 12397 12396
12398 12392 12395
12398 12395 12399
12400 12398 12399
12396 12397 12401
12129 12135 12119
