byte offset: 0
first index: 0
index count: 11535
topology: trianglelist
format: DXGI_FORMAT_R16_UINT

0 1 2
3 2 1
0 2 4
0 4 5
4 6 5
4 7 6
7 8 6
7 9 8
10 9 7
10 7 11
12 9 10
12 13 9
8 9 13
14 13 12
14 15 13
16 15 14
17 16 14
18 17 14
18 19 17
17 19 20
17 20 21
20 19 22
20 22 23
23 22 24
24 22 25
25 22 19
25 19 18
24 25 26
23 24 27
27 24 28
27 28 29
29 28 30
29 30 31
32 28 24
32 24 26
33 28 32
33 32 34
31 30 35
31 35 36
36 35 37
38 33 34
38 39 33
40 39 38
41 42 43
44 41 43
44 43 45
46 44 45
46 45 47
46 47 48
46 48 49
48 50 49
48 51 50
50 51 52
53 42 54
55 56 57
58 57 56
58 56 59
59 56 60
55 60 56
59 60 61
59 61 62
59 62 63
58 59 63
63 62 64
63 64 65
66 65 64
66 64 67
66 67 68
66 68 69
70 69 68
70 68 71
70 71 72
70 72 73
74 73 72
75 63 65
58 63 75
75 65 76
77 76 65
77 65 66
77 66 69
77 69 78
79 78 69
79 69 70
79 70 73
79 73 80
74 80 73
67 81 68
67 82 81
68 81 83
83 72 71
83 84 72
84 85 72
85 86 72
86 74 72
84 87 85
88 87 84
88 84 89
90 87 88
90 88 91
92 85 87
92 87 90
86 85 92
91 88 93
91 93 94
95 93 88
95 88 89
93 95 96
97 93 96
98 97 96
98 96 99
96 100 99
96 101 100
95 101 96
102 99 100
102 103 99
103 102 104
103 104 105
106 105 104
106 107 105
107 106 108
107 108 109
110 109 108
110 108 111
112 110 111
112 113 110
114 112 111
114 115 112
115 113 112
114 111 116
108 116 111
108 117 116
106 117 108
106 118 117
118 106 104
118 104 119
102 119 104
102 120 119
120 102 100
120 100 121
101 121 100
101 122 121
95 122 101
95 123 122
123 95 89
123 89 124
84 124 89
84 83 124
81 124 83
82 123 124
82 124 81
125 122 123
125 123 82
64 125 82
62 125 64
62 126 125
126 121 122
126 122 125
64 82 67
127 126 62
127 128 126
127 129 128
127 130 129
130 131 129
130 132 131
132 117 131
128 121 126
128 120 121
129 120 128
129 119 120
131 119 129
131 118 119
117 118 131
94 133 134
134 133 135
134 135 136
136 135 137
136 137 138
139 138 137
139 140 138
141 140 139
141 142 140
135 143 137
137 143 144
144 143 145
145 143 98
135 98 143
133 98 135
145 98 99
144 145 146
147 144 146
147 148 144
149 144 148
137 144 149
149 148 150
150 148 151
151 148 147
150 151 152
152 151 153
152 153 154
154 153 155
154 155 156
151 147 157
158 153 151
158 151 157
155 153 158
155 158 159
155 160 156
160 155 159
141 150 161
141 161 162
162 161 163
162 163 164
164 163 165
141 166 167
141 167 142
166 168 167
166 169 168
169 170 168
167 171 142
167 172 171
168 172 167
168 173 172
170 173 168
174 150 141
174 141 139
137 174 139
142 175 176
142 176 140
140 176 177
140 177 138
138 177 178
138 178 179
179 178 180
179 180 134
134 180 181
134 181 94
94 181 182
94 182 91
91 182 183
91 183 90
90 183 184
90 184 92
92 184 185
92 185 86
185 74 86
185 186 74
74 186 187
74 187 188
74 188 189
74 189 80
80 189 190
80 190 79
79 190 191
79 191 78
189 188 192
189 192 193
193 192 194
193 194 195
196 193 195
195 197 196
196 197 198
196 198 199
195 200 197
200 195 194
198 197 201
200 201 197
198 201 202
202 201 203
202 203 204
203 205 204
203 206 205
205 206 207
205 207 208
203 209 206
207 206 209
200 209 201
203 201 209
207 209 210
200 210 209
204 205 211
204 211 212
212 202 204
212 211 213
213 211 214
214 211 205
214 205 208
213 214 215
212 213 216
216 213 217
216 217 218
218 217 219
219 217 220
220 217 213
220 213 215
219 220 221
218 219 222
222 219 223
223 219 221
222 223 224
224 223 225
225 223 226
223 221 226
225 226 227
224 225 228
228 225 229
229 225 227
228 229 230
231 230 229
231 232 230
229 233 231
229 234 233
235 231 233
231 235 232
229 227 236
224 237 222
237 238 222
222 238 218
237 239 238
239 240 238
241 238 240
238 241 218
240 242 241
241 242 243
243 244 241
241 244 216
241 216 218
216 244 245
244 246 245
202 245 246
212 245 202
216 245 212
202 246 198
199 198 246
199 246 247
244 248 246
243 248 244
249 248 243
246 248 249
247 246 249
247 249 250
251 247 250
199 247 251
251 252 199
253 252 251
254 250 249
254 255 250
255 254 256
255 256 257
257 256 258
259 251 250
260 259 250
252 196 199
252 261 196
262 261 252
262 252 253
193 261 262
196 261 193
251 263 253
263 251 259
263 259 264
264 259 265
260 265 259
266 265 260
266 264 265
253 263 267
267 263 264
267 264 268
189 193 262
189 262 190
190 262 253
190 253 191
267 191 253
268 264 269
266 270 264
270 266 271
270 271 272
272 271 273
273 271 274
271 266 275
275 274 271
272 273 276
276 273 277
277 273 278
274 278 273
260 275 266
133 97 98
93 97 133
94 93 133
68 83 71
279 280 281
279 281 282
282 281 283
282 283 284
284 283 285
279 286 280
279 287 286
287 279 288
288 279 282
287 288 289
290 289 288
290 291 289
292 291 290
292 293 291
294 293 292
289 295 287
296 287 295
295 297 296
298 287 296
298 286 287
299 284 285
300 284 299
288 282 300
300 282 284
301 302 288
301 303 302
304 302 303
305 294 304
305 304 303
306 307 308
309 307 306
310 307 309
310 311 307
308 307 311
312 311 310
312 313 311
314 313 312
314 315 313
313 315 316
313 316 317
311 313 317
318 315 314
318 319 315
316 315 319
316 319 320
311 317 321
308 311 321
320 322 316
316 322 323
322 324 323
316 323 325
325 323 326
323 327 326
323 328 327
324 328 323
326 327 329
325 326 330
330 326 329
331 328 324
332 328 331
332 331 333
333 331 334
331 324 335
334 331 335
333 336 332
333 337 336
338 336 337
338 339 336
340 339 338
340 341 339
338 342 340
343 341 340
343 340 344
342 344 340
338 337 345
345 342 338
337 333 346
346 333 334
346 345 337
335 347 334
335 348 347
346 334 349
350 348 335
350 335 324
351 352 318
353 351 318
354 353 318
355 353 354
355 354 356
353 355 357
358 357 355
358 355 359
353 357 360
357 361 360
357 362 361
363 361 362
363 364 361
365 363 362
365 362 366
367 363 365
367 368 363
364 363 368
366 362 369
366 369 358
356 354 370
356 370 371
372 371 370
372 370 373
374 373 370
374 370 375
375 370 354
375 354 318
376 373 374
376 374 377
378 376 377
378 379 376
380 372 373
380 373 376
352 319 318
381 382 383
359 355 384
359 384 385
385 384 386
385 386 387
387 386 388
389 390 391
389 391 392
392 391 393
392 393 394
395 394 393
396 397 398
396 399 397
400 399 396
401 399 400
397 399 402
399 401 402
403 402 401
398 397 404
397 402 404
404 402 405
402 403 405
403 224 405
403 401 406
406 237 403
403 237 224
406 401 407
407 401 400
406 239 237
239 406 408
408 406 407
408 409 239
240 239 409
409 410 240
240 410 411
240 411 242
411 412 242
412 243 242
249 243 412
413 414 415
413 415 416
413 416 417
418 415 414
418 419 415
420 419 418
420 421 419
422 421 420
415 423 416
416 423 424
425 424 423
416 424 426
415 427 423
428 423 427
425 423 428
428 427 429
429 427 430
429 430 431
431 430 432
431 432 433
434 433 432
434 435 433
434 436 435
437 430 427
437 427 415
438 432 430
438 430 437
439 434 432
439 432 438
436 434 439
200 440 210
200 194 440
194 441 440
194 442 441
192 442 194
192 443 442
188 443 192
188 187 443
440 441 444
440 444 210
210 444 445
210 445 207
207 445 446
207 446 208
208 446 447
208 447 214
214 447 448
214 448 215
215 448 449
215 449 220
220 449 450
220 450 221
221 450 451
221 451 226
452 453 454
455 456 457
457 458 455
457 459 458
460 458 459
461 458 460
461 460 462
462 463 461
464 462 460
465 464 460
466 464 465
466 465 467
468 466 467
468 469 466
469 470 466
469 471 470
471 472 470
471 473 472
473 474 472
474 475 472
472 475 476
472 476 477
476 464 478
476 478 477
474 479 475
473 480 474
481 480 473
481 473 482
482 473 483
482 483 484
483 485 484
483 486 485
485 486 468
485 468 487
488 485 487
488 489 485
490 480 481
490 481 491
492 490 491
492 493 490
494 493 492
494 492 495
492 496 495
492 497 496
496 498 495
496 499 498
499 500 498
500 501 498
501 494 495
501 495 498
500 502 501
499 503 500
503 504 500
503 505 504
505 506 504
505 507 506
508 502 500
508 500 504
509 508 504
509 510 508
507 511 506
507 512 511
512 513 511
514 510 509
514 509 515
516 514 515
517 518 519
518 520 519
518 521 520
520 521 522
520 522 523
522 524 523
522 525 524
524 525 526
524 526 527
528 524 527
528 529 524
530 528 527
530 527 531
532 530 531
526 533 527
526 534 533
535 533 534
529 536 524
529 537 536
537 538 536
537 539 538
539 540 538
539 541 540
541 542 540
535 534 543
535 543 544
534 545 543
534 526 545
526 546 545
526 525 546
525 547 546
525 522 547
522 548 547
522 549 548
549 550 548
549 551 550
518 542 552
553 554 555
553 555 556
557 553 556
557 556 485
554 481 555
554 558 481
558 491 481
558 559 491
559 492 491
559 497 492
488 560 557
488 561 560
560 561 562
560 562 563
557 560 564
557 564 565
565 564 566
565 566 567
568 560 563
568 569 560
570 569 568
570 568 571
572 570 571
567 566 572
572 571 573
567 572 574
574 572 575
574 575 576
576 575 17
17 575 16
16 575 572
16 572 573
576 17 21
571 577 573
571 578 577
579 578 571
579 580 578
581 580 579
581 582 580
562 582 581
562 583 582
582 583 584
582 584 585
577 578 586
578 587 586
578 588 587
587 588 589
587 589 585
577 586 590
591 577 590
591 592 577
15 592 591
15 591 593
16 592 15
573 577 592
573 592 16
584 594 585
584 595 594
585 594 596
585 596 597
597 596 598
597 598 586
599 596 594
596 599 600
599 594 601
594 602 601
594 595 602
586 598 603
586 603 590
590 603 604
590 604 591
591 604 605
591 605 593
593 605 606
606 605 607
605 604 607
604 608 607
608 604 603
608 603 609
603 598 609
610 600 609
606 607 611
593 606 612
612 606 613
612 613 614
614 613 615
615 613 616
616 613 606
616 606 611
615 616 617
614 615 618
618 615 619
618 619 620
621 619 615
621 615 617
608 622 607
609 622 608
609 623 622
600 623 609
600 624 623
599 624 600
599 625 624
601 625 599
601 626 625
627 619 621
627 621 628
629 627 628
629 630 627
620 619 631
620 631 632
633 632 631
633 634 632
634 633 635
634 635 636
637 630 629
637 638 630
639 638 637
640 626 601
626 640 641
640 642 641
643 641 642
644 643 642
645 643 644
646 645 644
647 645 646
647 648 645
646 644 649
644 642 649
646 649 650
650 649 651
650 651 652
650 652 653
653 652 654
653 654 655
653 655 656
656 655 657
657 658 656
657 659 658
658 659 660
658 660 661
649 662 651
649 642 662
651 662 663
651 663 652
652 663 664
652 664 654
654 664 665
654 665 655
655 665 666
655 666 657
657 666 667
657 667 659
659 667 668
659 668 660
660 668 669
660 669 670
661 660 670
670 669 671
670 671 672
673 670 672
661 670 673
673 672 674
673 674 675
675 674 676
675 676 677
675 677 678
678 677 679
678 679 680
676 681 677
676 682 681
674 682 676
672 671 683
672 683 674
674 683 682
677 681 684
677 684 679
679 684 685
679 685 686
680 679 686
680 686 687
680 687 688
686 685 689
686 689 687
689 690 687
688 687 690
689 691 690
690 691 692
690 692 648
648 692 693
648 693 645
645 693 643
647 688 690
647 690 648
693 694 643
695 693 692
695 694 693
694 696 643
696 694 697
696 697 698
696 698 641
643 696 641
699 641 698
695 692 700
691 700 692
700 691 701
694 695 702
703 694 702
694 703 697
702 704 703
697 703 705
698 697 706
697 705 706
691 689 701
689 707 701
685 707 689
685 708 707
707 708 709
685 684 708
681 708 684
681 710 708
681 711 710
681 682 711
682 712 711
711 712 713
712 714 713
712 715 714
715 716 714
715 717 716
716 717 718
716 718 719
719 718 720
719 720 721
722 721 720
722 562 721
711 713 723
561 721 562
488 719 721
561 488 721
488 724 719
725 724 488
725 726 724
726 725 727
725 728 727
725 468 728
726 727 729
730 726 729
730 729 731
732 730 731
732 733 730
734 733 732
734 735 733
736 735 734
736 737 735
726 730 738
726 738 724
730 733 739
730 739 738
733 735 740
733 740 739
741 740 735
741 735 737
737 742 741
731 729 743
729 744 743
745 743 744
746 745 744
746 747 745
746 748 747
748 746 749
750 748 749
750 749 751
750 751 752
753 750 752
753 752 754
753 754 755
756 753 755
756 755 757
756 757 758
759 756 758
759 758 760
747 761 745
747 762 761
760 758 763
760 763 764
758 757 765
758 765 763
757 755 766
757 766 765
755 754 767
755 767 766
754 768 767
754 752 768
752 769 768
752 751 769
751 770 769
751 749 770
749 771 770
749 746 771
746 744 771
763 765 772
457 766 767
459 457 767
459 767 768
773 459 768
773 768 769
460 459 773
465 460 773
774 773 769
774 769 770
773 774 465
728 774 770
728 770 771
727 728 771
727 771 744
729 727 744
774 467 465
467 774 728
468 467 728
775 776 772
775 777 776
777 778 776
775 456 777
779 777 456
776 778 780
776 780 781
765 456 775
765 766 456
772 765 775
772 776 781
781 782 772
782 781 783
763 772 782
782 784 763
784 764 763
784 785 764
764 785 786
764 786 787
788 764 787
788 760 764
789 788 787
789 790 788
791 790 789
792 790 791
792 793 790
793 788 790
791 789 794
795 791 794
792 791 795
796 792 795
796 795 797
798 796 797
798 797 799
798 799 800
801 798 800
801 800 802
801 802 803
799 797 804
799 804 805
800 799 805
803 802 806
803 806 807
761 803 807
761 807 743
745 761 743
802 800 808
802 808 806
800 805 808
804 736 805
804 809 736
731 743 807
732 731 807
732 807 806
808 732 806
808 734 732
805 736 734
805 734 808
804 810 809
804 811 810
797 811 804
797 795 811
795 794 811
794 810 811
810 812 809
809 812 736
810 813 812
813 814 812
812 814 737
812 737 736
813 815 814
816 815 813
810 816 813
816 817 815
814 815 818
814 818 742
737 814 742
818 819 742
818 820 819
821 820 818
820 821 822
742 819 741
820 822 823
823 824 820
824 825 820
824 826 825
827 826 824
827 824 828
829 827 828
829 830 827
830 723 827
723 826 827
723 831 826
826 831 825
831 723 713
831 713 740
714 740 713
714 739 740
716 739 714
716 738 739
719 738 716
719 724 738
829 828 832
833 832 828
708 830 829
708 829 709
709 829 832
708 710 830
710 711 830
830 711 723
823 833 824
824 833 828
834 835 836
834 836 837
490 834 837
490 493 834
480 490 837
480 837 474
836 474 837
836 479 474
836 835 838
836 838 839
479 836 839
479 839 840
475 479 840
475 840 841
842 475 841
842 841 462
464 842 462
835 843 838
843 844 838
838 844 839
839 844 845
845 840 839
845 846 840
840 846 841
843 847 844
848 847 843
848 843 849
850 848 849
850 851 848
852 850 849
852 853 850
854 852 849
854 849 843
835 854 843
853 855 850
853 856 855
857 851 850
857 850 855
845 844 858
846 845 858
846 858 859
463 846 859
860 846 463
463 859 861
461 463 861
461 861 862
458 461 862
458 862 455
863 857 855
863 864 857
865 864 863
865 863 866
867 865 866
867 866 868
869 867 868
860 463 462
870 871 868
872 873 874
873 875 874
876 874 875
877 876 875
877 875 878
879 877 878
879 878 880
878 881 880
878 882 881
875 882 878
883 879 880
883 880 884
881 884 880
881 885 884
884 885 886
884 886 887
886 888 887
875 889 882
876 890 874
890 891 874
892 883 884
892 884 893
894 892 893
895 892 894
895 894 896
873 889 875
897 898 899
897 899 900
856 899 898
856 898 855
900 901 897
900 902 901
903 904 905
903 905 906
907 903 906
907 908 903
909 907 906
909 906 910
905 910 906
493 909 910
493 910 834
910 835 834
910 854 835
905 854 910
911 904 903
911 912 904
908 913 903
908 914 913
914 915 913
914 916 915
916 917 915
918 912 911
918 911 919
918 919 920
921 920 919
922 923 924
924 923 925
924 925 926
925 927 926
925 928 927
927 928 929
927 929 930
929 931 930
929 932 931
933 932 929
933 929 934
935 932 933
935 936 932
937 936 935
931 932 938
931 938 939
940 939 938
934 929 941
934 941 942
942 941 943
942 943 944
944 943 945
944 945 946
946 945 947
940 948 939
940 949 948
939 948 950
939 950 931
931 950 951
931 951 930
930 951 952
930 952 927
927 952 953
927 953 954
954 953 955
954 955 956
924 957 947
958 638 959
640 601 602
602 662 640
602 663 662
595 663 602
595 664 663
960 664 595
960 665 664
722 665 960
722 960 583
722 666 665
720 666 722
720 667 666
718 667 720
718 668 667
717 668 718
717 669 668
715 669 717
715 671 669
683 671 715
683 715 712
682 683 712
960 584 583
562 722 583
960 595 584
961 962 963
963 962 964
965 964 962
966 964 965
966 967 964
968 967 966
968 969 967
967 969 970
967 970 971
964 967 971
972 969 968
972 973 969
970 969 973
970 973 974
973 975 974
973 976 975
975 976 977
964 971 978
963 964 978
979 973 972
979 980 973
981 980 979
982 981 979
982 983 981
984 962 985
965 962 984
13 15 593
13 593 612
8 13 612
11 7 986
11 986 987
987 986 988
987 988 989
989 988 990
610 596 600
991 992 810
794 991 810
794 789 991
789 993 991
994 993 789
787 994 789
810 995 816
786 996 787
815 997 998
818 815 998
821 818 999
457 456 766
640 662 642
725 487 468
725 488 487
762 801 803
762 803 761
759 760 788
759 788 793
1000 1001 1002
1001 1000 1003
1002 1001 1004
1004 1005 1002
1006 1007 1005
1005 1007 1008
1006 1009 1007
1010 1007 1009
1011 1010 1009
1012 1006 1005
1007 1013 1014
1014 1013 1015
1016 1015 1013
1013 1017 1018
1017 1010 1019
1010 1020 1019
1021 1022 1011
1023 1024 1022
1022 1025 1023
1025 1026 1027
1028 1021 1029
1021 1030 1031
1032 1033 1025
1034 1035 1021
1035 1034 1036
1025 1037 1034
1037 1038 1039
1039 1038 1040
1041 1040 1038
1041 1042 1040
1042 1043 1040
1044 1042 1041
1040 1045 1046
1045 1047 1046
1048 1046 1047
1046 1049 1050
1050 1051 1039
1039 1051 1052
1053 1054 1042
1054 1053 1055
1056 1054 1055
1055 1057 1056
1058 1059 1060
1059 1061 1060
1059 1062 1061
1062 1063 1061
1062 1064 1063
1064 1065 1063
1064 1066 1065
1066 1067 1065
1066 1068 1067
1068 1069 1067
1068 1070 1069
1070 1071 1069
1067 1069 1072
1069 1071 1072
1067 1072 1073
1065 1067 1073
1065 1073 1074
1063 1065 1074
1063 1074 1075
1061 1063 1075
1061 1075 1076
1077 1061 1076
1077 1076 1078
1079 1077 1078
1080 1081 1082
1081 1083 1082
1083 1084 1082
1085 1082 1084
1085 1080 1082
1083 1086 1084
1086 1087 1084
1088 1084 1087
1088 1085 1084
1089 1087 1086
1089 1090 1087
1091 1087 1090
1091 1088 1087
1090 1089 1092
1092 1093 1090
1094 1090 1093
1094 1091 1090
1093 1092 1095
1095 1096 1093
1097 1093 1096
1097 1094 1093
1096 1095 1098
1098 1099 1096
1100 1096 1099
1100 1097 1096
1099 1098 1101
1101 1102 1099
1103 1099 1102
1103 1100 1099
1102 1101 1104
1104 1105 1102
1106 1102 1105
1106 1103 1102
1106 1105 1107
1108 1107 1105
1105 1104 1108
1109 1089 1110
1109 1111 1089
1112 1109 1110
1112 1110 1113
1114 1113 1110
1110 1115 1114
1115 1110 1089
1116 1112 1113
1116 1113 1117
1118 1117 1113
1113 1114 1118
1114 1119 1118
1119 1120 1118
1117 1118 1120
1119 1121 1120
1121 1122 1120
1121 1123 1122
1123 1124 1122
1123 1125 1124
1125 1126 1124
1125 1127 1126
1127 1128 1126
1129 1126 1128
1120 1130 1117
1130 1120 1122
1131 1117 1130
1131 1116 1117
1122 1132 1130
1132 1122 1124
1133 1130 1132
1133 1131 1130
1124 1134 1132
1134 1124 1126
1126 1129 1134
1135 1132 1134
1135 1133 1132
1136 1134 1129
1136 1135 1134
1137 1136 1129
1129 1128 1137
1138 1139 1140
1140 1141 1138
1141 1140 1142
1138 1141 1143
1142 1144 1141
1141 1144 1145
1141 1145 1143
1144 1142 1146
1139 1138 1147
1147 1138 1148
1138 1143 1148
1147 1149 1139
1149 1147 1150
1150 1151 1149
1150 1147 1152
1147 1148 1152
1151 1150 1153
1154 1153 1150
1150 1152 1154
1153 1155 1151
1146 1156 1144
1144 1156 1157
1144 1157 1145
1156 1146 1158
1154 1159 1153
1160 1153 1159
1155 1153 1160
1160 1161 1155
1162 1161 1160
1160 1159 1162
1158 1163 1156
1164 1156 1163
1164 1157 1156
1163 1158 1165
1165 1166 1163
1167 1163 1166
1167 1164 1163
1166 1165 1168
1168 1169 1166
1170 1166 1169
1170 1167 1166
1169 1171 1170
1171 1169 1172
1171 1172 1173
1171 1173 1174
1175 1172 1169
1169 1168 1175
1172 1175 1176
1089 1177 1115
1177 1089 1086
1086 1178 1177
1083 1178 1086
1083 1179 1178
1180 1179 1083
1083 1081 1180
1181 1180 1081
1182 1181 1081
1080 1182 1081
1180 1183 1179
1183 1180 1184
1180 1181 1184
1185 1186 1187
1185 1187 1188
1189 1186 1185
1189 1185 1190
1189 1190 1191
1189 1191 1192
1192 1191 1193
1192 1193 1194
1187 1195 1188
1194 1193 1196
1193 1197 1196
1198 1199 1200
1200 1199 1201
1200 1201 1202
1202 1201 1203
1202 1203 1204
1204 1203 1205
1204 1205 1206
1206 1205 1207
1206 1207 1208
1208 1207 1209
1208 1209 1210
1210 1209 1211
1207 1212 1209
1209 1212 1211
1207 1213 1212
1205 1213 1207
1205 1214 1213
1203 1214 1205
1203 1215 1214
1201 1215 1203
1201 1216 1215
1217 1216 1201
1217 1218 1216
1219 1218 1217
1220 1221 1222
1222 1221 1223
1223 1221 1224
1225 1224 1221
1225 1221 1220
1223 1224 1226
1226 1224 1227
1228 1227 1224
1228 1224 1225
1229 1226 1227
1229 1227 1230
1231 1230 1227
1231 1227 1228
1230 1232 1229
1232 1230 1233
1234 1233 1230
1234 1230 1231
1233 1235 1232
1235 1233 1236
1237 1236 1233
1237 1233 1234
1236 1238 1235
1238 1236 1239
1240 1239 1236
1240 1236 1237
1239 1241 1238
1241 1239 1242
1243 1242 1239
1243 1239 1240
1242 1244 1241
1244 1242 1245
1246 1245 1242
1246 1242 1243
1246 1247 1245
1248 1245 1247
1245 1248 1244
1249 1250 1229
1249 1229 1251
1252 1250 1249
1252 1253 1250
1254 1250 1253
1250 1254 1255
1255 1229 1250
1256 1253 1252
1256 1257 1253
1258 1253 1257
1253 1258 1254
1254 1258 1259
1259 1258 1260
1257 1260 1258
1259 1260 1261
1261 1260 1262
1261 1262 1263
1263 1262 1264
1263 1264 1265
1265 1264 1266
1265 1266 1267
1267 1266 1268
1269 1268 1266
1260 1257 1270
1270 1262 1260
1271 1270 1257
1271 1257 1256
1262 1270 1272
1272 1264 1262
1273 1272 1270
1273 1270 1271
1264 1272 1274
1274 1266 1264
1266 1274 1269
1275 1274 1272
1275 1272 1273
1276 1269 1274
1276 1274 1275
1277 1269 1276
1269 1277 1268
1278 1279 1280
1279 1278 1281
1281 1282 1279
1278 1283 1281
1282 1281 1284
1281 1285 1284
1281 1283 1285
1284 1286 1282
1280 1287 1278
1287 1288 1278
1278 1288 1283
1287 1280 1289
1289 1290 1287
1290 1289 1291
1290 1292 1287
1287 1292 1288
1291 1293 1290
1294 1290 1293
1290 1294 1292
1293 1291 1295
1286 1284 1296
1284 1297 1296
1284 1285 1297
1296 1298 1286
1294 1293 1299
1300 1299 1293
1295 1300 1293
1300 1295 1301
1302 1300 1301
1300 1302 1299
1298 1296 1303
1304 1303 1296
1304 1296 1297
1303 1305 1298
1305 1303 1306
1307 1306 1303
1307 1303 1304
1306 1308 1305
1308 1306 1309
1310 1309 1306
1310 1306 1307
1309 1310 1311
1311 1312 1309
1311 1313 1312
1311 1314 1313
1315 1309 1312
1309 1315 1308
1312 1316 1315
1229 1255 1317
1317 1226 1229
1226 1317 1318
1223 1226 1318
1223 1318 1319
1320 1223 1319
1223 1320 1222
1321 1222 1320
1322 1222 1321
1220 1222 1322
1320 1319 1323
1323 1324 1320
1320 1324 1321
1325 1326 1327
1325 1327 1328
1326 1329 1327
1326 1330 1329
1331 1325 1328
1331 1328 1332
1328 1327 1333
1327 1329 1333
1332 1328 1333
1334 1332 1333
1335 1332 1334
1336 1335 1334
1336 1334 1337
1337 1334 1333
1338 1336 1337
1338 1337 1339
1339 1337 1333
1340 1338 1339
1340 1339 1341
1341 1339 1333
1342 1340 1341
1342 1341 1343
1343 1341 1333
1335 1344 1332
1345 1346 1347
1345 1347 1348
1346 1349 1347
1346 1350 1349
1350 1351 1349
1350 1352 1351
1348 1347 1353
1347 1349 1353
1349 1351 1353
1351 1354 1353
1355 1354 1351
1355 1356 1354
1357 1358 1359
1357 1359 1360
1360 1359 1361
1360 1361 1362
1363 1358 1357
1363 1364 1358
1358 1365 1359
1359 1365 1361
1364 1365 1358
1366 1365 1364
1367 1366 1364
1368 1366 1367
1368 1369 1366
1369 1365 1366
1370 1369 1368
1370 1371 1369
1371 1365 1369
1372 1371 1370
1372 1373 1371
1373 1365 1371
1374 1373 1372
1374 1375 1373
1375 1365 1373
1367 1364 1376
1377 1378 1379
1377 1379 1380
1380 1379 1381
1380 1381 1382
1382 1381 1383
1382 1383 1384
1378 1385 1379
1379 1385 1381
1381 1385 1383
1383 1385 1386
1387 1383 1386
1387 1386 1388
1389 1390 1391
1389 1391 1392
1392 1391 1393
1392 1393 1394
1395 1390 1389
1395 1396 1390
1397 1396 1395
1397 1398 1396
1399 1394 1393
1400 1401 1402
1403 1402 1401
1403 1404 1402
1405 1404 1403
1405 1406 1404
1407 1408 1409
1407 1409 1410
1410 1409 1411
1410 1411 1412
1412 1411 1413
1412 1413 1414
1415 1414 1413
1416 1417 1418
1416 1418 1419
1419 1418 1420
1419 1420 1421
1417 1416 1422
1417 1422 1423
1423 1422 1424
1423 1424 1425
1425 1424 1426
1425 1426 1427
1427 1426 1428
1427 1428 1429
1426 1430 1428
1426 1431 1430
1424 1431 1426
1424 1432 1431
1422 1432 1424
1422 1433 1432
1416 1433 1422
1416 1434 1433
1434 1416 1419
1434 1419 1435
1435 1419 1421
1435 1421 1436
1437 1436 1421
1420 1437 1421
1438 1439 1440
1441 1440 1439
1441 1442 1440
1442 1443 1440
1438 1440 1443
1442 1444 1443
1445 1444 1442
1445 1446 1444
1447 1446 1445
1447 1448 1446
1448 1447 1449
1448 1449 1450
1450 1449 1451
1450 1451 1452
1453 1448 1450
1454 1448 1453
1454 1455 1448
1456 1455 1454
1456 1457 1455
1457 1456 1458
1453 1450 1459
1459 1450 1452
1460 1453 1459
1461 1453 1460
1452 1451 1462
1461 1463 1453
1464 1463 1461
1464 1465 1463
1466 1465 1464
1449 1467 1451
1449 1468 1467
1468 1469 1467
1447 1468 1449
1447 1470 1468
1470 1447 1445
1470 1445 1471
1471 1445 1442
1471 1442 1441
1472 1473 1474
1472 1474 1475
1475 1474 1476
1475 1476 1477
1477 1476 1478
1477 1478 1479
1479 1478 1480
1479 1480 1481
1481 1480 1482
1481 1482 1483
1483 1482 1484
1483 1484 1485
1486 1485 1484
1487 1488 1489
1487 1489 1490
1491 1488 1487
1491 1492 1488
1493 1490 1489
1494 1492 1491
1494 1495 1492
1496 1495 1494
1496 1497 1495
1498 1499 1500
1498 1500 1501
1501 1500 1502
1501 1502 1503
1504 1503 1502
1499 1498 1505
1506 1504 1502
1502 1507 1506
1507 1508 1506
1509 1510 1511
1512 1510 1509
1512 1513 1510
1514 1513 1512
1515 1516 1517
1517 1516 1518
1517 1518 1519
1519 1518 1520
1519 1520 1521
1522 1523 1524
1522 1524 1525
1526 1525 1524
1526 1527 1525
1528 1522 1525
1528 1525 1529
1527 1529 1525
1527 1530 1529
1531 1528 1529
1530 1531 1529
1524 1523 1532
1524 1532 1533
1532 1534 1533
1526 1524 1535
1524 1533 1535
1536 1537 1538
1539 1536 1538
1539 1540 1536
1541 1540 1539
1541 1542 1540
1539 1543 1541
1539 1544 1543
1544 1539 1538
1541 1543 1545
1541 1545 1546
1542 1541 1546
1546 1545 1547
1546 1547 1548
1548 1547 1549
1548 1549 1550
1551 1548 1550
1551 1550 1552
1550 1553 1552
1550 1554 1553
1550 1549 1555
1550 1555 1554
1548 1551 1556
1546 1556 1542
1548 1556 1546
1557 1558 1559
1557 1560 1558
1561 1558 1560
1561 1560 1562
1561 1562 1563
1561 1563 1564
1563 1565 1564
1563 1566 1565
1564 1565 1567
1564 1567 1568
1569 1561 1564
1558 1561 1569
1558 1569 1559
1569 1564 1568
1570 1571 1572
1573 1571 1570
1573 1574 1571
1575 1576 1577
1575 1577 1578
1578 1577 1579
1578 1579 1580
1580 1579 1581
1580 1581 1582
1583 1582 1581
1584 1575 1578
1584 1578 1585
1585 1578 1580
1586 1580 1582
1585 1580 1586
1586 1582 1587
1583 1587 1582
1575 1588 1576
1575 1589 1588
1584 1589 1575
1584 1590 1589
1591 1592 1593
1594 1595 1596
1594 1596 1597
1598 1597 1596
1598 1596 1599
1599 1596 1600
1596 1595 1600
1599 1600 1601
1601 1600 1602
1600 1603 1602
1600 1604 1603
1595 1604 1600
1603 1605 1602
1601 1602 1606
1605 1606 1602
1597 1607 1594
1597 1608 1607
1598 1608 1597
1609 1610 1611
1612 1610 1609
1612 1613 1610
1613 1612 1614
1613 1614 1615
1616 1617 1618
1616 1618 1619
1620 1617 1616
1620 1621 1617
1622 1621 1620
1622 1623 1621
1619 1618 1624
1619 1624 1625
1625 1624 1626
1625 1626 1627
1627 1626 1628
1627 1628 1629
1629 1628 1630
1629 1630 1631
1630 1632 1631
1633 1634 1635
1633 1635 1636
1636 1635 1637
1636 1637 1638
1638 1637 1639
1638 1639 1640
1635 1641 1637
1639 1637 1641
1634 1642 1635
1635 1642 1641
1634 1643 1642
1644 1634 1633
1644 1643 1634
1640 1639 1645
1640 1645 1646
1647 1646 1645
1647 1648 1646
1648 1647 1649
1648 1649 1650
1650 1649 1651
1639 1641 1652
1653 1654 1655
1653 1655 1656
1656 1655 1657
1656 1657 1658
1659 1658 1657
1655 1660 1657
1660 1659 1657
1655 1661 1660
1661 1655 1654
1662 1654 1653
1654 1663 1661
1663 1664 1661
1665 1664 1663
1665 1666 1664
1667 1666 1665
1668 1669 1670
1671 1668 1670
1668 1671 1672
1671 1670 1673
1674 1669 1668
1674 1675 1669
1676 1675 1674
1676 1677 1675
1673 1670 1678
1669 1678 1670
1673 1678 1679
1680 1679 1678
1680 1678 1681
1669 1681 1678
1682 1683 1684
1682 1684 1685
1686 1684 1683
1687 1688 1689
1690 1691 1692
1690 1692 1693
1693 1692 1694
1693 1694 1695
1695 1694 1696
1697 1698 1699
1697 1699 1700
1701 1698 1697
1701 1702 1698
1703 1702 1701
1704 1705 1706
1704 1706 1707
1707 1706 1708
1707 1708 1709
1710 1709 1708
1711 1712 1713
1711 1713 1714
1715 1712 1711
1715 1716 1712
1717 1716 1715
1717 1718 1716
1719 1718 1717
1719 1720 1718
1721 1720 1719
1721 1722 1720
1723 1722 1721
1724 1725 1726
1724 1726 1727
1727 1726 1728
1727 1728 1729
1729 1728 1730
1731 1732 1733
1731 1733 1734
1735 1732 1731
1735 1736 1732
1737 1736 1735
1734 1733 1738
1734 1738 1739
1739 1738 1740
1739 1740 1741
1741 1740 1742
1741 1742 1743
1744 1745 1746
1744 1746 1747
1744 1747 1748
1749 1750 1751
1749 1751 1752
1753 1749 1752
1754 1755 1756
1754 1756 1757
1758 1754 1757
1759 1760 1761
1762 1760 1759
1762 1759 1763
1764 1762 1763
1765 1766 1767
1765 1767 1768
1769 1766 1765
1769 1770 1766
1771 1770 1769
1772 1773 1774
1772 1774 1775
1775 1774 1776
1775 1776 1777
1777 1776 1778
1779 1780 1781
1779 1781 1782
1782 1781 1783
1782 1783 1784
1784 1783 1785
1786 1787 1788
1786 1788 1789
1790 1787 1786
1790 1791 1787
1792 1791 1790
1792 1793 1791
1789 1788 1794
1789 1794 1795
1795 1794 1796
1795 1796 1797
1797 1796 1798
1797 1798 1799
1800 1799 1798
1801 1802 1803
1804 1802 1801
1805 1802 1804
1806 1802 1805
1807 1802 1806
1808 1802 1807
1809 1802 1808
1810 1802 1809
1811 1802 1810
1812 1802 1811
1813 1802 1812
1814 1802 1813
1815 1802 1814
1816 1802 1815
1817 1802 1816
1818 1802 1817
1819 1802 1818
1820 1802 1819
1821 1802 1820
1803 1802 1821
1822 1823 1824
1822 1824 1825
1822 1825 1826
1822 1826 1827
1822 1827 1828
1822 1828 1829
1822 1829 1830
1822 1830 1831
1822 1831 1832
1822 1832 1833
1822 1833 1834
1822 1834 1835
1822 1835 1836
1822 1836 1837
1822 1837 1838
1839 1824 1823
1825 1840 1826
1826 1840 1841
1826 1841 1827
1827 1841 1842
1827 1842 1843
1831 1844 1832
1832 1844 1845
1832 1845 1833
1835 1846 1836
1836 1846 1847
1836 1847 1837
1837 1847 1848
1837 1848 1849
1825 1850 1840
1824 1850 1825
1824 1851 1850
1839 1851 1824
1831 1852 1844
1853 1852 1831
1853 1854 1852
1855 1856 1854
1855 1854 1830
1828 1842 1856
1828 1856 1829
1857 1858 1839
1859 1858 1857
1822 1859 1857
1822 1860 1859
1822 1861 1860
1822 1838 1861
1822 1857 1823
1838 1862 1861
1838 1848 1862
1860 1863 1859
1859 1863 1858
1860 1864 1863
1865 1862 1864
1865 1864 1860
1857 1839 1823
1833 1866 1867
1833 1867 1834
1834 1867 1868
1834 1868 1835
1835 1868 1846
1869 1870 1871
1871 1872 1869
1872 1873 1869
1873 1874 1869
1874 1875 1869
1875 1876 1869
1876 1877 1869
1877 1878 1869
1878 1879 1869
1879 1880 1869
1880 1881 1869
1881 1882 1869
1882 1883 1869
1883 1884 1869
1884 1885 1869
1885 1886 1869
1886 1887 1869
1887 1870 1869
1888 1889 1890
1888 1890 1891
1891 1892 1888
1891 1893 1892
1894 1888 1892
1894 1895 1888
1896 1889 1888
1896 1897 1889
1898 1889 1897
1899 1892 1893
1899 1893 1900
1898 1901 1889
1901 1890 1889
1901 1902 1890
1901 1903 1902
1901 1904 1903
1905 1903 1904
1905 1904 1906
1906 1907 1905
1906 1908 1907
1909 1907 1908
1909 1910 1907
1911 1909 1908
1912 1908 1906
1911 1908 1912
1912 1906 1913
1906 1904 1914
1906 1914 1913
1915 1914 1904
1915 1904 1901
1902 1903 1916
1902 1916 1917
1890 1902 1917
1890 1917 1918
1891 1890 1918
1891 1918 1919
1893 1891 1919
1893 1919 1920
1900 1893 1920
1900 1920 1921
1903 1922 1916
1903 1905 1922
1905 1923 1922
1905 1907 1923
1907 1924 1923
1907 1910 1924
1925 1892 1926
1894 1892 1925
1927 1928 1929
1929 1928 1930
1931 1930 1928
1932 1929 1930
1932 1930 1933
1933 1930 1934
1931 1934 1930
1933 1934 1935
1936 1927 1929
1936 1929 1932
1937 1934 1931
1937 1931 1938
1937 1938 1939
1937 1939 1940
1941 1939 1938
1941 1938 1942
1943 1937 1940
1938 1931 1944
1938 1944 1942
1945 1934 1937
1935 1934 1945
1939 1946 1940
1940 1946 1947
1940 1947 1948
1943 1940 1948
1941 1949 1939
1939 1949 1946
1950 1946 1949
1951 1950 1949
1952 1946 1950
1951 1952 1950
1952 1953 1946
1951 1954 1952
1951 1949 1955
1941 1956 1949
1957 1955 1949
1957 1949 1956
1958 1955 1957
1958 1959 1955
1960 1955 1959
1960 1961 1955
1961 1951 1955
1962 1951 1961
1963 1962 1961
1963 1961 1960
1962 1964 1951
1958 1957 1965
1958 1965 1966
1957 1956 1967
1957 1967 1965
1956 1968 1967
1956 1941 1968
1941 1969 1968
1941 1942 1969
1942 1970 1969
1942 1944 1970
1944 1971 1970
1944 1972 1971
1944 1928 1972
1944 1931 1928
1973 1972 1928
1973 1928 1974
1975 1973 1974
1975 1974 1976
1977 1976 1974
1977 1974 1978
1978 1974 1927
1974 1928 1927
1979 1977 1978
1979 1978 1980
1980 1978 1927
1980 1927 1936
1972 1973 1981
1972 1981 1971
1973 1975 1982
1973 1982 1981
1983 1984 1985
1983 1985 1986
1984 1983 1987
1984 1987 1988
1989 1987 1983
1989 1983 1990
1990 1983 1986
1990 1986 1991
1992 1991 1986
1993 1988 1987
1993 1994 1988
1995 1993 1987
1989 1995 1987
1992 1986 1996
1997 1986 1985
1997 1985 1998
1997 1998 1999
1997 1999 2000
2001 2000 1999
2001 2002 2000
2002 2001 2003
2002 2003 2004
2005 2004 2003
2005 2003 2006
2007 2004 2005
2008 2002 2004
2007 2008 2004
2008 2009 2002
2002 2009 2010
2002 2010 2000
2011 2000 2010
2011 1997 2000
1998 2012 1999
1998 2013 2012
1985 2013 1998
1985 2014 2013
1984 2014 1985
1984 2015 2014
1988 2015 1984
1988 2016 2015
1994 2016 1988
1994 2017 2016
1999 2012 2018
1999 2018 2001
2001 2018 2019
2001 2019 2003
2003 2019 2020
2003 2020 2006
2021 2022 2023
2022 2024 2023
2025 2021 2023
2026 2023 2024
2027 2024 2022
2027 2028 2024
2028 2029 2024
2026 2024 2029
2028 2030 2029
2031 2027 2022
2031 2022 2021
2032 2026 2029
2032 2033 2026
2032 2034 2033
2032 2035 2034
2036 2033 2034
2036 2037 2033
2038 2035 2032
2033 2037 2039
2033 2039 2026
2040 2032 2029
2030 2040 2029
2034 2035 2041
2035 2042 2041
2035 2043 2042
2038 2043 2035
2036 2034 2044
2034 2041 2044
2045 2044 2041
2046 2044 2045
2047 2045 2041
2046 2045 2047
2047 2041 2048
2046 2047 2049
2046 2050 2044
2036 2044 2051
2052 2051 2044
2052 2044 2050
2053 2052 2050
2053 2050 2054
2055 2054 2050
2055 2050 2056
2056 2050 2046
2057 2056 2046
2058 2056 2057
2058 2055 2056
2057 2046 2059
2053 2060 2052
2053 2061 2060
2052 2060 2062
2052 2062 2051
2051 2062 2063
2051 2063 2036
2036 2063 2064
2036 2064 2037
2037 2064 2065
2037 2065 2039
2039 2065 2066
2039 2066 2067
2039 2067 2023
2039 2023 2026
2068 2023 2067
2068 2025 2023
2069 2025 2068
2069 2070 2025
2071 2025 2070
2071 2072 2025
2073 2072 2071
2073 2074 2072
2074 2021 2072
2072 2021 2025
2074 2031 2021
2067 2066 2075
2067 2075 2068
2068 2075 2076
2068 2076 2069
2077 2078 2079
2077 2079 2080
2081 2080 2079
2081 2079 2082
2083 2084 2085
2083 2085 2086
2087 2086 2085
2087 2085 2088
2089 2090 2091
2092 2089 2091
2092 2091 2093
2094 2095 2096
2094 2096 2097
2098 2095 2094
2098 2099 2095
2100 2101 2102
2100 2102 2103
2103 2102 2104
2103 2104 2105
2106 2107 2108
2106 2108 2109
2110 2108 2107
2110 2111 2108
2112 2113 2114
2112 2114 2115
2116 2114 2113
2116 2117 2114
2118 2119 2120
2121 2119 2118
2121 2122 2119
2123 2124 2125
2123 2125 2126
2127 2123 2126
2127 2126 2128
2129 2130 2131
2129 2131 2132
2130 2133 2131
2130 2134 2133
2135 2136 2137
2135 2137 2138
2139 2136 2135
2140 2141 2142
2140 2142 2143
2143 2142 2144
2145 2146 2147
2145 2147 2148
2149 2145 2148
2149 2148 2150
2151 2152 2153
2151 2153 2154
2152 2155 2153
2152 2156 2155
2157 2158 2159
2157 2159 2160
2158 2161 2159
2158 2162 2161
2163 2164 2165
2163 2165 2166
2167 2163 2166
2167 2166 2168
2169 2170 2171
2169 2171 2172
2172 2171 2173
2172 2173 2174
2174 2173 2175
2174 2175 2176
2176 2175 2177
2178 2169 2172
2178 2179 2169
2169 2179 2180
2169 2180 2181
2182 2178 2172
2182 2172 2174
2182 2174 2176
2182 2176 2183
2183 2176 2177
2183 2177 2184
2184 2177 2185
2184 2185 2186
2186 2185 2187
2186 2187 2188
2188 2187 2189
2188 2189 2190
2191 2188 2190
2191 2186 2188
2191 2190 2192
2192 2190 2193
2192 2193 2194
2194 2193 2195
2194 2195 2196
2196 2195 2197
2196 2197 2198
2198 2197 2199
2190 2189 2200
2190 2200 2193
2193 2200 2201
2193 2201 2195
2195 2201 2202
2195 2202 2197
2197 2202 2199
2191 2203 2186
2203 2184 2186
2203 2204 2184
2204 2183 2184
2204 2205 2183
2205 2182 2183
2206 2207 2208
2206 2208 2209
2206 2209 2210
2210 2209 2211
2210 2211 2212
2212 2211 2213
2212 2213 2214
2214 2213 2215
2207 2216 2208
2207 2217 2216
2218 2217 2207
2218 2219 2217
2220 2219 2218
2220 2221 2219
2222 2221 2220
2222 2223 2221
2208 2216 2224
2208 2224 2209
2209 2224 2225
2209 2225 2211
2211 2225 2226
2211 2226 2213
2213 2226 2227
2223 2228 2221
2223 2229 2228
2230 2229 2223
2222 2230 2223
2230 2231 2229
2232 2231 2230
2232 2233 2231
2234 2233 2232
2234 2235 2233
2236 2235 2234
2236 2237 2235
2238 2237 2236
2239 2238 2236
2239 2236 2240
2240 2236 2234
2238 2241 2237
2242 2241 2238
2239 2242 2238
2242 2243 2241
2244 2243 2242
2244 2245 2243
2246 2245 2244
2247 2246 2244
2247 2244 2242
2239 2247 2242
2246 2248 2245
2248 2249 2245
2248 2250 2249
2245 2249 2251
2245 2251 2243
2243 2251 2252
2243 2252 2241
2241 2252 2253
2241 2253 2237
2237 2253 2254
2237 2254 2235
2235 2254 2255
2235 2255 2233
2233 2255 2256
2233 2256 2231
2231 2256 2257
2231 2257 2229
2229 2257 2228
2221 2228 2258
2221 2258 2219
2219 2258 2259
2219 2259 2217
2217 2259 2260
2217 2260 2216
2216 2260 2261
2216 2261 2224
2224 2261 2262
2224 2262 2225
2225 2262 2263
2225 2263 2226
2226 2263 2227
2228 2264 2258
2258 2264 2265
2258 2265 2259
2259 2265 2266
2259 2266 2260
2260 2266 2267
2260 2267 2261
2261 2267 2268
2261 2268 2262
2262 2268 2269
2262 2269 2263
2263 2269 2227
2240 2234 2270
2271 2270 2234
2271 2234 2232
2272 2271 2232
2272 2232 2230
2222 2272 2230
2273 2274 2275
2274 2273 2276
2277 2274 2276
2278 2277 2276
2279 2278 2276
2280 2279 2276
2279 2280 2281
2281 2280 2282
2283 2280 2276
2280 2283 2284
2282 2280 2285
2280 2284 2285
2282 2285 2286
2286 2285 2287
2286 2287 2288
2288 2287 2289
2288 2289 2290
2290 2289 2291
2290 2291 2292
2292 2291 2293
2292 2293 2294
2294 2293 2295
2294 2295 2296
2296 2295 2297
2296 2297 2298
2298 2297 2299
2298 2299 2300
2300 2299 2301
2300 2301 2302
2302 2301 2303
2302 2303 2304
2304 2303 2305
2304 2305 2306
2306 2305 2307
2293 2308 2295
2293 2309 2308
2295 2308 2310
2295 2310 2297
2297 2310 2311
2297 2311 2299
2299 2311 2312
2299 2312 2301
2301 2312 2313
2301 2313 2303
2303 2313 2314
2303 2314 2305
2305 2314 2315
2291 2316 2309
2289 2316 2291
2289 2317 2316
2287 2317 2289
2287 2318 2317
2285 2318 2287
2285 2284 2318
2291 2309 2293
2275 2319 2320
2275 2320 2321
2321 2320 2322
2321 2322 2323
2323 2322 2324
2323 2324 2325
2325 2324 2326
2325 2326 2327
2327 2326 2328
2327 2328 2329
2329 2328 2330
2329 2330 2331
2331 2330 2332
2331 2332 2333
2333 2332 2334
2333 2334 2335
2335 2334 2336
2335 2336 2337
2337 2336 2338
2337 2338 2339
2339 2338 2340
2341 2335 2337
2341 2333 2335
2341 2337 2342
2342 2337 2339
2342 2339 2343
2343 2339 2340
2344 2329 2331
2344 2345 2329
2345 2327 2329
2345 2346 2327
2346 2325 2327
2346 2347 2325
2347 2323 2325
2347 2348 2323
2348 2321 2323
2348 2349 2321
2349 2275 2321
2350 2344 2331
2350 2331 2333
2341 2350 2333
2275 2274 2319
2351 2246 2352
2353 2352 2246
2354 2352 2353
2354 2355 2352
2355 2351 2352
2355 2354 2356
2355 2356 2357
2358 2355 2357
2358 2357 2359
2358 2359 2360
2360 2359 2361
2360 2361 2362
2362 2361 2363
2362 2363 2364
2364 2363 2365
2364 2365 2366
2366 2365 2367
2366 2367 2368
2368 2367 2369
2368 2369 2370
2370 2369 2371
2370 2371 2372
2372 2371 2373
2372 2373 2374
2359 2375 2361
2361 2375 2376
2361 2376 2363
2363 2376 2377
2363 2377 2365
2365 2377 2378
2365 2378 2367
2367 2378 2379
2367 2379 2369
2369 2379 2380
2369 2380 2371
2371 2380 2381
2371 2381 2373
2373 2381 2382
2373 2382 2383
2384 2373 2383
2384 2383 2385
2385 2383 2386
2385 2386 2387
2387 2386 2388
2383 2382 2389
2383 2389 2386
2386 2389 2388
2375 2390 2376
2375 2391 2390
2376 2390 2392
2376 2392 2377
2377 2392 2393
2377 2393 2378
2378 2393 2394
2378 2394 2379
2379 2394 2395
2379 2395 2380
2380 2395 2396
2380 2396 2381
2381 2396 2397
2381 2397 2382
2382 2397 2398
2382 2398 2389
2389 2398 2399
2392 2400 2393
2395 2401 2396
2396 2401 2402
2396 2402 2397
2397 2402 2403
2397 2403 2398
2398 2403 2399
2390 2404 2400
2391 2404 2390
2391 2405 2404
2406 2405 2391
2407 2406 2391
2356 2406 2407
2357 2356 2407
2357 2407 2359
2359 2407 2375
2407 2391 2375
2356 2408 2406
2354 2408 2356
2354 2409 2408
2353 2409 2354
2408 2410 2406
2406 2410 2405
2390 2400 2392
2180 2411 2181
2181 2412 2413
2169 2181 2413
2169 2413 2170
2414 2355 2358
2415 2416 2417
2415 2417 2418
2418 2417 2419
2418 2419 2420
2416 2421 2417
2416 2422 2421
2423 2422 2416
2423 2424 2422
2425 2424 2423
2425 2426 2424
2417 2421 2427
2417 2427 2419
2419 2427 2428
2419 2428 2429
2430 2419 2429
2430 2429 2431
2431 2429 2432
2429 2428 2432
2426 2433 2424
2426 2434 2433
2435 2434 2426
2425 2435 2426
2435 2436 2434
2437 2436 2435
2437 2438 2436
2439 2438 2437
2439 2440 2438
2441 2440 2439
2441 2442 2440
2443 2442 2441
2443 2444 2442
2444 2445 2442
2444 2446 2445
2442 2445 2447
2442 2447 2440
2440 2447 2448
2440 2448 2438
2438 2448 2449
2438 2449 2436
2436 2449 2450
2436 2450 2434
2434 2450 2451
2434 2451 2433
2433 2451 2452
2433 2452 2453
2424 2433 2453
2424 2453 2422
2422 2453 2454
2422 2454 2421
2421 2454 2455
2421 2455 2427
2427 2455 2456
2427 2456 2428
2428 2456 2457
2453 2452 2458
2453 2458 2454
2454 2458 2459
2454 2459 2455
2455 2459 2460
2455 2460 2456
2456 2460 2457
2250 2461 2462
2462 2461 2463
2464 2461 2465
2464 2465 2466
2466 2465 2446
2466 2446 2467
2468 2464 2466
2443 2468 2466
2443 2466 2444
2469 2441 2439
2470 2469 2439
2470 2439 2437
2471 2470 2437
2471 2437 2435
2425 2471 2435
2472 2425 2423
2473 2472 2423
2473 2423 2416
2474 2475 2476
2474 2476 2477
2475 2474 2478
2475 2478 2479
2480 2478 2474
2480 2474 2481
2482 2474 2477
2482 2477 2483
2484 2483 2477
2485 2479 2478
2485 2486 2479
2484 2477 2487
2487 2477 2476
2487 2476 2488
2487 2488 2489
2487 2489 2490
2491 2490 2489
2491 2492 2490
2492 2491 2493
2492 2493 2494
2495 2494 2493
2495 2493 2496
2497 2494 2495
2498 2492 2494
2497 2498 2494
2498 2499 2492
2492 2499 2500
2492 2500 2490
2501 2490 2500
2501 2487 2490
2488 2502 2489
2488 2503 2502
2476 2503 2488
2476 2504 2503
2475 2504 2476
2475 2505 2504
2479 2505 2475
2479 2506 2505
2486 2506 2479
2486 2507 2506
2489 2502 2508
2489 2508 2491
2491 2508 2509
2491 2509 2493
2493 2509 2510
2493 2510 2496
2511 2512 2478
2480 2511 2478
2513 2514 2515
2514 2516 2515
2517 2515 2516
2518 2516 2514
2518 2519 2516
2519 2520 2516
2517 2516 2520
2519 2521 2520
2522 2518 2514
2522 2514 2513
2523 2517 2520
2523 2524 2517
2523 2525 2524
2523 2526 2525
2527 2524 2525
2527 2528 2524
2529 2526 2523
2524 2528 2530
2524 2530 2517
2530 2515 2517
2531 2523 2520
2521 2531 2520
2525 2526 2532
2526 2533 2532
2526 2534 2533
2529 2534 2526
2527 2525 2535
2525 2532 2535
2536 2535 2532
2537 2535 2536
2538 2536 2532
2537 2536 2538
2538 2532 2539
2537 2538 2540
2537 2541 2535
2527 2535 2542
2543 2542 2535
2543 2535 2541
2544 2543 2541
2544 2541 2545
2546 2545 2541
2546 2541 2547
2547 2541 2537
2548 2547 2537
2549 2547 2548
2549 2546 2547
2548 2537 2550
2544 2551 2543
2544 2552 2551
2543 2551 2553
2543 2553 2542
2542 2553 2554
2542 2554 2527
2527 2554 2555
2527 2555 2528
2528 2555 2556
2528 2556 2530
2530 2556 2557
2530 2557 2558
2530 2558 2515
2559 2515 2558
2559 2560 2515
2561 2560 2559
2561 2562 2560
2563 2560 2562
2563 2564 2560
2564 2513 2560
2560 2513 2515
2565 2564 2563
2565 2566 2564
2566 2513 2564
2566 2522 2513
2558 2557 2567
2558 2567 2559
2559 2567 2568
2559 2568 2561
2569 2570 2571
2569 2571 2572
2572 2573 2569
2572 2574 2573
2575 2569 2573
2575 2576 2569
2576 2570 2569
2576 2577 2570
2578 2570 2577
2579 2573 2574
2579 2574 2580
2581 2573 2579
2575 2573 2581
2578 2582 2570
2583 2571 2570
2583 2584 2571
2583 2585 2584
2583 2586 2585
2587 2585 2586
2587 2586 2588
2588 2589 2587
2588 2590 2589
2591 2589 2590
2591 2592 2589
2593 2591 2590
2594 2590 2588
2593 2590 2594
2594 2588 2595
2588 2586 2596
2588 2596 2595
2597 2596 2586
2597 2586 2583
2584 2585 2598
2584 2598 2599
2571 2584 2599
2571 2599 2600
2572 2571 2600
2572 2600 2601
2574 2572 2601
2574 2601 2602
2580 2574 2602
2580 2602 2603
2585 2604 2598
2585 2587 2604
2587 2605 2604
2587 2589 2605
2589 2606 2605
2589 2592 2606
2607 2608 2609
2609 2608 2610
2611 2608 2607
2612 2610 2608
2613 2609 2610
2613 2610 2614
2614 2610 2615
2612 2615 2610
2614 2615 2616
2617 2607 2609
2617 2609 2613
2618 2615 2612
2618 2612 2619
2618 2619 2620
2618 2620 2621
2622 2620 2619
2622 2619 2623
2624 2618 2621
2619 2612 2625
2619 2625 2623
2626 2615 2618
2616 2615 2626
2620 2627 2621
2621 2627 2628
2621 2628 2629
2624 2621 2629
2622 2630 2620
2620 2630 2627
2631 2627 2630
2632 2631 2630
2633 2627 2631
2632 2633 2631
2633 2634 2627
2632 2635 2633
2632 2630 2636
2622 2637 2630
2638 2636 2630
2638 2630 2637
2639 2636 2638
2639 2640 2636
2641 2636 2640
2641 2642 2636
2642 2632 2636
2643 2632 2642
2644 2643 2642
2644 2642 2641
2643 2645 2632
2639 2638 2646
2639 2646 2647
2638 2637 2648
2638 2648 2646
2637 2649 2648
2637 2622 2649
2622 2650 2649
2622 2623 2650
2623 2651 2650
2623 2625 2651
2625 2652 2651
2625 2653 2652
2625 2608 2653
2625 2612 2608
2654 2653 2608
2654 2608 2611
2655 2654 2611
2655 2611 2656
2657 2656 2611
2657 2611 2658
2659 2657 2658
2659 2658 2660
2660 2658 2607
2658 2611 2607
2660 2607 2617
2653 2654 2661
2653 2661 2652
2654 2655 2662
2654 2662 2661
2663 2664 2665
2663 2665 2666
2667 2665 2664
2667 2668 2665
2669 2670 2671
2669 2671 2672
2673 2671 2670
2673 2674 2671
2675 2676 2677
2678 2676 2675
2678 2679 2676
2680 2681 2682
2680 2682 2683
2684 2680 2683
2684 2683 2685
2686 2687 2688
2686 2688 2689
2687 2690 2688
2687 2691 2690
2692 2693 2694
2692 2694 2695
2696 2695 2694
2696 2694 2697
2698 2699 2700
2698 2700 2701
2702 2701 2700
2702 2700 2703
2704 2705 2706
2707 2704 2706
2707 2706 2708
2709 2710 2711
2709 2711 2712
2713 2710 2709
2713 2714 2710
2715 2716 2717
2715 2717 2718
2718 2717 2719
2718 2719 2720
2721 2722 2723
2721 2723 2724
2725 2721 2724
2726 2727 2728
2726 2728 2729
2727 2730 2728
2731 2732 2733
2731 2733 2734
2735 2732 2731
2735 2736 2732
2737 2738 2739
2737 2739 2740
2740 2739 2741
2740 2741 2742
2743 2744 2745
2743 2745 2746
2746 2745 2747
2746 2747 2748
2749 2750 2751
2749 2751 2752
2753 2750 2749
2753 2754 2750
2755 2756 2757
2755 2757 2758
2756 2759 2757
2756 2760 2759
2760 2761 2759
2760 2762 2761
2762 2763 2761
2764 2756 2755
2764 2755 2765
2755 2766 2765
2755 2767 2766
2768 2760 2756
2768 2756 2764
2768 2762 2760
2768 2769 2762
2769 2763 2762
2769 2770 2763
2770 2771 2763
2770 2772 2771
2772 2773 2771
2772 2774 2773
2774 2775 2773
2774 2776 2775
2777 2776 2774
2777 2774 2772
2777 2778 2776
2778 2779 2776
2778 2780 2779
2780 2781 2779
2780 2782 2781
2782 2783 2781
2782 2784 2783
2784 2785 2783
2776 2779 2786
2776 2786 2775
2779 2781 2787
2779 2787 2786
2781 2783 2788
2781 2788 2787
2783 2785 2788
2777 2772 2789
2789 2772 2770
2789 2770 2790
2790 2770 2769
2790 2769 2791
2791 2769 2768
2792 2793 2794
2792 2795 2793
2792 2796 2795
2796 2797 2795
2796 2798 2797
2798 2799 2797
2798 2800 2799
2800 2801 2799
2794 2793 2802
2794 2802 2803
2804 2794 2803
2804 2803 2805
2806 2804 2805
2806 2805 2807
2808 2806 2807
2808 2807 2809
2795 2797 2810
2795 2810 2811
2793 2811 2802
2793 2795 2811
2809 2807 2812
2809 2812 2813
2814 2809 2813
2808 2809 2814
2814 2813 2815
2816 2814 2815
2816 2815 2817
2818 2816 2817
2818 2817 2819
2820 2818 2819
2820 2819 2821
2822 2820 2821
2823 2820 2822
2823 2824 2820
2824 2818 2820
2822 2821 2825
2826 2822 2825
2823 2822 2826
2826 2825 2827
2828 2826 2827
2828 2827 2829
2830 2828 2829
2831 2828 2830
2831 2826 2828
2823 2826 2831
2830 2829 2832
2832 2829 2833
2832 2833 2834
2829 2827 2835
2829 2835 2833
2827 2825 2836
2827 2836 2835
2825 2821 2837
2825 2837 2836
2821 2838 2837
2821 2819 2838
2819 2839 2838
2819 2817 2839
2817 2840 2839
2817 2815 2840
2815 2841 2840
2815 2813 2841
2813 2812 2841
2807 2842 2812
2807 2805 2842
2805 2843 2842
2805 2803 2843
2803 2844 2843
2803 2802 2844
2802 2845 2844
2802 2811 2845
2811 2846 2845
2811 2810 2846
2810 2847 2846
2810 2848 2847
2797 2848 2810
2797 2799 2848
2799 2849 2848
2848 2849 2847
2842 2843 2850
2842 2850 2851
2843 2844 2852
2843 2852 2850
2844 2845 2853
2844 2853 2852
2845 2846 2854
2845 2854 2853
2846 2847 2855
2846 2855 2854
2847 2849 2855
2812 2842 2851
2824 2856 2818
2857 2818 2856
2857 2816 2818
2858 2816 2857
2858 2814 2816
2808 2814 2858
2859 2860 2861
2861 2862 2859
2863 2862 2861
2864 2862 2863
2865 2862 2864
2866 2862 2865
2865 2867 2866
2867 2868 2866
2869 2862 2866
2866 2870 2869
2868 2871 2866
2866 2871 2870
2868 2872 2871
2872 2873 2871
2872 2874 2873
2874 2875 2873
2874 2876 2875
2876 2877 2875
2876 2878 2877
2878 2879 2877
2878 2880 2879
2880 2881 2879
2880 2882 2881
2882 2883 2881
2882 2884 2883
2884 2885 2883
2884 2886 2885
2886 2887 2885
2886 2888 2887
2888 2889 2887
2888 2890 2889
2890 2891 2889
2890 2892 2891
2892 2893 2891
2879 2881 2894
2879 2894 2895
2881 2883 2896
2881 2896 2894
2883 2885 2897
2883 2897 2896
2885 2887 2898
2885 2898 2897
2887 2889 2899
2887 2899 2898
2889 2891 2900
2889 2900 2899
2891 2901 2900
2877 2879 2895
2877 2895 2902
2875 2877 2902
2875 2902 2903
2873 2875 2903
2873 2903 2904
2871 2873 2904
2871 2904 2870
2860 2905 2906
2860 2906 2907
2905 2908 2906
2905 2909 2908
2909 2910 2908
2909 2911 2910
2911 2912 2910
2911 2913 2912
2913 2914 2912
2913 2915 2914
2915 2916 2914
2915 2917 2916
2917 2918 2916
2917 2919 2918
2919 2920 2918
2919 2921 2920
2921 2922 2920
2921 2923 2922
2923 2924 2922
2923 2925 2924
2925 2926 2924
2927 2923 2921
2927 2921 2919
2927 2928 2923
2928 2925 2923
2928 2929 2925
2929 2926 2925
2930 2917 2915
2930 2915 2931
2932 2919 2917
2932 2917 2930
2927 2919 2932
2931 2915 2913
2931 2913 2933
2933 2913 2911
2933 2911 2934
2934 2911 2909
2934 2909 2935
2935 2909 2905
2935 2905 2936
2936 2905 2860
2860 2907 2861
2937 2938 2830
2939 2830 2938
2940 2939 2938
2940 2938 2941
2941 2938 2937
2941 2942 2940
2941 2943 2942
2944 2943 2941
2944 2945 2943
2944 2946 2945
2946 2947 2945
2946 2948 2947
2948 2949 2947
2948 2950 2949
2950 2951 2949
2950 2952 2951
2952 2953 2951
2952 2954 2953
2954 2955 2953
2954 2956 2955
2956 2957 2955
2956 2958 2957
2958 2959 2957
2958 2960 2959
2945 2947 2961
2947 2949 2962
2947 2962 2961
2949 2951 2963
2949 2963 2962
2951 2953 2964
2951 2964 2963
2953 2955 2965
2953 2965 2964
2955 2957 2966
2955 2966 2965
2957 2959 2967
2957 2967 2966
2959 2968 2967
2959 2969 2968
2970 2969 2959
2970 2971 2969
2971 2972 2969
2971 2973 2972
2973 2974 2972
2969 2972 2975
2969 2975 2968
2972 2974 2975
2961 2962 2976
2961 2976 2977
2962 2963 2978
2962 2978 2976
2964 2965 2979
2965 2966 2980
2965 2980 2979
2967 2968 2981
2968 2975 2982
2968 2982 2981
2975 2983 2982
2977 2976 2984
2977 2984 2985
2986 2977 2985
2987 2977 2986
2942 2987 2986
2943 2987 2942
2943 2945 2987
2945 2961 2987
2942 2986 2988
2940 2942 2988
2940 2988 2989
2939 2940 2989
2987 2961 2977
2988 2986 2990
2986 2985 2990
2976 2991 2984
2976 2978 2991
2978 2992 2991
2963 2992 2978
2963 2964 2992
2964 2979 2992
2966 2967 2993
2966 2993 2980
2967 2981 2993
2980 2993 2994
2993 2981 2995
2993 2995 2994
2981 2996 2995
2981 2982 2996
2982 2983 2996
2766 2767 2997
2767 2998 2999
2755 2998 2767
2755 2758 2998
3000 2944 2941
3001 3002 3003
3001 3003 3004
3002 3005 3003
3002 3006 3005
3004 3003 3007
3004 3007 3008
3009 3004 3008
3009 3008 3010
3011 3009 3010
3011 3010 3012
3003 3005 3013
3003 3013 3007
3005 3014 3013
3005 3015 3014
3016 3015 3005
3016 3017 3015
3017 3018 3015
3015 3018 3014
3012 3010 3019
3012 3019 3020
3021 3012 3020
3011 3012 3021
3021 3020 3022
3023 3021 3022
3023 3022 3024
3025 3023 3024
3025 3024 3026
3027 3025 3026
3027 3026 3028
3029 3027 3028
3029 3028 3030
3030 3028 3031
3030 3031 3032
3028 3026 3033
3028 3033 3031
3026 3024 3034
3026 3034 3033
3024 3022 3035
3024 3035 3034
3022 3020 3036
3022 3036 3035
3029 3030 3037
3037 3038 3032
3037 3032 3039
3040 3037 3039
3040 3039 3041
3029 3037 3042
3042 3037 3040
2834 3043 3041
3043 3044 3041
3020 3045 3036
3020 3019 3045
3019 3046 3045
3019 3047 3046
3010 3047 3019
3010 3008 3047
3008 3048 3047
3008 3007 3048
3007 3049 3048
3007 3013 3049
3013 3050 3049
3013 3014 3050
3014 3051 3050
3047 3048 3052
3047 3052 3046
3048 3049 3053
3048 3053 3052
3049 3050 3054
3049 3054 3053
3050 3051 3054
3055 3025 3027
3056 3025 3055
3056 3023 3025
3057 3023 3056
3057 3021 3023
3011 3021 3057
3058 3009 3011
3059 3009 3058
3059 3004 3009
3060 3061 3062
3062 3061 3063
3062 3063 3064
3064 3063 3065
3064 3065 3066
3066 3065 3067
3066 3067 3068
3069 3068 3067
3069 3067 3070
3071 3068 3069
3072 3068 3071
3072 3073 3068
3073 3072 3074
3071 3069 3075
3071 3075 3076
3076 3075 3077
3077 3075 3078
3077 3078 3079
3076 3077 3080
3081 3082 3083
3082 3084 3083
3082 3085 3084
3085 3086 3084
3085 3087 3086
3087 3088 3086
3087 3089 3088
3090 3088 3089
3090 3091 3088
3092 3090 3089
3093 3092 3089
3093 3089 3094
3094 3095 3093
3092 3096 3090
3092 3097 3096
3097 3098 3096
3098 3099 3096
3098 3100 3099
3097 3101 3098
3102 3103 3104
3104 3103 3105
3104 3105 3106
3106 3105 3107
3106 3107 3108
3108 3107 3109
3108 3109 3110
3110 3109 3111
3110 3111 3112
3112 3111 3113
3112 3113 3114
3115 3116 3117
3118 3116 3115
3118 3119 3116
3120 3119 3118
3120 3121 3119
3122 3121 3120
3122 3123 3121
3124 3123 3122
3124 3125 3123
3126 3127 3128
3126 3128 3129
3130 3127 3126
3130 3131 3127
3129 3128 3132
3129 3132 3133
3133 3132 3134
3133 3134 3135
3136 3137 3138
3136 3138 3139
3140 3137 3136
3140 3141 3137
3142 3141 3140
3143 3144 3145
3146 3144 3143
3146 3147 3144
3148 3149 3150
3148 3150 3151
3148 3152 3149
3148 3153 3152
3153 3154 3152
3153 3155 3154
3155 3156 3154
3155 3157 3156
3158 3151 3150
3158 3159 3151
3160 3159 3158
3161 3158 3150
3149 3161 3150
3161 3162 3158
3163 3158 3162
3149 3164 3161
3152 3164 3149
3152 3165 3164
3154 3165 3152
3154 3166 3165
3156 3166 3154
3156 3167 3166
3164 3168 3161
3165 3168 3164
3169 3160 3158
3163 3169 3158
3169 3170 3160
3163 3170 3169
3156 3157 3171
3156 3171 3172
3173 3156 3172
3173 3167 3156
3174 3175 3176
3177 3175 3174
3178 3175 3177
3179 3175 3178
3180 3175 3179
3181 3175 3180
3182 3175 3181
3176 3175 3183
3183 3175 3184
3184 3175 3185
3185 3175 3186
3186 3175 3187
3188 3175 3182
3189 3175 3188
3190 3175 3189
3191 3175 3190
3192 3175 3191
3187 3175 3192
