byte offset: 0
first index: 0
index count: 7923
topology: trianglelist
format: DXGI_FORMAT_R16_UINT

0 1 2
2 1 3
3 1 4
4 1 5
5 1 6
6 1 7
7 1 8
8 1 9
9 1 10
10 1 11
11 1 12
12 1 13
13 1 14
14 1 15
15 1 16
16 1 17
17 1 18
18 1 0
19 20 21
20 22 21
22 23 21
23 24 21
24 25 21
25 26 21
26 27 21
27 28 21
28 29 21
29 30 21
30 31 21
31 32 21
32 33 21
33 34 21
34 35 21
35 36 21
36 37 21
37 38 21
38 39 21
39 19 21
40 41 42
41 43 42
43 44 42
44 45 42
45 46 42
46 47 42
47 48 42
48 49 42
49 50 42
50 51 42
51 52 42
52 53 42
53 54 42
54 55 42
55 56 42
56 57 42
57 58 42
58 59 42
59 60 42
60 40 42
47 61 48
62 48 61
48 62 49
63 49 62
49 63 50
64 50 63
50 64 51
65 51 64
51 65 52
66 52 65
52 66 53
66 54 53
54 66 67
67 55 54
55 67 68
68 56 55
56 68 69
69 57 56
57 69 70
71 57 70
57 71 58
72 58 71
58 72 59
73 59 72
59 73 60
74 60 73
60 74 40
75 40 74
40 75 41
75 43 41
43 75 76
76 44 43
44 76 77
77 45 44
45 77 78
79 45 78
45 79 46
80 46 79
46 80 47
61 47 80
81 82 83
82 81 84
85 84 81
84 85 86
87 86 85
86 87 88
89 88 87
88 89 90
91 90 89
90 91 92
93 92 91
92 93 94
95 94 93
94 95 96
95 97 96
97 95 98
98 99 97
99 98 100
100 101 99
101 100 102
102 103 101
103 102 104
104 105 103
105 104 106
106 107 105
107 106 108
108 109 107
109 108 110
110 111 109
111 110 112
112 113 111
113 112 114
114 115 113
115 114 116
116 117 115
117 116 118
119 117 118
117 119 120
83 120 119
120 83 82
121 122 123
123 122 124
124 122 125
125 122 126
126 122 127
127 122 128
128 122 129
129 122 130
130 122 131
131 122 132
132 122 133
133 122 134
134 122 135
135 122 136
136 122 137
137 122 138
138 122 139
139 122 121
140 141 142
142 141 143
143 141 144
144 141 145
145 141 146
146 141 147
147 141 148
148 141 149
149 141 150
150 141 151
151 141 152
152 141 153
153 141 154
154 141 155
155 141 156
156 141 157
143 158 142
158 140 142
140 158 159
160 146 147
146 160 161
161 145 146
145 161 162
163 145 162
145 163 144
164 144 163
158 143 164
144 164 143
147 165 160
165 147 148
148 166 165
166 148 149
149 167 166
167 149 150
150 168 167
168 150 151
151 169 168
169 151 152
152 170 169
170 152 153
154 170 153
170 154 171
155 171 154
171 155 172
156 172 155
172 156 173
157 173 156
173 157 174
157 175 174
175 157 176
157 141 176
176 141 177
177 141 178
178 141 140
179 176 177
176 179 175
180 177 178
177 180 179
178 159 180
159 178 140
181 182 183
182 181 184
183 185 181
185 183 186
186 187 185
187 186 188
188 189 187
189 188 190
190 191 189
191 190 192
192 193 191
193 192 194
194 195 193
195 194 196
197 195 196
195 197 198
199 198 197
198 199 200
201 200 199
200 201 202
203 202 201
202 203 204
205 204 203
204 205 206
207 206 205
206 207 208
209 208 207
208 209 210
211 210 209
210 211 212
213 212 211
212 213 214
215 214 213
214 215 216
217 216 215
216 217 218
217 219 218
219 217 220
220 184 219
184 220 182
221 222 223
223 222 224
224 222 225
225 222 226
226 222 227
227 222 228
228 222 229
229 222 230
230 222 231
231 222 232
232 222 233
233 222 234
234 222 235
235 222 236
236 222 237
237 222 238
238 222 239
239 222 240
240 222 241
241 222 221
242 243 244
244 245 242
245 246 242
247 242 246
248 247 246
249 248 246
246 245 249
250 249 245
244 250 245
249 250 251
248 249 252
251 252 249
247 248 253
253 254 247
254 253 255
242 247 256
257 251 250
251 257 258
259 258 257
260 258 259
258 261 251
261 258 260
252 251 261
262 257 250
257 262 263
259 257 263
250 244 262
264 256 265
256 264 242
265 266 264
266 265 267
268 266 267
266 268 269
265 256 270
271 268 267
271 267 265
268 271 272
273 272 271
272 273 274
275 265 270
275 271 265
273 276 274
276 273 277
278 276 277
264 279 242
279 280 242
280 279 281
282 281 279
279 283 282
283 279 284
285 282 283
282 285 286
287 286 285
285 288 287
289 287 288
290 289 288
289 290 291
287 289 292
291 293 289
293 291 294
295 293 294
293 295 296
297 293 296
293 297 298
289 298 292
298 289 293
296 299 297
299 296 300
295 300 296
301 299 300
299 301 302
303 301 300
300 295 303
301 303 304
302 305 299
305 302 306
306 307 305
307 306 308
309 308 306
309 306 302
302 301 309
301 304 309
310 305 307
305 310 311
311 299 305
299 311 297
312 311 310
311 312 313
314 313 312
313 314 315
313 297 311
297 313 298
315 298 313
298 315 292
316 292 315
292 316 287
317 315 314
315 317 316
318 316 317
316 318 286
286 287 316
319 286 318
286 319 282
281 282 319
320 321 322
321 323 322
323 321 324
325 324 321
325 321 320
324 325 326
327 324 326
324 327 328
327 329 328
329 327 330
330 331 329
332 329 331
329 332 333
333 328 329
331 330 334
328 333 335
335 324 328
324 335 323
336 332 331
334 336 331
332 336 337
336 338 337
338 336 339
340 339 336
340 336 341
336 334 341
340 342 339
342 343 339
339 343 344
339 344 338
343 345 344
343 346 345
343 347 346
343 342 347
347 348 346
345 346 349
346 348 349
350 345 349
349 351 350
352 353 354
353 352 355
354 288 352
288 285 352
288 354 290
352 283 355
283 352 285
284 355 283
355 284 356
284 266 356
266 284 264
279 264 284
269 356 266
356 269 357
357 355 356
355 357 353
358 359 360
358 360 361
359 362 360
362 359 363
363 364 362
364 363 365
366 364 365
365 367 366
367 365 368
369 368 365
368 369 370
371 370 369
370 371 372
372 371 373
370 374 368
375 368 374
368 375 376
376 367 368
377 376 375
375 378 377
379 377 378
377 379 380
378 375 381
376 377 382
380 382 377
382 367 376
382 380 383
378 384 379
384 378 385
381 385 378
386 380 379
380 386 387
388 379 384
379 388 386
385 381 389
390 389 381
390 381 375
389 390 391
390 392 391
392 390 393
393 394 392
394 393 395
387 396 380
396 383 380
397 396 387
396 397 398
396 398 399
394 395 373
373 395 400
393 400 395
400 393 401
390 401 393
401 390 374
375 374 390
374 370 401
372 401 370
401 372 400
373 400 372
402 398 397
398 402 403
398 403 404
399 398 404
405 404 403
404 405 406
406 407 404
407 406 408
408 409 407
409 408 410
411 410 408
410 411 412
413 412 411
412 413 414
415 414 413
416 407 409
407 416 417
417 404 407
418 417 416
417 418 419
420 419 418
419 420 421
422 421 420
421 422 423
424 423 422
423 424 425
426 425 424
425 426 427
428 426 424
426 428 429
430 427 426
427 430 431
432 426 429
426 432 430
424 433 428
433 424 422
431 430 434
430 432 434
435 422 420
435 433 422
436 435 420
437 436 420
437 420 418
247 270 256
270 247 254
438 439 440
439 438 441
438 442 441
442 438 443
440 444 438
444 443 438
444 440 445
446 441 442
441 446 447
447 439 441
448 439 447
448 447 449
446 450 447
447 450 449
451 449 450
449 451 452
443 453 442
453 443 454
455 442 453
442 455 446
453 456 455
456 453 457
454 457 453
458 455 456
455 458 459
459 446 455
446 459 450
459 451 450
458 460 459
459 460 451
452 451 461
462 461 451
462 451 460
462 463 461
464 461 463
465 461 464
466 464 463
463 467 466
466 467 468
466 469 464
469 466 470
470 466 468
471 469 470
472 471 470
470 468 472
472 468 473
471 472 474
474 475 471
475 474 476
474 472 477
477 476 474
477 472 473
477 473 478
479 478 473
467 479 468
473 468 479
478 479 480
480 481 478
481 480 482
482 483 481
483 482 484
484 485 483
485 484 486
486 487 485
487 486 488
488 489 487
489 488 490
489 491 487
485 487 491
491 489 492
490 493 489
493 490 494
494 495 493
495 494 496
496 497 495
497 496 498
499 489 493
489 499 492
492 500 491
500 492 501
499 501 492
498 502 497
502 498 503
503 504 502
504 503 505
506 504 505
504 506 507
501 499 508
509 504 507
504 509 510
510 502 504
502 510 511
511 497 502
510 512 511
512 510 513
510 514 513
514 510 509
509 515 514
515 509 516
507 516 509
515 516 517
516 518 517
516 507 518
519 507 506
507 519 518
519 517 518
517 519 520
506 520 519
505 521 506
520 506 521
522 511 512
511 522 523
497 511 523
524 497 523
524 523 525
525 523 522
525 526 524
526 525 527
524 526 495
524 495 497
527 499 526
499 527 508
528 508 527
527 529 528
529 527 530
531 528 529
528 531 532
530 533 529
533 530 534
535 529 533
529 535 531
534 536 533
536 534 537
533 538 535
538 533 536
536 537 539
538 536 539
532 540 528
508 528 540
540 541 508
541 540 542
543 542 540
540 532 543
542 543 544
545 542 544
545 541 542
541 545 500
546 500 545
500 546 547
545 548 546
548 545 549
545 544 549
491 500 547
550 546 548
546 550 551
551 547 546
550 476 551
552 551 476
551 552 553
547 551 553
552 483 553
483 552 481
552 478 481
478 552 477
476 477 552
476 550 475
485 553 483
553 485 547
485 491 547
554 555 556
554 556 557
558 554 557
559 557 556
560 559 556
559 560 444
560 561 444
443 444 561
561 560 562
562 560 563
555 563 556
560 556 563
555 564 563
564 555 565
566 565 555
555 554 566
565 566 567
568 567 566
567 568 569
570 569 568
569 570 571
566 572 568
572 566 573
574 571 570
571 574 575
574 576 575
571 577 569
577 571 578
571 579 578
579 571 575
575 576 579
573 580 572
581 572 580
572 581 582
568 582 570
582 568 572
583 582 581
583 576 584
582 583 584
570 584 574
584 570 582
584 576 574
580 573 585
558 585 573
558 573 554
554 573 566
586 569 577
569 586 567
587 567 586
567 587 565
588 565 587
565 588 564
589 564 588
589 563 564
563 589 562
589 561 562
590 561 589
589 591 590
592 591 589
592 589 593
594 592 593
594 591 592
593 595 594
595 596 594
596 597 594
591 594 597
597 596 598
598 599 597
599 598 600
596 601 598
600 598 601
602 601 596
596 595 602
597 603 591
603 597 599
590 604 561
454 561 604
561 454 443
604 605 454
457 454 605
605 604 606
590 606 604
606 591 603
591 606 590
607 608 609
608 607 610
609 611 607
611 609 612
613 608 610
608 613 614
608 614 615
616 615 614
615 616 617
618 617 616
619 614 613
619 616 614
608 620 609
620 608 621
615 621 608
621 615 622
617 622 615
611 612 623
623 612 624
624 609 620
609 624 612
622 617 625
618 625 617
625 618 626
627 626 618
626 627 628
629 628 627
628 629 630
631 630 629
630 631 632
633 632 631
632 633 634
634 635 632
635 634 636
637 632 635
632 637 630
635 638 637
638 635 639
639 635 636
640 634 633
634 640 641
641 636 634
636 641 642
642 639 636
642 641 643
643 641 644
644 641 640
645 642 643
639 642 645
646 637 638
637 646 647
647 630 637
630 647 628
648 647 646
647 648 649
649 628 647
648 650 649
650 648 651
651 652 650
652 651 653
653 654 652
654 653 655
656 654 655
654 656 657
658 657 656
657 658 659
659 658 623
628 649 626
650 626 649
626 650 625
652 625 650
625 652 622
654 622 652
622 654 621
657 621 654
621 657 620
659 620 657
620 659 624
623 624 659
411 660 413
660 411 661
413 660 662
661 663 660
662 660 663
664 662 663
663 661 665
406 665 661
661 408 406
661 411 408
665 406 405
405 666 665
666 405 667
403 667 405
667 403 402
413 662 415
415 662 668
669 415 668
415 669 670
667 671 666
671 667 672
402 672 667
671 673 666
673 665 666
664 663 673
665 673 663
669 668 674
662 674 668
674 662 664
672 402 675
397 675 402
675 397 676
387 676 397
676 387 386
386 677 676
677 386 388
676 678 675
678 676 677
383 396 679
680 383 679
382 383 680
382 680 681
367 382 681
681 682 367
682 681 683
679 396 399
417 679 399
404 417 399
367 682 684
366 367 684
685 366 684
686 366 685
366 686 364
364 686 687
687 362 364
362 687 688
688 360 362
360 688 361
686 685 689
689 685 690
690 685 684
691 690 684
682 691 684
692 693 694
693 692 695
694 696 692
696 694 697
695 698 693
698 695 699
696 700 692
700 696 701
702 694 693
694 702 703
703 697 694
702 704 703
704 705 703
705 704 706
707 706 704
706 707 708
708 709 706
709 708 710
710 711 709
711 710 712
712 713 711
714 706 709
706 714 705
713 715 711
715 709 711
709 715 714
704 716 707
716 704 717
704 702 717
718 716 717
716 718 719
702 718 717
718 702 720
721 718 720
718 721 722
723 722 721
721 724 723
724 721 725
722 723 726
727 726 723
726 727 728
729 726 728
730 723 724
723 730 727
698 725 721
720 698 721
693 698 720
693 720 702
731 728 727
728 731 732
727 733 731
733 727 730
734 731 733
731 734 735
735 732 731
736 735 734
735 736 737
738 737 736
737 738 739
739 740 737
740 739 741
742 741 739
741 742 743
744 743 742
739 745 742
745 739 738
745 746 742
746 744 742
732 735 747
747 737 740
737 747 735
748 732 747
748 728 732
728 748 729
749 744 746
750 744 749
751 750 749
726 729 752
726 752 753
753 722 726
718 722 753
754 719 718
719 754 755
756 757 758
757 756 759
760 758 757
758 760 761
762 761 760
761 762 763
763 764 761
764 763 765
759 697 757
697 759 696
759 701 696
701 759 766
756 766 759
767 757 697
757 767 760
697 703 767
768 760 767
760 768 762
767 769 768
769 767 703
765 770 764
771 764 770
770 772 771
773 771 772
771 773 774
772 770 775
775 776 772
776 775 777
777 778 776
779 776 778
776 779 780
772 780 773
780 772 776
778 777 781
782 780 779
780 782 783
783 773 780
784 781 777
781 784 785
786 777 775
777 786 784
778 787 779
787 778 788
781 788 778
787 788 789
789 788 790
788 781 790
785 790 781
789 791 787
791 779 787
779 791 782
790 792 789
790 785 792
775 793 786
793 775 770
770 765 793
773 783 794
794 774 773
774 794 795
796 774 795
774 796 797
798 797 796
797 798 756
799 774 797
774 799 771
764 771 799
766 756 798
758 797 756
797 758 799
761 799 758
799 761 764
800 801 802
803 802 801
802 803 804
805 804 803
804 805 806
807 806 805
808 807 805
809 810 811
810 809 812
465 811 810
811 465 813
465 814 813
814 465 815
815 816 814
816 815 469
469 471 816
813 817 811
817 813 818
819 813 814
813 819 818
820 814 816
814 820 819
821 818 819
818 821 822
819 823 821
823 819 820
824 811 817
811 824 809
816 825 820
825 816 471
820 826 823
826 820 825
464 469 815
465 464 815
827 822 821
822 827 828
829 822 828
822 829 830
831 828 827
828 831 832
832 829 828
833 832 831
834 831 827
831 834 835
836 835 834
835 836 837
829 832 838
832 839 838
839 832 833
833 840 839
840 833 841
842 830 829
830 842 843
841 844 840
844 845 840
845 844 846
847 846 844
846 847 848
849 848 847
850 849 847
849 850 851
852 851 850
848 849 853
847 854 850
854 847 844
844 841 854
855 850 854
850 855 856
850 856 852
852 857 851
857 852 858
858 859 857
859 858 860
861 859 860
862 859 861
863 853 849
863 851 857
851 863 849
863 859 862
859 863 857
862 864 863
853 863 864
864 862 865
861 865 862
854 866 855
866 854 841
841 867 866
867 841 833
833 831 867
868 867 831
868 831 835
837 868 835
869 867 868
870 869 868
837 870 868
869 870 871
872 869 871
869 872 873
874 873 872
873 874 875
876 875 874
875 876 877
878 877 876
877 878 879
879 880 877
880 879 881
881 879 882
879 878 882
877 883 875
883 877 880
884 875 883
875 884 873
885 873 884
885 869 873
869 885 867
886 838 887
829 838 886
887 838 839
829 886 842
887 839 888
840 888 839
888 840 845
889 890 891
810 461 465
810 812 461
892 488 486
488 892 893
893 490 488
490 893 894
894 494 490
494 894 895
496 494 895
896 496 895
498 496 896
897 498 896
498 897 503
486 898 892
898 486 484
484 899 898
899 484 482
482 900 899
900 482 480
480 901 900
901 480 479
479 467 901
897 505 503
505 897 902
521 505 902
692 903 695
903 692 700
903 699 695
699 903 904
905 698 699
698 905 725
725 905 906
906 724 725
699 907 905
908 909 910
908 910 911
909 912 910
912 909 913
910 914 911
914 910 912
908 911 915
915 916 908
917 916 915
911 917 915
917 911 914
916 917 918
909 919 913
920 913 919
913 920 921
919 909 922
908 922 909
923 921 920
921 923 924
924 923 925
926 921 924
921 926 927
927 913 921
913 927 912
928 927 926
926 929 928
930 928 929
928 930 931
932 931 930
931 932 933
930 934 932
934 930 935
929 935 930
935 936 934
936 935 937
937 938 936
938 937 939
940 939 937
939 940 941
941 942 939
942 941 943
944 937 935
937 944 940
935 929 944
933 945 931
945 933 946
947 940 944
940 947 948
948 941 940
941 948 949
949 943 941
948 950 949
950 948 951
952 949 950
949 952 953
943 949 953
953 954 943
954 953 955
944 956 947
956 944 929
929 926 956
957 948 947
948 957 951
947 958 957
958 947 956
958 959 957
956 924 958
924 956 926
924 925 958
925 959 958
955 960 954
961 954 960
960 962 961
963 961 962
963 962 964
964 962 965
966 965 962
962 960 966
965 966 967
968 967 966
967 968 969
970 965 967
965 970 964
971 969 968
971 972 969
969 972 967
972 973 967
970 967 973
961 963 974
975 966 960
966 975 968
974 976 961
976 974 977
977 942 976
942 977 978
978 939 942
939 978 938
943 976 942
976 943 954
954 961 976
960 955 975
979 975 955
953 979 955
979 953 952
975 979 980
980 968 975
968 980 981
981 971 968
931 982 928
982 931 945
927 928 982
982 912 927
912 982 914
945 914 982
914 945 917
945 918 917
918 945 946
983 984 985
986 987 988
987 986 989
990 989 986
989 990 991
988 992 986
992 990 986
992 988 993
993 994 992
994 993 995
996 994 995
994 996 997
998 997 996
997 998 999
1000 997 999
997 1000 1001
1001 994 997
994 1001 1002
999 998 1003
1000 999 1003
1004 1001 1000
1004 1000 1003
1001 1004 1005
1005 1002 1001
1002 1005 1006
1007 994 1002
994 1007 992
1006 1007 1002
990 992 1007
990 1007 1008
1009 990 1008
990 1009 991
1009 1010 991
1007 1006 1011
1008 1007 1011
1012 991 1010
989 991 1012
1013 989 1012
989 1013 987
1012 1010 1014
1013 1012 1015
1012 1016 1015
1014 1016 1012
559 444 445
1017 1018 1019
1018 1017 1020
1021 1019 1018
1019 1021 1022
1021 1018 1023
1020 1023 1018
1023 1024 1021
1024 1023 1025
1021 1024 1026
1026 1024 1027
1021 1026 1028
1022 1021 1028
1023 1020 1029
1020 1030 1029
1030 1020 1031
1017 1031 1020
1028 1026 1032
1031 1017 1033
1034 1031 1033
1031 1034 1035
1035 1030 1031
1035 1036 1030
1036 1037 1030
1036 1035 1038
1034 1038 1035
1036 1038 1039
1038 1034 1040
1040 1034 1041
1041 1034 1042
1033 1042 1034
1041 1042 1043
1042 1044 1043
1043 1045 1041
1045 1046 1041
1040 1041 1046
1046 1045 1047
1033 1048 1042
1042 1048 1044
1047 1049 1046
1049 1050 1046
1051 1049 1047
1052 1038 1040
1039 1038 1052
1046 1053 1040
1046 1050 1053
1052 1040 1053
1050 1054 1053
1054 1055 1053
1054 1056 1055
1055 1057 1053
1054 1058 1056
1053 1057 1059
1059 1052 1053
1059 1060 1052
1059 1057 1061
1054 1062 1058
1058 1062 1063
1064 1063 1062
1065 1062 1054
1050 1065 1054
1066 1062 1065
1064 1062 1066
1066 1065 1067
1065 1068 1067
1066 1067 1069
1068 1065 1050
1067 1068 1070
1070 1068 1071
1071 1072 1070
1072 1071 1073
1074 1072 1073
1072 1074 1075
1074 1076 1075
1075 1076 1077
1078 1077 1076
1078 1079 1077
1079 1078 1080
1081 1073 1071
1073 1081 1082
1082 1074 1073
1081 1083 1082
1083 1081 1084
1085 1076 1074
1083 1085 1082
1074 1082 1085
1076 1085 1086
1076 1086 1087
1076 1087 1078
1086 1088 1087
1088 1086 1089
1090 1088 1089
1088 1090 1091
1092 1091 1090
1091 1092 1093
1092 1094 1093
1094 1092 1095
1096 1095 1092
1090 1096 1092
1095 1096 1097
1097 1098 1095
1098 1097 1099
1099 1100 1098
1100 1099 1101
1102 1101 1099
1101 1102 1103
1104 1095 1098
1095 1104 1094
1101 1105 1100
1105 1101 1106
1103 1106 1101
1107 1105 1106
1106 1108 1107
1108 1106 1109
1106 1103 1109
1109 1110 1108
1110 1109 1111
1103 1111 1109
1112 1107 1108
1107 1112 1113
1114 1108 1110
1108 1114 1112
1114 1115 1112
1112 1116 1113
1112 1115 1116
1115 1117 1116
1117 1115 1118
1119 1118 1115
1118 1120 1117
1115 1121 1119
1114 1121 1115
1119 1121 1122
1123 1122 1121
1122 1123 1124
1123 1125 1124
1123 1126 1125
1127 1125 1126
1126 1128 1127
1129 1123 1121
1129 1126 1123
1130 1121 1114
1129 1121 1130
1130 1131 1129
1131 1130 1132
1133 1131 1132
1131 1133 1134
1135 1134 1133
1134 1135 1136
1132 1137 1133
1137 1132 1111
1132 1130 1110
1130 1114 1110
1111 1132 1110
1131 1032 1129
1032 1128 1126
1032 1126 1129
1111 1103 1137
1102 1137 1103
1137 1102 1138
1138 1133 1137
1133 1138 1135
1102 1139 1138
1139 1102 1140
1141 1139 1140
1139 1141 1142
1143 1139 1142
1139 1143 1144
1144 1138 1139
1138 1144 1135
1135 1144 1145
1136 1135 1145
1099 1140 1102
1140 1099 1097
1097 1141 1140
1141 1097 1096
1096 1146 1141
1146 1096 1147
1096 1090 1147
1089 1147 1090
1147 1089 1148
1086 1148 1089
1148 1086 1085
1083 1147 1148
1147 1083 1146
1085 1083 1148
1149 1141 1146
1083 1149 1146
1141 1149 1142
1149 1083 1084
1149 1084 1150
1081 1150 1084
1081 1151 1150
1071 1151 1081
1151 1071 1068
1150 1151 1152
1151 1049 1152
1151 1068 1049
1150 1152 1153
1153 1044 1150
1150 1044 1154
1149 1154 1142
1149 1150 1154
1152 1049 1051
1049 1068 1050
1154 1044 1048
1142 1154 1143
1154 1048 1143
1143 1048 1155
1033 1155 1048
1155 1033 1017
1017 1145 1155
1145 1144 1155
1155 1144 1143
1145 1017 1019
1022 1145 1019
1145 1022 1136
1136 1022 1134
1022 1028 1134
1134 1028 1131
1028 1032 1131
1032 1156 1157
1157 1156 1158
1032 1026 1156
1159 1156 1026
1032 1157 1128
1159 1026 1027
1160 1159 1027
1104 1161 1162
1098 1161 1104
1161 1098 1100
1100 1163 1161
1163 1100 1105
1164 1163 1105
1163 1164 1165
1163 1165 1166
1167 1165 1164
1165 1167 1168
1165 1168 1169
1166 1165 1169
1169 1168 1170
1169 1171 1166
1170 1172 1169
1172 1170 1173
1173 1174 1172
1105 1107 1164
1164 1113 1167
1113 1164 1107
1175 1176 1177
1176 1175 1178
1178 1179 1176
1179 1178 1180
1181 1179 1180
1179 1181 1182
1180 1183 1181
1181 1183 1184
1184 1183 1185
1186 1181 1184
1181 1186 1187
1181 1187 1182
1183 1180 1188
1184 1189 1186
1186 1189 1190
1190 1187 1186
1177 1191 1175
1191 1177 1162
1180 1192 1188
1193 1188 1192
1188 1193 1194
1193 1192 1195
1175 1191 1195
1195 1196 1193
1195 1178 1175
1178 1195 1192
1192 1180 1178
1087 1187 1190
1187 1087 1088
1091 1187 1088
1187 1091 1182
1091 1179 1182
1179 1091 1093
1093 1176 1179
1176 1093 1094
1094 1177 1176
1177 1094 1104
1104 1162 1177
1190 1197 1087
1190 1198 1197
1190 1189 1198
1185 1199 1200
1200 1199 1194
1194 1199 1188
1199 1183 1188
1199 1185 1183
1039 1060 1201
1052 1060 1039
526 493 495
493 526 499
834 821 823
821 834 827
823 836 834
836 823 826
817 843 824
843 817 830
818 830 817
830 818 822
1202 1203 1204
1203 1205 1204
1202 1206 1203
1203 1207 1205
1203 1208 1207
1206 1208 1203
1206 1209 1208
1208 1210 1207
1210 1208 1211
1211 1208 1209
1204 1205 1212
1213 1214 1215
1215 1214 1216
1213 1215 1217
1215 1216 1218
1215 1218 1219
1217 1215 1219
1217 1219 1220
1219 1218 1221
1221 1222 1219
1222 1220 1219
1214 1223 1216
1224 1225 1226
1227 1226 1225
1226 1227 1228
1225 1229 1227
1229 1225 1230
1230 1225 1224
1231 1228 1227
1228 1231 1232
1233 1232 1231
1231 1234 1233
1234 1235 1233
1235 1234 1236
1234 1231 1237
1227 1237 1231
1237 1227 1229
1232 1233 1238
1238 1233 1239
1233 1235 1239
1236 1234 1240
1241 1236 1240
1242 1243 1244
1245 1246 1247
1246 1245 1248
1249 1250 1251
1252 1249 1251
1249 1252 1253
1253 1254 1249
1254 1253 1255
1256 1253 1252
1253 1256 1257
1257 1255 1253
1257 1258 1255
1259 1258 1257
1256 1259 1257
1258 1259 1260
1259 1256 1261
1262 1259 1261
1259 1262 1260
1250 1263 1251
1250 1264 1263
1263 1264 1265
1263 1265 1266
1266 1265 1267
1258 1268 1255
1268 1254 1255
1254 1268 1269
1269 1270 1254
1270 1269 1271
1270 1249 1254
1249 1270 1250
1272 1273 1274
1273 1272 1275
1274 1273 1276
1274 1276 1277
1278 1277 1276
1277 1278 1279
1280 1279 1278
1279 1280 1281
1280 1282 1281
1282 1280 1283
1284 1285 1286
1284 1286 1287
1288 1289 1290
1290 1291 1288
1291 1290 1292
1293 1288 1291
1288 1293 1294
1288 1294 1289
1291 1295 1293
1295 1291 1296
1296 1291 1297
1297 1291 1292
1297 1292 1298
1297 1299 1296
1299 1300 1296
1296 1300 1295
1295 1300 1301
1300 1302 1301
1297 1303 1299
1304 1305 1306
1305 1304 1307
1308 1306 1305
1306 1308 1309
1310 1306 1309
1306 1310 1311
1310 1312 1311
1312 1310 1313
1313 1314 1312
1314 1313 1315
1314 1315 1316
1308 1305 1317
1307 1317 1305
1308 1317 1318
1318 1317 1319
1317 1307 1320
1319 1317 1320
1321 1306 1322
1322 1323 1321
1323 1322 1324
1324 1325 1323
1325 1324 1326
1326 1327 1325
1327 1326 1328
1328 1329 1327
1329 1328 1330
1330 1331 1329
1331 1330 1332
1332 1333 1331
1333 1332 1334
1334 1335 1333
1335 1334 1336
1336 1337 1335
1337 1336 1338
1339 1337 1338
1340 1341 1342
1343 1342 1341
1342 1343 1344
1345 1344 1343
1344 1345 1346
1347 1346 1345
1346 1347 1348
1347 1349 1348
1349 1347 1350
1349 1351 1348
1352 1348 1351
1348 1352 1353
1354 1353 1352
1353 1354 1355
1351 1349 1356
1357 1356 1349
1350 1357 1349
1356 1357 1358
1357 1350 1359
1360 1357 1359
1357 1360 1361
1357 1361 1362
1363 1355 1354
1355 1363 1364
1365 1364 1363
1364 1365 1366
1367 1366 1365
1366 1367 1368
1369 1368 1367
1368 1369 1370
1371 1370 1369
1370 1371 1372
1373 1372 1371
1372 1373 1374
1375 1374 1373
1374 1375 1376
1377 1376 1375
1378 1379 1380
1379 1378 1381
1382 1379 1381
1379 1382 1383
1384 1383 1382
1383 1384 1385
1386 1385 1384
1385 1386 1387
1388 1387 1386
1389 1378 1380
1378 1389 1390
1391 1390 1389
1390 1391 1392
1393 1392 1391
1392 1393 1394
1395 1396 1397
1398 1395 1397
1398 1397 1399
1399 1400 1398
1400 1399 1401
1402 1400 1401
1395 1403 1404
1403 1395 1405
1405 1406 1403
1406 1405 1407
1407 1408 1406
1408 1407 1409
1409 1410 1408
1410 1409 1411
1412 1413 1414
1413 1415 1414
1415 1413 1416
1416 1417 1415
1417 1416 1418
1418 1419 1417
1419 1418 1420
1419 1420 1421
1421 1420 1422
1421 1423 1419
1424 1425 1426
1425 1424 1427
1426 1428 1424
1428 1426 1429
1430 1425 1427
1425 1430 1431
1429 1432 1428
1432 1429 1433
1433 1434 1432
1434 1433 1435
1431 1430 1436
1437 1434 1435
1438 1439 1436
1440 1439 1438
1439 1440 1441
1442 1441 1440
1441 1442 1443
1444 1443 1442
1443 1444 1445
1446 1447 1448
1449 1447 1446
1447 1449 1450
1451 1450 1449
1450 1451 1452
1453 1452 1451
1452 1453 1454
1455 1454 1453
1454 1455 1456
1457 1456 1455
1456 1457 1458
1459 1458 1457
1458 1459 1460
1461 1462 1463
1462 1461 1464
1463 1465 1461
1465 1463 1466
1466 1467 1465
1464 1468 1462
1468 1464 1469
1469 1470 1468
1470 1469 1471
1471 1472 1470
1472 1471 1473
1473 1474 1472
1474 1473 1475
1476 1477 1478
1477 1476 1479
1480 1479 1476
1481 1478 1477
1478 1481 1482
1483 1482 1481
1482 1483 1484
1485 1484 1483
1484 1485 1486
1487 1486 1485
1486 1487 1488
1487 1489 1488
1489 1487 1490
1491 1492 1493
1492 1491 1494
1491 1493 1495
1494 1496 1492
1496 1494 1497
1496 1497 1498
1499 1500 1501
1500 1499 1502
1502 1503 1500
1503 1502 1504
1501 1505 1499
1505 1501 1506
1503 1504 1507
1506 1508 1505
1508 1506 1509
1508 1509 1510
1510 1509 1511
1512 1513 1507
1512 1514 1513
1514 1512 1515
1515 1516 1514
1516 1515 1517
1517 1518 1516
1518 1517 1519
1520 1518 1519
1518 1520 1521
1521 1520 1522
1521 1522 1523
1524 1523 1522
1519 1525 1520
1526 1527 1528
1527 1529 1528
1529 1527 1530
1529 1530 1531
1526 1528 1532
1526 1532 1533
1533 1532 1534
1535 1536 1537
1536 1535 1538
1539 1537 1536
1537 1539 1540
1538 1535 1541
1306 1321 1304
1542 1543 1544
1543 1542 1545
1545 1546 1543
1547 1546 1545
1548 1546 1547
1546 1548 1549
1550 1549 1548
1549 1550 1551
1552 1551 1550
1551 1552 1553
1554 1555 1556
1555 1554 1557
1556 1558 1554
1556 1559 1558
1560 1561 1562
1562 1561 1563
1563 1561 1564
1563 1564 1565
1566 1565 1564
1565 1566 1567
1568 1563 1565
1569 1567 1566
1567 1569 1570
1571 1570 1569
1570 1571 1572
1573 1572 1571
1572 1573 1574
1574 1575 1572
1576 1574 1573
1574 1576 1577
1577 1575 1574
1575 1577 1578
1577 1579 1578
1579 1577 1580
1581 1579 1580
1579 1581 1582
1583 1581 1580
1583 1577 1576
1577 1583 1580
1581 1583 1584
1585 1583 1576
1573 1585 1576
1583 1585 1586
1586 1584 1583
1573 1587 1585
1571 1587 1573
1571 1588 1587
1589 1587 1588
1587 1589 1590
1587 1590 1591
1591 1590 1592
1592 1593 1591
1593 1592 1594
1592 1595 1594
1595 1592 1596
1596 1592 1597
1590 1597 1592
1598 1594 1595
1594 1598 1599
1594 1600 1593
1600 1594 1599
1601 1599 1598
1599 1601 1602
1599 1603 1600
1603 1599 1602
1604 1602 1601
1602 1604 1605
1606 1605 1604
1605 1606 1607
1608 1605 1607
1605 1608 1609
1602 1609 1603
1609 1602 1605
1606 1610 1607
1607 1610 1608
1596 1597 1611
1597 1612 1611
1613 1614 1615
1614 1613 1616
1614 1617 1615
1618 1616 1613
1616 1618 1619
1618 1620 1619
1618 1621 1620
1621 1618 1622
1613 1622 1618
1622 1623 1621
1624 1621 1623
1621 1624 1625
1625 1620 1621
1623 1622 1626
1627 1619 1620
1627 1620 1628
1620 1625 1628
1629 1628 1625
1628 1629 1630
1630 1627 1628
1627 1630 1631
1632 1631 1630
1631 1632 1633
1634 1626 1622
1626 1634 1635
1636 1635 1634
1635 1636 1637
1635 1638 1626
1638 1635 1639
1637 1639 1635
1636 1640 1637
1640 1636 1641
1639 1642 1638
1642 1639 1643
1644 1643 1639
1644 1639 1645
1639 1637 1645
1646 1644 1645
1646 1645 1647
1647 1637 1640
1637 1647 1645
1648 1646 1647
1649 1646 1648
1646 1649 1650
1651 1650 1649
1650 1651 1652
1652 1653 1650
1653 1652 1654
1655 1653 1654
1653 1655 1656
1655 1657 1656
1657 1655 1658
1657 1659 1656
1659 1657 1660
1661 1656 1659
1656 1661 1653
1661 1650 1653
1650 1661 1646
1662 1657 1658
1663 1651 1649
1638 1661 1659
1660 1664 1659
1638 1659 1664
1664 1660 1665
1666 1651 1663
1663 1667 1666
1667 1663 1668
1651 1666 1669
1670 1669 1666
1667 1670 1666
1669 1670 1671
1671 1672 1669
1672 1671 1673
1673 1674 1672
1674 1673 1675
1676 1674 1675
1674 1676 1677
1678 1677 1676
1677 1678 1679
1678 1680 1679
1680 1678 1681
1670 1667 1682
1682 1683 1670
1683 1671 1670
1683 1682 1684
1685 1681 1678
1676 1685 1678
1681 1685 1686
1685 1676 1687
1675 1687 1676
1687 1675 1688
1689 1675 1673
1675 1689 1688
1673 1690 1689
1690 1673 1671
1671 1683 1690
1684 1691 1683
1691 1690 1683
1691 1684 1692
1692 1693 1691
1693 1692 1694
1695 1686 1685
1687 1695 1685
1686 1695 1696
1695 1687 1697
1688 1697 1687
1697 1688 1698
1699 1688 1689
1688 1699 1698
1700 1689 1690
1689 1700 1699
1690 1691 1700
1693 1700 1691
1695 1701 1696
1701 1695 1702
1697 1702 1695
1698 1703 1697
1702 1697 1703
1703 1698 1704
1705 1699 1700
1700 1693 1705
1706 1705 1693
1694 1706 1693
1705 1706 1707
1707 1706 1708
1706 1709 1708
1706 1694 1709
1710 1707 1708
1704 1710 1711
1711 1710 1708
1710 1704 1712
1699 1705 1712
1698 1712 1704
1712 1698 1699
1707 1712 1705
1712 1707 1710
1713 1711 1708
1704 1713 1703
1713 1704 1711
1714 1713 1708
1703 1714 1702
1714 1703 1713
1715 1714 1708
1715 1702 1714
1702 1715 1701
1716 1717 1718
1716 1719 1717
1719 1716 1720
1720 1721 1719
1721 1720 1722
1723 1720 1716
1716 1724 1723
1725 1721 1722
1722 1726 1725
1726 1722 1727
1720 1727 1722
1727 1720 1723
1721 1725 1728
1729 1728 1725
1728 1729 1730
1731 1725 1726
1725 1731 1729
1732 1730 1729
1730 1732 1733
1734 1733 1732
1732 1735 1734
1735 1732 1736
1736 1729 1731
1729 1736 1732
1733 1734 1737
1737 1734 1738
1734 1735 1738
1739 1665 1740
1665 1739 1741
1739 1742 1741
1742 1739 1743
1744 1739 1740
1739 1744 1745
1745 1743 1739
1746 1745 1744
1745 1746 1747
1747 1748 1745
1743 1745 1748
1748 1747 1749
1741 1624 1665
1624 1741 1750
1742 1750 1741
1751 1747 1746
1747 1751 1752
1752 1749 1747
1751 1753 1752
1752 1753 1754
1749 1752 1754
1750 1742 1755
1750 1625 1624
1625 1750 1629
1755 1629 1750
1629 1755 1756
1756 1630 1629
1630 1756 1632
1623 1665 1624
1665 1623 1664
1626 1664 1623
1664 1626 1638
1642 1757 1638
1758 1759 1760
1759 1758 1761
1759 1762 1760
1762 1759 1763
1762 1764 1760
1764 1758 1760
1764 1762 1765
1766 1764 1765
1764 1766 1767
1767 1768 1764
1758 1764 1768
1768 1767 1769
1770 1769 1767
1769 1770 1771
1772 1767 1766
1767 1772 1770
1771 1770 1773
1770 1772 1773
1774 1775 1773
1774 1776 1775
1777 1775 1776
1775 1777 1778
1775 1778 1773
1776 1774 1779
1776 1780 1777
1780 1776 1781
1779 1781 1776
1781 1779 1782
1783 1781 1782
1781 1783 1784
1785 1784 1783
1784 1785 1786
1787 1784 1786
1784 1787 1788
1788 1781 1784
1781 1788 1780
1789 1790 1791
1790 1789 1792
1791 1793 1789
1793 1791 1794
1794 1795 1793
1795 1794 1796
1797 1795 1796
1795 1797 1798
1798 1797 1799
1800 1801 1569
1800 1802 1801
1589 1801 1802
1801 1589 1588
1588 1571 1801
1801 1571 1569
1802 1800 1803
1561 1803 1800
1800 1564 1561
1564 1800 1566
1800 1569 1566
1803 1561 1560
1804 1805 1806
1805 1663 1806
1668 1663 1805
1663 1649 1806
1807 1808 1809
1808 1807 1810
1809 1808 1811
1812 1809 1811
1812 1807 1809
1813 1812 1811
1807 1812 1814
1813 1814 1812
1814 1815 1807
1815 1810 1807
1815 1814 1816
1816 1817 1815
1818 1815 1817
1815 1818 1819
1810 1815 1819
1817 1816 1820
1821 1820 1816
1820 1821 1822
1817 1823 1818
1823 1817 1584
1820 1584 1817
1584 1586 1823
1822 1581 1820
1584 1820 1581
1581 1822 1582
1824 1816 1814
1816 1824 1821
1814 1813 1824
1825 1826 1827
1828 1826 1825
1826 1828 1829
1830 1826 1829
1826 1830 1831
1832 1826 1831
1828 1833 1829
1833 1828 1834
1835 1829 1833
1829 1835 1830
1834 1836 1833
1836 1834 1837
1837 1838 1836
1838 1837 1839
1840 1836 1838
1836 1840 1841
1833 1841 1835
1841 1833 1836
1839 1842 1838
1838 1842 1840
1843 1844 1845
1844 1846 1845
1846 1847 1845
1847 1846 1848
1848 1849 1847
1849 1848 1850
1851 1850 1848
1846 1851 1848
1850 1851 1852
1851 1846 1853
1850 1854 1849
1854 1850 1855
1852 1855 1850
1855 1856 1854
1857 1856 1855
1855 1852 1857
1858 1859 1860
1679 1662 1658
1662 1679 1680
1655 1679 1658
1679 1655 1677
1654 1677 1655
1677 1654 1674
1654 1672 1674
1672 1654 1652
1652 1669 1672
1669 1652 1651
1634 1615 1636
1615 1634 1613
1622 1613 1634
1615 1641 1636
1641 1615 1617
1861 1862 1863
1862 1861 1864
1865 1864 1861
1861 1866 1865
1866 1861 1867
1863 1867 1861
1867 1868 1866
1868 1867 1869
1870 1869 1867
1867 1863 1870
1869 1870 1871
1871 1872 1869
1864 1865 1873
1862 1864 1874
1864 1873 1874
1869 1875 1868
1872 1875 1869
1875 1872 1876
1875 1877 1868
1878 1877 1875
1878 1875 1876
1876 1879 1878
1879 1876 1880
1880 1881 1879
1881 1880 1882
1882 1883 1881
1883 1882 1884
1881 1885 1879
1885 1881 1886
1883 1886 1881
1879 1885 1887
1878 1887 1877
1879 1887 1878
1886 1883 1888
1889 1888 1883
1888 1889 1890
1891 1883 1884
1883 1891 1889
1892 1890 1889
1890 1892 1893
1894 1889 1891
1889 1894 1892
1893 1892 1895
1892 1894 1895
1896 1897 1898
1897 1899 1898
1899 1897 1900
1900 1901 1899
1901 1900 1902
1902 1903 1901
1903 1902 1904
1904 1905 1903
1905 1904 1906
1906 1907 1905
1907 1906 1908
1908 1909 1907
1909 1908 1910
1911 1909 1910
1909 1911 1912
1913 1912 1911
1912 1913 1914
1915 1914 1913
1914 1915 1916
1917 1916 1915
1916 1917 1918
1918 1917 1919
1919 1920 1921
1920 1922 1921
1922 1920 1923
1924 1922 1923
1922 1924 1925
1926 1925 1924
1925 1926 1927
1928 1927 1926
1927 1928 1929
1930 1929 1928
1929 1930 1931
1932 1931 1930
1931 1932 1933
1934 1933 1932
1933 1934 1935
1936 1935 1934
1935 1936 1937
1938 1937 1936
1937 1938 1939
1940 1939 1938
1939 1940 1941
1941 1940 1896
1942 1943 1944
1943 1942 1945
1946 1945 1942
1945 1946 1947
1942 1948 1946
1949 1946 1948
1946 1949 1950
1948 1942 1951
1944 1951 1942
1951 1944 1952
1953 1952 1944
1952 1953 1954
1955 1954 1953
1954 1955 1956
1957 1956 1955
1955 1958 1957
1958 1955 1959
1953 1959 1955
1956 1957 1960
1961 1960 1957
1960 1961 1962
1962 1961 1963
1959 1953 1964
1944 1964 1953
1964 1944 1943
1965 1957 1958
1957 1965 1961
1961 1965 1963
1966 1950 1967
1950 1966 1968
1967 1969 1966
1969 1967 1970
1967 1971 1970
1971 1967 1972
1950 1972 1967
1973 1970 1971
1970 1973 1974
1975 1974 1973
1974 1975 1976
1977 1976 1975
1976 1977 1978
1978 1979 1976
1979 1978 1980
1976 1981 1974
1981 1976 1979
1981 1970 1974
1970 1981 1969
1968 1946 1950
1946 1968 1947
1972 1950 1949
1982 1980 1978
1980 1982 1983
1984 1978 1977
1978 1984 1982
1985 1986 1987
1986 1985 1988
1988 1989 1986
1989 1988 1990
1990 1991 1989
1991 1990 1992
1992 1993 1991
1993 1992 1994
1994 1995 1993
1995 1994 1996
1996 1997 1995
1997 1996 1998
1985 1987 1999
1998 2000 1997
2000 1998 2001
2001 2002 2000
2002 2001 2003
2003 2004 2002
2004 2003 2005
2005 2006 2004
2006 2005 2007
2008 2006 2007
2006 2008 2009
2008 2010 2009
2010 2008 2011
2011 2012 2010
2012 2011 2013
2014 2015 1999
2014 2016 2015
2016 2014 2017
2017 2018 2016
2018 2017 2019
2019 2020 2018
2020 2019 2021
2021 2022 2020
2022 2021 2023
2023 2024 2022
2024 2023 2025
2026 2024 2025
2024 2026 2027
2028 2027 2026
2027 2028 2029
2030 2029 2028
2029 2030 2031
2032 2031 2030
2031 2032 2033
2034 2033 2032
2033 2034 2035
2034 2036 2035
2036 2034 2037
2037 2038 2036
2038 2037 2039
2039 2040 2038
2040 2039 2041
