byte offset: 0
first index: 0
index count: 13137
topology: trianglelist
format: DXGI_FORMAT_R16_UINT

0 1 2
1 3 2
3 4 2
4 5 2
5 6 2
6 7 2
7 8 2
8 9 2
9 10 2
10 11 2
11 12 2
12 13 2
13 14 2
14 15 2
15 16 2
16 17 2
17 18 2
18 0 2
19 20 21
20 19 22
23 21 20
21 23 24
25 24 23
24 25 26
27 26 25
26 27 28
27 29 28
29 27 30
29 30 31
32 33 34
32 34 35
34 36 35
36 34 37
37 38 36
38 37 39
39 40 38
40 39 41
42 40 41
40 42 43
42 44 43
45 44 42
46 37 34
37 46 47
47 39 37
39 47 48
48 41 39
41 48 49
49 42 41
42 49 45
34 50 46
50 34 33
51 52 53
54 52 51
54 55 52
54 56 55
57 56 54
57 54 51
56 57 58
57 59 58
58 60 56
60 58 61
57 51 62
63 61 58
59 63 58
61 63 64
64 65 61
65 64 66
57 67 59
67 57 62
68 67 62
62 69 68
70 56 60
56 70 55
60 71 70
71 60 72
72 61 65
61 72 60
73 70 71
70 73 74
73 75 74
75 73 76
76 77 75
77 78 75
75 78 79
80 79 78
79 80 81
82 81 80
81 82 83
84 83 82
83 84 85
86 85 84
87 86 84
86 87 88
78 77 89
80 78 89
77 90 89
91 89 90
90 92 91
92 90 93
89 91 94
80 94 82
94 80 89
88 95 86
95 88 96
97 96 88
88 98 97
98 88 87
97 98 99
87 100 98
100 94 91
100 87 101
94 100 101
96 97 102
103 102 97
103 97 104
97 99 104
102 103 105
105 103 106
99 107 104
102 108 96
108 102 109
102 110 109
111 110 102
110 111 112
109 113 108
113 109 114
110 114 109
114 115 113
115 114 116
117 116 114
110 117 114
116 117 118
119 115 116
119 116 118
119 118 120
121 119 120
115 119 122
122 119 123
119 121 123
122 123 124
115 122 125
125 122 124
126 113 115
126 115 125
127 126 125
121 120 128
121 128 129
121 130 123
130 131 123
123 131 124
131 130 132
133 132 130
121 129 133
121 133 130
134 133 129
133 134 135
136 135 134
135 136 137
133 135 138
138 135 137
132 133 139
133 138 139
139 138 140
141 131 132
131 141 142
138 143 140
138 144 143
138 137 144
137 145 144
137 146 145
146 147 145
148 146 137
137 136 148
141 149 142
149 150 142
149 151 150
152 150 151
150 152 153
154 150 153
142 150 154
154 153 155
124 154 155
155 153 127
154 124 131
154 131 142
156 153 152
153 156 69
127 153 69
151 149 157
69 158 127
62 158 69
62 51 158
158 159 127
53 159 158
51 53 158
127 125 155
124 155 125
127 159 160
159 161 160
127 160 126
160 162 126
160 161 162
162 161 163
108 162 163
164 108 163
108 164 96
162 108 113
162 113 126
96 164 95
165 166 167
166 165 168
166 168 169
170 166 169
171 170 169
170 171 172
173 172 171
172 173 174
174 175 172
175 174 176
177 173 171
173 177 178
179 178 177
177 180 179
180 177 181
181 171 169
171 181 177
168 181 169
178 179 182
176 183 175
183 176 106
184 175 183
184 185 175
186 172 175
175 185 186
172 186 170
106 103 183
187 186 185
188 186 187
170 186 188
187 189 188
189 187 190
191 190 187
187 185 191
191 185 184
190 191 192
193 188 189
188 193 194
194 195 188
195 170 188
166 170 195
196 195 194
167 195 196
195 167 166
196 197 167
197 196 198
198 194 193
194 198 196
199 167 197
167 199 200
200 201 167
202 200 199
200 202 203
200 203 201
202 204 203
204 202 205
205 206 204
206 205 207
167 201 165
203 204 208
208 204 209
209 204 206
210 208 209
210 209 211
209 206 212
209 212 211
203 208 213
201 203 213
205 214 207
214 205 215
202 215 205
215 202 216
202 217 216
217 218 216
217 219 218
199 219 217
219 199 197
197 220 219
219 220 221
220 222 221
222 223 221
193 223 222
223 193 189
189 224 223
223 224 225
224 226 225
224 189 190
190 227 224
224 227 226
227 190 192
220 197 198
222 198 193
198 222 220
221 228 219
228 229 219
229 228 230
228 231 230
228 232 231
232 223 225
225 233 232
233 225 234
234 225 226
234 235 233
235 234 236
237 233 235
233 237 238
238 232 233
232 238 231
237 239 238
239 237 240
240 241 239
242 239 241
239 242 243
238 243 231
243 238 239
230 231 243
241 240 244
245 236 234
236 245 246
247 245 234
247 234 226
246 245 248
249 246 248
248 250 249
250 248 251
248 252 251
251 253 250
253 251 254
254 251 255
251 256 255
251 252 256
256 252 257
258 250 253
250 258 259
250 259 260
260 261 250
261 260 262
263 259 258
259 263 264
260 259 264
265 264 263
264 265 266
266 267 264
260 264 267
267 266 268
265 269 266
269 268 266
269 270 268
271 270 269
269 265 272
272 273 269
269 273 271
272 274 273
265 275 272
275 274 272
276 265 263
276 275 265
277 275 276
271 278 270
271 279 278
271 273 280
281 280 273
273 274 281
280 281 282
282 283 280
271 283 279
271 280 283
283 284 279
284 283 285
285 286 284
286 285 287
283 288 285
288 287 285
283 282 289
283 289 288
289 290 288
281 291 282
291 281 292
288 290 293
288 293 294
288 294 287
287 294 295
287 295 296
296 295 297
298 287 296
287 298 286
291 292 299
299 292 300
301 299 300
300 302 301
302 300 303
304 303 300
292 304 300
304 305 303
274 305 304
305 277 303
304 281 274
304 292 281
303 306 302
306 303 307
277 307 303
299 301 308
307 277 309
310 307 309
310 311 307
311 310 312
312 310 313
313 310 314
310 309 314
313 315 312
313 316 315
313 317 316
318 316 317
316 318 319
317 313 320
313 314 320
320 314 321
314 322 321
314 309 322
322 309 323
320 321 324
320 324 317
319 325 316
315 316 325
325 319 326
65 326 319
326 65 66
327 317 324
317 327 318
71 318 327
318 71 72
72 319 318
319 72 65
327 73 71
73 327 328
329 73 328
73 329 76
330 76 329
331 330 329
329 332 331
332 333 331
333 332 334
334 335 333
335 334 336
336 337 335
337 336 338
339 337 338
339 340 337
340 339 254
330 331 341
333 341 331
342 330 341
341 343 342
92 342 343
342 92 93
343 341 344
344 333 335
333 344 341
345 254 339
254 345 253
255 340 254
346 340 255
344 346 343
340 346 347
340 347 337
346 344 347
335 347 344
347 335 337
348 343 346
343 348 92
348 91 92
91 348 100
349 100 348
346 349 348
100 349 350
351 350 349
350 351 352
351 353 352
353 351 354
349 346 355
355 351 349
351 355 356
351 357 354
357 351 356
358 359 147
358 147 360
360 147 180
360 180 181
168 360 181
168 361 360
360 361 358
361 362 358
361 168 165
362 363 358
145 147 359
180 147 364
147 146 364
365 364 146
364 365 179
364 179 180
365 182 179
366 90 367
90 366 368
90 77 367
369 367 77
77 76 369
367 369 370
366 342 368
342 366 371
369 371 370
330 342 371
76 330 369
371 369 330
372 373 374
373 372 375
375 372 376
377 375 376
378 377 376
376 379 378
379 376 380
374 380 372
376 372 380
377 378 381
382 381 378
379 382 378
383 382 379
381 382 384
385 383 379
383 385 386
387 384 382
383 387 382
388 387 383
384 387 389
383 386 390
383 390 388
391 387 388
387 391 392
389 387 392
393 389 392
392 75 393
388 390 394
388 394 391
384 395 381
395 384 396
389 396 384
396 389 393
394 397 391
386 398 390
398 394 390
392 74 75
74 392 391
397 74 391
74 397 70
381 395 377
399 385 379
399 379 380
380 374 399
87 84 101
82 101 84
101 82 94
183 400 184
400 183 103
401 184 400
184 401 191
191 401 402
191 402 192
227 192 402
227 402 403
403 247 227
247 403 404
404 245 247
245 404 248
227 247 226
132 405 141
132 406 405
139 406 132
139 407 406
139 408 407
407 408 409
408 140 409
139 140 408
409 140 410
140 143 410
411 412 413
412 411 414
414 415 412
415 414 416
411 417 414
414 417 416
418 411 413
419 418 413
418 419 420
411 418 421
411 421 422
423 424 425
424 423 426
426 427 424
427 426 428
429 425 424
425 429 430
430 431 425
431 430 432
432 433 431
433 432 434
435 433 434
424 436 429
436 424 427
437 431 433
435 437 433
431 437 438
425 438 423
438 425 431
427 428 439
427 440 436
436 440 441
427 442 440
439 442 427
443 444 445
446 443 445
443 446 447
448 447 446
447 448 449
445 450 446
450 445 451
444 451 445
452 446 450
446 452 448
453 448 452
448 453 454
454 449 448
455 454 453
454 455 456
449 454 457
456 457 454
457 456 458
459 456 455
456 459 460
458 456 460
460 459 461
462 463 464
463 462 465
466 465 462
465 466 467
468 467 466
467 468 469
470 469 468
469 470 471
471 470 472
473 474 475
474 473 476
475 477 473
477 475 478
478 479 477
479 478 480
479 480 481
482 474 476
483 474 482
484 485 486
485 484 487
488 487 484
487 488 489
490 486 485
486 490 491
488 492 489
492 488 493
493 494 492
494 493 495
495 496 494
496 495 497
498 499 500
501 498 500
498 501 502
503 501 500
503 500 499
501 503 504
505 506 507
506 505 508
509 508 505
508 509 510
511 510 509
510 511 512
512 513 510
513 512 514
515 511 509
511 515 516
517 516 515
516 517 518
518 519 516
512 519 514
511 519 512
516 519 511
520 517 515
521 510 513
510 521 508
509 522 515
520 515 522
522 509 505
522 523 520
523 522 524
507 522 505
522 507 524
525 508 521
508 525 506
526 527 528
527 526 529
527 530 528
530 527 531
528 532 526
530 532 528
529 533 527
533 531 527
533 529 534
531 533 535
533 536 535
536 533 537
537 533 538
538 533 534
538 534 539
538 540 537
537 540 536
540 538 541
542 543 544
545 544 543
542 546 543
543 546 547
543 547 545
547 548 545
548 547 549
549 550 548
550 549 551
550 551 552
544 545 553
553 548 550
545 548 553
553 554 544
555 554 553
553 550 555
555 550 556
556 550 552
557 555 556
557 554 555
557 556 558
552 558 556
558 552 559
560 559 552
552 551 560
559 560 561
558 559 562
563 562 559
563 559 561
564 563 561
560 564 561
549 565 551
566 551 565
551 566 560
564 560 566
567 557 558
567 558 562
549 568 565
547 568 549
568 547 569
546 569 547
570 571 572
571 573 572
573 571 574
574 575 573
575 574 576
575 576 577
577 576 578
578 579 577
579 578 580
581 582 583
583 584 581
584 585 581
585 584 586
587 585 586
585 587 588
589 585 588
585 589 590
591 590 589
590 591 592
592 591 593
588 587 594
587 595 594
593 596 592
596 593 597
596 597 598
597 599 598
600 598 599
600 599 601
600 601 602
603 602 601
602 603 604
601 605 603
605 601 606
601 599 606
606 607 605
607 606 608
599 608 606
597 609 599
608 599 609
603 610 604
610 603 611
605 611 603
612 610 611
611 605 613
607 613 605
612 611 614
611 613 614
612 614 615
616 615 614
613 607 617
617 614 613
616 614 618
614 617 618
619 615 616
620 619 616
619 620 621
621 620 622
622 623 621
623 622 624
624 625 623
625 624 626
627 625 626
625 627 628
629 625 628
625 629 630
626 631 627
627 631 632
633 630 629
630 633 634
635 636 637
636 635 638
637 639 635
639 637 640
641 642 643
642 641 644
645 644 641
646 644 645
647 646 645
648 646 647
647 645 649
648 647 650
648 650 651
651 650 652
652 653 651
652 654 653
655 653 654
653 655 656
657 656 655
656 657 658
654 652 659
645 660 649
645 661 660
662 654 659
654 662 663
664 654 663
654 664 665
665 664 666
659 667 662
662 667 668
669 670 661
670 669 671
661 645 669
672 670 671
670 672 673
674 673 672
673 674 675
674 676 675
677 676 674
677 674 678
679 677 678
678 674 680
679 681 677
679 682 681
682 683 681
683 682 684
683 684 685
684 686 685
686 684 687
687 688 686
688 687 689
685 690 683
685 691 690
691 685 692
685 693 692
693 685 694
694 695 693
690 691 696
691 697 696
698 699 700
699 698 701
698 700 702
699 703 700
704 701 698
701 704 705
698 706 704
706 698 702
706 702 707
707 702 708
707 708 709
708 702 710
710 702 700
710 709 708
700 711 710
710 712 709
711 712 710
713 714 715
716 713 715
713 716 717
716 718 717
719 713 717
720 714 721
722 720 721
723 720 722
724 725 726
725 724 727
728 726 725
726 728 729
730 729 728
729 730 731
730 732 731
732 730 733
733 734 732
734 733 735
735 736 734
736 735 737
737 738 736
738 737 739
739 740 738
740 739 741
741 742 740
742 741 743
744 745 746
745 744 747
748 746 745
749 750 751
751 750 752
752 750 753
754 755 756
755 754 757
758 755 757
755 758 759
760 761 762
763 764 765
764 763 766
765 767 763
768 767 769
770 768 769
768 770 771
771 772 768
772 767 768
772 771 773
774 772 773
772 774 775
775 767 772
776 775 774
775 776 777
777 767 775
776 778 777
778 767 777
778 776 779
773 780 774
780 773 781
782 774 780
774 782 776
770 783 771
783 784 771
773 784 781
771 784 773
782 785 776
776 785 779
786 787 788
786 789 787
789 786 790
790 791 789
791 790 792
791 792 793
793 792 794
795 793 794
793 795 796
797 297 798
797 799 297
799 242 297
799 243 242
230 243 799
800 230 799
799 797 800
800 797 801
230 800 229
801 797 802
295 798 297
242 803 297
297 803 296
804 296 803
803 241 804
803 242 241
804 241 244
219 229 218
218 805 216
216 805 806
216 806 215
806 807 215
808 807 806
808 809 807
807 809 810
807 810 214
807 214 215
811 812 813
812 811 814
813 815 811
816 815 813
816 817 815
818 815 817
815 818 819
819 814 811
815 819 811
817 816 820
820 821 817
818 817 821
822 818 821
821 820 823
822 824 818
824 822 825
823 826 821
822 821 826
827 822 826
826 823 828
822 829 825
822 827 829
826 830 827
830 826 831
828 831 826
832 831 828
831 832 329
827 833 829
827 830 833
834 823 820
823 834 835
835 828 823
828 835 832
833 830 836
825 829 837
837 829 833
831 328 830
328 831 329
328 836 830
836 328 327
820 816 834
838 818 824
838 819 818
814 819 838
839 840 841
839 258 840
258 842 840
842 258 253
258 839 263
843 839 841
323 843 841
843 276 839
839 276 263
277 276 843
277 843 323
309 277 323
253 345 842
277 305 275
274 275 305
232 228 221
221 223 232
282 291 844
282 844 845
289 282 845
289 845 846
289 846 847
846 848 847
847 848 290
289 847 290
848 849 290
290 849 293
850 851 852
851 850 853
854 852 851
852 854 855
850 852 856
852 855 856
850 857 853
857 858 853
858 857 859
857 850 860
850 861 860
217 202 199
862 863 864
863 862 865
866 864 863
864 866 867
865 868 863
868 865 869
870 869 865
869 870 871
872 871 870
871 872 873
874 873 872
863 875 866
875 863 868
870 876 872
874 872 876
876 870 877
865 877 870
877 865 862
866 878 867
866 875 879
875 880 879
866 879 881
878 866 881
882 883 884
882 885 883
885 882 886
886 887 885
887 886 888
889 883 885
883 889 890
884 883 890
891 885 887
885 891 889
887 892 891
892 887 893
888 893 887
893 894 892
894 893 895
893 888 896
896 895 893
895 896 897
895 898 894
898 895 899
897 899 895
899 900 898
901 902 903
902 901 904
903 905 901
905 903 906
906 907 905
907 906 908
908 909 907
909 908 910
910 911 909
912 913 914
913 912 915
916 915 912
915 916 917
918 917 916
917 918 919
918 920 919
921 914 913
922 921 913
923 924 925
923 926 924
926 923 927
926 928 924
928 925 924
928 926 929
930 931 932
931 930 933
932 934 930
934 932 935
935 936 934
936 935 937
938 937 935
937 938 939
936 940 934
940 936 941
941 942 940
942 941 943
943 941 944
937 939 944
936 937 944
941 936 944
945 940 942
946 935 932
935 946 938
947 934 940
945 947 940
934 947 930
947 933 930
948 947 945
947 948 949
933 947 949
932 950 946
950 932 931
951 952 953
952 951 954
955 952 954
952 955 956
954 951 957
955 954 957
958 953 952
956 958 952
953 958 959
958 956 960
961 958 960
958 961 962
962 963 958
963 959 958
963 964 959
965 963 962
962 961 965
963 965 966
967 968 969
970 969 968
967 969 971
969 972 971
969 970 972
973 972 970
972 973 974
975 974 973
974 975 976
975 977 976
968 978 970
970 978 973
978 975 973
978 968 979
980 978 979
978 980 975
980 981 975
981 977 975
982 981 980
982 980 979
983 977 981
981 982 983
982 984 983
983 984 985
977 983 986
986 983 985
986 987 977
977 987 976
987 986 988
989 986 985
989 988 986
990 988 989
991 976 987
976 991 992
987 988 993
993 988 990
974 976 992
974 992 994
994 972 974
972 994 995
971 972 995
996 997 998
999 998 997
998 999 1000
1001 1000 999
1000 1001 1002
1001 1003 1002
1003 1004 1002
1005 1004 1003
1004 1005 1006
1007 1008 1009
1008 1007 1010
1011 1009 1008
1009 1011 1012
1013 642 680
642 1013 643
674 1013 680
1014 1015 1016
1015 1014 1017
1014 1018 1017
1015 1017 1019
1016 1020 1014
1020 1016 1021
1014 1022 1018
1022 1014 1020
1022 1023 1018
1023 1024 1018
1023 1025 1024
1024 1026 1018
1026 1017 1018
1026 1024 1025
1017 1026 1027
1026 1025 1028
1027 1026 1028
1029 1030 1031
1029 1032 1030
1032 1029 1033
1032 1033 1034
1035 1033 1029
1036 1037 1031
1038 1037 1036
1039 1038 1036
724 1040 727
1040 724 1041
1041 1042 1040
1042 1041 1043
1043 1044 1042
1044 1043 1045
1046 1044 1045
1044 1046 1047
1048 1047 1046
1047 1048 1049
1050 1049 1048
1049 1050 1051
1052 1051 1050
1051 1052 1053
1054 1053 1052
1053 1054 1055
1056 1055 1054
1055 1056 1057
1058 1059 1060
1059 1058 1061
1062 1059 1061
1063 1064 1065
1064 1066 1065
1066 1067 1065
1068 1069 1070
1071 1072 1073
1072 1071 1074
1073 1072 1075
1076 1077 1075
1076 1078 1077
1078 1076 1079
1080 1079 1076
1080 1076 1075
1079 1080 1081
1080 1082 1081
1082 1080 1083
1083 1080 1075
1083 1084 1082
1084 1083 1085
1085 1083 1075
1086 1084 1085
1086 1085 1075
1084 1086 1087
1088 1081 1082
1081 1088 1089
1090 1082 1084
1082 1090 1088
1078 1079 1091
1091 1079 1092
1081 1089 1092
1079 1081 1092
1090 1084 1093
1084 1087 1093
1094 1095 1096
1097 1094 1096
1094 1097 1098
1099 1098 1097
1098 1099 1100
1099 1101 1100
1101 1102 1100
1101 1103 1102
1103 1101 1104
1105 1106 1107
1106 1108 1107
1108 1109 1107
1109 1110 1107
1110 1111 1107
1111 1112 1107
1112 1113 1107
1113 1114 1107
1114 1115 1107
1115 1116 1107
1116 1117 1107
1117 1118 1107
1118 1119 1107
1119 1120 1107
1120 1121 1107
1121 1122 1107
1122 1123 1107
1123 1105 1107
1124 1125 1126
1125 1124 1127
1126 1128 1124
1124 1128 1129
1129 1130 1124
1124 1131 1127
1124 1132 1131
1130 1132 1124
1127 1131 1133
1132 1130 1134
1133 1131 1135
1131 1132 1135
1132 1134 1135
1134 1136 1135
1135 1136 1137
1136 1138 1137
1135 1139 1133
1139 1135 1140
1137 1140 1135
1140 1137 1141
1138 1141 1137
1141 1138 1142
1138 1143 1142
1144 1134 1130
1134 1144 1136
1145 1126 1125
1145 1146 1126
1126 1146 1128
1147 1148 1149
1148 1147 1150
1149 1151 1147
1152 1147 1151
1147 1152 1153
1153 1150 1147
1151 1149 1154
1149 1155 1154
1156 1155 1149
1156 1149 1148
1155 1156 1157
1154 1155 1158
1150 1153 1159
1160 1159 1153
1160 1153 1161
1153 1152 1161
1162 1160 1161
1160 1162 1163
1163 1164 1160
1159 1160 1164
1164 1163 1165
1162 1166 1163
1163 1166 1167
1163 1167 1165
1167 1166 1168
1166 1162 1169
1166 1169 1170
1168 1166 1170
1171 1170 1169
1170 1171 1172
1165 1173 1164
1173 1165 1174
1167 1174 1165
1174 1175 1173
1175 1174 1176
1167 1177 1174
1177 1178 1174
1174 1178 1176
1178 1177 1179
1180 1173 1175
1173 1180 1181
1181 1180 1182
1181 1164 1173
1164 1181 1159
1183 1179 1177
1179 1183 1184
1185 1184 1183
1184 1185 1186
1187 1186 1185
1185 1188 1187
1188 1185 1189
1183 1189 1185
1186 1187 1190
1188 1191 1187
1191 1190 1187
1191 1192 1190
1193 1192 1191
1193 1194 1192
1193 1195 1194
1195 1193 1196
1191 1196 1193
1197 1196 1191
1191 1188 1197
1197 1198 1196
1195 1196 1198
1198 1197 1199
1200 1199 1197
1197 1188 1200
1199 1200 1201
1201 1200 1202
1202 1200 1203
1188 1203 1200
1188 1189 1203
1204 1192 1194
1194 1195 1204
1192 1204 1205
1192 1205 1206
1192 1206 1190
1202 1203 1207
1168 1207 1203
1207 1168 1170
1168 1203 1189
1167 1168 1189
1183 1167 1189
1177 1167 1183
1207 1170 1172
1172 1208 1207
1208 1172 1209
1209 1210 1208
1209 1172 1171
1208 1210 1211
1208 1211 1212
1207 1208 1212
1213 1211 1210
1214 1211 1213
1212 1211 1215
1214 1215 1211
1216 1215 1214
1214 1217 1216
1217 1214 1218
1218 1219 1217
1219 1218 1220
1219 1220 1221
1218 1214 1222
1222 1220 1218
1222 1214 1213
1221 1220 1223
1220 1222 1223
1224 1171 1225
1171 1224 1226
1227 1226 1224
1226 1227 1228
1229 1228 1227
1228 1229 1230
1231 1230 1229
1230 1231 1232
1233 1232 1231
1232 1233 1234
1235 1234 1233
1234 1235 1236
1235 1237 1236
1237 1235 1238
1237 1238 1239
1239 1238 1240
1238 1235 1240
1233 1241 1235
1240 1235 1241
1241 1233 1242
1231 1242 1233
1242 1231 1243
1229 1243 1231
1243 1229 1244
1227 1244 1229
1244 1227 1245
1224 1245 1227
1245 1224 1246
1224 1247 1246
1247 1224 1225
1248 1247 1225
1225 1249 1248
1225 1169 1249
1169 1225 1171
1162 1249 1169
1249 1162 1250
1161 1250 1162
1250 1161 1251
1249 1250 1252
1248 1249 1252
1250 1251 1253
1250 1253 1252
1248 1254 1247
1247 1254 1255
1254 1256 1255
1256 1254 1257
1258 1257 1254
1248 1258 1254
1257 1258 1259
1259 1260 1257
1260 1259 1261
1257 1262 1256
1262 1257 1260
1262 1260 1263
1263 1260 1261
1152 1251 1161
1264 1253 1251
1152 1264 1251
1151 1264 1152
1265 1264 1151
1265 1266 1264
1253 1264 1266
1266 1265 1267
1154 1265 1151
1266 1267 1268
1269 1267 1265
1154 1269 1265
1154 1270 1269
1158 1270 1154
1158 1271 1270
1270 1271 1272
1272 1273 1270
1273 1268 1267
1267 1269 1273
1273 1269 1270
1273 1272 1274
1275 1274 1272
1272 1276 1275
1272 1277 1276
1271 1277 1272
1278 1275 1276
1278 1279 1275
1279 1278 1280
1275 1279 1281
1282 1275 1281
1275 1282 1274
1274 1283 1273
1283 1274 1282
1283 1268 1273
1266 1268 1253
1253 1268 1284
1252 1253 1284
1285 1252 1284
1252 1285 1248
1258 1248 1285
1286 1280 1287
1287 1288 1286
1288 1289 1286
1287 1290 1288
1291 1288 1290
1291 1290 1292
1288 1291 1293
1291 1294 1293
1294 1291 1295
1295 1291 1296
1296 1291 1292
1297 1295 1296
1297 1298 1295
1298 1297 1155
1299 1298 1155
1155 1300 1299
1300 1301 1299
1301 1300 1302
1303 1300 1155
1304 1300 1303
1304 1302 1300
1301 1305 1299
1301 1306 1305
1302 1306 1301
1307 1306 1302
1307 1308 1306
1308 1307 1309
1309 1310 1308
1310 1309 1311
1311 1312 1310
1313 1310 1312
1310 1313 1314
1308 1310 1314
1312 1311 1315
1306 1316 1305
1316 1306 1308
1308 1314 1316
1312 1317 1313
1317 1312 1318
1318 1312 1315
1319 1314 1313
1314 1319 1320
1320 1316 1314
1321 1320 1319
1320 1321 1322
1323 1320 1322
1319 1324 1321
1316 1320 1325
1320 1323 1325
1316 1325 1305
1305 1325 1323
1326 1317 1318
1327 1326 1318
1318 1315 1327
1326 1327 1328
1328 1329 1326
1329 1328 1330
1331 1326 1329
1326 1331 1317
1330 1332 1329
1332 1330 1333
1334 1329 1332
1329 1334 1335
1331 1329 1335
1332 1333 1336
1334 1332 1336
1305 1323 1337
1305 1337 1299
1299 1337 1298
1298 1337 1338
1338 1337 1339
1340 1338 1339
1338 1340 1341
1337 1323 1339
1340 1342 1341
1343 1338 1341
1298 1338 1343
1298 1343 1295
1294 1341 1342
1341 1294 1343
1294 1295 1343
1344 1294 1342
1344 1293 1294
1293 1344 1345
1345 1288 1293
1288 1345 1289
1346 1340 1339
1323 1346 1339
1340 1346 1347
1340 1347 1342
1348 1347 1346
1348 1349 1347
1350 1349 1348
1351 1349 1350
1352 1351 1350
1351 1352 1353
1354 1353 1352
1355 1354 1352
1354 1355 1356
1356 1357 1354
1357 1356 1358
1358 1359 1357
1359 1358 1360
1360 1361 1359
1361 1360 1362
1362 1363 1361
1363 1362 1364
1364 1365 1363
1365 1364 1366
1367 1365 1366
1368 1363 1365
1367 1368 1365
1363 1368 1369
1369 1361 1363
1361 1369 1370
1370 1359 1361
1359 1370 1371
1371 1357 1359
1357 1371 1372
1372 1354 1357
1354 1372 1373
1353 1354 1373
1351 1353 1374
1374 1375 1351
1375 1374 1376
1377 1376 1374
1376 1377 1378
1378 1377 1379
1375 1349 1351
1349 1375 1380
1349 1380 1347
1347 1380 1342
1374 1381 1377
1381 1379 1377
1381 1374 1382
1353 1382 1374
1344 1342 1380
1304 1148 1383
1148 1304 1156
1156 1304 1157
1150 1383 1148
1383 1150 1182
1181 1182 1150
1181 1150 1159
1206 1186 1190
1319 1384 1324
1313 1384 1319
1384 1313 1317
1384 1317 1385
1355 1324 1384
1355 1384 1385
1385 1317 1331
1385 1331 1386
1387 1385 1386
1355 1385 1387
1386 1331 1388
1386 1388 1389
1390 1386 1389
1387 1386 1390
1389 1388 1391
1389 1391 1392
1393 1389 1392
1390 1389 1393
1392 1391 1394
1392 1394 1395
1396 1392 1395
1393 1392 1396
1395 1394 1397
1396 1395 1398
1397 1399 1395
1399 1397 1400
1401 1399 1400
1395 1401 1398
1401 1395 1399
1400 1397 1402
1403 1391 1388
1391 1403 1404
1404 1394 1391
1405 1394 1404
1397 1405 1402
1405 1397 1394
1403 1388 1331
1346 1323 1322
1322 1348 1346
1348 1322 1321
1321 1350 1348
1350 1321 1324
1324 1352 1350
1352 1324 1355
1406 1407 1408
1408 1407 1409
1408 1410 1406
1406 1411 1407
1406 1412 1411
1412 1406 1413
1414 1413 1406
1406 1410 1414
1413 1414 1415
1416 1408 1409
1408 1416 1410
1409 1417 1416
1417 1409 1418
1419 1418 1409
1409 1407 1419
1418 1419 1420
1416 1417 1421
1416 1421 1422
1422 1414 1410
1416 1422 1410
1414 1422 1423
1423 1415 1414
1415 1423 1424
1418 1420 1425
1421 1417 1426
1427 1426 1417
1428 1427 1417
1418 1425 1428
1428 1417 1418
1425 1429 1428
1429 1425 1430
1429 1430 1431
1429 1432 1428
1429 1431 1432
1428 1432 1427
1427 1433 1426
1432 1433 1427
1432 1434 1433
1435 1432 1431
1436 1435 1431
1436 1437 1435
1438 1436 1431
1431 1430 1438
1439 1437 1436
1440 1435 1437
1437 1441 1440
1441 1437 1442
1439 1442 1437
1439 1443 1442
1443 1439 1444
1444 1445 1443
1446 1443 1445
1443 1446 1447
1442 1447 1441
1447 1442 1443
1445 1444 1448
1449 1446 1445
1449 1445 1448
1450 1449 1448
1444 1450 1448
1435 1440 1451
1444 1439 1452
1436 1452 1439
1452 1436 1453
1450 1444 1454
1444 1452 1454
1455 1450 1454
1456 1454 1452
1454 1456 1455
1457 1452 1453
1452 1457 1456
1436 1438 1453
1438 1457 1453
1455 1458 1450
1450 1458 1449
1458 1455 1459
1455 1460 1459
1460 1455 1456
1435 1451 1432
1432 1451 1434
1451 1461 1434
1462 1434 1461
1434 1462 1433
1463 1433 1462
1433 1463 1426
1464 1426 1463
1426 1464 1421
1464 1422 1421
1422 1464 1465
1422 1465 1423
1423 1465 1466
1423 1466 1424
1467 1407 1411
1407 1467 1468
1411 1469 1467
1469 1411 1412
1468 1419 1407
1419 1468 1470
1467 1471 1468
1471 1470 1468
1471 1467 1472
1467 1469 1472
1471 1473 1470
1473 1474 1470
1474 1419 1470
1474 1473 1475
1420 1419 1474
1474 1425 1420
1425 1474 1476
1475 1477 1474
1474 1477 1476
1477 1478 1476
1476 1430 1425
1430 1476 1479
1476 1478 1479
1478 1480 1479
1481 1430 1479
1479 1480 1481
1480 1482 1481
1482 1480 1483
1438 1430 1481
1482 1438 1481
1484 1438 1482
1482 1485 1484
1485 1482 1486
1483 1486 1482
1480 1487 1483
1488 1487 1480
1489 1488 1480
1489 1480 1478
1487 1490 1483
1487 1488 1491
1489 1492 1488
1492 1491 1488
1492 1489 1493
1493 1494 1492
1495 1491 1492
1495 1492 1496
1492 1494 1496
1494 1497 1496
1494 1498 1497
1497 1498 1499
1487 1491 1500
1487 1500 1501
1487 1501 1490
1497 1499 1502
1499 1503 1502
1504 1490 1501
1490 1504 1505
1506 1505 1504
1505 1506 1507
1508 1505 1507
1505 1508 1509
1510 1509 1508
1509 1510 1486
1509 1490 1505
1490 1509 1483
1486 1483 1509
1485 1486 1510
1485 1510 1511
1512 1507 1506
1507 1512 1513
1513 1512 1514
1515 1513 1514
1514 1516 1515
1516 1514 1517
1513 1515 1518
1507 1518 1508
1518 1507 1513
1519 1518 1515
1518 1519 1520
1514 1521 1517
1521 1514 1522
1512 1522 1514
1523 1515 1516
1515 1523 1519
1523 1516 1524
1516 1517 1524
1517 1521 1524
1525 1520 1519
1519 1523 1525
1520 1525 1526
1512 1527 1522
1527 1512 1528
1520 1508 1518
1508 1520 1510
1526 1510 1520
1510 1526 1511
1528 1512 1529
1530 1531 1532
1531 1530 1533
1532 1531 1534
1534 1535 1532
1535 1536 1532
1536 1535 1537
1538 1533 1530
1538 1530 1539
1539 1532 1536
1532 1539 1530
1533 1538 1540
1541 1540 1538
1540 1541 1542
1542 1541 1543
1541 1538 1544
1538 1539 1544
1539 1545 1544
1546 1544 1545
1541 1544 1546
1547 1541 1546
1543 1541 1547
1548 1543 1547
1543 1548 1549
1549 1548 1550
1550 1548 1551
1550 1551 1552
1547 1553 1548
1551 1548 1553
1547 1546 1553
1554 1550 1552
1550 1554 1555
1556 1551 1553
1551 1556 1557
1558 1553 1546
1553 1558 1556
1546 1545 1558
1555 1559 1550
1549 1550 1559
1559 1555 1560
1561 1560 1555
1560 1561 1562
1563 1562 1561
1562 1563 1564
1564 1563 1565
1564 1565 1566
1566 1562 1564
1567 1551 1557
1551 1567 1552
1568 1555 1554
1554 1569 1568
1569 1554 1570
1552 1570 1554
1570 1552 1567
1555 1568 1561
1571 1561 1568
1561 1571 1563
1563 1571 1565
1572 1568 1569
1568 1572 1571
1571 1572 1565
1562 1566 1573
1574 1562 1573
1562 1574 1560
1575 1560 1574
1575 1574 1576
1576 1574 1577
1576 1577 1578
1579 1576 1578
1576 1579 1580
1575 1576 1580
1578 1581 1579
1581 1578 1582
1575 1580 1559
1559 1560 1575
1583 1580 1579
1580 1583 1584
1559 1580 1584
1585 1584 1583
1584 1585 1586
1586 1549 1584
1584 1549 1559
1549 1586 1543
1587 1585 1583
1585 1587 1588
1588 1586 1585
1588 1589 1586
1543 1586 1589
1543 1589 1542
1590 1579 1581
1579 1590 1583
1587 1583 1590
1581 1582 1591
1592 1581 1591
1581 1592 1593
1581 1593 1590
1594 1587 1590
1593 1594 1590
1595 1594 1593
1594 1596 1587
1597 1596 1594
1595 1597 1594
1596 1597 1598
1596 1599 1587
1588 1587 1599
1588 1599 1600
1600 1589 1588
1600 1601 1589
1589 1601 1542
1602 1542 1601
1542 1602 1540
1603 1540 1602
1540 1603 1533
1604 1533 1603
1533 1604 1531
1605 1531 1604
1531 1605 1534
1602 1606 1603
1606 1602 1607
1601 1607 1602
1607 1601 1600
1608 1605 1604
1603 1608 1604
1608 1603 1606
1605 1608 1609
1600 1610 1607
1599 1610 1600
1611 1608 1606
1611 1606 1612
1606 1607 1612
1607 1610 1613
1612 1607 1613
1612 1613 1614
1610 1614 1613
1615 1612 1614
1611 1612 1615
1616 1611 1615
1611 1616 1617
1615 1618 1616
1618 1615 1614
1619 1618 1614
1614 1610 1619
1618 1619 1620
1621 1620 1619
1621 1619 1610
1599 1621 1610
1620 1621 1622
1598 1622 1621
1596 1621 1599
1596 1598 1621
1545 1539 1623
1536 1623 1539
1623 1536 1624
1537 1624 1536
1624 1537 1625
1625 1626 1624
1624 1626 1627
1623 1628 1545
1628 1623 1629
1629 1624 1627
1624 1629 1623
1545 1628 1558
1577 1630 1578
1630 1582 1578
1582 1630 1631
1632 1631 1630
1631 1632 1633
1630 1634 1632
1634 1630 1577
1635 1632 1634
1632 1635 1636
1636 1633 1632
1637 1636 1635
1636 1637 1638
1637 1639 1638
1639 1637 1640
1640 1641 1639
1642 1634 1577
1642 1643 1634
1643 1642 1644
1644 1645 1643
1644 1646 1645
1646 1647 1645
1646 1648 1647
1649 1647 1648
1644 1642 1650
1636 1638 1651
1633 1636 1651
1652 1638 1639
1638 1652 1651
1639 1641 1652
1653 1654 1655
1653 1656 1654
1656 1653 1657
1657 1658 1656
1658 1657 1659
1655 1654 1660
1656 1660 1654
1660 1656 1661
1658 1661 1656
1661 1658 1631
1662 1657 1653
1653 1655 1662
1657 1662 1663
1663 1659 1657
1659 1591 1658
1591 1659 1592
1664 1592 1659
1659 1663 1664
1592 1664 1665
1658 1582 1631
1582 1658 1591
1665 1593 1592
1593 1665 1595
1666 1667 1668
1666 1668 1669
1670 1667 1666
1671 1667 1670
1672 1671 1670
1668 1673 1669
1669 1673 1674
1674 1675 1669
1676 1675 1674
1676 1674 1677
1677 1678 1676
1677 1679 1678
1677 1680 1679
1677 1681 1680
1681 1677 1682
1677 1674 1682
1678 1679 1683
1683 1684 1678
1684 1683 1685
1681 1686 1680
1681 1682 1687
1687 1688 1681
1688 1687 1689
1682 1674 1690
1691 1687 1682
1682 1690 1691
1687 1691 1692
1692 1689 1687
1691 1693 1692
1693 1691 1694
1691 1695 1694
1695 1691 1690
1695 1696 1694
1693 1694 1696
1696 1695 1697
1697 1698 1696
1699 1696 1698
1696 1699 1700
1693 1696 1700
1698 1697 1701
1702 1701 1697
1701 1702 1703
1702 1704 1703
1704 1702 1705
1706 1701 1703
1701 1706 1707
1708 1707 1706
1708 1709 1707
1709 1701 1707
1701 1709 1698
1708 1710 1709
1710 1698 1709
1698 1710 1699
1708 1706 1711
1703 1711 1706
1711 1703 1704
1697 1712 1702
1712 1705 1702
1712 1697 1695
1705 1712 1713
1712 1714 1713
1714 1712 1715
1695 1715 1712
1715 1716 1714
1716 1715 1673
1690 1673 1715
1715 1695 1690
1673 1690 1674
1668 1716 1673
1717 1714 1716
1717 1718 1714
1718 1717 1719
1720 1718 1719
1718 1720 1721
1720 1719 1722
1720 1723 1721
1724 1723 1720
1722 1724 1720
1725 1723 1724
1723 1725 1726
1726 1725 1708
1727 1719 1717
1719 1727 1728
1719 1728 1722
1729 1730 1731
1729 1731 1732
1731 1730 1733
1733 1732 1731
1732 1733 1734
1735 1734 1733
1734 1735 1736
1737 1736 1735
1736 1737 1738
1737 1735 1739
1735 1740 1739
1740 1735 1733
1733 1730 1740
1741 1740 1730
1729 1741 1730
1729 1742 1741
1740 1741 1743
1743 1739 1740
1742 1743 1741
1739 1743 1744
1744 1743 1745
1743 1742 1745
1746 1744 1745
1744 1746 1747
1738 1737 1748
1737 1739 1749
1739 1750 1749
1750 1739 1744
1744 1747 1750
1751 1749 1750
1749 1751 1752
1752 1753 1749
1753 1754 1748
1754 1753 1755
1753 1756 1755
1753 1752 1756
1757 1756 1752
1757 1752 1751
1758 1757 1751
1750 1747 1758
1751 1750 1758
1753 1748 1737
1749 1753 1737
1759 1760 1761
1760 1759 1762
1763 1761 1760
1761 1763 1764
1761 1765 1759
1765 1761 1766
1764 1766 1761
1766 1767 1765
1766 1764 1768
1766 1768 1769
1769 1768 1770
1760 1762 1771
1772 1771 1762
1762 1759 1772
1771 1772 1773
1772 1774 1773
1772 1775 1774
1776 1771 1773
1777 1776 1773
1776 1777 1778
1776 1779 1771
1771 1779 1780
1779 1776 1781
1778 1781 1776
1781 1778 1782
1783 1782 1778
1777 1783 1778
1777 1784 1783
1782 1783 1785
1785 1783 1786
1786 1783 1784
1771 1780 1787
1787 1780 1788
1789 1788 1780
1787 1788 1790
1790 1760 1787
1760 1790 1763
1791 1763 1790
1789 1792 1788
1793 1788 1792
1793 1792 1794
1792 1795 1794
1796 1795 1792
1797 1796 1792
1792 1789 1797
1796 1797 1798
1789 1799 1797
1799 1798 1797
1799 1789 1800
1798 1799 1801
1802 1801 1799
1799 1800 1802
1801 1802 1803
1804 1802 1800
1804 1805 1802
1802 1805 1803
1804 1806 1805
1807 1806 1804
1804 1800 1807
1806 1807 1808
1807 1780 1808
1795 1796 1809
1789 1807 1800
1807 1789 1780
1808 1780 1779
1810 1811 1812
1811 1810 1813
1814 1813 1810
1813 1814 1815
1815 1816 1813
1816 1815 1817
1815 1818 1817
1813 1819 1811
1816 1819 1813
1816 1820 1819
1816 1821 1820
1821 1816 1822
1822 1816 1823
1818 1823 1817
1823 1816 1817
1820 1824 1819
1825 1820 1821
1820 1825 1824
1826 1824 1825
1818 1827 1823
1827 1818 1828
1823 1829 1822
1829 1823 1830
1831 1822 1829
1822 1831 1821
1821 1831 1825
1829 1832 1831
1832 1829 1833
1834 1833 1829
1834 1829 1830
1833 1834 1835
1835 1834 1836
1836 1834 1830
1837 1835 1836
1836 1838 1837
1836 1839 1838
1839 1836 1840
1836 1830 1840
1840 1830 1841
1841 1823 1827
1841 1830 1823
1827 1842 1841
1838 1839 1843
1844 1838 1843
1837 1838 1844
1832 1845 1831
1831 1845 1825
1846 1825 1845
1825 1846 1826
1846 1847 1826
1848 1826 1847
1849 1848 1847
1848 1849 1850
1851 1850 1849
1842 1852 1853
1852 1854 1853
1842 1827 1852
1827 1828 1852
1828 1854 1852
1854 1828 1855
1828 1856 1855
1856 1828 1818
1857 1856 1818
1818 1815 1857
1814 1857 1815
1858 1859 1860
1861 1858 1860
1862 1858 1861
1861 1863 1862
1864 1862 1863
1865 1864 1863
1864 1865 1866
1866 1867 1864
1868 1864 1867
1864 1868 1869
1864 1869 1862
1868 1867 1870
1870 1867 1871
1867 1866 1871
1861 1860 1872
1863 1873 1865
1873 1863 1861
1872 1873 1861
1874 1875 1774
1874 1876 1875
1874 1877 1876
1874 1878 1877
1879 1878 1874
1875 1876 1880
1875 1880 1773
1773 1774 1875
1874 1774 1881
1879 1874 1881
1774 1775 1881
1876 1877 1882
1877 1878 1882
1883 1878 1879
1878 1883 1884
1882 1878 1884
1885 1765 1767
1760 1771 1787
1886 1887 1888
1886 1889 1887
1890 1887 1889
1887 1890 1891
1889 1886 1892
1893 1889 1892
1889 1893 1894
1892 1895 1893
1886 1895 1892
1888 1887 1896
1897 1891 1890
1897 1890 1898
1891 1897 1899
1900 1891 1899
1901 1900 1899
1891 1900 1902
1887 1902 1896
1902 1887 1891
1903 1899 1897
1899 1903 1901
1904 1901 1903
1905 1901 1904
1905 1900 1901
1904 1906 1905
1906 1907 1905
1907 1902 1900
1900 1905 1907
1907 1906 1908
1903 1909 1904
1908 1910 1907
1910 1896 1902
1902 1907 1910
1910 1908 1911
1911 1912 1910
1912 1911 1913
1913 1914 1912
1914 1913 1915
1903 1916 1909
1897 1916 1903
1897 1898 1916
1915 1917 1914
1917 1915 1918
1919 1917 1918
1919 1918 1920
1921 1917 1919
1917 1921 1922
1923 1922 1921
1922 1923 1924
1917 1922 1888
1888 1912 1914
1924 1888 1922
1917 1888 1914
1912 1888 1896
1888 1924 1886
1924 1895 1886
1923 1895 1924
1898 1890 1925
1889 1925 1890
1925 1889 1894
1896 1910 1912
1926 1927 1928
1929 1926 1928
1926 1929 1930
1931 1930 1929
1930 1931 1932
1932 1931 1933
1933 1931 1934
1933 1934 1935
1935 1934 1936
1937 1935 1936
1935 1937 1938
1939 1938 1937
1938 1939 1940
1940 1939 1941
1940 1941 1942
1942 1941 1943
1942 1943 1944
1945 1946 1947
1948 1946 1945
1947 1949 1945
1950 1945 1949
1951 1945 1950
1950 1949 1952
1953 1952 1949
1953 1949 1954
1955 1953 1954
1953 1955 1956
1957 1956 1955
1956 1957 1958
1957 1959 1958
1949 1947 1960
1961 1949 1960
1949 1961 1962
1963 1962 1961
1962 1963 1964
1965 1964 1963
1964 1965 1966
1964 1966 1967
1968 1967 1966
1967 1968 1969
1970 1969 1968
1969 1970 1971
1972 1971 1970
1973 1966 1965
1966 1973 1974
1973 1975 1974
1975 1973 1976
1976 1977 1975
1977 1976 1978
1978 1979 1977
1979 1978 1980
1981 1979 1980
1982 1983 1984
1985 1986 1987
1988 1986 1985
1986 1988 1989
1990 1989 1988
1989 1990 1991
1992 1991 1990
1991 1992 1993
1994 1995 1996
1997 1998 1999
2000 1997 1999
2001 1997 2000
2002 2001 2000
2000 2003 2002
2004 2003 2000
2000 1999 2004
2002 2005 2001
2005 2002 2006
1999 2007 2004
2007 1999 2008
1999 1998 2008
2007 2008 2009
2009 2008 2010
2010 2008 1998
2005 2006 2011
2012 2011 2006
2012 2013 2011
2012 2014 2013
2013 2014 2015
2014 2016 2015
2016 2014 2017
2018 2016 2017
2016 2018 2019
2020 2019 2018
2019 2020 2021
2020 2022 2021
2023 2024 2025
2026 2024 2023
2026 2023 2027
2028 2026 2027
2025 2024 2029
2029 2030 2025
2030 2029 2031
2031 2032 2030
2032 2031 2033
2033 2034 2032
2034 2033 2035
2034 2035 2036
2028 2027 2002
2002 2003 2028
2037 2038 2039
2038 2037 2040
2041 2040 2037
2040 2041 2042
2043 2042 2041
2042 2043 2044
2045 2044 2043
2044 2045 2046
2047 2046 2045
2046 2047 2048
2047 2049 2048
2038 2050 2039
2051 2039 2050
2050 2038 2052
2050 2052 2053
2054 2055 2056
2055 2054 2057
2058 2055 2057
2056 2055 2059
2058 2059 2055
2056 2060 2054
2061 2060 2056
2061 2062 2060
2062 2061 2063
2063 2064 2062
2064 2063 2065
2064 2065 2066
2058 2067 2059
2068 2069 2070
2069 2068 2071
2071 2068 2072
2070 2069 2073
2074 2073 2069
2073 2074 2075
2074 2076 2075
2077 2078 2079
2078 2077 2080
2081 2077 2079
2081 2079 2082
2082 2079 2083
2082 2083 2084
2084 2083 2085
2085 2086 2084
2086 2085 2087
2081 2088 2077
2087 2089 2086
2089 2087 2090
2091 2089 2090
2088 2092 2077
2080 2077 2092
2093 2092 2088
2092 2094 2080
2095 2083 2079
2095 2096 2083
2096 2097 2083
2097 2096 2098
2098 2099 2097
2099 2098 2100
2100 2101 2099
2101 2100 2102
2102 2103 2101
2079 2078 2095
1951 2104 2105
1951 2105 1945
2106 2107 2108
2107 2106 2109
2108 2110 2106
2110 2108 2111
2112 2110 2111
2110 2112 2113
2114 2113 2112
2113 2114 2115
2116 2115 2114
2115 2116 2117
2118 2117 2116
2117 2118 2119
2120 2119 2118
2119 2120 2121
2109 2122 2107
2120 2123 2121
2124 2125 2126
2127 2125 2124
2125 2127 2128
2129 2128 2127
2128 2129 2130
2131 2130 2129
2130 2131 2132
2133 2132 2131
2132 2133 2134
2135 2134 2133
2134 2135 2136
2137 2136 2135
2136 2137 2138
2139 2138 2137
2138 2139 2140
2141 2140 2139
2140 2141 2142
2141 2143 2142
2144 2143 2141
2144 2141 2145
2145 2141 2146
2146 2141 2147
2146 2147 2148
2146 2148 2149
2149 2148 2150
2149 2150 2151
2151 2150 2152
2152 2150 2153
2152 2153 2154
2155 2143 2144
2143 2155 2156
2155 2157 2156
2157 2155 2158
2157 2158 2159
2158 2160 2159
2161 2162 2163
2161 2164 2162
2161 2163 2165
2163 2166 2165
2166 2163 2167
2167 2168 2166
2168 2167 2169
2169 2170 2168
2170 2169 2171
2171 2172 2170
2172 2171 2173
2173 2174 2172
2174 2173 2175
2175 2176 2174
2176 2175 2177
2177 2178 2176
2177 2179 2178
2180 2178 2179
2176 2178 2181
2182 2181 2178
2180 2182 2178
2181 2182 2183
2184 2185 2186
2186 2185 2187
2185 2188 2187
2188 2185 2189
2189 2190 2188
2186 2187 2191
2191 2192 2186
2192 2191 2193
2194 2192 2193
2195 2196 2197
2198 2195 2197
2195 2198 2199
2200 2199 2198
2199 2200 2201
2202 2201 2200
2201 2202 2203
2197 2204 2198
2204 2197 2205
2197 2196 2205
2198 2206 2200
2206 2198 2204
2207 2200 2206
2200 2207 2208
2209 2210 2211
2210 2209 2212
2213 2210 2212
2210 2213 2214
2215 2214 2213
2214 2215 2216
2217 2216 2215
2216 2217 2218
2219 2218 2217
2218 2219 2220
2221 2220 2219
2220 2221 2222
2223 2222 2221
2222 2223 2224
2225 2224 2223
2224 2225 2226
2225 2227 2226
2228 2229 2230
2231 2230 2229
2230 2231 2232
2233 2232 2231
2234 2235 2236
2234 2237 2235
2238 2239 2240
2238 2241 2239
2240 2239 2242
2238 2240 2243
2240 2244 2243
2245 2246 2247
2246 2245 2248
2249 2248 2245
2248 2249 2250
2251 2245 2247
2251 2252 2245
2245 2252 2249
2251 2253 2252
2253 2251 2254
2254 2255 2253
2255 2254 2256
2257 2255 2256
2258 2259 2260
2260 2261 2258
2259 2262 2260
2259 2263 2262
2263 2259 2264
2264 2265 2263
2264 2266 2265
2266 2267 2265
2267 2266 2268
2268 2269 2267
2269 2268 2270
2270 2271 2269
2261 2272 2258
2261 2273 2272
2261 2274 2273
2274 2275 2273
2276 2275 2274
2277 2278 2279
2278 2277 2280
2279 2281 2277
2281 2279 2282
2282 2283 2281
2283 2282 2284
2284 2285 2283
2282 2279 2286
2287 2278 2280
2288 2278 2287
2287 2289 2288
2289 2287 2290
2290 2291 2289
2291 2290 2292
2291 2292 2293
2294 2295 2296
2296 2295 2297
2298 2296 2297
2295 2299 2297
2297 2299 2300
2295 2301 2299
2295 2302 2301
2301 2302 2303
2298 2297 2304
2297 2300 2304
2305 2304 2300
2305 2298 2304
2306 2307 2308
2306 2308 2309
2309 2308 2310
2308 2307 2310
2309 2310 2311
2311 2310 2312
2311 2312 2313
2310 2314 2312
2310 2307 2314
2312 2314 2315
2316 2317 2318
2316 2319 2317
2316 2318 2320
2319 2321 2317
2321 2319 2322
2322 2323 2321
2323 2322 2324
2323 2324 2325
2326 2321 2323
2321 2326 2327
2317 2327 2318
2327 2317 2321
2327 2320 2318
2328 2327 2326
2329 2328 2326
2326 2330 2329
2330 2323 2325
2323 2330 2326
2328 2329 2331
2327 2328 2332
2320 2327 2332
2329 2330 2333
2333 2331 2329
2334 2335 2336
2337 2336 2335
2336 2337 2338
2338 2339 2336
2334 2336 2339
2339 2338 2340
2341 2338 2337
2338 2342 2340
2343 2344 2345
2345 2346 2343
2346 2347 2343
2348 2347 2346
2347 2348 2349
2349 2348 2350
2351 2350 2348
2346 2351 2348
2350 2351 2352
2353 2350 2352
2351 2346 2354
2354 2346 2345
2352 2351 2355
2356 2357 2358
2358 2357 2359
2356 2358 2360
2361 2356 2360
2362 2356 2361
2363 2362 2361
2362 2363 2364
2363 2365 2364
2366 2367 2368
2369 2368 2367
2368 2369 2370
2371 2370 2369
2370 2371 2372
2371 2373 2372
2373 2371 2374
2374 2375 2373
2375 2374 2376
2376 2377 2375
2377 2376 2378
2378 2379 2377
2379 2378 2380
2381 2379 2380
2379 2381 2382
2383 2384 2385
2384 2383 2386
2387 2383 2385
2386 2388 2384
2389 2388 2386
2389 2390 2388
2391 2390 2389
2392 2393 2394
2392 2395 2393
2392 2396 2395
2397 2396 2392
2396 2397 2398
2399 2398 2397
2398 2399 2400
2399 2401 2400
2393 2395 2402
2402 2403 2393
2404 2394 2393
2394 2404 2405
2405 2406 2394
2392 2394 2406
2406 2405 2407
2407 2408 2406
2408 2407 2409
2410 2406 2408
2406 2410 2392
2411 2405 2404
2405 2411 2412
2413 2405 2412
2405 2413 2414
2415 2414 2413
2414 2415 2416
2415 2417 2416
2412 2411 2418
2418 2419 2412
2419 2418 2420
2420 2421 2419
2421 2420 2422
2423 2421 2422
2418 2411 2424
2418 2424 2425
2425 2426 2418
2418 2426 2420
2420 2426 2427
2428 2420 2427
2425 2424 2429
2430 2429 2424
2424 2431 2430
2429 2430 2432
2429 2432 2433
2434 2433 2432
2433 2434 2435
2436 2435 2434
2433 2437 2429
2438 2439 2440
2438 2440 2441
2440 2442 2441
2442 2440 2443
2443 2444 2442
2444 2443 2445
2444 2445 2446
2444 2446 2447
2447 2442 2444
2442 2447 2448
2448 2441 2442
2448 2449 2441
2449 2450 2441
2441 2450 2438
2438 2451 2439
2438 2452 2451
2452 2453 2451
2452 2454 2453
2450 2449 2455
2448 2455 2449
2456 2455 2448
2447 2456 2448
2457 2456 2447
2447 2446 2457
2454 2452 2458
2458 2452 2459
2459 2452 2460
2460 2461 2459
2461 2460 2462
2450 2462 2460
2463 2450 2455
2464 2463 2455
2463 2464 2465
2466 2463 2465
2463 2466 2467
2468 2463 2467
2463 2468 2469
2468 2462 2469
2466 2470 2467
2470 2466 2471
2466 2472 2471
2472 2466 2473
2465 2473 2466
2474 2467 2470
2467 2474 2468
2475 2468 2474
2468 2475 2476
2462 2468 2476
2476 2461 2462
2477 2461 2476
2463 2469 2450
2470 2478 2474
2478 2470 2479
2471 2479 2470
2479 2471 2480
2472 2480 2471
2462 2450 2469
2477 2476 2481
2481 2476 2482
2482 2476 2475
2481 2483 2477
2472 2473 2484
2484 2473 2485
2484 2485 2486
2465 2486 2485
2473 2465 2485
2486 2465 2464
2484 2487 2472
2480 2472 2487
2460 2438 2450
2460 2452 2438
2488 2489 2490
2491 2488 2490
2490 2489 2492
2490 2492 2493
2490 2493 2494
2494 2491 2490
2495 2494 2493
2496 2494 2495
2496 2497 2494
2494 2497 2491
2497 2496 2498
2497 2498 2499
2497 2499 2491
2498 2500 2499
2500 2498 2501
2498 2496 2501
2502 2503 2504
2502 2504 2505
2506 2504 2503
2504 2506 2507
2507 2505 2504
2505 2507 2508
2509 2508 2507
2508 2509 2510
2511 2507 2506
2507 2511 2509
2512 2509 2511
2509 2512 2513
2513 2510 2509
2513 2514 2510
2506 2515 2511
2515 2512 2511
2515 2506 2516
2506 2503 2516
2512 2515 2517
2518 2514 2513
2518 2519 2514
2520 2521 2522
2523 2521 2520
2521 2524 2522
2524 2521 2525
2523 2525 2521
2524 2526 2522
2520 2522 2527
2527 2522 2528
2528 2529 2527
2528 2530 2529
2531 2532 2533
2532 2531 2534
2535 2533 2532
2533 2535 2536
2533 2537 2531
2537 2533 2538
2536 2538 2533
2538 2536 2539
2539 2536 2540
2540 2536 2535
2537 2541 2531
2541 2534 2531
2541 2537 2542
2534 2541 2543
2542 2544 2541
2544 2542 2545
2545 2546 2544
2544 2546 2547
2546 2548 2547
2548 2546 2549
2550 2549 2546
2546 2551 2550
2551 2546 2552
2552 2553 2551
2553 2552 2554
2554 2555 2553
2555 2554 2556
2556 2557 2555
2557 2556 2558
2558 2559 2557
2559 2558 2560
2560 2561 2559
2561 2560 2562
2562 2563 2561
2563 2562 2564
2565 2563 2564
2549 2550 2566
2567 2568 2569
2567 2569 2570
2570 2569 2571
2571 2569 2572
2571 2572 2573
2574 2573 2572
2573 2574 2575
2573 2575 2576
2577 2573 2576
2571 2573 2577
2576 2575 2578
2576 2578 2579
2580 2576 2579
2577 2576 2580
2579 2578 2581
2579 2581 2582
2583 2579 2582
2580 2579 2583
2584 2585 2586
2584 2587 2585
2587 2584 2588
2589 2587 2588
2584 2586 2590
2585 2591 2586
2591 2585 2592
2592 2585 2587
2587 2593 2592
2593 2587 2589
2589 2594 2593
2594 2589 2595
2596 2594 2595
2597 2598 2599
2598 2597 2600
2599 2598 2601
2599 2602 2597
2602 2599 2603
2601 2603 2599
2603 2601 2604
2605 2604 2601
2606 2605 2601
2601 2598 2606
2607 2600 2597
2600 2607 2608
2608 2607 2609
2610 2597 2602
2597 2610 2607
2609 2607 2611
2611 2612 2609
2609 2612 2613
2614 2613 2612
2607 2615 2611
2615 2607 2610
2615 2612 2611
2612 2616 2614
2616 2612 2615
2615 2617 2616
2617 2615 2618
2619 2617 2618
2619 2620 2617
2621 2620 2619
2621 2622 2620
2622 2621 2623
2623 2624 2622
2623 2625 2624
2625 2623 2626
2627 2625 2626
2628 2629 2630
2629 2628 2631
2629 2631 2632
2632 2631 2633
2633 2634 2632
2634 2633 2635
2633 2636 2635
2636 2637 2635
2635 2637 2634
2638 2637 2636
2636 2633 2639
2639 2633 2640
2633 2631 2640
2636 2641 2638
2641 2636 2639
2639 2642 2641
2643 2642 2639
2640 2643 2639
2644 2643 2640
2642 2643 2645
2646 2645 2643
2643 2644 2646
2637 2638 2647
2648 2638 2641
2638 2648 2647
2641 2642 2649
2642 2645 2649
2641 2649 2648
2644 2650 2646
2650 2644 2651
2651 2652 2650
2651 2653 2652
2653 2651 2654
2644 2654 2651
2653 2654 2655
2653 2655 2656
2655 2654 2657
2657 2654 2644
2644 2640 2657
2658 2659 2660
2659 2658 2661
2658 2662 2661
2661 2662 2663
2664 2663 2662
2664 2665 2663
2666 2665 2664
2666 2667 2665
2665 2667 2668
2663 2665 2668
2666 2669 2667
2670 2669 2666
2670 2671 2669
2670 2672 2671
2673 2672 2670
2673 2674 2672
2672 2674 2675
2675 2674 2676
2677 2678 2679
2678 2677 2680
2680 2681 2678
2681 2680 2682
2680 2677 2683
2683 2682 2680
2684 2681 2682
2685 2684 2682
2682 2683 2685
2684 2685 2686
2687 2686 2685
2686 2687 2688
2681 2684 2689
2690 2689 2684
2689 2690 2691
2692 2685 2683
2685 2692 2687
2683 2693 2692
2693 2683 2694
2693 2694 2695
2683 2677 2694
2694 2677 2695
2693 2695 2696
2691 2690 2697
2697 2690 2698
2684 2698 2690
2698 2684 2686
2688 2698 2686
2697 2698 2699
2698 2688 2699
2679 2700 2677
2701 2702 2703
2702 2701 2704
2703 2705 2701
2705 2703 2706
2704 2707 2702
2707 2704 2708
2709 2708 2704
2708 2709 2710
2704 2711 2709
2704 2701 2711
2709 2711 2712
2713 2712 2711
2713 2701 2705
2701 2713 2711
2712 2713 2714
2708 2710 2715
2707 2708 2715
2716 2714 2713
2714 2716 2717
2716 2718 2717
2717 2718 2719
2720 2713 2705
2713 2720 2716
2706 2720 2705
2720 2706 2721
2722 2723 2724
2722 2724 2725
2724 2723 2726
2723 2727 2726
2728 2727 2723
2727 2728 2729
2728 2730 2729
2722 2725 2731
2732 2733 2734
2732 2734 2735
2736 2735 2734
2735 2736 2737
2734 2738 2736
2738 2734 2739
2734 2733 2739
2735 2740 2732
2741 2740 2735
2742 2741 2735
2737 2742 2735
2737 2743 2742
2741 2742 2744
2745 2740 2741
2746 2732 2740
2746 2747 2732
2733 2732 2747
2733 2747 2748
2749 2748 2747
2748 2749 2750
2737 2751 2743
2751 2737 2752
2737 2753 2752
2751 2752 2754
2752 2753 2754
2753 2755 2754
2736 2755 2753
2753 2737 2736
2736 2738 2755
2746 2756 2747
2747 2756 2749
2746 2757 2756
2758 2759 2760
2759 2758 2761
2758 2762 2761
2761 2762 2763
2758 2764 2762
2760 2764 2758
2765 2764 2760
2766 2763 2762
2764 2766 2762
2763 2766 2767
2768 2767 2766
2767 2768 2769
2765 2770 2764
2766 2764 2770
2766 2770 2768
2770 2765 2771
2772 2773 2774
2773 2772 2775
2776 2772 2774
2772 2776 2777
2774 2778 2776
2778 2774 2779
2779 2780 2778
2780 2779 2781
2782 2781 2779
2782 2779 2783
2774 2783 2779
2783 2774 2773
2781 2784 2780
2782 2784 2781
2785 2786 2787
2785 2787 2788
2785 2789 2786
2786 2789 2790
2791 2790 2789
2787 2792 2788
2793 2792 2787
2787 2786 2793
2794 2793 2786
2786 2790 2794
2795 2794 2790
2793 2794 2796
2788 2792 2797
2797 2792 2798
2799 2797 2798
2799 2800 2797
2801 2800 2799
2802 2801 2799
2801 2802 2803
2803 2804 2801
2804 2803 2805
2803 2806 2805
2806 2803 2807
2803 2802 2807
2808 2804 2805
2804 2808 2809
2810 2809 2808
2810 2811 2809
2811 2804 2809
2805 2812 2808
2812 2805 2806
2808 2812 2810
2804 2811 2813
2810 2814 2811
2811 2815 2813
2815 2811 2814
2815 2816 2813
2816 2817 2813
2817 2804 2813
2817 2816 2818
2818 2800 2817
2800 2818 2819
2819 2820 2800
2821 2816 2815
2821 2818 2816
2815 2822 2821
2815 2823 2822
2822 2823 2824
2824 2821 2822
2821 2824 2825
2821 2825 2826
2818 2821 2827
2821 2826 2827
2827 2828 2818
2819 2818 2828
2829 2819 2828
2829 2820 2819
2830 2827 2826
2827 2830 2828
2826 2831 2830
2831 2826 2832
2825 2832 2826
2833 2825 2824
2824 2823 2833
2825 2833 2834
2832 2825 2834
2835 2820 2829
2800 2820 2797
2800 2801 2817
2804 2817 2801
2836 2837 2838
2837 2836 2839
2837 2839 2840
2839 2841 2840
2840 2841 2842
2840 2842 2843
2843 2842 2844
2844 2842 2845
2844 2845 2846
2847 2844 2846
2843 2844 2847
2847 2846 2848
2849 2850 2851
2850 2849 2852
2853 2850 2852
2854 2850 2853
2850 2854 2855
2851 2850 2855
2853 2852 2856
2857 2849 2851
2858 2859 2860
2859 2858 2861
2858 2860 2862
2860 2863 2862
2859 2863 2860
2859 2864 2863
2865 2864 2859
2866 2867 2868
2867 2866 2869
2868 2870 2866
2871 2866 2870
2870 2872 2871
2872 2870 2873
2874 2872 2873
2870 2875 2873
2874 2873 2875
2875 2870 2876
2870 2868 2876
2866 2871 2877
2871 2878 2877
2878 2871 2879
2880 2871 2872
2871 2880 2879
2872 2874 2880
2878 2881 2877
2876 2868 2882
2883 2877 2881
2877 2883 2884
2866 2884 2869
2877 2884 2866
2869 2885 2867
2886 2887 2888
2886 2888 2889
2410 2888 2887
2888 2410 2408
2888 2409 2889
2409 2888 2408
2890 2891 2892
2891 2893 2892
2894 2890 2892
2890 2894 2895
2890 2895 2896
2896 2897 2890
2897 2896 2898
2898 2899 2897
2899 2898 2900
2901 2899 2900
2899 2901 2902
2903 2902 2901
2902 2903 2904
2905 2904 2903
2904 2905 2906
2905 2907 2906
2896 2908 2898
2898 2908 2909
2910 2898 2909
2898 2910 2911
2912 2911 2910
2911 2912 2913
2914 2913 2912
2913 2914 2915
2914 2916 2915
2916 2914 2917
2917 2918 2916
2909 2908 2919
2920 2921 2918
2920 2922 2921
2922 2920 2923
2923 2924 2922
2924 2923 2925
2925 2893 2924
2893 2925 2926
2892 2893 2926
2927 2928 2929
2930 2927 2929
2927 2930 2931
2932 2930 2929
2929 2928 2932
2930 2932 2933
2927 2934 2928
2931 2934 2927
2935 2928 2934
2928 2935 2936
2937 2928 2936
2936 2938 2937
2938 2936 2939
2940 2931 2930
2933 2940 2930
2931 2940 2941
2941 2942 2931
2934 2931 2942
2942 2935 2934
2942 2941 2943
2944 2943 2941
2943 2944 2945
2946 2941 2940
2941 2946 2944
2947 2946 2940
2940 2933 2947
2946 2947 2948
2949 2942 2943
2942 2949 2950
2935 2942 2950
2936 2950 2939
2950 2936 2935
2949 2951 2950
2950 2951 2939
2951 2949 2952
2943 2952 2949
2952 2943 2945
2952 2953 2951
2954 2951 2953
2953 2955 2954
2956 2951 2954
2956 2939 2951
2939 2956 2938
2957 2958 2959
2958 2957 2960
2961 2960 2957
2957 2962 2961
2962 2957 2963
2963 2957 2959
2962 2963 2964
2958 2965 2959
2965 2963 2959
2965 2958 2966
2963 2965 2967
2967 2964 2963
2967 2968 2964
2967 2969 2968
2970 2971 2972
2972 2971 2973
2974 2973 2971
2973 2974 2975
2976 2973 2975
2972 2973 2976
2976 2975 2977
2975 2978 2977
2975 2979 2978
2979 2975 2980
2977 2978 2981
2981 2978 2979
2982 2979 2980
2979 2982 2983
2979 2983 2981
2983 2982 2984
2980 2975 2985
2985 2975 2974
2986 2980 2985
2987 2980 2986
2987 2988 2980
2988 2989 2984
2989 2988 2987
2987 2990 2989
2990 2987 2991
2990 2991 2992
2991 2993 2992
2991 2994 2993
2994 2995 2993
2992 2993 2995
2995 2994 2996
2997 2996 2994
2996 2997 2998
2995 2996 2999
2998 2999 2996
2999 2998 3000
2997 3001 2998
3002 3001 2997
3001 3002 3003
3002 2986 3003
3004 2986 3002
3004 2997 2994
2997 3004 3002
2994 2991 3004
2991 2987 3004
2987 2986 3004
2986 2985 3003
3005 3006 3007
3007 3006 3008
3008 3009 3007
3008 3006 3010
3011 3012 3013
3012 3011 3014
3015 3012 3014
3016 3011 3013
3011 3016 3017
3017 3016 3018
3017 3018 3019
3016 3013 3020
3021 3022 3023
3021 3023 3024
3023 3025 3024
3026 3024 3025
3025 3023 3027
3024 3028 3021
3029 3028 3024
3029 3024 3026
3030 3031 3032
3033 3031 3030
3034 3031 3033
3031 3034 3035
3034 3036 3035
3036 3037 3035
3037 3036 3038
3038 3039 3037
3039 3035 3037
3035 3039 3031
3031 3039 3040
3039 3038 3041
3042 3043 3044
3043 3042 3045
3043 3045 3046
3047 3046 3045
3048 3046 3047
3048 3043 3046
3049 3043 3048
3049 3050 3043
3051 3052 3053
3052 3051 3054
3052 3055 3053
3056 3055 3052
3051 3057 3054
3058 3052 3054
3052 3058 3056
3054 3059 3058
3060 3061 3062
3061 3060 3063
3064 3063 3060
3060 3065 3064
3065 3060 3066
3063 3064 3067
3065 3068 3064
3069 3060 3062
3060 3069 3066
3069 3062 3070
3070 3062 3061
3071 3072 3073
3073 3072 3074
3071 3075 3072
3075 3074 3072
3075 3076 3074
3074 3077 3073
3077 3074 3078
3078 3079 3077
2792 3080 2798
2798 3080 2799
3080 2802 2799
3081 3082 3083
3083 3082 3084
3081 3085 3082
3085 3084 3082
3081 3086 3085
3087 3085 3086
3085 3087 3088
3089 3085 3088
3085 3089 3090
3090 3084 3085
3088 3091 3089
3087 3091 3088
3084 3090 3092
3093 3094 3095
3096 3095 3094
3095 3096 3097
3096 3098 3097
3097 3098 3099
3099 3095 3097
3095 3099 3100
3101 3102 3103
3102 3101 3104
3105 3102 3104
3102 3105 3106
3102 3107 3103
3107 3102 3108
3109 3102 3106
3102 3109 3108
3103 3110 3101
3107 3110 3103
3111 3112 3113
3111 3113 3114
3114 3115 3111
3115 3116 3111
3115 3117 3116
3117 3118 3116
3116 3118 3111
3118 3117 3119
3118 3119 3120
3118 3120 3111
3117 3115 3121
3122 3121 3115
3119 3117 3123
3121 3124 3117
3123 3117 3124
3124 3121 3125
3122 3125 3121
3124 3125 3126
3125 3122 3127
3125 3127 3128
3126 3125 3128
3122 3129 3127
3122 3130 3129
3130 3131 3129
3131 3130 3112
3130 3122 3132
3133 3119 3123
3134 3119 3133
3135 3123 3124
3135 3124 3126
3136 3135 3126
3137 3135 3136
3137 3133 3123
3137 3123 3135
3132 3113 3130
3113 3112 3130
3113 3132 3114
3120 3119 3134
3115 3114 3132
3122 3115 3132
3138 3139 3140
3141 3142 3143
3143 3144 3141
3144 3143 3145
3145 3146 3144
3146 3145 3147
3147 3148 3146
3148 3147 3149
3150 3148 3149
3148 3150 3151
3152 3151 3150
3151 3152 3153
3153 3152 3154
3143 3142 3155
3142 3156 3155
3156 3142 3157
3157 3158 3156
3159 3158 3157
3159 3157 3160
3159 3160 3161
3160 3162 3161
3161 3162 3163
3163 3164 3161
3164 3163 3165
3166 3165 3163
3165 3166 3167
3166 3168 3167
3163 3169 3166
3169 3163 3162
3166 3169 3168
3170 3161 3164
3161 3170 3159
3170 3171 3159
3171 3170 3172
3172 3173 3171
3172 3174 3173
3173 3174 3175
3175 3174 3176
3176 3177 3175
3178 3177 3176
3177 3178 3179
3178 3180 3179
3173 3181 3171
3175 3181 3173
3159 3171 3181
3159 3181 3158
3158 3181 3182
3175 3182 3181
3183 3158 3182
3156 3158 3183
3184 3185 3186
3184 3186 3187
3184 3187 3188
3186 3185 3189
3189 3185 3190
3189 3191 3186
3191 3187 3186
3191 3189 3192
3192 3189 3193
3189 3190 3193
3194 3191 3192
3194 3192 3195
3195 3192 3196
3191 3194 3197
3187 3191 3197
3197 3198 3187
3187 3198 3199
3188 3187 3199
3197 3194 3200
3200 3201 3197
3199 3198 3201
3201 3198 3197
3200 3202 3201
3203 3190 3204
3205 3203 3204
3206 3205 3204
3206 3207 3205
3206 3208 3207
3209 3203 3205
3207 3209 3205
3203 3209 3210
3210 3211 3203
3212 3210 3209
3212 3213 3210
3213 3214 3210
3209 3215 3212
3209 3207 3215
3203 3211 3190
3215 3207 3216
3208 3217 3207
3217 3216 3207
3212 3215 3218
3219 3218 3215
3216 3219 3215
3219 3220 3218
3220 3219 3221
3217 3222 3216
3219 3216 3222
3223 3224 3225
3223 3226 3224
3226 3223 3227
3227 3228 3226
3228 3227 3229
3230 3228 3229
3231 3230 3229
3231 3232 3230
3233 3232 3231
3232 3233 3234
3233 3235 3234
3235 3233 3236
3236 3237 3235
3237 3236 3238
3239 3237 3238
3234 3235 3240
3234 3240 3241
3240 3235 3242
3235 3243 3242
3244 3242 3243
3241 3245 3234
3246 3245 3241
3247 3246 3241
3246 3247 3248
3249 3248 3247
3250 3249 3247
3251 3249 3250
3249 3251 3252
3253 3252 3251
3252 3253 3254
3255 3254 3253
3254 3255 3256
3257 3256 3255
3256 3257 3258
3258 3257 3259
3252 3260 3249
3260 3252 3261
3254 3261 3252
3261 3254 3262
3256 3262 3254
3262 3256 3263
3264 3263 3256
3263 3264 3265
3265 3264 3259
3266 3249 3260
3249 3266 3248
3267 3248 3266
3248 3267 3246
3267 3268 3246
3245 3246 3268
3268 3269 3245
3269 3270 3245
3270 3234 3245
3271 3234 3270
3272 3270 3269
3270 3272 3273
3273 3271 3270
3228 3273 3272
3274 3273 3228
3271 3273 3274
2541 3275 3276
2541 3276 2543
2547 3277 2544
3278 3277 2547
3277 3278 3279
2547 3280 3278
3281 3282 3283
3282 3284 3283
3282 3285 3284
3284 3285 3286
3286 3285 3287
3286 3287 3288
3289 3288 3287
3288 3289 3290
3291 3290 3289
3290 3291 3292
3293 3292 3291
3292 3293 3294
3295 3294 3293
3294 3295 3296
3297 3296 3295
3297 3298 3296
3297 3299 3298
3300 3299 3297
3299 3300 3301
3299 3302 3298
3301 3302 3299
3303 3302 3301
3304 3302 3303
3305 3304 3303
3304 3305 3306
3306 3307 3304
3307 3306 3308
3309 3306 3305
3306 3309 3310
3310 3308 3306
3309 3311 3310
3310 3311 3312
3308 3310 3312
3313 3307 3308
3308 3312 3313
3307 3313 3314
3312 3315 3313
3312 3311 3315
3316 3304 3307
3304 3316 3317
3317 3302 3304
3318 3317 3316
3316 3319 3318
3320 3318 3319
3320 3321 3318
3321 3320 3322
3321 3323 3318
3317 3318 3323
3323 3321 3324
3324 3325 3323
3325 3324 3326
3319 3316 3327
3328 3324 3321
3321 3329 3328
3321 3322 3329
3324 3328 3330
3330 3326 3324
3331 3330 3328
3331 3328 3329
3330 3331 3332
3333 3332 3331
3332 3333 3334
3333 3335 3334
3336 3332 3334
3334 3337 3336
3337 3334 3338
3334 3335 3338
3337 3338 3339
3332 3336 3340
3338 3335 3341
3338 3341 3339
3342 3339 3341
3332 3343 3330
3343 3332 3340
3326 3330 3343
3302 3323 3325
3323 3302 3317
3298 3302 3325
3307 3314 3327
3307 3327 3316
3344 3345 3346
3347 3344 3346
3344 3347 3348
3345 3349 3346
3349 3347 3346
3349 3345 3350
3351 3349 3350
3349 3351 3352
3347 3349 3352
3347 3352 3301
3348 3347 3301
3303 3301 3352
3353 3303 3352
3352 3351 3353
3301 3300 3348
3354 3355 3356
3357 3355 3354
3355 3358 3356
3358 3359 3356
3360 3359 3358
3361 3359 3360
3359 3361 3362
3362 3363 3359
3359 3363 3356
3363 3362 3364
3365 3364 3362
3364 3365 3366
3365 3367 3366
3367 3365 3368
3365 3369 3368
3369 3365 3370
3370 3362 3361
3362 3370 3365
3371 3367 3368
3369 3371 3368
3371 3372 3367
3373 3372 3371
3374 3373 3371
3375 3373 3374
3373 3375 3376
3377 3373 3376
3376 3378 3377
3378 3376 3379
3379 3380 3378
3379 3381 3380
3381 3376 3375
3376 3381 3379
3375 3382 3381
3380 3381 3382
3382 3375 3383
3373 3377 3384
3372 3373 3384
3384 3377 3385
3386 3377 3378
3377 3386 3385
3378 3380 3386
3375 3387 3383
3374 3387 3375
3388 3387 3374
3389 3388 3374
3385 3390 3384
3384 3390 3372
3389 3371 3369
3374 3371 3389
3391 3392 3393
3392 3391 3394
3393 3395 3391
3395 3393 3396
3397 3391 3395
3391 3397 3398
3397 3399 3398
3400 3398 3399
3398 3400 3401
3391 3401 3394
3401 3391 3398
3400 3402 3401
3401 3402 3394
3402 3392 3394
3403 3392 3402
3403 3393 3392
3399 3397 3404
3397 3405 3404
3405 3397 3406
3395 3406 3397
3406 3407 3405
3407 3406 3408
3409 3408 3406
3406 3395 3409
3396 3409 3395
3408 3409 3410
3411 3410 3409
3409 3396 3411
3410 3411 3412
3410 3412 3413
3410 3413 3414
3410 3414 3408
3414 3415 3408
3415 3407 3408
3416 3414 3413
3414 3416 3417
3415 3414 3417
3418 3417 3416
3417 3418 3419
3419 3418 3420
3419 3421 3417
3421 3415 3417
3421 3419 3422
3419 3420 3423
3419 3423 3422
3422 3424 3421
3424 3415 3421
3424 3425 3415
3407 3415 3425
3424 3422 3426
3427 3422 3423
3422 3427 3426
3428 3393 3429
3393 3428 3396
3393 3403 3429
3396 3428 3430
3396 3430 3431
3396 3431 3411
3431 3412 3411
3432 3433 3434
3434 3433 3435
3435 3433 3436
3434 3435 3437
3432 3434 3438
3439 3438 3434
3434 3437 3439
3439 3437 3440
3441 3438 3439
3441 3439 3440
3437 3442 3440
3437 3443 3442
3435 3443 3437
3435 3444 3443
3435 3436 3444
3444 3436 3445
3445 3446 3444
3444 3446 3443
3446 3445 3447
3443 3446 3448
3443 3448 3442
3446 3449 3448
3446 3450 3449
3446 3447 3450
3447 3451 3450
3450 3451 3452
3450 3452 3449
3453 3452 3451
3452 3453 3454
3455 3454 3453
3456 3455 3453
3451 3456 3453
3455 3456 3457
3455 3457 3458
3451 3459 3456
3447 3459 3451
3447 3460 3459
3445 3460 3447
3445 3461 3460
3458 3462 3455
3454 3455 3462
3462 3458 3463
3458 3464 3463
3458 3465 3464
3458 3457 3465
3445 3436 3461
3466 3467 3468
3468 3467 3469
3469 3467 3470
3470 3467 3471
3471 3467 3472
3472 3467 3473
3473 3467 3474
3474 3467 3475
3475 3467 3476
3476 3467 3477
3477 3467 3478
3478 3467 3479
3479 3467 3480
3480 3467 3481
3481 3467 3482
3482 3467 3483
3484 3470 3471
3470 3484 3485
3485 3486 3470
3486 3485 3487
3487 3488 3486
3488 3487 3489
3489 3466 3488
3466 3489 3490
3481 3491 3480
3492 3480 3491
3480 3492 3493
3494 3493 3492
3493 3494 3495
3494 3496 3495
3496 3494 3497
3497 3498 3496
3498 3497 3499
3500 3498 3499
3498 3500 3501
3502 3501 3500
3501 3502 3503
3502 3473 3503
3473 3502 3504
3504 3472 3473
3472 3504 3505
3505 3471 3472
3471 3505 3484
3483 3467 3506
3506 3467 3507
3507 3467 3508
3508 3467 3466
3509 3483 3506
3483 3509 3510
3511 3483 3510
3483 3511 3482
3512 3482 3511
3482 3512 3481
3491 3481 3512
3513 3506 3507
3506 3513 3509
3514 3507 3508
3507 3514 3513
3490 3508 3466
3508 3490 3514
3515 3516 3517
3517 3516 3518
3518 3516 3519
3519 3516 3520
3521 3522 3523
3522 3524 3523
3524 3525 3523
3525 3526 3523
3526 3527 3523
3527 3528 3523
3528 3529 3523
3529 3530 3523
3530 3531 3523
3531 3532 3523
3532 3533 3523
3533 3534 3523
3534 3535 3523
3535 3536 3523
3536 3537 3523
3537 3538 3523
3538 3539 3523
3539 3540 3523
3540 3541 3523
3541 3521 3523
3542 3536 3535
3535 3543 3542
3543 3535 3544
3544 3545 3543
3545 3544 3546
3547 3545 3546
3545 3547 3548
3549 3548 3547
3548 3549 3550
3549 3551 3550
3551 3549 3552
3552 3553 3551
3553 3552 3554
3528 3553 3554
3553 3528 3555
3527 3555 3528
3555 3527 3556
3526 3556 3527
3556 3526 3557
3525 3557 3526
3557 3525 3558
3559 3558 3525
3558 3559 3560
3561 3560 3559
3560 3561 3562
3521 3562 3561
3562 3521 3563
3541 3563 3521
3563 3541 3564
3540 3564 3541
3564 3540 3565
3539 3565 3540
3565 3539 3566
3538 3566 3539
3566 3538 3567
3538 3568 3567
3568 3538 3537
3537 3569 3568
3569 3537 3536
3536 3542 3569
3570 3571 3572
3572 3571 3573
