byte offset: 0
first index: 51717
index count: 1272
topology: trianglelist
format: DXGI_FORMAT_R16_UINT

13832 13833 13834
13832 13834 13835
13836 13835 13834
13837 13836 13834
13835 13836 13838
13839 13835 13838
13839 13840 13835
13835 13840 13832
13836 13841 13838
13842 13838 13841
13838 13842 13843
13839 13838 13843
13841 13836 13844
13837 13844 13836
13845 13841 13844
13841 13845 13846
13846 13842 13841
13847 13846 13845
13845 13848 13847
13848 13845 13849
13844 13849 13845
13849 13850 13848
13850 13851 13848
13851 13850 13852
13852 13853 13851
13853 13852 13854
13850 13849 13855
13856 13855 13849
13849 13844 13856
13855 13856 13857
13846 13847 13858
13848 13859 13847
13859 13848 13851
13860 13851 13853
13851 13860 13859
13861 13859 13860
13859 13861 13862
13847 13862 13858
13862 13847 13859
13863 13858 13862
13858 13863 13864
13865 13864 13863
13863 13866 13865
13866 13863 13867
13862 13867 13863
13867 13862 13861
13864 13865 13868
13869 13864 13868
13864 13869 13870
13870 13858 13864
13856 13871 13857
13871 13856 13837
13867 13872 13866
13872 13867 13873
13873 13874 13872
13874 13873 13875
13876 13874 13875
13875 13877 13876
13877 13875 13878
13879 13876 13877
13876 13879 13880
13875 13881 13878
13875 13873 13881
13867 13881 13873
13874 13876 13882
13880 13882 13876
13882 13880 13883
13884 13872 13874
13882 13884 13874
13872 13884 13885
13884 13886 13885
13886 13884 13887
13888 13886 13887
13886 13888 13889
13887 13890 13888
13890 13887 13891
13892 13887 13884
13887 13892 13891
13884 13882 13892
13883 13892 13882
13893 13891 13892
13892 13883 13893
13891 13893 13894
13894 13890 13891
13895 13885 13886
13885 13895 13896
13895 13897 13896
13897 13895 13898
13899 13898 13895
13899 13886 13889
13886 13899 13895
13898 13899 13900
13901 13888 13890
13888 13901 13902
13902 13889 13888
13889 13902 13903
13903 13899 13889
13904 13901 13890
13890 13894 13904
13901 13904 13905
13906 13900 13899
13899 13903 13906
13900 13906 13907
13908 13900 13907
13900 13908 13909
13909 13898 13900
13898 13909 13910
13909 13911 13910
13911 13909 13912
13913 13898 13910
13898 13913 13897
13910 13914 13913
13914 13910 13911
13911 13915 13914
13915 13911 13916
13912 13916 13911
13916 13917 13915
13917 13916 13918
13918 13919 13917
13919 13918 13920
13920 13921 13919
13921 13920 13922
13923 13921 13922
13921 13923 13924
13922 13925 13923
13925 13922 13926
13926 13927 13925
13927 13926 13928
13926 13929 13928
13929 13926 13930
13930 13922 13920
13922 13930 13926
13931 13929 13930
13931 13920 13918
13920 13931 13930
13929 13931 13932
13933 13932 13931
13918 13933 13931
13932 13933 13934
13912 13934 13933
13934 13912 13935
13916 13912 13933
13933 13918 13916
13909 13935 13912
13935 13909 13908
13928 13936 13927
13936 13928 13937
13937 13938 13936
13938 13937 13939
13937 13940 13939
13940 13941 13939
13941 13940 13942
13943 13942 13940
13942 13943 13944
13945 13944 13943
13944 13945 13946
13947 13944 13946
13944 13947 13948
13949 13947 13946
13950 13944 13948
13944 13950 13942
13941 13942 13950
13950 13951 13941
13952 13941 13951
13951 13953 13952
13953 13951 13954
13954 13955 13953
13955 13954 13956
13956 13957 13955
13957 13956 13958
13959 13956 13954
13956 13959 13960
13960 13958 13956
13958 13960 13961
13960 13962 13961
13962 13960 13963
13960 13964 13963
13964 13960 13959
13964 13965 13963
13965 13964 13966
13967 13966 13964
13959 13967 13964
13966 13967 13968
13968 13969 13966
13969 13968 13970
13970 13971 13969
13971 13970 13972
13949 13972 13970
13972 13949 13973
13974 13966 13969
13966 13974 13965
13963 13975 13962
13975 13963 13965
13974 13975 13965
13972 13976 13971
13976 13972 13977
13973 13977 13972
13977 13973 13978
13977 13979 13976
13980 13976 13979
13976 13980 13981
13982 13981 13980
13979 13983 13980
13983 13982 13980
13983 13979 13984
13982 13983 13985
13983 13986 13985
13986 13983 13987
13984 13987 13983
13987 13984 13988
13987 13989 13986
13989 13987 13990
13990 13991 13989
13991 13990 13992
13990 13993 13992
13993 13990 13994
13994 13987 13988
13987 13994 13990
13994 13995 13993
13995 13994 13996
13988 13996 13994
13996 13997 13995
13997 13996 13998
13996 13988 13999
13999 13998 13996
13998 13999 14000
13988 14001 13999
14001 13988 13984
13999 14002 14000
14002 13999 14001
14001 14003 14002
14003 14001 14004
13984 14004 14001
14004 13978 14003
13978 14004 13977
13979 13977 14004
14004 13984 13979
14005 14003 13978
13978 14006 14005
14007 14005 14006
14005 14007 14008
14008 14009 14005
14003 14005 14009
14009 14008 14010
14011 14009 14010
14009 14011 14012
14012 14003 14009
14003 14012 14002
14011 14013 14012
14013 14011 14014
14014 14015 14013
14015 14014 14016
14016 14017 14015
14017 14016 14018
14006 14019 14007
14019 14006 14020
13945 14019 14020
14020 13946 13945
13946 14020 13949
14019 13945 14021
13943 14021 13945
14021 13943 14022
13943 14023 14022
14023 13943 13940
13940 13937 14023
14014 13901 14016
14016 13905 14018
13905 14016 13901
13928 14023 13937
14023 13928 13929
14023 13932 14022
13932 14023 13929
14022 13934 14021
13934 14022 13932
13935 14021 13934
14021 13935 14019
13908 14019 13935
14019 13908 14007
13908 14008 14007
14008 13908 13907
13907 14010 14008
14010 13907 13906
13906 14011 14010
14011 13906 13903
13903 14014 14011
14014 13903 13902
13901 14014 13902
14024 14025 14026
13871 14024 14026
14027 13871 14026
13871 14027 13857
14028 13857 14027
13857 14028 13855
14029 13855 14028
13855 14029 13850
14029 13852 13850
13852 14029 14030
14028 14031 14029
14031 14030 14029
14031 14028 14032
14027 14032 14028
14032 14033 14031
14033 14032 14034
14034 14035 14033
14035 14034 14036
14037 14034 14032
14032 14027 14037
14034 14037 14038
14038 14036 14034
14036 14038 14039
14033 14040 14031
14030 14031 14040
14040 14041 14030
14040 14033 14042
14042 14043 14040
14043 14041 14040
14043 14042 14044
14045 14033 14035
14033 14045 14042
14045 14044 14042
14046 14035 14036
14039 14046 14036
14035 14046 14047
14045 14035 14047
14048 14039 14038
14037 14048 14038
14048 14037 14049
14037 14026 14049
14026 14037 14027
14026 14025 14049
14041 14050 13854
13854 14050 14051
13854 14051 13853
14050 14052 14051
14051 14052 14053
13853 14051 13860
14051 14054 13860
14051 14053 14054
14054 13861 13860
13861 14054 13881
13881 13867 13861
14054 14053 13878
14054 13878 13881
13854 13852 14030
13854 14030 14041
14025 14024 13833
14024 13834 13833
13871 13834 14024
13837 13834 13871
13844 13837 13856
14055 14056 14057
14056 14055 14058
14059 14058 14055
14058 14059 14060
14059 13924 14060
13924 14059 13921
14059 13919 13921
13919 14059 14061
14055 14061 14059
14062 13919 14061
13919 14062 13917
14063 13917 14062
13917 14063 13915
14063 13914 13915
13914 14063 13869
13869 13913 13914
13913 13869 13868
13865 13913 13868
13913 13865 13897
13866 13897 13865
13897 13866 13896
13866 13885 13896
13885 13866 13872
14061 13843 14062
13843 14061 14064
13842 14062 13843
14062 13842 14063
13870 14063 13842
14063 13870 13869
14064 13839 13843
14064 14065 13839
13842 13846 13870
13858 13870 13846
14064 14057 14065
14057 13840 14065
13839 14065 13840
14057 14064 14055
14061 14055 14064
13941 13952 14066
14066 13939 13941
13939 14066 13938
13951 13950 14067
14067 13954 13951
13954 14067 13959
13967 13959 14067
14067 13948 13967
13948 14067 13950
13948 13968 13967
13968 13948 13947
13947 13970 13968
13970 13947 13949
14020 13973 13949
13973 14020 14006
14006 13978 13973
13957 14068 14069
14068 13957 13958
13958 14070 14068
14070 13958 13961
13962 14070 13961
14071 13989 14072
13989 14071 13986
13985 13986 14071
13991 14072 13989
14072 13991 14073
14074 13976 13981
13976 14074 13971
14074 13969 13971
13969 14074 13974
14012 14000 14002
14000 14012 14013
14013 13998 14000
13998 14013 14015
14017 13998 14015
13998 14017 13997
