byte offset: 0
first index: 49623
index count: 2094
topology: trianglelist
format: DXGI_FORMAT_R16_UINT

13289 13290 13291
13289 13292 13290
13292 13289 13293
13294 13292 13293
13292 13294 13295
13296 13295 13294
13295 13296 13297
13298 13290 13292
13290 13298 13299
13300 13299 13298
13298 13301 13300
13301 13302 13300
13302 13301 13303
13301 13304 13303
13304 13301 13305
13301 13306 13305
13306 13301 13307
13301 13298 13307
13292 13307 13298
13307 13292 13295
13307 13297 13306
13297 13307 13295
13299 13300 13308
13309 13299 13308
13299 13309 13310
13311 13300 13302
13300 13311 13308
13311 13309 13308
13309 13311 13312
13311 13313 13312
13313 13311 13314
13302 13314 13311
13315 13303 13304
13303 13315 13316
13317 13316 13315
13316 13317 13318
13318 13319 13316
13319 13318 13320
13320 13314 13319
13314 13320 13321
13321 13313 13314
13319 13303 13316
13303 13319 13302
13314 13302 13319
13313 13321 13322
13310 13309 13323
13313 13322 13324
13324 13312 13313
13325 13323 13312
13324 13325 13312
13324 13326 13325
13324 13327 13326
13324 13322 13327
13326 13327 13328
13328 13325 13326
13325 13328 13329
13323 13325 13330
13330 13325 13329
13331 13323 13330
13332 13330 13329
13330 13332 13333
13331 13330 13333
13331 13333 13334
13334 13333 13335
13331 13334 13336
13335 13333 13337
13333 13332 13337
13331 13336 13338
13336 13339 13338
13336 13334 13339
13334 13340 13339
13334 13341 13340
13341 13334 13335
13338 13339 13291
13338 13291 13342
13310 13338 13342
13331 13338 13310
13342 13299 13310
13299 13342 13290
13291 13290 13342
13310 13323 13331
13312 13323 13309
13343 13344 13345
13344 13343 13346
13347 13345 13344
13345 13347 13348
13349 13348 13347
13348 13349 13350
13349 13351 13350
13351 13349 13352
13352 13353 13351
13353 13352 13354
13354 13355 13353
13355 13354 13356
13357 13356 13354
13356 13357 13358
13359 13358 13357
13358 13359 13360
13357 13361 13359
13361 13357 13362
13354 13362 13357
13362 13354 13352
13362 13363 13361
13363 13362 13364
13352 13364 13362
13364 13352 13349
13365 13363 13364
13363 13365 13366
13367 13366 13365
13366 13367 13368
13369 13368 13367
13368 13369 13370
13297 13360 13359
13360 13297 13296
13359 13306 13297
13306 13359 13361
13361 13305 13306
13305 13361 13363
13366 13305 13363
13305 13366 13304
13368 13304 13366
13304 13368 13315
13370 13315 13368
13315 13370 13317
13364 13347 13365
13347 13364 13349
13344 13365 13347
13365 13344 13367
13346 13367 13344
13367 13346 13369
13371 13372 13373
13374 13372 13371
13372 13374 13375
13376 13374 13371
13373 13376 13371
13377 13376 13373
13378 13376 13377
13374 13376 13379
13380 13379 13376
13376 13378 13380
13379 13380 13381
13382 13381 13380
13378 13382 13380
13381 13382 13383
13382 13384 13383
13384 13382 13385
13378 13386 13382
13386 13385 13382
13385 13387 13384
13387 13385 13386
13388 13387 13386
13389 13388 13386
13378 13377 13389
13389 13386 13378
13387 13388 13390
13350 13389 13377
13373 13350 13377
13350 13373 13348
13372 13348 13373
13348 13372 13345
13372 13343 13345
13343 13372 13375
13389 13350 13351
13351 13388 13389
13388 13351 13353
13355 13388 13353
13388 13355 13390
13328 13391 13392
13328 13393 13391
13329 13328 13392
13329 13392 13394
13332 13329 13394
13327 13393 13328
13395 13396 13397
13396 13395 13398
13399 13397 13396
13397 13399 13400
13401 13400 13399
13400 13401 13402
13403 13398 13395
13404 13402 13401
13402 13404 13405
13406 13405 13404
13404 13407 13406
13408 13406 13407
13406 13408 13409
13407 13404 13410
13401 13410 13404
13411 13409 13408
13409 13411 13412
13413 13412 13411
13412 13413 13414
13415 13414 13413
13414 13415 13416
13417 13416 13415
13416 13417 13418
13417 13419 13418
13405 13406 13420
13409 13420 13406
13420 13409 13421
13412 13421 13409
13421 13412 13422
13414 13422 13412
13422 13414 13423
13416 13423 13414
13423 13416 13424
13424 13416 13425
13425 13416 13418
13424 13426 13423
13426 13424 13427
13428 13427 13424
13424 13425 13428
13427 13428 13429
13430 13429 13428
13425 13430 13428
13429 13430 13431
13430 13432 13431
13430 13433 13432
13434 13433 13430
13430 13435 13434
13435 13430 13436
13425 13436 13430
13425 13437 13436
13437 13425 13438
13433 13434 13439
13440 13439 13434
13440 13434 13435
13418 13438 13425
13438 13418 13419
13431 13441 13429
13442 13429 13441
13429 13442 13427
13443 13427 13442
13427 13443 13426
13444 13426 13443
13426 13444 13445
13445 13423 13426
13423 13445 13422
13446 13422 13445
13444 13446 13445
13422 13446 13421
13447 13421 13446
13421 13447 13420
13448 13420 13447
13420 13448 13405
13448 13402 13405
13402 13448 13449
13450 13402 13449
13402 13450 13400
13451 13400 13450
13400 13451 13397
13451 13395 13397
13395 13451 13452
13453 13395 13452
13452 13451 13454
13455 13451 13450
13451 13455 13454
13456 13450 13449
13450 13456 13455
13457 13449 13448
13449 13457 13456
13448 13458 13457
13458 13448 13447
13447 13459 13458
13459 13447 13446
13446 13444 13459
13460 13454 13455
13454 13460 13461
13461 13462 13454
13452 13454 13462
13463 13452 13462
13453 13452 13463
13463 13464 13453
13464 13463 13465
13463 13462 13465
13462 13461 13466
13465 13462 13466
13465 13466 13467
13468 13455 13456
13455 13468 13460
13456 13469 13468
13469 13456 13457
13457 13470 13469
13470 13457 13458
13458 13471 13470
13471 13458 13459
13459 13472 13471
13472 13459 13444
13444 13473 13472
13473 13444 13443
13442 13473 13443
13473 13442 13474
13441 13474 13442
13474 13441 13475
13476 13475 13441
13441 13431 13476
13431 13477 13476
13475 13476 13478
13476 13479 13478
13476 13477 13479
13431 13432 13477
13478 13479 13480
13481 13403 13482
13482 13403 13453
13403 13481 13483
13403 13483 13484
13398 13403 13484
13484 13483 13485
13484 13485 13486
13487 13484 13486
13398 13484 13487
13488 13398 13487
13398 13488 13396
13489 13396 13488
13396 13489 13399
13490 13399 13489
13399 13490 13401
13410 13401 13490
13403 13395 13453
13453 13464 13482
13464 13465 13491
13491 13465 13467
13491 13467 13492
13493 13494 13495
13494 13496 13495
13497 13495 13496
13495 13497 13498
13497 13499 13498
13499 13497 13500
13500 13497 13501
13497 13496 13501
13495 13498 13502
13493 13495 13502
13498 13499 13503
13502 13498 13503
13496 13494 13504
13496 13504 13505
13501 13496 13505
13501 13505 13506
13507 13501 13506
13500 13501 13507
13507 13506 13508
13508 13506 13509
13509 13506 13510
13506 13511 13510
13506 13505 13511
13505 13512 13511
13505 13504 13512
13504 13513 13512
13509 13510 13514
13514 13510 13515
13510 13516 13515
13510 13511 13516
13504 13517 13513
13494 13517 13504
13517 13494 13518
13519 13517 13518
13517 13519 13520
13520 13513 13517
13521 13520 13519
13520 13521 13522
13513 13520 13523
13520 13522 13523
13523 13524 13513
13512 13513 13524
13525 13512 13524
13512 13525 13526
13526 13525 13527
13525 13528 13527
13528 13525 13529
13524 13529 13525
13529 13530 13528
13530 13529 13531
13531 13532 13530
13530 13532 13533
13532 13534 13533
13534 13532 13535
13535 13536 13534
13536 13535 13537
13537 13538 13536
13538 13537 13539
13539 13540 13538
13540 13539 13541
13542 13540 13541
13543 13540 13542
13542 13541 13544
13544 13541 13545
13539 13545 13541
13545 13539 13546
13546 13547 13545
13548 13547 13546
13548 13549 13547
13548 13550 13549
13550 13548 13551
13550 13552 13549
13552 13550 13553
13550 13551 13554
13554 13551 13555
13553 13556 13552
13556 13553 13557
13558 13556 13557
13553 13559 13557
13558 13557 13559
13559 13553 13560
13550 13560 13553
13560 13550 13554
13555 13551 13561
13561 13551 13562
13551 13563 13562
13563 13551 13564
13562 13563 13565
13563 13566 13565
13564 13566 13563
13548 13564 13551
13546 13564 13548
13564 13546 13567
13539 13567 13546
13567 13539 13537
13537 13568 13567
13568 13537 13535
13535 13569 13568
13569 13535 13532
13532 13570 13569
13570 13532 13531
13531 13571 13570
13571 13531 13529
13529 13524 13571
13524 13523 13571
13523 13570 13571
13570 13523 13572
13572 13569 13570
13569 13572 13573
13573 13568 13569
13568 13573 13574
13574 13567 13568
13567 13574 13564
13566 13564 13574
13573 13566 13574
13575 13566 13573
13572 13575 13573
13566 13575 13576
13522 13575 13572
13523 13522 13572
13575 13522 13577
13576 13575 13577
13577 13522 13521
13565 13566 13576
13511 13526 13578
13511 13578 13516
13526 13527 13578
13511 13512 13526
13503 13499 13579
13518 13494 13493
13580 13581 13582
13580 13583 13581
13580 13584 13583
13580 13585 13584
13585 13580 13586
13580 13582 13586
13587 13585 13586
13585 13587 13588
13581 13583 13589
13590 13588 13587
13587 13591 13590
13588 13590 13592
13593 13587 13586
13587 13593 13594
13595 13582 13581
13581 13589 13596
13595 13581 13596
13595 13596 13597
13598 13595 13597
13595 13598 13599
13598 13600 13599
13600 13598 13601
13601 13602 13600
13600 13602 13603
13602 13601 13604
13600 13605 13599
13605 13600 13606
13595 13599 13582
13607 13582 13599
13582 13607 13608
13609 13600 13603
13606 13600 13609
13610 13582 13608
13582 13610 13586
13607 13599 13611
13586 13610 13612
13586 13612 13613
13614 13586 13613
13586 13614 13593
13614 13615 13593
13593 13615 13616
13616 13615 13617
13616 13617 13618
13616 13618 13619
13619 13618 13620
13621 13619 13620
13622 13619 13621
13622 13621 13623
13624 13622 13623
13624 13605 13622
13625 13605 13624
13625 13599 13605
13599 13625 13626
13611 13599 13626
13627 13628 13629
13628 13627 13630
13631 13632 13633
13634 13635 13636
13634 13636 13637
13638 13639 13640
13639 13638 13641
13638 13642 13641
13642 13638 13643
13644 13642 13643
13642 13644 13645
13644 13646 13645
13646 13644 13647
13646 13647 13648
13649 13650 13651
13652 13651 13650
13651 13652 13653
13652 13654 13653
13654 13652 13655
13655 13656 13654
13656 13655 13657
13658 13656 13657
13656 13658 13659
13660 13661 13662
13661 13660 13663
13664 13665 13666
13665 13664 13667
13668 13667 13664
13667 13668 13669
13670 13671 13672
13671 13670 13673
13672 13674 13670
13674 13672 13675
13676 13677 13678
13677 13676 13679
13680 13681 13682
13681 13680 13683
13684 13680 13682
13680 13684 13685
13686 13685 13684
13685 13686 13687
13686 13688 13687
13688 13686 13689
13688 13689 13690
13691 13692 13693
13694 13693 13692
13693 13694 13695
13694 13696 13695
13696 13694 13697
13698 13696 13697
13696 13698 13699
13698 13700 13699
13700 13698 13701
13702 13703 13704
13705 13704 13703
13706 13707 13708
13707 13706 13709
13710 13711 13712
13587 13713 13591
13587 13594 13713
13714 13715 13716
13715 13714 13717
13716 13718 13714
13718 13716 13719
13719 13720 13718
13720 13719 13721
13721 13722 13720
13722 13721 13723
13724 13725 13726
13725 13724 13727
13728 13726 13725
13726 13728 13729
13730 13729 13728
13729 13730 13731
13732 13731 13730
13731 13732 13733
13734 13735 13736
13735 13734 13737
13738 13736 13735
13736 13738 13739
13738 13740 13739
13740 13738 13741
13741 13742 13740
13742 13741 13743
13744 13745 13746
13745 13744 13747
13748 13746 13745
13746 13748 13749
13748 13750 13749
13750 13748 13751
13751 13752 13750
13752 13751 13753
13754 13755 13756
13757 13755 13754
13755 13757 13758
13758 13759 13755
13756 13755 13759
13759 13758 13760
13761 13760 13758
13760 13761 13762
13763 13762 13761
13762 13763 13764
13761 13765 13763
13765 13761 13766
13758 13766 13761
13766 13758 13757
13767 13764 13763
13764 13767 13768
13769 13768 13767
13768 13769 13770
13769 13771 13770
13771 13769 13772
13772 13773 13771
13773 13772 13774
13774 13775 13773
13775 13774 13776
13776 13777 13775
13777 13776 13778
13778 13779 13777
13779 13778 13780
13780 13781 13779
13781 13780 13782
13782 13783 13781
13783 13782 13784
13784 13785 13783
13785 13784 13786
13786 13787 13785
13787 13786 13788
13788 13789 13787
13789 13788 13790
13790 13791 13789
13791 13790 13792
13792 13793 13791
13793 13792 13794
13794 13795 13793
13795 13794 13796
13796 13797 13795
13797 13796 13798
13799 13786 13784
13784 13800 13799
13786 13799 13801
13801 13788 13786
13788 13801 13802
13802 13790 13788
13790 13802 13803
13803 13792 13790
13792 13803 13804
13804 13794 13792
13794 13804 13805
13805 13796 13794
13796 13805 13806
13806 13798 13796
13798 13807 13797
13807 13798 13808
13808 13809 13807
13809 13808 13810
13811 13808 13798
13798 13806 13811
13808 13811 13812
13812 13810 13808
13810 13813 13809
13813 13810 13814
13815 13814 13810
13810 13812 13815
13814 13815 13816
13813 13814 13817
13814 13816 13817
13818 13813 13817
13818 13819 13813
13819 13818 13820
13817 13816 13821
13817 13821 13822
13822 13821 13823
13822 13823 13824
13825 13767 13826
13767 13825 13769
13825 13772 13769
13772 13825 13827
13827 13774 13772
13774 13827 13828
13828 13776 13774
13776 13828 13829
13829 13778 13776
13778 13829 13830
13830 13780 13778
13780 13830 13831
13831 13782 13780
13782 13831 13800
13800 13784 13782
13763 13826 13767
13826 13763 13765
