byte offset: 0
first index: 0
index count: 7071
topology: trianglelist
format: DXGI_FORMAT_R16_UINT

0 1 2
1 3 2
4 3 1
4 5 3
5 4 6
5 6 7
7 6 8
9 7 8
9 8 10
11 9 10
11 10 12
13 11 12
14 13 12
15 16 17
15 17 18
17 19 18
16 19 17
19 20 18
20 21 18
21 22 18
22 15 18
21 23 22
23 15 22
24 25 26
25 27 26
27 25 28
29 27 28
26 27 30
27 31 30
31 27 29
32 31 29
30 31 33
31 34 33
34 31 32
33 34 35
34 36 35
36 34 37
37 34 32
38 36 37
39 35 36
36 40 39
40 36 38
40 41 39
39 41 42
41 43 42
42 43 44
45 42 44
44 46 45
47 46 44
47 48 46
48 49 46
50 47 44
50 44 43
51 47 50
52 51 50
53 50 43
52 50 53
54 52 53
53 43 55
43 41 55
54 53 55
55 41 56
41 40 56
56 40 38
57 54 55
57 55 58
55 56 58
59 58 56
56 38 59
59 38 60
38 37 60
60 37 61
37 62 61
61 62 63
60 61 64
64 61 63
65 60 64
59 60 65
66 59 65
67 58 59
57 58 67
59 66 67
68 69 70
69 68 71
68 72 71
73 72 68
73 74 72
74 75 72
72 75 76
76 71 72
75 77 76
76 77 78
77 79 78
77 80 79
80 81 79
75 82 77
82 80 77
80 82 83
84 80 83
81 80 84
85 84 83
85 86 84
86 81 84
74 87 75
87 82 75
83 82 88
82 87 88
85 83 88
85 89 86
89 90 86
90 81 86
79 81 91
81 90 91
78 79 92
79 91 92
76 78 93
76 93 71
93 94 71
95 96 97
97 96 98
99 97 98
98 96 100
98 100 101
102 98 101
102 103 98
103 99 98
102 101 104
104 101 105
101 106 105
106 101 100
107 102 104
102 107 103
108 105 106
109 108 106
110 108 109
111 110 109
104 105 112
107 104 112
110 113 108
113 114 108
108 114 105
114 112 105
109 106 115
115 106 100
100 116 115
116 117 115
118 115 117
118 109 115
109 118 111
119 118 117
120 118 119
118 120 111
121 120 119
122 112 114
122 107 112
107 122 123
122 124 123
122 125 124
125 122 114
114 113 125
125 126 124
125 127 126
113 127 125
127 128 126
123 124 129
124 130 129
130 124 126
131 129 130
131 132 129
132 133 129
123 129 133
134 133 132
134 103 133
103 123 133
135 131 130
107 123 103
136 130 126
126 128 136
135 130 136
128 137 136
132 131 138
131 135 138
135 139 138
140 135 136
140 136 137
139 135 140
141 140 137
142 139 140
140 141 142
143 139 142
139 143 138
144 143 142
145 143 144
146 145 144
144 147 146
147 148 146
147 144 149
144 142 149
141 149 142
143 150 138
151 138 150
152 151 150
150 153 152
145 153 143
153 150 143
153 154 152
152 154 155
154 156 155
156 157 155
157 158 155
157 156 159
156 160 159
160 156 154
161 160 154
154 153 161
153 162 161
153 145 162
145 163 162
145 146 163
146 164 163
146 148 164
148 165 164
159 160 166
160 167 166
167 160 161
166 167 168
167 169 168
168 169 170
169 171 170
170 171 172
173 172 171
174 173 171
174 171 169
175 170 172
175 172 176
176 172 173
163 164 177
164 178 177
164 165 178
178 179 177
178 180 179
165 180 178
180 181 179
179 182 177
181 180 183
180 184 183
184 185 183
185 186 183
184 187 185
187 188 185
187 189 188
148 189 187
148 147 189
147 190 189
189 190 191
189 191 188
190 192 191
190 193 192
193 194 192
194 193 195
196 194 195
194 196 197
196 198 197
196 199 198
199 200 198
198 200 201
197 198 201
200 202 201
199 203 200
203 204 200
200 204 202
204 205 202
204 206 205
206 207 205
206 208 207
208 209 207
208 210 209
210 211 209
211 210 212
213 211 212
212 110 213
110 111 213
214 210 208
214 208 206
110 212 113
212 215 113
212 210 215
210 214 215
216 207 209
207 216 205
217 216 209
217 209 211
211 213 218
218 217 211
217 218 219
218 220 219
220 218 221
213 221 218
221 213 111
222 220 221
222 221 120
120 221 111
121 222 120
215 214 223
223 214 206
223 206 204
203 223 204
223 203 224
224 215 223
215 224 113
203 225 224
224 225 127
225 128 127
203 199 225
199 226 225
128 225 226
137 128 226
224 127 113
199 196 226
196 195 226
226 195 137
195 141 137
141 195 193
149 141 193
149 193 190
147 149 190
227 228 68
228 229 68
230 229 228
230 231 229
231 68 229
227 68 232
68 70 232
233 234 235
234 236 235
237 236 234
234 233 238
234 238 237
233 239 238
238 239 240
240 241 238
240 242 241
241 242 243
242 244 243
242 245 244
245 246 244
244 246 247
246 248 247
243 244 249
244 247 249
247 250 249
247 248 250
240 251 242
251 245 242
239 233 252
233 235 252
235 253 252
254 255 256
254 257 255
255 257 258
257 259 258
259 260 258
260 261 258
259 257 262
257 263 262
257 254 263
260 259 264
259 262 264
263 265 262
265 263 266
265 266 267
267 266 268
269 267 268
267 269 270
271 267 270
269 268 272
269 272 270
271 273 267
273 265 267
262 265 274
262 274 264
258 261 275
276 258 275
255 258 276
256 255 276
277 278 279
279 278 280
281 282 283
281 284 282
282 284 285
286 282 285
286 285 287
286 287 288
289 286 288
283 282 289
282 286 289
285 290 287
291 290 285
292 291 285
285 284 292
284 293 292
281 293 284
281 283 294
294 283 295
283 289 295
288 296 289
296 295 289
291 297 290
298 299 300
299 301 300
300 301 302
301 303 302
302 303 304
303 305 304
298 300 306
307 298 306
306 300 308
300 302 308
302 304 308
304 305 309
305 310 309
305 311 310
311 305 312
311 312 313
313 312 314
315 313 314
315 314 316
314 317 316
304 318 308
319 304 309
320 319 309
304 319 321
321 318 304
321 319 322
322 323 321
318 321 323
323 322 324
324 325 323
325 324 326
327 323 325
325 328 327
326 329 325
328 325 329
329 326 330
330 331 329
331 330 332
329 331 333
333 328 329
331 334 333
331 335 334
332 335 331
332 336 335
336 337 335
335 337 334
323 327 338
96 116 100
96 339 116
339 340 116
116 340 117
340 341 117
117 341 342
117 342 119
343 119 342
119 343 121
343 344 121
121 344 345
222 121 345
95 339 96
222 345 346
220 222 346
220 346 347
220 347 219
219 347 348
349 219 348
219 349 217
349 216 217
349 348 350
351 352 353
352 354 353
353 355 351
355 356 351
357 355 353
354 357 353
351 356 358
356 359 358
358 360 351
360 352 351
361 167 161
167 361 169
361 362 169
362 174 169
161 162 361
162 363 361
362 361 363
177 363 162
177 182 363
182 364 363
163 177 162
363 365 362
363 364 365
366 367 368
367 369 368
368 369 370
369 371 370
366 368 372
373 366 372
373 372 374
375 373 374
372 368 376
368 370 376
372 376 374
374 377 375
375 377 378
375 378 379
380 375 379
381 380 379
381 382 380
382 383 380
374 384 377
384 385 377
374 386 384
387 384 386
386 388 387
389 387 388
388 390 389
391 389 390
390 388 392
393 390 392
390 394 391
394 390 393
395 391 394
394 396 395
397 395 396
396 398 397
397 398 399
399 398 400
400 398 401
398 396 401
402 394 393
401 396 402
396 394 402
392 388 403
388 386 403
386 374 403
376 403 374
404 405 406
405 407 406
408 405 404
409 408 404
410 408 409
411 410 409
408 410 412
408 412 405
410 197 412
194 197 410
192 194 410
410 411 192
407 405 413
412 413 405
414 407 413
406 415 404
415 416 404
404 416 409
416 417 409
411 409 417
418 411 417
411 191 192
191 411 418
188 191 418
415 419 416
419 420 416
416 420 417
419 421 420
421 422 420
421 423 422
423 424 422
424 423 425
425 426 424
426 427 424
424 427 422
423 428 425
428 429 425
429 426 425
430 420 422
420 430 417
418 417 430
431 430 422
427 431 422
432 418 430
432 430 431
188 418 185
418 432 185
185 432 186
432 433 186
431 434 432
432 434 433
435 436 437
436 438 437
436 435 439
435 440 439
441 436 439
438 436 441
435 442 440
442 443 440
442 435 444
435 437 444
165 148 187
165 187 184
180 165 184
445 446 447
446 445 448
447 446 449
450 447 449
445 451 448
449 452 450
453 450 452
453 454 450
455 453 452
455 456 453
455 457 456
449 458 452
448 451 459
449 446 459
446 448 459
458 449 459
451 460 459
461 459 460
459 461 458
460 462 461
461 462 463
464 465 466
464 467 465
465 467 468
467 469 468
468 469 470
468 470 471
472 468 471
466 465 472
465 468 472
469 473 470
469 474 473
474 475 473
467 476 469
476 474 469
464 476 467
464 466 477
477 466 478
466 472 478
471 479 472
479 478 472
470 473 480
473 481 480
473 475 481
475 482 481
481 482 483
480 481 484
480 484 485
483 486 481
485 487 480
487 488 480
470 480 488
471 470 488
488 487 489
488 490 471
490 479 471
490 488 489
486 491 481
491 484 481
486 483 492
483 493 492
492 493 494
493 495 494
496 494 495
497 496 495
496 497 498
499 492 494
486 499 491
492 499 486
494 496 500
500 496 498
494 501 499
500 501 494
502 503 498
504 503 502
505 504 502
505 506 504
506 507 504
506 508 507
508 509 507
510 509 508
510 511 509
511 510 512
511 512 513
513 512 514
515 513 514
516 513 515
517 516 515
517 515 518
515 519 518
519 515 520
515 514 520
519 520 521
519 521 518
511 513 522
513 516 523
513 523 522
524 525 526
525 527 526
526 527 528
527 529 528
526 530 524
530 531 524
531 530 532
532 533 531
531 533 534
533 535 534
535 533 536
536 537 535
535 537 538
537 539 538
537 540 539
537 536 540
540 541 539
541 540 542
543 541 542
542 544 543
544 545 543
546 544 542
547 546 542
547 542 540
544 548 545
548 549 545
546 550 544
550 548 544
543 545 551
545 552 551
553 547 540
536 553 540
554 553 536
536 555 554
553 554 556
556 557 553
556 554 558
555 536 533
533 532 555
558 559 556
557 556 560
560 556 559
559 561 560
560 562 557
562 560 563
563 560 561
561 564 563
565 562 563
565 563 566
566 563 564
567 565 566
566 568 567
568 566 569
564 569 566
532 530 570
530 526 570
526 528 570
570 571 532
555 532 571
571 572 555
554 555 572
558 554 572
573 558 572
574 575 576
577 575 574
577 578 575
578 579 575
578 580 579
580 581 579
579 581 582
583 579 582
576 575 583
575 579 583
580 584 581
584 585 581
582 581 585
584 586 585
586 587 585
588 582 585
588 585 587
589 588 587
590 591 592
593 591 590
593 594 591
594 595 591
594 596 595
596 597 595
595 597 598
599 595 598
592 591 599
591 595 599
596 600 597
600 601 597
601 600 602
603 601 602
601 603 604
605 601 604
598 597 605
597 601 605
606 602 600
604 603 607
603 608 607
608 603 602
608 609 607
608 610 609
610 608 611
612 610 611
613 610 612
610 613 614
610 614 609
615 613 612
612 616 615
615 616 617
616 618 617
617 618 619
620 617 619
620 619 621
622 620 621
623 620 622
622 624 623
624 622 625
622 621 625
625 626 624
624 626 627
628 624 627
623 624 628
629 626 625
630 629 625
631 629 630
629 631 632
633 629 632
627 626 633
626 629 633
634 631 630
635 623 628
621 636 625
625 636 630
636 637 630
634 630 637
638 633 632
623 635 639
635 640 639
640 614 639
614 613 639
641 613 615
617 641 615
617 620 641
620 623 641
642 643 644
645 642 644
646 645 644
647 646 644
648 646 647
649 648 647
649 647 650
647 651 650
643 651 644
651 647 644
652 648 649
653 652 649
650 654 649
654 653 649
653 654 655
656 653 655
655 657 656
657 658 656
658 659 656
652 653 659
653 656 659
660 652 659
661 660 659
658 657 662
663 664 665
538 663 665
666 538 665
538 666 535
666 534 535
538 667 663
538 539 667
539 668 667
539 541 668
541 543 668
543 551 668
669 664 663
670 669 663
667 671 663
671 670 663
668 671 667
669 670 672
672 670 671
672 673 669
673 672 674
674 675 673
675 674 676
676 674 677
671 678 672
674 672 678
678 677 674
551 679 668
679 671 668
551 552 679
552 680 679
680 552 681
681 552 545
549 681 545
681 549 682
549 683 682
683 549 684
549 548 684
548 550 684
550 685 684
686 681 682
686 680 681
687 683 684
685 687 684
682 683 687
687 688 682
689 682 688
682 689 686
688 687 690
690 691 688
691 690 692
693 688 691
688 693 689
691 694 693
694 691 695
692 695 691
692 696 695
696 697 695
695 697 694
698 699 700
701 699 698
702 701 698
699 703 700
699 701 703
701 704 703
704 701 705
705 701 706
706 701 707
707 708 706
706 708 709
710 704 705
705 711 710
712 710 711
713 714 158
714 155 158
152 155 714
151 152 714
151 132 138
197 201 412
103 134 99
715 716 717
716 718 717
715 717 719
720 715 719
720 719 721
722 720 721
722 721 723
724 722 723
718 716 725
723 726 724
726 727 724
728 729 730
729 731 730
730 731 732
731 733 732
732 733 734
733 735 734
734 735 736
735 737 736
736 737 738
729 728 739
728 740 739
741 742 743
742 744 743
743 744 745
744 746 745
745 746 747
746 748 747
747 748 749
742 741 750
751 742 750
606 752 602
752 753 602
754 755 756
755 757 756
758 757 755
754 756 759
760 754 759
760 759 761
762 760 761
763 612 611
764 765 766
765 767 766
764 766 768
769 764 768
765 770 767
770 771 767
769 768 772
773 769 772
773 772 774
775 773 774
775 774 776
775 776 777
777 778 775
778 779 775
778 780 779
780 781 779
780 782 781
783 784 785
784 786 785
787 788 789
788 790 789
788 787 791
792 788 791
792 791 793
794 792 793
794 793 795
796 794 795
796 795 797
798 796 797
799 798 797
800 801 802
803 801 800
804 803 800
803 804 805
806 807 808
524 531 809
531 534 809
809 534 810
534 666 810
525 524 809
811 525 809
809 810 811
812 525 811
812 527 525
529 527 812
51 813 47
813 48 47
813 814 48
48 814 49
814 815 49
816 817 818
819 817 816
820 817 819
818 817 820
821 820 819
822 820 821
823 820 822
820 823 818
824 822 821
25 822 824
28 25 824
822 25 24
825 822 24
822 825 823
826 827 828
829 828 827
830 827 826
831 830 826
828 832 826
833 826 832
831 826 833
832 834 833
835 831 833
835 833 836
836 833 834
834 837 836
838 836 837
839 836 838
839 835 836
827 840 829
840 827 830
840 841 829
841 840 842
842 840 830
843 841 842
841 844 829
845 846 847
846 845 848
845 849 848
849 850 848
848 850 851
850 852 851
851 852 853
852 854 853
854 855 853
855 856 853
853 856 857
857 851 853
851 857 858
848 858 846
858 848 851
849 845 859
847 859 845
860 849 859
860 859 861
862 861 859
859 847 862
863 860 861
864 865 866
865 867 866
868 867 865
869 868 865
868 870 867
870 871 867
870 872 871
872 873 871
871 873 874
875 871 874
866 867 875
867 871 875
872 876 873
876 877 873
876 878 877
878 879 877
877 879 880
881 877 880
874 873 881
873 877 881
878 882 879
882 883 879
884 883 882
883 884 885
880 879 885
879 883 885
886 887 888
887 889 888
886 888 890
888 891 890
890 891 892
891 893 892
892 893 894
893 895 894
894 895 896
895 897 896
896 897 898
899 896 898
897 900 898
900 901 898
895 902 897
902 900 897
893 903 895
903 902 895
893 891 903
891 904 903
891 888 904
888 905 904
888 889 905
889 906 905
906 889 907
889 887 907
908 909 910
909 911 910
909 908 912
913 909 912
914 909 913
911 909 914
915 914 913
916 914 915
914 916 917
917 911 914
912 908 918
918 908 910
919 912 918
919 918 920
920 918 921
918 922 921
922 918 910
923 919 920
923 920 924
925 923 924
921 926 920
926 924 920
911 917 927
917 928 927
917 916 928
922 929 921
922 910 929
910 930 929
910 911 930
911 927 930
929 931 921
921 931 926
931 932 926
933 934 935
935 934 936
936 934 937
937 934 938
938 934 939
939 934 940
940 934 941
941 934 942
942 934 943
943 934 944
944 934 945
945 934 946
946 934 947
947 934 948
948 934 949
949 934 950
935 936 951
951 936 952
936 937 952
952 937 953
937 938 953
953 938 954
938 939 954
954 939 955
939 940 955
940 941 955
941 956 955
941 942 956
942 957 956
942 943 957
943 958 957
943 944 958
944 959 958
959 944 960
944 945 960
960 945 961
945 946 961
961 946 962
946 947 962
962 947 963
947 948 963
963 948 964
948 949 964
964 949 965
949 950 965
965 950 966
950 967 966
950 934 967
967 934 968
968 934 969
969 934 933
966 967 970
967 968 970
968 969 970
969 971 970
969 933 971
933 972 971
933 935 972
935 973 972
973 935 951
972 973 974
975 972 974
971 972 975
974 973 976
973 951 976
976 951 977
951 952 977
977 952 978
952 953 978
978 953 979
953 954 979
979 954 980
954 955 980
980 955 956
981 980 956
981 956 957
982 981 957
982 957 958
983 982 958
983 958 959
984 983 959
984 959 960
985 984 960
985 960 961
986 985 961
986 961 962
987 986 962
987 962 963
988 987 963
988 963 964
989 988 964
989 964 965
990 989 965
990 965 966
991 990 966
991 966 970
992 991 970
992 970 993
970 971 993
993 971 975
994 995 996
996 995 997
997 995 998
998 995 999
999 995 1000
1000 995 1001
1001 995 1002
1002 995 1003
1003 995 1004
1004 995 1005
1005 995 1006
1006 995 1007
1007 995 1008
1008 995 1009
1009 995 1010
1010 995 1011
1011 995 1012
1012 995 1013
1013 995 1014
1014 995 994
1015 1016 1017
1017 1016 1018
1018 1016 1019
1019 1016 1020
1020 1016 1021
1021 1016 1022
1022 1016 1023
1023 1016 1024
1024 1016 1025
1025 1016 1026
1026 1016 1027
1027 1016 1028
1028 1016 1029
1029 1016 1030
1030 1016 1031
1031 1016 1032
1032 1016 1033
1033 1016 1015
1034 1035 1036
1035 1037 1036
1037 1038 1036
1038 1039 1036
1039 1040 1036
1040 1041 1036
1041 1042 1036
1042 1043 1036
1043 1044 1036
1044 1045 1036
1045 1046 1036
1046 1047 1036
1047 1048 1036
1048 1049 1036
1049 1050 1036
1050 1051 1036
1051 1052 1036
1052 1053 1036
1053 1054 1036
1054 1034 1036
1041 1055 1042
1055 1056 1042
1042 1056 1043
1056 1057 1043
1043 1057 1044
1057 1058 1044
1044 1058 1045
1058 1059 1045
1045 1059 1060
1046 1045 1060
1046 1060 1061
1047 1046 1061
1047 1061 1062
1048 1047 1062
1048 1062 1063
1049 1048 1063
1049 1063 1064
1050 1049 1064
1050 1064 1065
1051 1050 1065
1051 1065 1066
1052 1051 1066
1052 1066 1067
1053 1052 1067
1053 1067 1054
1067 1068 1054
1054 1068 1034
1068 1069 1034
1034 1069 1035
1069 1070 1035
1035 1070 1071
1037 1035 1071
1037 1071 1072
1038 1037 1072
1038 1072 1073
1039 1038 1073
1039 1073 1074
1040 1039 1074
1040 1074 1055
1041 1040 1055
1075 1070 1069
1076 1075 1069
1075 1077 1070
1077 1071 1070
1077 1078 1071
1078 1072 1071
1078 1079 1072
1079 1073 1072
1079 1080 1073
1080 1074 1073
1080 1081 1074
1081 1055 1074
1055 1081 1056
1081 1082 1056
1056 1082 1057
1082 1083 1057
1057 1083 1058
1083 1084 1058
1058 1084 1059
1084 1085 1059
1059 1085 1060
1085 1086 1060
1060 1086 1061
1086 1087 1061
1061 1087 1062
1087 1088 1062
1062 1088 1063
1088 1089 1063
1063 1089 1064
1089 1090 1064
1064 1090 1065
1090 1091 1065
1065 1091 1066
1091 1092 1066
1066 1092 1067
1092 1093 1067
1093 1094 1067
1094 1068 1067
1094 1076 1068
1076 1069 1068
1095 1096 1097
1096 1098 1097
1098 1099 1097
1099 1100 1097
1100 1101 1097
1101 1102 1097
1102 1103 1097
1103 1104 1097
1104 1105 1097
1105 1106 1097
1106 1107 1097
1107 1108 1097
1108 1109 1097
1109 1110 1097
1110 1111 1097
1111 1112 1097
1112 1113 1097
1113 1114 1097
1114 1115 1097
1115 1095 1097
1116 1117 1118
1117 1119 1118
1119 1120 1118
1120 1121 1118
1121 1122 1118
1122 1123 1118
1123 1124 1118
1124 1125 1118
1125 1126 1118
1126 1127 1118
1127 1128 1118
1128 1129 1118
1129 1130 1118
1130 1131 1118
1131 1132 1118
1132 1133 1118
1133 1134 1118
1134 1116 1118
1135 1136 1137
1138 1135 1137
1138 1137 1139
1140 1138 1139
1140 1139 1141
1141 1139 1142
1141 1142 1143
1144 1141 1143
1145 1141 1144
1145 1140 1141
1146 1145 1144
1146 1144 1147
1148 1146 1147
1148 1147 1149
1147 1150 1149
1143 1150 1144
1150 1147 1144
1150 1151 1149
1152 1148 1149
1152 1149 1153
1149 1151 1153
1154 1152 1153
1154 1153 1155
1156 1154 1155
1157 1156 1155
1158 1157 1155
1159 1157 1158
1160 1159 1158
1161 1159 1160
1162 1161 1160
1158 1163 1160
1163 1164 1160
1160 1164 1162
1164 1165 1162
1155 1166 1158
1166 1163 1158
1153 1167 1155
1167 1166 1155
1151 1167 1153
1168 1169 1170
1169 1171 1170
1171 1169 1172
1173 1171 1172
1174 1173 1172
1175 1174 1172
1174 1176 1173
1174 1175 1177
1176 1174 1177
1175 1178 1177
1179 1177 1178
1180 1177 1179
1177 1180 1176
1181 1179 1178
1179 1182 1180
1182 1179 1183
1183 1179 1184
1179 1181 1184
1184 1185 1183
1185 1186 1183
1187 1183 1186
1183 1187 1182
1186 1188 1187
1188 1186 1189
1189 1186 1190
1186 1185 1190
1189 1190 1191
1192 1189 1191
1189 1193 1188
1193 1189 1192
1192 1194 1193
1192 1191 1195
1194 1192 1195
1191 1196 1195
1196 1197 1195
1197 1198 1195
1197 1199 1198
1199 1200 1198
1199 1201 1200
1201 1202 1200
1200 1202 1198
1202 1203 1198
1204 1195 1198
1195 1204 1194
1198 1203 1204
1139 1205 1142
1205 1139 1137
1136 1205 1137
1206 1207 1208
1207 1209 1208
1208 1209 1210
1209 1211 1210
1210 1211 1212
1211 1213 1212
1212 1213 1214
1213 1215 1214
1214 1215 1216
1215 1217 1216
1216 1217 1218
1217 1219 1218
1207 1206 1220
1221 1207 1220
1221 1220 1222
1223 1221 1222
1222 1224 1223
1224 1225 1223
1224 1226 1225
1226 1227 1225
1217 1228 1219
1228 1229 1219
1229 1230 1219
1230 1218 1219
1215 1231 1217
1231 1228 1217
1221 1223 1232
1233 1221 1232
1225 1234 1223
1234 1232 1223
1227 1234 1225
1207 1221 1233
1235 1207 1233
1207 1235 1209
1235 1236 1209
1209 1236 1211
1236 1237 1211
1211 1237 1213
1237 1238 1213
1213 1238 1215
1238 1231 1215
1239 1240 1241
1239 1241 1242
1243 1239 1242
1243 1242 1244
1245 1243 1244
1245 1244 1246
1247 1245 1246
1247 1246 1248
1249 1247 1248
1249 1248 1250
1248 1251 1250
1250 1251 1252
1251 1253 1252
1252 1253 1254
1253 1255 1254
1256 1254 1255
1256 1255 1257
1258 1256 1257
1258 1257 1259
1258 1259 1260
1259 1261 1260
1262 1260 1261
1263 1262 1261
1263 1264 1262
1264 1265 1262
1266 1267 1268
1269 1267 1266
1270 1267 1269
1268 1267 1270
1271 1270 1269
1271 1272 1270
1272 1273 1270
1272 1274 1273
1274 1275 1273
1273 1275 1276
1277 1273 1276
1270 1273 1277
1274 1278 1275
1278 1279 1275
1278 1280 1279
1280 1281 1279
1279 1281 1282
1283 1279 1282
1276 1275 1283
1275 1279 1283
1280 1284 1281
1284 1285 1281
1285 1284 1286
1287 1285 1286
1282 1281 1288
1281 1285 1288
1284 1289 1286
1289 1290 1286
1290 1289 1291
1291 1292 1290
1292 1293 1290
1290 1293 1286
1293 1292 1294
1295 1293 1294
1294 1296 1295
1289 1297 1291
1297 1289 1298
1298 1289 1284
1299 1297 1298
1298 1300 1299
1300 1298 1280
1301 1300 1280
1302 1300 1301
1303 1302 1301
1304 1302 1303
1305 1302 1304
1306 1305 1304
1306 1304 1307
1304 1308 1307
1308 1304 1309
1304 1310 1309
1310 1304 1303
1307 1308 1311
1308 1312 1311
1311 1312 1313
1313 1312 1314
1309 1314 1308
1314 1312 1308
1300 1302 1315
1302 1305 1315
1300 1315 1299
1316 1317 1287
1317 1318 1287
1317 1316 1319
1316 1320 1319
1285 1287 1318
1288 1285 1318
1320 1316 1295
1316 1293 1295
1286 1293 1316
1286 1316 1287
1320 1321 1319
1321 1322 1319
1295 1296 1320
1296 1323 1320
1296 1324 1323
1324 1325 1323
1325 1324 1326
1324 1327 1326
1328 1270 1277
1328 1268 1270
1329 1330 1331
1332 1330 1329
1333 1330 1332
1331 1330 1333
1334 1333 1332
1335 1333 1334
1333 1335 1336
1336 1331 1333
1335 1337 1336
1338 1335 1334
1339 1335 1338
1340 1339 1338
1341 1339 1340
1339 1341 1342
1343 1339 1342
1337 1335 1343
1335 1339 1343
1344 1341 1340
1345 1341 1344
1346 1345 1344
1347 1345 1346
1345 1347 1348
1342 1341 1348
1341 1345 1348
1347 1349 1348
1350 1347 1346
1351 1347 1350
1349 1347 1351
1352 1351 1350
1353 1351 1352
1351 1353 1354
1354 1349 1351
1353 1355 1354
1353 1356 1355
1356 1357 1355
1358 1356 1353
1359 1358 1353
1359 1353 1352
1358 1360 1356
1360 1361 1356
1357 1356 1361
1360 1362 1361
1362 1363 1361
1361 1363 1364
1364 1357 1361
1363 1365 1364
1280 1298 1284
1366 1367 1368
1367 1369 1368
1368 1369 1370
1369 1371 1370
1370 1371 1372
1371 1373 1372
1372 1373 1374
1373 1375 1374
1374 1375 1376
1377 1374 1376
1378 1377 1376
1379 1367 1366
1380 1379 1366
1380 1381 1379
1381 1382 1379
1367 1379 1383
1379 1384 1383
1379 1382 1384
1382 1385 1384
1382 1381 1386
1387 1382 1386
1385 1382 1388
1382 1387 1388
1387 1386 1389
1390 1387 1389
1388 1387 1390
1390 1389 1391
1392 1390 1391
1393 1392 1391
1393 1394 1392
1394 1393 1395
1393 1396 1395
1383 1397 1367
1397 1398 1367
1397 1399 1398
1399 1400 1398
1400 1399 1401
1399 1402 1401
1401 1402 1403
1402 1404 1403
1403 1404 1405
1406 1403 1405
1406 1405 1407
1408 1409 1410
1409 1411 1410
1408 1410 1412
1413 1408 1412
1413 1412 1414
1415 1413 1414
1415 1414 1416
1417 1415 1416
1417 1416 1418
1419 1417 1418
1419 1418 1420
1421 1419 1420
1420 1418 1422
1420 1422 1423
1421 1420 1423
1418 1424 1422
1418 1416 1424
1416 1425 1424
1416 1414 1425
1414 1426 1425
1414 1412 1426
1412 1427 1426
1412 1410 1427
1410 1428 1427
1410 1411 1428
1411 1429 1428
1430 1429 1411
1431 1430 1411
1432 1431 1411
1409 1432 1411
1433 1430 1431
1434 1433 1431
1431 1432 1434
1435 1433 1434
1436 1435 1434
1437 1435 1436
1438 1437 1436
1437 1438 1439
1438 1440 1439
1432 1441 1434
1436 1434 1442
1434 1441 1442
1438 1436 1442
1443 1444 1445
1446 1447 1448
1449 1446 1448
1449 1448 1450
1448 1447 1450
1451 1449 1450
1451 1450 1452
1450 1453 1452
1447 1453 1450
1453 1454 1452
1455 1451 1452
1456 1455 1452
1457 1456 1452
1452 1454 1457
1454 1458 1457
1457 1458 1459
1457 1459 1460
1457 1460 1456
1458 1461 1459
1461 1462 1459
1462 1463 1459
1463 1460 1459
1464 1465 1466
1465 1467 1466
1465 1468 1467
1468 1469 1467
1469 1468 1470
1468 1471 1470
1471 1472 1470
1473 1474 1475
1476 1473 1475
1476 1475 1477
1478 1476 1477
1474 1479 1475
1479 1477 1475
1477 1479 1480
1481 1477 1480
1481 1482 1477
1482 1478 1477
1481 1480 1483
1484 1481 1483
1482 1481 1484
1485 1482 1484
1483 1486 1484
1486 1487 1484
1484 1487 1485
1487 1488 1485
1489 1488 1487
1487 1486 1490
1491 1487 1490
1487 1491 1489
1490 1492 1491
1492 1493 1491
1493 1492 1494
1493 1494 1495
1493 1495 1496
1497 1496 1495
1495 1498 1497
1499 1497 1498
1498 1500 1499
1501 1499 1500
1500 1502 1501
1503 1501 1502
1502 1504 1503
1503 1504 1505
1506 1503 1505
1506 1505 1507
1508 1506 1507
1508 1507 1509
1510 1508 1509
1511 1510 1509
1496 1512 1493
1491 1493 1512
1512 1489 1491
1513 1514 1515
1514 1516 1515
1515 1516 1517
1518 1514 1513
1519 1518 1513
1520 1518 1519
1519 1521 1520
1522 1520 1521
1521 1523 1522
1524 1522 1523
1523 1525 1524
1525 1526 1524
1527 1526 1525
1527 1528 1526
1528 1527 1529
1529 1530 1528
1530 1529 1531
1531 1532 1530
1532 1531 1533
1534 1532 1533
1534 1533 1535
1536 1534 1535
1536 1535 1537
1538 1536 1537
1537 1539 1538
1539 1540 1538
1540 1539 1541
1542 1540 1541
1541 1543 1542
1543 1544 1542
1544 1543 1545
1546 1547 1548
1547 1549 1548
1550 1549 1547
1551 1550 1547
1551 1547 1552
1547 1553 1552
1553 1547 1546
1554 1553 1546
1548 1549 1555
1549 1550 1556
1549 1556 1555
1555 1556 1557
1556 1558 1557
1557 1558 1559
1558 1560 1559
1560 1561 1559
1562 1553 1554
1552 1553 1562
1563 1562 1554
1564 1552 1562
1564 1562 1565
1565 1562 1563
1566 1565 1563
1567 1565 1566
1568 1567 1566
1569 1565 1567
1565 1569 1564
1567 1570 1569
1571 1567 1568
1570 1567 1571
1571 1572 1570
1572 1571 1573
1573 1571 1574
1574 1571 1568
1575 1573 1574
1576 1573 1575
1577 1573 1576
1573 1577 1572
1578 1579 1580
1579 1581 1580
1581 1582 1580
1583 1579 1578
1584 1583 1578
1585 1583 1584
1586 1585 1584
1585 1586 1587
1588 1585 1587
1587 1589 1588
1589 1590 1588
1590 1589 1591
1592 1590 1591
1592 1591 1593
1594 1592 1593
1593 1595 1594
1595 1596 1594
1596 1595 1597
1598 1596 1597
1599 1596 1598
1600 1599 1598
1599 1601 1596
1600 1598 1602
1603 1600 1602
1603 1602 1604
1605 1603 1604
1605 1604 1606
1607 1605 1606
1607 1606 1608
1609 1607 1608
1609 1608 1610
1611 1609 1610
1610 1608 1612
1608 1613 1612
1613 1608 1606
1611 1610 1614
1614 1610 1612
1615 1611 1614
1616 1614 1612
1617 1614 1616
1615 1614 1617
1618 1617 1616
1619 1617 1618
1620 1619 1618
1621 1619 1620
1622 1619 1621
1622 1623 1619
1623 1617 1619
1623 1615 1617
1624 1613 1606
1606 1604 1624
1604 1625 1624
1604 1602 1625
1602 1626 1625
1626 1602 1598
1597 1626 1598
1627 1628 1629
1628 1630 1629
1631 1628 1627
1629 1630 1632
1630 1633 1632
1632 1633 1634
1633 1635 1634
1634 1635 1636
1635 1637 1636
1636 1637 1638
1637 1639 1638
1638 1639 1640
1640 1641 1638
1641 1640 1642
1642 1643 1641
1643 1642 1644
1644 1645 1643
1644 1646 1645
1644 1647 1646
1646 1648 1645
1649 1648 1646
1649 1650 1648
1651 1650 1649
1652 1651 1649
1653 1651 1652
1654 1653 1652
1655 1654 1652
1653 1654 1656
1654 1657 1656
1653 1656 1658
1659 1658 1656
1656 1657 1660
1656 1660 1659
1661 1659 1660
1657 1662 1660
1660 1662 1663
1660 1663 1661
1664 1661 1663
1662 1665 1663
1663 1665 1666
1663 1666 1664
1667 1664 1666
1665 1668 1666
1666 1668 1669
1666 1669 1667
1670 1667 1669
1671 1670 1669
1668 1671 1669
1658 1672 1653
1651 1653 1672
1672 1673 1651
1650 1651 1673
1673 1674 1650
1675 1676 1677
1678 1676 1675
1679 1676 1678
1677 1676 1679
1680 1679 1678
1681 1677 1679
1679 1682 1681
1682 1679 1680
1682 1683 1681
1680 1684 1682
1682 1685 1683
1685 1682 1684
1685 1686 1683
1684 1687 1685
1688 1685 1687
1686 1685 1688
1687 1689 1688
1690 1688 1689
1691 1686 1688
1688 1690 1691
1690 1692 1691
1689 1693 1690
1692 1690 1694
1690 1695 1694
1695 1690 1693
1694 1695 1696
1695 1697 1696
1697 1695 1698
1693 1698 1695
1698 1699 1697
1700 1697 1699
1701 1700 1699
1696 1697 1702
1697 1700 1702
1703 1702 1700
1704 1703 1700
1703 1704 1705
1704 1706 1705
1705 1706 1707
1706 1708 1707
1708 1709 1707
1710 1711 1712
1711 1713 1712
1714 1710 1712
1711 1715 1713
1715 1716 1713
1715 1717 1716
1717 1718 1716
1718 1717 1719
1720 1718 1719
1720 1719 1721
1721 1719 1722
1723 1721 1722
1723 1722 1724
1725 1723 1724
1726 1725 1724
1727 1728 1729
1730 1729 1728
1731 1730 1728
1732 1730 1731
1733 1732 1731
1733 1734 1732
1734 1735 1732
1734 1736 1735
1736 1737 1735
1736 1738 1737
1738 1739 1737
1740 1741 1742
1741 1743 1742
1744 1741 1740
1745 1744 1740
1742 1743 1746
1743 1747 1746
1746 1747 1748
1747 1749 1748
1750 1748 1749
1751 1750 1749
1752 1744 1745
1753 1752 1745
1754 1752 1753
1755 1754 1753
1756 1754 1755
1757 1750 1751
1758 1757 1751
1758 1751 1759
1758 1759 1760
1761 1757 1758
1762 1761 1758
1763 1762 1758
1758 1760 1763
1764 1761 1762
1765 1764 1762
1766 1765 1762
1762 1763 1766
1765 1766 1767
1767 1768 1765
1768 1767 1769
1769 1770 1768
1770 1769 1771
1771 1772 1770
1772 1771 1773
1774 1770 1772
1768 1770 1774
1775 1774 1772
1775 1772 1776
1772 1777 1776
1773 1777 1772
1778 1777 1773
1776 1777 1778
1779 1768 1774
1764 1765 1779
1765 1768 1779
1780 1781 1782
1782 1781 1783
1784 1782 1783
1784 1783 1785
1786 1784 1785
1785 1787 1786
1787 1788 1786
1788 1787 1789
1787 1790 1789
1789 1790 1791
1790 1792 1791
1791 1792 1793
1792 1794 1793
1793 1794 1795
1794 1796 1795
1795 1796 1797
1796 1798 1797
1797 1798 1799
1798 1800 1799
1799 1800 1801
1800 1802 1801
1801 1802 1803
1802 1804 1803
1803 1804 1805
1804 1806 1805
1805 1806 1807
1806 1808 1807
1807 1808 1809
1808 1810 1809
1810 1811 1809
1811 1812 1809
1812 1811 1813
1814 1812 1813
1813 1815 1814
1815 1816 1814
1816 1815 1817
1818 1819 1820
1819 1821 1820
1822 1821 1819
1820 1821 1823
1821 1824 1823
1824 1821 1822
1818 1820 1825
1826 1818 1825
1826 1825 1827
1828 1826 1827
1827 1825 1829
1825 1830 1829
1823 1830 1820
1830 1825 1820
1831 1828 1827
1827 1832 1831
1833 1831 1832
1832 1834 1833
1834 1832 1835
1832 1836 1835
1829 1836 1827
1836 1832 1827
1837 1833 1834
1834 1838 1837
1839 1837 1838
1838 1840 1839
1841 1839 1840
1840 1842 1841
1835 1843 1834
1843 1838 1834
1842 1840 1844
1840 1845 1844
1843 1845 1838
1845 1840 1838
1841 1842 1846
1847 1841 1846
1844 1848 1842
1848 1846 1842
1847 1846 1849
1850 1847 1849
1851 1849 1846
1846 1848 1851
1849 1851 1852
1850 1849 1853
1852 1853 1849
1854 1850 1853
1853 1852 1855
1855 1856 1853
1854 1853 1856
1856 1857 1854
1856 1855 1858
1858 1859 1856
1857 1856 1859
1859 1860 1857
1859 1858 1861
1861 1862 1859
1860 1859 1862
1862 1863 1860
1862 1861 1864
1864 1865 1862
1863 1862 1865
1865 1864 1866
1866 1867 1865
1868 1867 1866
1869 1867 1868
1870 1869 1868
1870 1868 1871
1871 1868 1872
1872 1868 1866
1867 1869 1873
1873 1865 1867
1865 1873 1863
1874 1780 1875
1874 1875 1876
1877 1874 1876
1877 1876 1878
1879 1877 1878
1880 1879 1878
1881 1880 1878
1882 1880 1881
1883 1882 1881
1884 1882 1883
1885 1884 1883
1886 1884 1885
1887 1886 1885
1888 1886 1887
1889 1888 1887
1890 1888 1889
1891 1890 1889
1892 1890 1891
1893 1892 1891
1892 1893 1894
1895 1896 1897
1896 1898 1897
1899 1896 1895
1900 1899 1895
1901 1899 1900
1902 1901 1900
1903 1901 1902
1904 1903 1902
1903 1904 1905
1904 1906 1905
1897 1898 1907
1898 1908 1907
1907 1908 1909
1908 1910 1909
1909 1910 1911
1910 1912 1911
1912 1913 1911
1906 1914 1905
1906 1915 1914
1915 1916 1914
1916 1915 1917
1917 1918 1916
1918 1917 1919
1919 1920 1918
1920 1919 1921
1921 1922 1920
1922 1921 1923
1923 1924 1922
1924 1923 1925
1923 1926 1925
1926 1927 1925
