byte offset: 0
first index: 0
index count: 11943
topology: trianglelist
format: DXGI_FORMAT_R16_UINT

0 1 2
3 1 0
4 1 3
5 1 4
6 1 5
7 1 6
8 1 7
9 1 8
10 1 9
11 1 10
12 1 11
13 1 12
14 1 13
15 1 14
16 1 15
17 1 16
18 1 17
19 1 18
20 1 19
2 1 20
21 22 23
24 21 23
25 24 23
26 25 23
27 26 23
28 27 23
29 28 23
30 29 23
31 30 23
32 31 23
33 32 23
34 33 23
35 34 23
36 35 23
37 36 23
38 37 23
39 38 23
40 39 23
41 40 23
22 41 23
42 43 44
42 45 43
42 46 45
42 47 46
42 48 47
42 49 48
42 50 49
42 51 50
42 52 51
42 53 52
42 54 53
42 55 54
42 56 55
42 57 56
42 58 57
42 59 58
42 60 59
42 61 60
42 62 61
42 44 62
63 64 65
64 63 66
65 67 63
67 65 68
68 69 67
69 68 70
70 71 69
71 70 72
72 73 71
73 72 74
74 75 73
75 74 76
77 75 76
75 77 78
79 78 77
78 79 80
81 80 79
80 81 82
83 82 81
82 83 84
85 84 83
84 85 86
87 86 85
86 87 88
89 88 87
88 89 90
91 90 89
90 91 92
93 92 91
92 93 94
93 95 94
95 93 96
96 97 95
97 96 98
99 97 98
97 99 100
101 100 99
100 101 102
101 66 102
66 101 64
103 104 105
103 106 104
106 103 107
103 108 107
108 103 109
107 110 106
110 107 111
108 111 107
111 108 112
112 113 111
113 110 111
113 112 114
112 115 114
115 112 116
115 117 114
114 117 118
117 115 119
120 117 119
117 120 121
120 122 121
122 116 112
108 122 112
109 122 108
122 109 121
122 120 123
116 122 123
124 119 115
116 124 115
119 124 125
123 126 116
124 116 126
126 123 127
123 128 127
128 123 120
119 128 120
128 119 125
129 128 125
129 124 126
124 129 125
127 129 126
128 129 127
117 121 130
118 117 130
131 118 130
132 130 121
133 130 132
133 131 130
131 133 134
132 121 135
136 133 132
133 136 137
134 133 137
138 132 135
136 132 138
138 135 139
139 140 138
138 140 141
138 141 136
136 141 142
136 142 137
139 135 143
135 109 143
134 137 144
145 144 137
142 145 137
145 146 144
147 134 144
148 134 147
148 147 149
147 150 149
151 148 149
150 152 149
152 151 149
150 153 152
153 154 152
153 155 154
155 156 154
156 155 157
155 153 158
159 154 156
154 159 152
159 151 152
159 156 160
161 159 160
161 160 162
161 162 163
164 163 162
163 164 165
166 165 164
165 166 167
158 153 168
169 158 168
170 169 168
171 169 170
170 172 171
171 172 173
174 158 169
175 174 169
171 175 169
175 171 176
171 173 176
155 158 174
173 177 176
170 178 172
178 170 179
170 168 179
168 150 179
150 180 179
147 180 150
147 144 180
180 181 179
181 178 179
180 146 181
146 180 144
155 174 182
182 157 155
157 182 183
184 183 182
183 184 185
186 185 184
185 186 187
188 187 186
187 188 189
190 184 182
191 186 184
191 188 186
191 184 190
191 190 192
188 191 193
193 191 194
194 191 192
195 194 192
196 194 195
197 196 195
198 193 194
196 198 194
198 199 193
193 199 200
188 200 189
193 200 188
177 197 195
177 195 176
176 195 192
192 175 176
190 175 192
175 190 174
174 190 182
196 197 201
198 196 202
196 201 202
202 201 203
204 200 199
199 205 204
199 198 205
205 198 202
205 206 204
206 205 207
208 207 205
208 205 202
202 203 208
208 209 207
209 208 210
210 211 209
211 210 212
208 203 213
208 213 210
207 214 206
214 207 209
215 210 213
210 215 212
209 216 214
216 209 211
215 217 212
217 215 218
212 219 211
219 212 217
217 220 219
220 217 221
218 221 217
222 219 220
219 222 223
211 223 216
223 211 219
221 218 224
225 214 216
214 225 226
225 227 226
228 226 227
226 228 229
230 229 228
227 225 231
232 231 225
231 232 233
234 233 232
223 234 232
234 223 222
233 234 235
206 226 229
206 229 204
226 206 214
216 232 225
232 216 223
235 234 236
237 235 236
222 236 234
236 222 238
238 239 236
239 237 236
239 238 240
241 240 238
240 241 242
243 242 241
242 243 244
244 245 242
245 244 246
247 245 246
248 246 244
246 248 249
242 250 240
250 242 245
250 239 240
246 249 251
246 251 247
245 252 250
252 245 253
247 253 245
247 254 253
254 247 255
255 256 254
256 255 257
257 258 256
258 257 259
259 260 258
260 259 261
261 262 260
262 261 263
263 264 262
264 263 265
266 264 265
253 267 252
267 253 254
254 268 267
268 254 256
256 269 268
269 256 258
260 269 258
261 270 263
268 271 267
267 271 272
271 273 272
274 272 273
272 274 275
273 271 276
271 277 276
268 277 271
250 272 275
239 250 275
272 250 252
267 272 252
268 278 277
278 268 269
278 279 277
277 279 276
279 278 280
281 280 278
280 281 282
283 282 281
282 283 284
285 284 283
284 285 286
287 286 285
286 287 288
287 289 288
289 287 290
285 291 287
291 285 292
292 285 283
293 291 292
292 283 294
294 283 281
264 292 294
293 292 264
294 281 295
294 295 260
260 262 294
264 294 262
260 295 269
295 278 269
295 281 278
296 291 293
293 297 296
297 293 266
266 293 264
266 298 297
298 266 299
297 300 296
298 300 297
300 301 296
300 298 302
300 290 301
291 296 301
290 300 289
303 298 299
298 303 302
301 287 291
287 301 290
304 303 299
265 304 299
265 299 266
303 304 305
305 304 306
304 307 306
307 308 306
307 309 308
309 307 270
310 309 270
261 310 270
304 263 307
304 265 263
263 270 307
259 310 261
259 311 310
257 311 259
257 312 311
255 312 257
255 313 312
247 313 255
247 251 313
314 315 316
315 314 317
317 318 315
318 317 319
317 320 319
320 317 321
321 317 314
319 322 318
322 319 320
323 322 320
321 323 320
324 322 323
325 322 324
321 326 323
326 324 323
326 327 324
327 328 324
328 325 324
328 329 325
328 330 329
330 328 331
327 331 328
331 327 332
326 321 333
321 334 333
335 333 334
335 336 333
337 335 334
338 336 335
339 338 335
337 339 335
338 340 336
338 339 341
338 341 342
340 338 342
342 341 343
342 343 344
344 345 342
346 342 345
346 340 342
344 347 345
348 340 346
340 348 349
340 349 336
336 349 350
347 344 351
352 347 351
348 353 349
348 354 353
349 353 355
349 355 350
356 353 354
357 353 356
357 355 353
358 357 356
354 348 359
348 346 359
359 346 345
359 345 360
347 360 345
347 361 360
361 347 362
363 361 362
361 363 364
364 365 361
365 360 361
360 365 366
360 366 359
366 354 359
362 367 363
367 362 368
369 368 362
370 367 368
370 368 371
368 369 371
372 371 369
373 371 372
371 374 370
375 370 374
376 375 374
377 370 375
377 367 370
375 378 377
375 376 378
377 378 379
371 380 374
373 380 371
377 381 367
377 379 381
381 363 367
381 382 363
383 382 381
379 383 381
383 384 382
384 385 382
382 385 364
363 382 364
385 384 386
387 364 385
385 386 387
386 388 387
388 389 387
389 388 390
389 365 387
387 365 364
391 365 389
389 390 391
390 392 391
392 393 391
392 394 393
393 366 391
391 366 365
393 354 366
394 356 393
356 354 393
394 358 356
395 357 358
357 395 396
395 331 396
331 395 330
355 357 396
332 355 396
332 396 331
355 332 350
397 350 332
350 397 333
336 350 333
397 326 333
397 327 326
327 397 332
398 399 400
399 398 401
402 400 399
400 402 403
400 404 398
405 398 404
404 406 405
407 405 406
405 407 408
406 404 409
410 409 404
404 400 410
403 410 400
409 410 411
412 411 410
410 403 412
413 412 403
412 413 414
415 414 413
414 415 416
414 417 412
411 412 417
417 414 418
416 418 414
419 416 415
415 420 419
420 415 421
413 421 415
422 419 420
419 422 423
424 423 422
423 424 425
426 425 424
425 426 427
428 427 426
427 428 429
430 429 428
429 430 431
432 431 430
431 432 433
434 433 432
433 434 435
436 435 434
435 436 437
436 438 437
438 436 439
427 440 425
441 425 440
440 442 441
442 440 443
444 443 440
443 444 445
446 445 444
445 446 447
448 447 446
447 448 449
450 449 448
449 450 451
450 452 451
452 450 453
454 441 442
441 454 455
456 455 454
455 456 416
456 457 416
416 419 455
423 455 419
455 423 441
425 441 423
448 433 450
433 448 431
450 435 453
435 450 433
437 453 435
452 453 458
437 459 453
437 460 459
460 437 438
461 460 438
439 461 438
418 416 457
446 431 448
431 446 429
444 429 446
429 444 427
440 427 444
462 463 464
463 462 465
465 462 466
467 466 462
466 467 468
469 468 467
467 470 469
470 467 471
471 462 464
462 471 467
468 469 472
472 473 468
473 466 468
466 473 474
465 466 474
475 465 474
474 473 476
476 473 477
478 473 472
472 479 478
479 472 480
469 480 472
481 479 480
482 475 474
482 474 476
483 482 476
483 476 477
484 482 483
482 484 485
485 475 482
475 485 486
486 465 475
465 486 463
487 463 486
485 487 486
463 487 104
104 464 463
464 104 106
106 471 464
471 106 110
488 471 110
110 113 488
113 167 488
167 113 165
471 488 470
488 489 470
489 488 167
489 469 470
469 489 480
167 481 489
481 480 489
481 167 166
487 105 104
113 163 165
113 114 163
114 161 163
114 490 161
114 118 490
159 161 490
151 159 490
490 118 491
151 490 491
151 491 148
131 148 491
118 131 491
148 131 134
492 143 105
139 143 492
492 493 139
139 493 140
492 494 493
494 492 495
492 105 495
494 495 496
143 103 105
109 103 143
105 497 495
497 105 487
487 485 497
484 497 485
497 484 498
498 495 497
495 498 496
135 121 109
499 244 243
244 499 248
243 224 499
224 243 221
241 221 243
221 241 220
238 220 241
220 238 222
500 501 374
374 501 502
500 503 501
408 503 500
500 504 408
504 405 408
398 405 504
504 401 398
401 504 505
505 504 506
504 500 380
504 380 506
380 500 374
380 373 506
503 408 407
502 376 374
421 413 507
403 507 413
507 403 402
275 274 237
239 275 237
153 150 168
316 508 334
508 337 334
316 334 314
321 314 334
200 229 230
200 204 229
189 200 230
352 369 347
372 369 352
369 362 347
509 510 511
509 512 510
509 513 512
509 514 513
509 515 514
509 516 515
509 517 516
509 518 517
509 519 518
509 520 519
509 521 520
509 511 521
510 512 522
512 523 522
512 513 524
512 524 523
513 525 524
513 514 525
514 526 525
514 515 527
514 527 526
515 528 527
515 516 529
515 529 528
516 530 529
516 517 530
517 531 530
517 532 531
517 518 532
518 533 532
518 534 533
519 535 534
520 536 535
537 522 523
522 537 538
539 523 524
523 539 537
524 540 539
540 524 525
525 541 540
541 525 526
527 541 526
541 527 542
528 542 527
542 528 543
529 543 528
543 529 544
529 545 544
545 529 530
530 546 545
546 530 531
531 547 546
547 531 532
532 548 547
548 532 533
542 543 549
550 544 545
544 550 551
551 543 544
552 551 550
551 552 553
553 554 551
550 555 552
555 550 556
545 556 550
556 545 546
556 557 555
557 556 558
546 558 556
558 546 547
558 559 557
559 558 560
560 547 548
560 558 547
561 553 552
553 561 562
563 552 555
552 563 561
557 563 555
563 557 564
559 564 557
564 559 565
566 563 564
563 566 567
567 561 563
564 565 568
564 568 566
569 567 566
566 570 569
570 566 571
568 571 566
567 569 572
573 567 572
567 573 574
561 567 574
575 570 571
570 575 576
577 569 570
576 577 570
569 577 578
578 572 569
572 578 579
577 576 580
581 572 579
572 581 573
582 574 573
583 582 573
583 573 581
584 583 581
574 582 585
581 579 586
587 578 577
580 587 577
578 587 588
578 589 579
589 578 588
586 579 589
587 580 590
585 582 591
585 561 574
561 585 562
511 592 593
511 593 594
592 595 593
595 592 596
592 538 596
538 592 522
597 593 595
593 597 594
598 594 597
594 598 599
521 594 599
521 511 594
521 599 600
601 599 598
599 601 600
602 600 601
600 602 536
520 600 536
520 521 600
603 536 602
536 603 535
604 535 603
535 604 534
534 604 548
605 548 604
548 605 606
607 606 605
606 607 608
605 609 607
609 605 610
604 610 605
610 604 603
610 611 609
611 610 612
603 612 610
612 603 602
612 613 611
613 612 614
614 615 613
615 614 616
617 615 616
615 617 618
619 618 617
618 619 620
621 620 619
620 621 622
623 622 621
622 624 620
624 622 625
626 625 622
623 626 622
625 626 627
628 613 615
613 628 629
630 615 618
615 630 628
620 630 618
630 620 624
631 625 627
625 631 632
632 624 625
633 631 627
631 633 634
635 629 628
629 635 636
636 637 629
611 629 637
637 609 611
609 637 638
638 607 609
607 638 639
607 639 640
629 611 613
637 636 641
641 638 637
638 641 642
638 642 643
639 638 643
643 644 639
644 640 639
644 568 640
636 645 641
645 636 646
646 647 645
648 645 647
647 649 648
650 648 649
648 650 651
652 651 650
651 652 653
654 653 652
653 654 655
649 647 656
657 656 647
647 646 657
656 657 658
659 658 657
658 659 660
659 661 660
661 659 662
662 663 661
663 662 664
664 665 663
665 664 666
667 666 664
666 667 668
668 669 666
669 668 670
657 671 659
671 657 646
672 659 671
659 672 662
672 664 662
664 672 667
668 673 670
673 668 674
667 674 668
673 675 670
675 673 676
646 635 671
635 646 636
677 671 635
671 677 672
628 677 635
677 628 630
630 678 677
678 630 624
624 632 678
676 679 675
680 675 679
681 680 679
681 682 680
675 680 683
684 681 679
679 676 685
685 684 679
682 686 680
686 683 680
683 686 687
686 688 687
688 686 689
690 689 686
682 690 686
689 691 688
692 688 691
691 693 692
694 692 693
695 694 693
696 694 695
697 696 695
697 695 698
695 693 698
697 698 699
697 699 700
697 700 701
697 701 702
697 702 703
697 703 704
697 704 705
697 705 706
697 706 707
697 707 696
698 693 708
698 708 709
698 709 699
699 709 710
699 710 700
702 711 703
702 712 711
701 712 702
701 713 712
701 714 713
700 714 701
700 715 714
710 715 700
703 716 704
703 717 716
711 717 703
704 718 705
704 719 718
716 719 704
705 720 706
718 720 705
706 721 707
706 722 721
708 723 709
723 708 691
709 724 710
724 709 723
725 714 715
725 710 724
710 725 715
714 725 726
726 713 714
713 726 727
727 712 713
712 727 728
729 712 728
712 729 711
730 711 729
711 730 717
731 717 730
717 731 716
732 716 731
716 732 719
719 732 718
726 733 727
728 734 729
734 728 735
735 728 727
735 736 734
736 735 737
737 735 738
739 734 736
734 739 740
741 740 739
740 741 742
737 743 736
736 744 739
744 741 739
744 736 745
743 745 736
741 744 746
744 747 746
747 744 748
745 748 744
748 749 747
750 747 749
747 750 751
749 748 752
748 753 752
753 748 754
748 745 754
750 755 751
755 750 756
749 757 750
757 756 750
757 749 758
752 758 749
758 752 759
756 757 760
752 761 759
761 752 753
754 762 753
763 753 762
763 761 753
764 761 763
762 754 765
761 766 759
758 767 757
767 760 757
767 758 768
758 769 768
769 758 759
766 769 759
760 767 770
765 771 762
765 745 743
745 765 754
772 773 774
775 773 772
775 776 773
633 773 776
773 633 777
777 774 773
776 775 778
774 777 779
776 634 633
634 776 780
780 776 778
627 777 633
777 627 626
626 779 777
779 626 623
781 772 774
782 774 779
774 782 783
783 781 774
783 782 537
782 538 537
538 782 784
784 779 623
779 784 782
784 596 538
596 784 621
784 623 621
619 596 621
596 619 595
617 595 619
595 617 597
616 597 617
597 616 598
614 598 616
598 614 601
614 602 601
602 614 612
783 537 539
540 785 539
785 786 539
539 786 783
786 781 783
787 785 540
788 785 787
789 788 787
787 540 541
542 787 541
787 542 790
789 787 790
790 791 789
790 792 791
549 792 790
542 549 790
792 549 793
794 793 549
793 794 554
554 795 793
793 795 792
794 551 554
543 551 794
549 543 794
707 796 797
707 797 696
798 797 796
796 799 798
799 796 721
721 796 707
721 800 799
800 721 722
722 801 800
801 722 720
720 802 801
802 720 718
797 798 803
803 804 797
797 804 696
804 803 805
805 694 804
696 804 694
694 805 806
692 694 806
663 806 805
806 663 665
807 806 665
806 807 692
807 665 808
802 649 801
649 802 650
732 650 802
732 802 718
650 732 652
652 732 654
661 805 803
805 661 663
803 660 661
688 692 807
687 807 808
807 687 688
669 687 808
687 669 683
670 683 669
683 670 675
666 669 808
665 666 808
732 731 654
731 742 654
730 742 731
742 730 740
729 740 730
740 729 734
798 658 660
658 798 799
800 658 799
658 800 656
801 656 800
656 801 649
660 803 798
655 742 741
746 655 741
655 746 809
809 653 655
653 809 810
653 810 651
811 810 809
746 811 809
812 810 811
810 813 651
813 810 812
814 651 813
651 814 648
645 648 814
814 641 645
641 814 815
816 813 812
816 815 814
813 816 814
746 747 811
812 811 817
751 817 811
747 751 811
817 751 755
693 691 708
689 723 691
818 723 689
723 818 819
690 818 689
724 723 819
820 724 819
821 820 819
822 820 821
822 823 820
726 820 823
820 726 725
820 725 724
823 822 824
823 824 825
825 733 823
726 823 733
733 825 826
826 827 733
827 826 738
738 826 828
826 825 828
827 738 735
727 827 735
727 733 827
829 672 677
672 829 667
674 667 829
608 607 640
565 608 640
565 640 568
608 565 559
560 608 559
608 560 606
606 560 548
533 534 548
830 571 568
571 830 575
644 830 568
518 519 534
519 520 535
742 655 654
511 510 592
510 522 592
720 722 706
831 832 833
832 831 834
835 833 832
836 835 832
834 836 832
835 836 837
833 835 838
837 839 835
839 838 835
839 837 840
838 839 841
842 839 840
839 842 843
843 841 839
844 843 842
843 844 845
845 846 843
841 843 846
846 845 847
845 848 847
848 845 849
844 849 845
836 834 850
849 844 851
834 852 850
852 834 853
831 853 834
853 831 854
855 856 857
855 858 856
855 859 858
858 860 856
856 860 861
858 862 860
862 858 863
859 863 858
863 864 862
863 865 864
865 863 859
866 865 859
855 866 859
855 867 866
865 866 868
867 869 866
869 868 866
870 869 867
871 862 864
871 860 862
872 864 865
864 872 873
865 874 872
874 865 868
868 875 874
875 868 869
876 861 860
860 871 876
877 875 869
870 877 869
870 878 877
879 878 870
867 879 870
878 879 880
881 880 879
857 881 879
881 882 880
883 880 882
875 877 884
875 884 885
875 885 886
875 886 874
887 886 885
883 888 880
888 878 880
889 877 878
878 888 889
855 857 879
855 879 867
887 890 886
890 891 886
872 886 891
886 872 874
872 891 873
892 887 885
893 894 895
894 893 896
896 897 894
897 898 894
898 895 894
898 897 899
897 896 900
901 899 897
900 901 897
899 901 902
901 900 903
901 904 902
904 901 905
903 905 901
905 906 904
906 905 907
908 907 905
905 903 908
907 908 909
910 907 909
907 910 911
911 906 907
906 911 912
895 898 913
914 895 913
895 914 915
915 893 895
893 915 916
917 918 919
917 919 920
917 920 921
920 919 922
919 923 922
924 920 922
920 924 925
921 920 925
925 924 926
926 921 925
921 926 927
927 928 921
917 921 928
917 928 929
928 927 930
929 928 931
931 928 930
932 929 931
933 926 924
922 933 924
934 927 926
927 934 935
927 936 930
936 927 935
930 937 931
937 930 936
938 922 923
933 922 938
937 939 931
932 931 939
932 939 940
940 941 932
929 932 941
941 940 942
943 941 942
918 941 943
943 942 944
945 944 942
939 937 946
937 947 946
937 948 947
937 936 948
949 947 948
945 942 950
940 950 942
951 940 939
950 940 951
917 941 918
917 929 941
949 948 952
952 948 953
935 953 948
948 936 935
935 934 953
954 947 949
955 956 957
958 956 955
959 956 958
960 957 956
961 960 956
962 961 956
963 962 956
964 963 956
965 964 956
966 965 956
967 966 956
968 967 956
956 959 969
970 956 969
971 956 970
972 956 971
973 956 972
956 973 974
975 956 974
976 956 975
977 956 976
977 978 956
978 979 956
979 968 956
980 981 982
981 980 983
984 982 981
982 984 985
981 986 984
986 981 987
983 987 981
987 983 988
988 989 987
989 988 990
988 991 990
991 988 992
983 992 988
992 983 993
980 993 983
993 980 994
994 995 993
995 994 996
997 982 985
982 997 998
999 998 997
998 999 1000
1001 1000 999
1000 1001 1002
994 1003 996
1003 994 1004
1004 1005 1003
1005 1004 1006
1000 1007 998
1007 1006 1004
994 1007 1004
980 998 1007
1007 994 980
998 980 982
1007 1000 1008
1006 1007 1008
1002 1008 1000
996 1009 995
1010 995 1009
995 1010 1011
1012 1010 1009
1010 1012 1013
1013 1014 1010
1014 1013 1015
1009 1016 1012
1016 1009 1017
1017 1018 1016
1018 1017 1019
1019 1020 1018
1020 1019 1021
1009 996 1017
996 1019 1017
1010 1022 1011
1022 1010 1014
1003 1021 1019
1019 996 1003
1021 1003 1005
1022 992 1011
992 1022 991
1014 1023 1022
1022 1023 991
1023 1024 991
1025 1024 1023
1024 1025 1026
1027 1026 1025
1026 1027 1028
1028 1029 1026
1029 1028 1030
1031 1029 1030
1029 1031 1032
1033 1032 1031
1032 1033 1034
1034 1035 1032
1035 1034 1036
1032 1037 1029
1037 1032 1035
1026 1037 1024
1037 1026 1029
1035 990 1037
990 1024 1037
990 1035 989
989 1035 1036
1024 990 991
1038 1036 1034
1036 1038 1039
1036 1039 989
1038 986 1039
986 1038 1040
1041 1040 1038
1041 1034 1033
1034 1041 1038
1040 1041 1042
1042 1043 1040
1043 1042 1044
1045 1043 1044
1043 1045 1046
1047 1046 1045
1046 1047 1048
1049 1048 1047
1048 1049 1050
1049 1051 1050
1051 1049 1052
985 1043 1046
1043 985 984
1040 984 986
984 1040 1043
1046 997 985
997 1046 1048
1050 997 1048
997 1050 999
1050 1001 999
1001 1050 1051
1052 1053 1051
1053 1052 1054
1055 1053 1054
1053 1055 1056
1055 1057 1056
1057 1055 1058
1059 1057 1058
1057 1059 1060
1061 1060 1059
1060 1061 1062
1063 1062 1061
1062 1063 1064
1065 1053 1056
1053 1065 1066
1056 1067 1065
1067 1056 1057
1060 1067 1057
1068 1065 1067
1065 1068 1002
1066 1065 1002
1069 1068 1067
1067 1060 1069
1062 1069 1060
1068 1069 1070
1069 1062 1071
1064 1071 1062
1070 1069 1071
1070 1071 1072
1071 1064 1072
1008 1002 1068
1070 1008 1068
1008 1070 1006
1072 1006 1070
1001 1066 1002
1051 1066 1001
1066 1051 1053
1064 1005 1072
1006 1072 1005
1005 1064 1021
1063 1021 1064
1021 1063 1020
1073 1074 1075
1074 1073 1076
1077 1075 1074
1075 1077 1078
1079 1078 1077
1078 1079 1080
1076 1081 1074
1081 1076 1082
1074 1083 1077
1083 1074 1081
1077 1084 1079
1084 1077 1083
1085 1076 1073
1076 1085 1086
1087 1086 1085
1086 1087 1088
1087 1089 1088
1089 1087 1090
1091 1076 1086
1076 1091 1082
1092 1086 1088
1086 1092 1091
1093 1088 1089
1088 1093 1092
1090 1094 1089
1094 1090 1095
1095 1096 1094
1096 1095 1097
1097 1098 1096
1098 1097 1099
1099 1100 1098
1100 1099 1101
1102 1100 1101
1100 1102 1103
1104 1103 1102
1103 1104 1105
1106 1094 1096
1094 1106 1107
1108 1096 1098
1096 1108 1106
1100 1108 1098
1108 1100 1109
1103 1109 1100
1109 1103 1110
1105 1110 1103
1110 1105 1111
1112 1111 1105
1111 1112 1113
1114 1113 1112
1115 1114 1112
1115 1105 1104
1105 1115 1112
1114 1115 1116
1116 1117 1114
1117 1116 1118
1118 1119 1117
1119 1118 1120
1120 1121 1119
1121 1120 1122
1122 1123 1121
1123 1122 1124
1125 1121 1123
1121 1125 1126
1126 1119 1121
1119 1126 1127
1127 1117 1119
1117 1127 1128
1113 1114 1129
1117 1129 1114
1129 1117 1128
1123 1130 1125
1130 1123 1131
1124 1131 1123
1131 1132 1130
1132 1131 1133
1134 1133 1131
1131 1124 1134
1133 1134 1135
1136 1133 1135
1133 1136 1137
1138 1133 1137
1133 1138 1132
1139 1140 1141
1140 1139 1142
1143 1141 1140
1141 1143 1144
1142 1145 1140
1145 1142 1146
1140 1147 1143
1147 1140 1145
1079 1146 1142
1146 1079 1084
1142 1080 1079
1080 1142 1139
1039 987 989
987 1039 986
993 1011 992
1011 993 995
1089 1107 1093
1107 1089 1094
1023 1014 1025
1015 1025 1014
1025 1015 1027
1148 1149 1150
1149 1148 1151
1152 1150 1149
1150 1152 1153
1154 1153 1152
1153 1154 1155
1154 1156 1155
1157 1151 1148
1151 1157 1158
1159 1158 1157
1158 1159 1160
1161 1160 1159
1160 1161 1162
1163 1151 1158
1164 1163 1158
1164 1165 1163
1165 1164 1166
1166 1167 1165
1167 1166 1168
1169 1167 1168
1167 1169 1170
1171 1170 1169
1170 1171 1172
1173 1167 1170
1167 1173 1174
1174 1165 1167
1170 1175 1173
1175 1170 1172
1176 1175 1172
1171 1176 1172
1165 1174 1177
1178 1168 1166
1178 1179 1168
1179 1178 1180
1180 1178 1181
1178 1182 1181
1182 1178 1166
1183 1181 1182
1181 1183 1184
1184 1185 1181
1185 1180 1181
1185 1184 1186
1166 1187 1182
1187 1166 1164
1187 1164 1188
1164 1158 1188
1158 1189 1188
1189 1158 1160
1160 1190 1189
1190 1160 1162
1191 1187 1188
1187 1191 1192
1193 1188 1189
1188 1193 1191
1193 1189 1190
1193 1190 1194
1195 1193 1194
1196 1195 1194
1195 1196 1197
1197 1198 1195
1198 1197 1199
1199 1200 1198
1200 1199 1201
1202 1200 1201
1200 1202 1203
1193 1204 1191
1204 1192 1191
1204 1195 1198
1195 1204 1193
1205 1200 1203
1200 1205 1206
1192 1204 1206
1206 1198 1200
1198 1206 1204
1192 1206 1207
1205 1207 1206
1207 1187 1192
1187 1207 1182
1207 1183 1182
1208 1203 1202
1203 1208 1209
1210 1209 1208
1209 1210 1211
1210 1212 1211
1213 1209 1211
1212 1213 1211
1212 1214 1213
1209 1213 1215
1214 1215 1213
1215 1214 1216
1205 1216 1207
1216 1205 1215
1215 1203 1209
1203 1215 1205
1217 1218 1219
1219 1220 1217
1220 1219 1221
1219 1222 1221
1222 1219 1223
1218 1223 1219
1221 1186 1220
1186 1221 1185
1221 1224 1185
1224 1221 1222
1180 1185 1224
1224 1179 1180
1225 1151 1163
1165 1225 1163
1165 1177 1225
1226 1227 1228
1227 1226 1229
1228 1230 1226
1230 1228 1231
1231 1232 1230
1232 1231 1233
1232 1233 1234
1229 1235 1227
1235 1229 1236
1236 1237 1235
1237 1236 1238
1238 1239 1237
1239 1238 1240
1241 1236 1229
1242 1236 1241
1243 1242 1241
1242 1243 1244
1245 1244 1243
1244 1245 1246
1245 1247 1246
1247 1245 1248
1248 1249 1247
1249 1248 1250
1245 1251 1248
1251 1245 1252
1243 1252 1245
1253 1248 1251
1248 1253 1250
1254 1250 1253
1249 1250 1254
1252 1243 1255
1243 1241 1256
1243 1256 1255
1257 1244 1246
1257 1258 1244
1258 1257 1259
1259 1260 1258
1260 1259 1261
1262 1261 1259
1261 1262 1263
1264 1263 1262
1263 1264 1265
1266 1264 1262
1264 1266 1267
1268 1262 1259
1262 1268 1266
1259 1257 1268
1266 1268 1269
1257 1269 1268
1270 1258 1260
1270 1271 1258
1271 1244 1258
1244 1271 1242
1271 1272 1242
1242 1272 1236
1273 1236 1272
1236 1273 1238
1274 1238 1273
1238 1274 1240
1271 1275 1272
1275 1271 1276
1271 1270 1276
1272 1277 1273
1277 1272 1275
1277 1274 1273
1277 1278 1274
1279 1278 1277
1279 1280 1278
1280 1279 1281
1282 1281 1279
1281 1282 1283
1284 1283 1282
1283 1284 1285
1284 1286 1285
1286 1284 1287
1287 1288 1286
1288 1287 1289
1287 1290 1289
1290 1287 1291
1284 1291 1287
1291 1284 1292
1282 1292 1284
1292 1282 1293
1279 1293 1282
1293 1276 1292
1276 1270 1292
1291 1292 1270
1276 1293 1275
1277 1275 1293
1293 1279 1277
1294 1291 1270
1291 1294 1290
1289 1295 1288
1295 1289 1296
1295 1296 1297
1297 1296 1298
1289 1298 1296
1298 1289 1290
1297 1298 1299
1299 1290 1294
1290 1299 1298
1300 1301 1302
1302 1301 1303
1265 1301 1300
1301 1265 1264
1267 1301 1264
1301 1267 1303
1304 1305 1306
1307 1306 1305
1306 1307 1308
1308 1309 1306
1309 1308 1310
1311 1308 1307
1308 1311 1312
1304 1306 1313
1313 1306 1314
1314 1306 1309
1315 1312 1311
1312 1315 1316
1317 1312 1316
1312 1317 1318
1312 1318 1319
1310 1308 1319
1308 1312 1319
1317 1320 1318
1321 1318 1320
1318 1321 1322
1323 1322 1321
1322 1323 1324
1325 1324 1323
1324 1325 1326
1325 1327 1326
1327 1325 1328
1328 1329 1327
1329 1328 1330
1331 1321 1320
1321 1331 1332
1332 1323 1321
1333 1332 1331
1332 1333 1334
1323 1332 1335
1335 1325 1323
1334 1335 1332
1325 1336 1328
1336 1325 1337
1325 1335 1337
1337 1335 1338
1335 1334 1338
1337 1338 1339
1340 1328 1336
1328 1340 1330
1333 1341 1334
1341 1338 1334
1341 1333 1342
1339 1338 1343
1339 1343 1344
1343 1345 1344
1345 1343 1346
1345 1346 1347
1348 1346 1343
1343 1338 1348
1346 1348 1349
1347 1346 1349
1348 1338 1350
1338 1341 1350
1351 1352 1342
1352 1351 1353
1354 1352 1353
1352 1354 1355
1355 1356 1352
1352 1356 1357
1342 1352 1357
1356 1355 1358
1358 1359 1356
1360 1356 1359
1356 1360 1361
1356 1361 1357
1360 1359 1362
1359 1358 1363
1362 1359 1364
1364 1359 1363
1365 1353 1351
1351 1333 1365
1333 1366 1365
1366 1333 1331
1320 1366 1331
1366 1320 1367
1367 1365 1366
1320 1317 1367
1365 1367 1316
1316 1367 1317
1316 1353 1365
1315 1353 1316
1353 1315 1354
1333 1351 1342
1368 1369 1370
1370 1369 1371
1368 1330 1369
1330 1371 1369
1330 1368 1329
1371 1330 1340
1269 1257 1246
1241 1229 1256
1372 1373 1374
1373 1372 1375
1374 1376 1372
1376 1374 1377
1377 1378 1376
1378 1377 1379
1380 1377 1374
1374 1381 1380
1374 1373 1381
1377 1380 1382
1382 1379 1377
1380 1383 1382
1383 1380 1384
1380 1385 1384
1375 1386 1373
1386 1375 1387
1387 1388 1386
1389 1386 1388
1388 1390 1389
1390 1388 1391
1392 1391 1388
1388 1387 1392
1391 1392 1393
1386 1389 1394
1379 1382 1395
1384 1396 1383
1397 1383 1396
1383 1397 1398
1397 1399 1398
1399 1397 1400
1400 1401 1399
1401 1400 1402
1382 1398 1395
1398 1382 1383
1403 1398 1399
1398 1403 1395
1404 1395 1403
1395 1404 1379
1403 1405 1404
1406 1404 1405
1404 1406 1407
1407 1379 1404
1405 1403 1408
1408 1399 1401
1399 1408 1403
1379 1407 1378
1401 1409 1408
1409 1401 1410
1410 1401 1402
1406 1411 1407
1411 1378 1407
1411 1406 1412
1378 1411 1413
1413 1376 1378
1376 1413 1414
1414 1372 1376
1372 1414 1415
1415 1375 1372
1375 1415 1416
1416 1387 1375
1387 1416 1417
1417 1392 1387
1392 1417 1418
1419 1392 1418
1392 1419 1393
1420 1393 1419
1393 1420 1421
1421 1391 1393
1391 1421 1422
1422 1421 1423
1423 1421 1420
1424 1422 1423
1424 1391 1422
1391 1424 1390
1425 1426 1427
1426 1425 1428
1429 1427 1426
1427 1429 1430
1431 1430 1429
1430 1431 1432
1433 1432 1431
1432 1433 1434
1425 1435 1428
1435 1425 1436
1437 1432 1434
1438 1437 1434
1433 1438 1434
1437 1438 1439
1439 1438 1440
1438 1441 1440
1438 1442 1441
1442 1443 1441
1444 1442 1438
1438 1433 1444
1445 1444 1433
1431 1445 1433
1445 1446 1444
1446 1445 1447
1448 1447 1445
1447 1449 1446
1449 1447 1450
1451 1450 1447
1448 1451 1447
1451 1410 1450
1451 1448 1452
1452 1410 1451
1450 1453 1449
1453 1450 1402
1410 1402 1450
1402 1454 1453
1454 1402 1400
1455 1443 1442
1444 1446 1455
1444 1455 1442
1449 1453 1456
1457 1453 1454
1453 1457 1456
1454 1458 1457
1458 1454 1459
1400 1459 1454
1459 1400 1397
1460 1459 1397
1461 1459 1460
1459 1461 1458
1462 1457 1458
1457 1462 1463
1463 1456 1457
1456 1463 1464
1464 1463 1465
1466 1465 1463
1463 1462 1466
1465 1466 1467
1467 1468 1465
1468 1467 1469
1470 1465 1468
1465 1470 1464
1464 1470 1443
1471 1469 1467
1469 1471 1472
1473 1464 1443
1443 1455 1473
1446 1473 1455
1473 1446 1449
1469 1474 1468
1474 1469 1475
1472 1475 1469
1476 1468 1474
1468 1476 1470
1475 1472 1477
1470 1478 1443
1478 1470 1476
1441 1443 1478
1479 1478 1476
1478 1479 1480
1440 1478 1480
1440 1441 1478
1440 1480 1481
1479 1481 1480
1481 1479 1482
1482 1483 1481
1483 1482 1484
1484 1485 1483
1485 1486 1483
1485 1484 1487
1488 1487 1484
1487 1488 1489
1489 1490 1487
1487 1490 1491
1485 1487 1491
1490 1489 1492
1493 1492 1489
1492 1493 1494
1493 1495 1494
1495 1493 1496
1496 1497 1495
1498 1495 1497
1498 1497 1499
1495 1498 1500
1500 1494 1495
1498 1501 1500
1501 1498 1502
1502 1503 1501
1504 1501 1503
1501 1504 1505
1505 1500 1501
1503 1502 1506
1507 1506 1502
1506 1507 1508
1502 1498 1509
1502 1509 1507
1510 1508 1507
1508 1510 1511
1512 1511 1510
1510 1513 1512
1514 1512 1513
1512 1514 1515
1515 1516 1512
1511 1512 1516
1516 1515 1517
1513 1510 1518
1507 1518 1510
1519 1505 1504
1505 1519 1520
1521 1520 1519
1520 1521 1522
1523 1522 1521
1522 1523 1524
1524 1525 1522
1525 1524 1526
1527 1522 1525
1522 1527 1520
1528 1520 1527
1520 1528 1505
1500 1505 1528
1494 1500 1528
1527 1494 1528
1494 1527 1492
1525 1492 1527
1492 1525 1490
1526 1490 1525
1521 1529 1523
1529 1521 1530
1521 1531 1530
1531 1521 1519
1504 1531 1519
1531 1504 1532
1503 1532 1504
1532 1503 1533
1506 1533 1503
1533 1506 1534
1508 1534 1506
1534 1508 1535
1511 1535 1508
1535 1511 1536
1516 1536 1511
1536 1516 1537
1516 1538 1537
1538 1516 1517
1517 1539 1538
1539 1517 1540
1515 1540 1517
1540 1515 1541
1541 1542 1540
1542 1539 1540
1543 1542 1541
1515 1543 1541
1543 1515 1514
1544 1545 1546
1545 1544 1547
1547 1548 1545
1548 1547 1549
1549 1550 1548
1550 1549 1551
1552 1546 1545
1546 1552 1553
1452 1545 1548
1545 1452 1552
1409 1548 1550
1548 1409 1452
1554 1547 1544
1547 1554 1555
1555 1549 1547
1549 1555 1556
1556 1551 1549
1551 1556 1557
1553 1552 1558
1552 1448 1558
1448 1552 1452
1410 1452 1409
1550 1408 1409
1408 1550 1405
1551 1405 1550
1405 1551 1406
1557 1406 1551
1406 1557 1412
1558 1448 1445
1445 1431 1558
1558 1429 1553
1429 1558 1431
1426 1553 1429
1553 1426 1546
1428 1546 1426
1546 1428 1544
1428 1554 1544
1554 1428 1435
1559 1560 1561
1560 1559 1562
1562 1559 1563
1561 1564 1559
1564 1561 1565
1566 1559 1564
1559 1566 1563
1564 1567 1566
1567 1564 1568
1565 1568 1564
1568 1565 1569
1569 1570 1568
1570 1569 1571
1572 1570 1571
1570 1572 1573
1574 1570 1573
1570 1574 1575
1575 1568 1570
1568 1575 1576
1577 1575 1574
1575 1577 1578
1578 1576 1575
1578 1577 1579
1578 1579 1580
1576 1578 1580
1581 1566 1567
1566 1581 1582
1583 1582 1581
1582 1583 1584
1583 1585 1584
1585 1586 1584
1586 1585 1587
1585 1588 1587
1587 1589 1586
1589 1587 1590
1587 1588 1590
1585 1583 1591
1588 1585 1591
1584 1592 1582
1592 1584 1586
1592 1586 1589
1563 1582 1592
1563 1592 1593
1593 1592 1589
1582 1563 1566
1562 1563 1593
1385 1594 1595
1594 1385 1596
1597 1595 1594
1595 1597 1598
1595 1598 1599
1599 1600 1595
1595 1600 1385
1600 1599 1601
1594 1602 1597
1602 1594 1603
1596 1603 1594
1603 1604 1602
1604 1603 1605
1394 1604 1605
1604 1394 1606
1381 1605 1603
1603 1596 1381
1605 1381 1373
1605 1373 1394
1373 1386 1394
1381 1596 1380
1380 1596 1385
1601 1607 1600
1607 1601 1608
1607 1608 1609
1610 1600 1607
1600 1610 1385
1610 1607 1611
1607 1609 1611
1610 1611 1612
1385 1610 1384
1384 1610 1612
1396 1384 1612
1612 1611 1613
1612 1614 1396
1612 1613 1614
1615 1614 1613
1614 1615 1616
1616 1615 1617
1613 1611 1618
1613 1618 1615
1615 1618 1619
1615 1619 1617
1620 1617 1619
1618 1620 1619
1617 1620 1621
1621 1622 1617
1616 1617 1622
1622 1621 1623
1620 1618 1624
1618 1611 1624
1623 1625 1622
1625 1623 1626
1626 1627 1625
1627 1626 1628
1627 1461 1625
1461 1622 1625
1622 1461 1616
1461 1627 1458
1460 1616 1461
1616 1460 1614
1396 1614 1460
1396 1460 1397
1466 1627 1628
1466 1628 1467
1467 1628 1629
1628 1630 1629
1630 1631 1629
1631 1630 1632
1632 1633 1631
1633 1632 1634
1631 1471 1629
1467 1629 1471
1471 1631 1635
1636 1631 1633
1631 1636 1635
1635 1636 1637
1633 1638 1636
1638 1633 1639
1640 1636 1638
1636 1640 1637
1471 1635 1472
1472 1635 1641
1635 1637 1641
1642 1641 1637
1641 1642 1643
1642 1644 1643
1644 1642 1645
1633 1646 1639
1646 1633 1634
1472 1641 1477
1645 1647 1644
1648 1644 1647
1644 1648 1649
1649 1643 1644
1648 1650 1649
1651 1649 1650
1649 1651 1652
1643 1649 1652
1652 1641 1643
1652 1477 1641
1653 1477 1652
1651 1653 1652
1654 1477 1653
1653 1655 1654
1655 1653 1656
1655 1657 1654
1477 1654 1475
1654 1474 1475
1654 1657 1474
1657 1476 1474
1476 1657 1479
1479 1657 1658
1657 1655 1658
1659 1655 1656
1655 1659 1660
1655 1660 1658
1661 1658 1660
1650 1662 1651
1653 1651 1662
1662 1656 1653
1661 1663 1658
1482 1658 1663
1482 1479 1658
1663 1484 1482
1484 1663 1488
1664 1488 1663
1663 1661 1664
1488 1664 1665
1666 1664 1661
1664 1666 1667
1667 1665 1664
1665 1489 1488
1489 1665 1493
1493 1665 1668
1665 1667 1668
1669 1661 1660
1661 1669 1666
1496 1493 1668
1670 1668 1667
1668 1670 1671
1496 1668 1671
1672 1671 1670
1671 1672 1673
1674 1671 1673
1674 1496 1671
1497 1496 1674
1674 1675 1497
1675 1674 1676
1674 1673 1676
1499 1497 1675
1675 1677 1499
1678 1499 1677
1679 1499 1678
1499 1679 1680
1677 1681 1678
1681 1677 1682
1682 1683 1681
1683 1682 1684
1685 1680 1679
1680 1685 1509
1686 1509 1685
1509 1686 1507
1686 1518 1507
1498 1499 1680
1509 1498 1680
1687 1682 1677
1682 1687 1688
1688 1684 1682
1684 1688 1689
1690 1689 1688
1691 1690 1688
1687 1691 1688
1689 1690 1692
1676 1691 1687
1692 1693 1689
1693 1692 1694
1693 1694 1695
1695 1696 1693
1696 1689 1693
1697 1696 1695
1697 1684 1696
1689 1696 1684
1684 1697 1683
1675 1676 1687
1677 1675 1687
1698 1699 1676
1698 1700 1699
1700 1698 1701
1672 1701 1698
1670 1701 1672
1701 1670 1702
1673 1672 1698
1701 1703 1700
1703 1701 1702
1673 1698 1676
1667 1702 1670
1702 1667 1666
1666 1703 1702
1703 1666 1669
1704 1705 1706
1705 1704 1707
1705 1708 1706
1706 1709 1704
1709 1706 1710
1708 1710 1706
1710 1711 1709
1711 1710 1712
1710 1708 1712
1713 1709 1711
1709 1713 1608
1608 1704 1709
1601 1707 1704
1704 1608 1601
1707 1601 1599
1608 1713 1609
1599 1561 1560
1561 1599 1598
1598 1565 1561
1565 1598 1597
1597 1569 1565
1569 1597 1602
1602 1571 1569
1571 1602 1604
1606 1571 1604
1571 1606 1572
1714 1715 1716
1715 1714 1717
1718 1717 1714
1717 1718 1719
1720 1719 1718
1719 1720 1721
1716 1722 1714
1722 1716 1723
1723 1724 1722
1724 1723 1725
1722 1724 1726
1726 1714 1722
1714 1726 1718
1727 1718 1726
1718 1727 1720
1727 1726 1728
1724 1728 1726
1725 1729 1724
1724 1729 1728
1729 1725 1437
1730 1715 1717
1719 1730 1717
1715 1730 1731
1730 1719 1732
1721 1732 1719
1732 1721 1733
1734 1727 1728
1728 1486 1734
1729 1486 1728
1491 1727 1734
1727 1491 1526
1486 1729 1735
1734 1485 1491
1486 1485 1734
1490 1526 1491
1526 1720 1727
1720 1526 1524
1524 1721 1720
1721 1524 1523
1523 1733 1721
1733 1523 1529
1486 1735 1483
1481 1483 1735
1735 1440 1481
1439 1440 1735
1729 1439 1735
1729 1437 1439
1432 1437 1725
1725 1430 1432
1430 1725 1723
1723 1427 1430
1427 1723 1716
1716 1425 1427
1425 1716 1715
1731 1425 1715
1425 1731 1436
1736 1737 1738
1737 1736 1739
1740 1739 1736
1739 1740 1741
1741 1742 1739
1742 1741 1743
1739 1681 1737
1681 1739 1742
1744 1741 1740
1741 1744 1745
1745 1743 1741
1746 1745 1744
1745 1746 1747
1746 1748 1747
1749 1747 1748
1747 1749 1750
1748 1746 1751
1746 1752 1751
1752 1746 1753
1744 1753 1746
1747 1754 1745
1754 1747 1750
1743 1745 1754
1753 1744 1755
1753 1756 1752
1756 1753 1757
1755 1757 1753
1757 1758 1756
1757 1759 1758
1757 1755 1759
1750 1685 1754
1679 1754 1685
1754 1679 1743
1678 1743 1679
1743 1678 1742
1678 1681 1742
1685 1750 1686
1750 1518 1686
1518 1750 1749
1760 1761 1762
1760 1763 1761
1764 1762 1761
1761 1765 1764
1765 1761 1766
1763 1766 1761
1767 1764 1765
1764 1767 1768
1762 1764 1769
1768 1769 1764
1769 1768 1770
1766 1771 1765
1771 1767 1765
1771 1766 1772
1763 1772 1766
1771 1772 1773
1772 1774 1773
1772 1763 1774
1773 1775 1771
1767 1771 1775
1738 1760 1762
1769 1736 1762
1738 1762 1736
1736 1769 1740
1770 1740 1769
1740 1770 1744
1776 1777 1778
1779 1777 1776
1780 1779 1776
1779 1781 1777
1781 1778 1777
1781 1779 1782
1782 1639 1781
1639 1782 1638
1782 1640 1638
1640 1782 1783
1783 1779 1780
1779 1783 1782
1639 1784 1781
1778 1781 1784
1784 1639 1646
1650 1648 1785
1785 1786 1650
1786 1785 1787
1787 1785 1788
1788 1785 1648
1648 1647 1788
1788 1647 1789
1647 1645 1789
1662 1650 1786
1662 1786 1790
1790 1786 1791
1656 1662 1790
1791 1656 1790
1656 1791 1659
1473 1456 1464
1449 1456 1473
1627 1466 1462
1458 1627 1462
1792 1793 1794
1795 1792 1794
1792 1795 1796
1797 1792 1796
1792 1797 1798
1799 1796 1795
1796 1799 1800
1800 1797 1796
1797 1800 1801
1802 1801 1800
1799 1802 1800
1801 1802 1803
1804 1801 1803
1801 1804 1805
1806 1804 1803
1803 1807 1806
1804 1806 1808
1806 1809 1808
1809 1806 1810
1811 1809 1810
1805 1811 1801
1797 1801 1811
1798 1811 1810
1811 1798 1797
1809 1811 1812
1811 1805 1812
1808 1813 1804
1813 1805 1804
1813 1808 1814
1815 1812 1805
1805 1813 1815
1812 1815 1816
1817 1812 1816
1812 1817 1809
1808 1817 1814
1817 1808 1809
1818 1814 1817
1818 1815 1813
1813 1814 1818
1816 1815 1818
1817 1816 1818
1806 1819 1810
1807 1819 1806
1820 1819 1807
1821 1810 1819
1822 1821 1819
1822 1819 1820
1820 1823 1822
1821 1824 1810
1825 1821 1822
1822 1826 1825
1823 1826 1822
1827 1824 1821
1825 1827 1821
1827 1828 1824
1828 1827 1829
1827 1830 1829
1827 1825 1830
1825 1831 1830
1825 1826 1831
1828 1832 1824
1824 1832 1798
1823 1833 1826
1834 1826 1833
1831 1826 1834
1834 1833 1835
1836 1833 1823
1837 1836 1823
1837 1838 1836
1836 1838 1839
1840 1838 1837
1839 1838 1841
1841 1838 1840
1839 1841 1842
1842 1841 1843
1844 1842 1843
1845 1844 1843
1844 1845 1846
1842 1844 1847
1848 1845 1843
1843 1841 1848
1848 1841 1840
1848 1849 1845
1850 1849 1848
1850 1851 1849
1850 1852 1851
1852 1853 1851
1853 1852 1854
1854 1855 1853
1855 1854 1856
1847 1857 1842
1858 1857 1847
1859 1857 1858
1860 1859 1858
1859 1860 1861
1860 1862 1861
1863 1858 1847
1864 1858 1863
1860 1858 1864
1864 1865 1860
1860 1865 1862
1844 1863 1847
1862 1865 1866
1859 1861 1867
1867 1868 1859
1859 1868 1857
1857 1868 1839
1839 1868 1869
1836 1839 1869
1836 1869 1833
1869 1868 1870
1870 1868 1867
1869 1870 1835
1835 1833 1869
1844 1871 1863
1846 1871 1844
1871 1846 1872
1872 1873 1871
1873 1872 1874
1874 1875 1873
1875 1874 1876
1876 1877 1875
1877 1876 1878
1879 1871 1873
1880 1873 1875
1877 1880 1875
1880 1879 1873
1880 1881 1879
1880 1877 1882
1882 1883 1880
1883 1881 1880
1884 1881 1883
1885 1884 1883
1886 1884 1885
1887 1883 1882
1885 1883 1887
1887 1882 1888
1882 1889 1888
1877 1878 1889
1882 1877 1889
1866 1884 1886
1866 1865 1884
1865 1881 1884
1881 1865 1864
1879 1881 1864
1864 1863 1879
1863 1871 1879
1885 1890 1886
1887 1891 1885
1885 1891 1890
1891 1892 1890
1889 1893 1888
1888 1893 1894
1888 1894 1887
1894 1891 1887
1895 1894 1893
1894 1895 1896
1897 1894 1896
1897 1891 1894
1891 1897 1892
1898 1897 1896
1897 1898 1899
1900 1899 1898
1899 1900 1901
1897 1902 1892
1897 1899 1902
1903 1896 1895
1896 1903 1898
1904 1899 1901
1899 1904 1902
1905 1898 1903
1898 1905 1900
1906 1904 1901
1904 1906 1907
1908 1901 1900
1901 1908 1906
1909 1906 1908
1906 1909 1910
1910 1907 1906
1908 1911 1909
1911 1908 1912
1912 1900 1905
1900 1912 1908
1907 1910 1913
1903 1914 1905
1914 1903 1915
1916 1914 1915
1915 1917 1916
1917 1915 1918
1919 1917 1918
1914 1916 1920
1920 1921 1914
1921 1920 1922
1922 1923 1921
1923 1912 1921
1912 1923 1911
1923 1922 1924
1915 1895 1918
1895 1893 1918
1895 1915 1903
1921 1905 1914
1905 1921 1912
1924 1925 1923
1926 1925 1924
1925 1911 1923
1911 1925 1927
1928 1927 1925
1928 1925 1926
1927 1928 1929
1929 1930 1927
1930 1929 1931
1931 1932 1930
1932 1931 1933
1934 1933 1931
1933 1934 1935
1936 1935 1934
1935 1937 1933
1937 1935 1938
1939 1931 1929
1931 1939 1934
1939 1929 1928
1935 1940 1938
1935 1936 1940
1941 1934 1939
1934 1941 1942
1936 1934 1942
1943 1936 1942
1936 1943 1944
1945 1944 1943
1944 1945 1946
1947 1946 1945
1946 1947 1948
1949 1948 1947
1948 1949 1950
1951 1950 1949
1950 1951 1952
1953 1952 1951
1952 1953 1954
1955 1954 1953
1956 1942 1941
1942 1956 1943
1957 1943 1956
1943 1957 1945
1958 1945 1957
1945 1958 1947
1949 1947 1958
1950 1952 1959
1957 1956 1960
1956 1961 1960
1962 1960 1961
1961 1963 1962
1963 1961 1964
1960 1962 1965
1960 1965 1966
1957 1960 1966
1961 1939 1964
1928 1964 1939
1939 1961 1941
1956 1941 1961
1967 1957 1966
1957 1967 1958
1968 1967 1966
1966 1965 1968
1967 1968 1969
1969 1970 1967
1970 1969 1971
1971 1972 1970
1972 1971 1973
1973 1974 1972
1974 1973 1975
1975 1976 1974
1976 1975 1977
1978 1976 1977
1976 1978 1979
1980 1974 1976
1974 1980 1981
1981 1972 1974
1982 1981 1980
1981 1983 1972
1983 1970 1972
1953 1983 1981
1982 1953 1981
1983 1984 1970
1983 1949 1984
1949 1983 1951
1953 1951 1983
1949 1958 1984
1984 1958 1967
1984 1967 1970
1980 1985 1982
1986 1982 1985
1982 1986 1955
1955 1953 1982
1987 1955 1986
1955 1987 1988
1986 1985 1989
1987 1986 1989
1989 1985 1990
1989 1991 1987
1989 1990 1979
1985 1980 1990
1979 1978 1989
1992 1987 1991
1987 1992 1988
1976 1990 1980
1990 1976 1979
1992 1993 1988
1954 1988 1993
1954 1955 1988
1993 1992 1994
1994 1995 1993
1993 1995 1996
1996 1995 1997
1998 1996 1997
1996 1998 1959
1999 1959 1998
1950 1959 1999
1993 1996 1952
1993 1952 1954
1952 1996 1959
1948 1950 1999
1948 1999 2000
1946 1948 2000
1946 2000 2001
1944 1946 2001
1944 2001 2002
1936 1944 2002
1936 2002 1940
2003 2004 2005
2004 2003 2006
2007 2005 2004
2005 2007 2008
2009 2005 2008
2005 2009 2010
2010 2003 2005
2008 2007 2011
2011 2009 2008
2012 2009 2011
2010 2009 2012
2013 2012 2011
2014 2013 2011
2010 2012 2015
2015 2012 2013
2015 2013 2016
2016 2013 2017
2017 2013 2014
2017 2014 2018
2019 2017 2018
2017 2019 2020
2020 2016 2017
2016 2020 2021
2015 2022 2010
2010 2022 2023
2024 2023 2022
2024 2022 2025
2026 2023 2024
2027 2024 2025
2028 2024 2027
2026 2024 2028
2027 2025 2029
2027 2030 2028
2027 2031 2030
2029 2031 2027
2031 2032 2030
2031 2033 2032
2033 2031 2034
2035 2034 2031
2035 2031 2029
2033 2034 2036
2037 2035 2029
2029 2038 2037
2029 2025 2038
2025 2039 2038
2036 2040 2033
2041 2040 2036
2037 2038 2042
2037 2042 2043
2038 2044 2042
2038 2039 2044
2045 2043 2042
2046 2045 2042
2046 2042 2044
2047 2045 2046
2043 2048 2037
2037 2048 2035
2048 2034 2035
2048 2049 2034
2036 2034 2049
2036 2049 2050
2050 2051 2036
2050 2052 2051
2052 2050 2053
2053 2050 2054
2054 2050 2049
2049 2055 2054
2049 2048 2055
2055 2048 2043
2056 2051 2052
2051 2056 2057
2058 2051 2057
2059 2057 2056
2059 2060 2057
2057 2060 2058
2061 2058 2060
2062 2061 2060
2060 2059 2063
2064 2063 2059
2065 2063 2064
2066 2064 2059
2066 2059 2056
2064 2066 2067
2064 2067 2065
2066 2068 2067
2060 2063 2069
2062 2060 2069
2066 2056 2070
2066 2070 2068
2070 2056 2052
2070 2052 2071
2072 2070 2071
2068 2070 2072
2072 2071 2073
2073 2071 2074
2071 2053 2074
2052 2053 2071
2074 2075 2073
2076 2074 2053
2074 2076 2075
2075 2076 2077
2077 2076 2078
2078 2079 2077
2078 2076 2054
2076 2053 2054
2080 2078 2054
2078 2080 2079
2079 2080 2081
2081 2080 2082
2081 2082 2083
2082 2080 2055
2080 2054 2055
2082 2055 2043
2083 2082 2045
2045 2082 2043
2083 2045 2047
2046 2084 2047
2084 2046 2085
2020 2084 2085
2084 2020 2019
2044 2085 2046
2021 2085 2044
2021 2020 2085
2044 2039 2021
2086 2021 2039
2039 2022 2086
2025 2022 2039
2086 2022 2015
2086 2016 2021
2016 2086 2015
2087 2088 2089
2088 2087 2090
2089 2091 2087
2091 2089 2092
2093 2089 2088
2088 2094 2093
2095 2093 2094
2094 2096 2095
2096 2094 2097
2093 2095 2098
2098 2099 2093
2089 2093 2099
2099 2092 2089
2099 2098 2100
2100 2101 2099
2092 2099 2101
2101 2102 2092
2102 2101 2103
2103 2104 2102
2104 2103 2105
2106 2103 2101
2101 2100 2106
2103 2106 2107
2107 2105 2103
2105 2108 2104
2109 2104 2108
2104 2109 2110
2110 2102 2104
2108 2111 2109
2111 2108 2112
2112 2113 2111
2113 2112 2114
2114 2115 2113
2115 2114 2116
2116 2117 2115
2117 2116 2118
2118 2119 2117
2119 2118 2120
2120 2121 2119
2121 2120 2122
2122 2123 2121
2123 2122 2124
2124 2125 2123
2125 2124 2126
2127 2125 2126
2125 2127 2128
2129 2116 2114
2114 2130 2129
2131 2129 2130
2129 2131 2132
2132 2133 2129
2133 2132 2134
2134 2135 2133
2135 2134 2136
2136 2137 2135
2137 2136 2138
2138 2139 2137
2139 2138 2140
2141 2139 2140
2139 2141 2142
2130 2143 2131
2143 2130 2144
2144 2145 2143
2145 2144 2105
2145 2105 2146
2108 2105 2144
2144 2112 2108
2112 2144 2130
2130 2114 2112
2122 2137 2139
2137 2122 2120
2139 2124 2122
2124 2139 2142
2126 2124 2142
2141 2147 2142
2126 2142 2148
2149 2126 2148
2126 2149 2127
2150 2127 2149
2128 2127 2150
2105 2107 2146
2135 2120 2118
2118 2133 2135
2133 2118 2116
2116 2129 2133
2120 2135 2137
2151 2152 2153
2152 2151 2154
2154 2155 2152
2155 2156 2152
2156 2155 2157
2157 2158 2156
2159 2156 2158
2156 2159 2160
2152 2160 2153
2160 2152 2156
2158 2157 2161
2161 2157 2162
2162 2157 2155
2155 2163 2162
2154 2163 2155
2164 2163 2154
2163 2165 2162
2165 2166 2162
2167 2161 2162
2168 2161 2167
2161 2168 2169
2158 2161 2169
2170 2163 2164
2170 2165 2163
2171 2165 2170
2171 2166 2165
2170 2172 2171
2172 2170 2173
2164 2173 2170
2173 2164 2174
2175 2160 2159
2176 2175 2159
2177 2176 2169
2177 2169 2168
2158 2176 2159
2176 2158 2169
2175 2176 1856
2177 1856 2176
1856 1802 2175
1802 1799 2175
1802 1856 1854
1802 1854 1852
2160 2175 1799
1795 2160 1799
2160 1795 2153
1794 2153 1795
2153 1794 2151
1856 2177 1855
2178 2151 1794
2151 2178 2174
2174 2154 2151
2154 2174 2164
2178 2173 2174
2173 2178 2179
2179 2172 2173
2172 2179 2180
2178 1794 1793
1793 2179 2178
2179 1793 2181
2181 2180 2179
2182 2181 1793
2183 2181 2182
2182 1793 1832
1828 2182 1832
2182 1828 2184
2182 2184 2183
1828 1829 2184
2183 2185 2181
2180 2181 2185
1832 1793 1792
1798 1832 1792
1824 1798 1810
1933 2186 1932
2186 1933 1937
1913 1932 2186
1932 1913 1910
1910 1930 1932
1930 1910 1909
1909 1927 1930
1927 1909 1911
2187 2063 2188
2063 2189 2188
2187 2188 2190
2190 2097 2187
2191 2187 2097
2191 2097 2094
2094 2088 2191
2090 2191 2088
2191 2090 2192
2192 2193 2191
2187 2191 2069
2191 2193 2069
2069 2063 2187
2069 2193 2062
2097 2190 2096
2189 2063 2065
2102 2110 2194
2194 2092 2102
2092 2194 2091
1964 1926 1963
1928 1926 1964
1820 2195 1837
1837 1823 1820
1840 1837 2195
1807 2195 1820
2196 2195 1807
1840 2195 2196
1803 2196 1807
1803 1850 2196
1803 1852 1850
1848 2196 1850
1840 2196 1848
1802 1852 1803
1842 1857 1839
2006 2023 2197
2197 2023 2026
2006 2003 2023
2010 2023 2003
1889 1919 1918
1893 1889 1918
1878 1919 1889
2041 2036 2058
2061 2041 2058
2058 2036 2051
2198 2199 2200
2198 2200 2201
2198 2201 2202
2198 2202 2203
2198 2203 2204
2198 2204 2205
2198 2205 2206
2198 2206 2207
2198 2207 2208
2198 2208 2209
2198 2209 2210
2198 2210 2211
2198 2211 2212
2198 2212 2213
2198 2213 2214
2198 2214 2215
2198 2215 2216
2198 2216 2217
2198 2217 2218
2198 2218 2199
2219 2220 2221
2220 2219 2222
2223 2221 2220
2221 2223 2224
2225 2224 2223
2224 2225 2226
2227 2226 2225
2226 2227 2228
2229 2228 2227
2228 2229 2230
2231 2230 2229
2230 2231 2232
2231 2233 2232
2233 2231 2234
2234 2235 2233
2235 2234 2236
2236 2237 2235
2237 2236 2238
2238 2239 2237
2239 2238 2240
2240 2241 2239
2241 2240 2242
2242 2243 2241
2243 2242 2244
2244 2245 2243
2245 2244 2246
2246 2247 2245
2247 2246 2248
2248 2249 2247
2249 2248 2250
2251 2249 2250
2249 2251 2252
2253 2252 2251
2252 2253 2254
2253 2255 2254
2255 2253 2256
2256 2257 2255
2257 2256 2258
2222 2257 2258
2257 2222 2219
2259 2260 2261
2260 2262 2261
2260 2263 2262
2260 2259 2264
2265 2266 2263
2265 2267 2266
2265 2268 2267
2269 2270 2268
2269 2271 2270
2272 2273 2271
2272 2274 2273
2272 2275 2274
2276 2277 2275
2276 2278 2277
2276 2279 2278
2276 2280 2279
2281 2282 2280
2281 2264 2282
2283 2284 2285
2284 2286 2285
2284 2287 2286
2284 2283 2288
2289 2290 2287
2289 2291 2290
2289 2292 2291
2293 2294 2292
2293 2295 2294
2296 2297 2295
2296 2298 2297
2296 2299 2298
2300 2301 2299
2300 2302 2301
2300 2303 2302
2300 2304 2303
2305 2306 2304
2305 2288 2306
2307 2308 2309
2308 2307 2310
2311 2310 2307
2310 2311 2312
2313 2312 2311
2312 2313 2314
2315 2309 2308
2309 2315 2316
2315 2317 2316
2317 2315 2318
2318 2319 2317
2319 2318 2320
2320 2321 2319
2321 2320 2322
2321 2322 2323
2323 2322 2324
2324 2325 2323
2326 2323 2325
2327 2323 2326
2328 2323 2327
2329 2323 2328
2330 2323 2329
2330 2329 2331
2323 2330 2332
2321 2323 2332
2332 2330 2333
2332 2333 2334
2325 2324 2335
2325 2335 2336
2324 2337 2335
2338 2337 2324
2339 2340 2341
2340 2339 2342
2343 2341 2340
2341 2343 2344
2343 2345 2344
2346 2342 2339
2342 2346 2347
2346 2348 2347
2348 2346 2349
2349 2350 2348
2350 2349 2351
2351 2352 2350
2352 2351 2353
2353 2354 2352
2354 2353 2355
2345 2356 2344
2357 2356 2345
2358 2357 2345
2359 2358 2345
2360 2359 2345
2361 2360 2345
2345 2362 2361
2362 2363 2361
2362 2345 2364
2364 2365 2362
2364 2366 2365
2356 2357 2367
2357 2368 2367
2356 2367 2369
2370 2356 2369
2343 2364 2345
2371 2372 2373
2372 2371 2374
2373 2375 2371
2375 2373 2376
2374 2377 2372
2377 2374 2378
2379 2377 2378
2377 2379 2380
2381 2380 2379
2380 2381 2382
2383 2382 2381
2382 2383 2384
2383 2385 2384
2385 2383 2386
2376 2387 2375
2387 2376 2388
2389 2387 2388
2387 2389 2390
2391 2392 2393
2392 2391 2394
2395 2394 2391
2394 2395 2396
2395 2397 2396
2397 2395 2398
2399 2393 2392
2393 2399 2400
2401 2400 2399
2400 2401 2402
2403 2402 2401
2402 2403 2404
2405 2404 2403
2404 2405 2406
2407 2406 2405
2406 2407 2408
2409 2408 2407
2408 2409 2410
2411 2412 2413
2412 2411 2414
2415 2416 2417
2416 2415 2418
2419 2417 2416
2417 2419 2420
2421 2422 2423
2422 2421 2424
2422 2425 2423
2425 2422 2426
2427 2428 2429
2428 2427 2430
2428 2431 2429
2431 2428 2432
2433 2434 2435
2434 2433 2436
2435 2437 2433
2437 2435 2438
2439 2440 2441
2440 2439 2442
2443 2441 2440
2441 2443 2444
2445 2446 2447
2446 2445 2448
2449 2445 2447
2445 2449 2450
2451 2452 2453
2452 2451 2454
2455 2453 2452
2453 2455 2456
2455 2457 2456
2458 2454 2451
2454 2458 2459
2458 2460 2459
2460 2458 2461
2461 2462 2460
2462 2461 2463
2463 2464 2462
2464 2463 2465
2465 2466 2464
2466 2465 2467
2457 2468 2456
2469 2468 2457
2470 2469 2457
2471 2470 2457
2472 2471 2457
2473 2472 2457
2457 2474 2473
2474 2475 2473
2474 2457 2476
2476 2477 2474
2476 2478 2477
2468 2469 2479
2469 2480 2479
2468 2479 2481
2482 2468 2481
2455 2476 2457
2483 2484 2485
2484 2483 2486
2487 2486 2483
2486 2487 2488
2489 2488 2487
2488 2489 2490
2491 2485 2484
2485 2491 2492
2491 2493 2492
2493 2491 2494
2494 2495 2493
2495 2494 2496
2496 2497 2495
2497 2496 2498
2497 2498 2499
2499 2498 2500
2500 2501 2499
2502 2499 2501
2503 2499 2502
2504 2499 2503
2505 2499 2504
2506 2499 2505
2506 2505 2507
2499 2506 2508
2497 2499 2508
2508 2506 2509
2508 2509 2510
2501 2500 2511
2501 2511 2512
2500 2513 2511
2514 2513 2500
2515 2516 2517
2516 2515 2518
2517 2519 2515
2519 2517 2520
2518 2521 2516
2521 2518 2522
2522 2523 2521
2523 2522 2524
2524 2525 2523
2525 2524 2526
2526 2527 2525
2527 2526 2528
2529 2527 2528
2527 2529 2530
2520 2531 2519
2531 2520 2532
2532 2533 2531
2533 2532 2534
2535 2536 2537
2536 2535 2538
2537 2539 2535
2539 2537 2540
2541 2539 2540
2539 2541 2542
2538 2543 2536
2543 2538 2544
2545 2543 2544
2543 2545 2546
2547 2546 2545
2546 2547 2548
2549 2548 2547
2548 2549 2550
2551 2550 2549
2550 2551 2552
2551 2553 2552
2553 2551 2554
2555 2556 2557
2556 2555 2558
2559 2560 2561
2560 2559 2562
2561 2563 2559
2563 2561 2564
2565 2566 2567
2566 2565 2568
2569 2565 2567
2565 2569 2570
2571 2572 2573
2572 2571 2574
2575 2571 2573
2571 2575 2576
2577 2578 2579
2578 2577 2580
2581 2580 2577
2580 2581 2582
2583 2584 2585
2584 2583 2586
2585 2587 2583
2587 2585 2588
2589 2590 2591
2590 2589 2592
2589 2593 2592
2593 2589 2594
2595 2596 2597
2596 2595 2598
2596 2599 2597
2599 2596 2600
2601 2600 2596
2598 2601 2596
2600 2601 2602
2602 2603 2600
2603 2599 2600
2603 2602 2604
2599 2603 2605
2606 2603 2604
2603 2606 2607
2607 2605 2603
2608 2607 2606
2607 2608 2609
2609 2610 2607
2605 2607 2610
2610 2609 2611
2609 2612 2611
2612 2609 2613
2608 2613 2609
2601 2598 2614
2613 2608 2615
2601 2616 2602
2616 2601 2617
2617 2618 2616
2618 2617 2619
2617 2620 2619
2620 2617 2621
2618 2622 2616
2622 2602 2616
2602 2622 2604
2622 2618 2623
2622 2606 2604
2606 2622 2624
2623 2624 2622
2624 2608 2606
2608 2624 2625
2626 2625 2624
2624 2623 2626
2625 2626 2627
2628 2625 2627
2625 2628 2629
2629 2608 2625
2630 2620 2621
2620 2630 2631
2621 2632 2630
2632 2621 2614
2598 2632 2614
2632 2598 2633
2595 2633 2598
2633 2595 2634
2608 2629 2615
2621 2601 2614
2601 2621 2617
2635 2636 2637
2635 2638 2636
2635 2639 2638
2638 2640 2636
2636 2640 2641
2638 2642 2640
2642 2638 2643
2639 2643 2638
2643 2644 2642
2643 2645 2644
2645 2643 2639
2646 2645 2639
2635 2646 2639
2635 2647 2646
2645 2646 2648
2647 2649 2646
2649 2648 2646
2650 2649 2647
2651 2642 2644
2652 2644 2645
2644 2652 2653
2645 2654 2652
2654 2645 2648
2648 2655 2654
2655 2648 2649
2656 2641 2640
2642 2656 2640
2656 2642 2651
2657 2655 2649
2650 2657 2649
2650 2658 2657
2659 2658 2650
2647 2659 2650
2658 2659 2660
2661 2660 2659
2637 2661 2659
2661 2662 2660
2663 2660 2662
2655 2657 2664
2655 2664 2665
2655 2665 2666
2655 2666 2654
2667 2666 2665
2663 2668 2660
2668 2658 2660
2669 2657 2658
2658 2668 2669
2635 2637 2659
2635 2659 2647
2667 2670 2666
2670 2671 2666
2652 2666 2671
2666 2652 2654
2652 2671 2653
2672 2667 2665
2673 2674 2675
2673 2675 2676
2673 2676 2677
2676 2675 2678
2675 2679 2678
2680 2676 2678
2676 2680 2681
2677 2676 2681
2681 2680 2682
2683 2681 2682
2681 2683 2677
2683 2684 2677
2673 2677 2684
2673 2684 2685
2684 2683 2686
2685 2684 2687
2687 2684 2686
2688 2685 2687
2689 2682 2680
2682 2690 2683
2690 2682 2691
2683 2692 2686
2692 2683 2690
2686 2693 2687
2693 2686 2692
2694 2678 2679
2693 2695 2687
2688 2687 2695
2688 2695 2696
2696 2697 2688
2685 2688 2697
2697 2696 2698
2699 2697 2698
2674 2697 2699
2699 2698 2700
2701 2700 2698
2695 2693 2702
2693 2703 2702
2693 2704 2703
2693 2692 2704
2705 2703 2704
2701 2698 2706
2696 2706 2698
2707 2696 2695
2706 2696 2707
2673 2697 2674
2673 2685 2697
2705 2704 2708
2708 2704 2709
2690 2709 2704
2704 2692 2690
2690 2691 2709
2710 2703 2705
2694 2680 2678
2680 2694 2689
