byte offset: 0
first index: 45333
index count: 9882
topology: trianglelist
format: DXGI_FORMAT_R16_UINT

10934 10935 10936
10936 10935 10937
10938 10935 10934
10937 10935 10938
10939 10940 10941
10940 10939 10942
10943 10940 10942
10944 10943 10942
10941 10940 10945
10941 10945 10946
10939 10941 10947
10939 10947 10948
10947 10941 10949
10941 10946 10949
10950 10948 10947
10939 10948 10951
10952 10951 10948
10953 10952 10948
10953 10948 10950
10954 10939 10951
10955 10954 10951
10944 10942 10956
10956 10942 10957
10942 10939 10957
10939 10958 10957
10959 10957 10958
10960 10959 10958
10960 10958 10961
10962 10954 10955
10962 10963 10954
10964 10939 10954
10964 10954 10963
10939 10965 10958
10958 10965 10961
10966 10965 10939
10964 10966 10939
10965 10966 10967
10966 10964 10968
10964 10969 10968
10969 10964 10970
10970 10964 10971
10970 10971 10972
10973 10972 10971
10974 10973 10971
10975 10970 10972
10976 10970 10975
10970 10976 10977
10978 10976 10975
10979 10978 10975
10977 10976 10980
10977 10980 10981
10970 10977 10982
10970 10982 10983
10982 10977 10984
10977 10981 10984
10985 10983 10982
10986 10975 10972
10979 10975 10986
10974 10971 10987
10988 10983 10985
10988 10989 10983
10989 10990 10983
10970 10983 10990
10991 10970 10990
10992 10991 10990
10993 10991 10992
10993 10994 10991
10995 10970 10991
10995 10991 10994
10995 10969 10970
10969 10995 10996
10995 10997 10996
10997 10995 10998
10998 10995 10999
10998 10999 11000
11001 11000 10999
11002 11001 10999
11003 10998 11000
11004 10998 11003
10998 11004 11005
11006 11004 11003
11007 11006 11003
11005 11004 11008
11005 11008 11009
10998 11005 11010
10998 11010 11011
11010 11005 11012
11005 11009 11012
11013 11011 11010
11014 11003 11000
11007 11003 11014
11002 10999 11015
11016 11011 11013
11016 11017 11011
11017 11018 11011
10998 11011 11018
11019 10998 11018
11020 11019 11018
11021 11019 11020
11021 11022 11019
11023 10998 11019
11023 11019 11022
11023 10997 10998
10997 11023 11024
11023 11025 11024
11025 11023 11026
11026 11023 11027
11026 11027 11028
11029 11028 11027
11030 11029 11027
11031 11026 11028
11032 11026 11031
11026 11032 11033
11034 11032 11031
11035 11034 11031
11033 11032 11036
11033 11036 11037
11026 11033 11038
11026 11038 11039
11038 11033 11040
11033 11037 11040
11041 11039 11038
11042 11031 11028
11035 11031 11042
11030 11027 11043
11044 11039 11041
11044 11045 11039
11045 11046 11039
11026 11039 11046
11047 11026 11046
11048 11047 11046
11049 11047 11048
11049 11050 11047
11051 11026 11047
11051 11047 11050
11051 11025 11026
11025 11051 11052
11051 11053 11052
11053 11051 11054
11054 11051 11055
11054 11055 11056
11057 11056 11055
11058 11057 11055
11059 11054 11056
11060 11054 11059
11054 11060 11061
11062 11060 11059
11063 11062 11059
11061 11060 11064
11061 11064 11065
11054 11061 11066
11054 11066 11067
11066 11061 11068
11061 11065 11068
11069 11067 11066
11070 11059 11056
11063 11059 11070
11058 11055 11071
11072 11067 11069
11072 11073 11067
11073 11074 11067
11054 11067 11074
11075 11054 11074
11076 11075 11074
11077 11075 11076
11077 11078 11075
10965 11054 11075
10965 11075 11078
10965 11053 11054
11053 10965 10967
11055 11051 11071
11027 11023 11043
10999 10995 11015
10971 10964 10987
11079 11080 11081
11082 11080 11079
11080 11083 11081
11079 11084 11082
11082 11084 11085
11082 11085 11086
11082 11086 11087
11082 11087 11088
11088 11089 11082
11089 11088 11090
11082 11091 11080
11091 11092 11080
11080 11092 11083
11091 11082 11093
11089 11094 11082
11094 11089 11095
11082 11094 11096
11082 11096 11097
11082 11097 11098
11082 11098 11093
11099 11094 11095
11094 11099 11100
11100 11101 11094
11100 11102 11101
11100 11103 11102
11100 11104 11103
11105 11104 11100
11100 11106 11105
11105 11106 11107
11106 11108 11107
11100 11109 11106
11109 11110 11106
11106 11110 11108
11109 11100 11111
11099 11112 11100
11112 11099 11113
11100 11112 11114
11100 11114 11115
11100 11115 11116
11100 11116 11111
11117 11112 11113
11112 11117 11118
11118 11119 11112
11118 11120 11119
11118 11121 11120
11118 11122 11121
11123 11122 11118
11118 11124 11123
11123 11124 11125
11124 11126 11125
11118 11127 11124
11127 11128 11124
11124 11128 11126
11127 11118 11129
11117 11130 11118
11130 11117 11131
11118 11130 11132
11118 11132 11133
11118 11133 11134
11118 11134 11129
11135 11130 11131
11130 11135 11136
11136 11137 11130
11136 11138 11137
11136 11139 11138
11136 11140 11139
11141 11140 11136
11136 11142 11141
11141 11142 11143
11142 11144 11143
11136 11145 11142
11145 11146 11142
11142 11146 11144
11145 11136 11147
11135 11148 11136
11148 11135 11149
11136 11148 11150
11136 11150 11151
11136 11151 11152
11136 11152 11147
11153 11148 11149
11148 11153 11154
11154 11155 11148
11154 11156 11155
11154 11157 11156
11154 11158 11157
11159 11158 11154
11154 11160 11159
11159 11160 11161
11160 11162 11161
11154 11163 11160
11163 11164 11160
11160 11164 11162
11163 11154 11165
11153 11088 11154
11088 11153 11090
11154 11088 11166
11154 11166 11167
11154 11167 11168
11154 11168 11165
11090 11153 11169
11149 11169 11153
11149 11135 11169
11131 11169 11135
11131 11117 11169
11113 11169 11117
11113 11099 11169
11095 11169 11099
11095 11089 11169
11090 11169 11089
11170 11171 11172
11173 11171 11170
11171 11173 11174
11171 11174 11175
11175 11176 11171
11176 11177 11171
11171 11178 11172
11177 11179 11171
11171 11179 11178
11178 11179 11180
11178 11180 11181
11182 11178 11181
11182 11181 11183
11184 11182 11183
11185 11182 11184
11182 11185 11186
11182 11186 11187
11187 11188 11182
11188 11189 11182
11189 11178 11182
11190 11180 11179
11190 11179 11191
11192 11190 11191
11193 11190 11192
11190 11193 11194
11190 11194 11195
11195 11196 11190
11196 11197 11190
11197 11180 11190
11198 11180 11199
11200 11198 11199
11201 11198 11200
11198 11201 11202
11198 11202 11203
11203 11204 11198
11204 11205 11198
11205 11181 11198
11198 11181 11180
11181 11206 11180
11178 11206 11181
11179 11206 11178
11180 11206 11179
11207 11208 11209
11210 11208 11207
11208 11210 11211
11208 11211 11212
11212 11213 11208
11213 11214 11208
11208 11215 11209
11214 11216 11208
11208 11216 11215
11215 11216 11217
11215 11217 11218
11219 11215 11218
11219 11218 11220
11221 11219 11220
11222 11219 11221
11219 11222 11223
11219 11223 11224
11224 11225 11219
11225 11226 11219
11226 11215 11219
11227 11217 11216
11227 11216 11228
11229 11227 11228
11230 11227 11229
11227 11230 11231
11227 11231 11232
11232 11233 11227
11233 11234 11227
11234 11217 11227
11235 11217 11236
11237 11235 11236
11238 11235 11237
11235 11238 11239
11235 11239 11240
11240 11241 11235
11241 11242 11235
11242 11218 11235
11235 11218 11217
11218 11243 11217
11215 11243 11218
11216 11243 11215
11217 11243 11216
11244 11245 11246
11247 11245 11244
11245 11247 11248
11245 11248 11249
11249 11250 11245
11250 11251 11245
11245 11252 11246
11251 11253 11245
11245 11253 11252
11252 11253 11254
11252 11254 11255
11256 11252 11255
11256 11255 11257
11258 11256 11257
11259 11256 11258
11256 11259 11260
11256 11260 11261
11261 11262 11256
11262 11263 11256
11263 11252 11256
11264 11254 11253
11264 11253 11265
11266 11264 11265
11267 11264 11266
11264 11267 11268
11264 11268 11269
11269 11270 11264
11270 11271 11264
11271 11254 11264
11272 11254 11273
11274 11272 11273
11275 11272 11274
11272 11275 11276
11272 11276 11277
11277 11278 11272
11278 11279 11272
11279 11255 11272
11272 11255 11254
11255 11280 11254
11252 11280 11255
11253 11280 11252
11254 11280 11253
11281 11282 11283
11284 11282 11281
11282 11284 11285
11282 11285 11286
11286 11287 11282
11287 11288 11282
11282 11289 11283
11288 11290 11282
11282 11290 11289
11289 11290 11291
11289 11291 11292
11293 11289 11292
11293 11292 11294
11295 11293 11294
11296 11293 11295
11293 11296 11297
11293 11297 11298
11298 11299 11293
11299 11300 11293
11300 11289 11293
11301 11291 11290
11301 11290 11302
11303 11301 11302
11304 11301 11303
11301 11304 11305
11301 11305 11306
11306 11307 11301
11307 11308 11301
11308 11291 11301
11309 11291 11310
11311 11309 11310
11312 11309 11311
11309 11312 11313
11309 11313 11314
11314 11315 11309
11315 11316 11309
11316 11292 11309
11309 11292 11291
11292 11317 11291
11289 11317 11292
11290 11317 11289
11291 11317 11290
11318 11319 11320
11321 11319 11318
11319 11321 11322
11319 11322 11323
11323 11324 11319
11324 11325 11319
11319 11326 11320
11325 11327 11319
11319 11327 11326
11326 11327 11328
11326 11328 11329
11330 11326 11329
11330 11329 11331
11332 11330 11331
11333 11330 11332
11330 11333 11334
11330 11334 11335
11335 11336 11330
11336 11337 11330
11337 11326 11330
11338 11328 11327
11338 11327 11339
11340 11338 11339
11341 11338 11340
11338 11341 11342
11338 11342 11343
11343 11344 11338
11344 11345 11338
11345 11328 11338
11346 11328 11347
11348 11346 11347
11349 11346 11348
11346 11349 11350
11346 11350 11351
11351 11352 11346
11352 11353 11346
11353 11329 11346
11346 11329 11328
11354 11355 11356
11355 11354 11357
11354 11358 11357
11358 11359 11357
11354 11356 11360
11360 11356 11361
11356 11355 11362
11362 11355 11363
11356 11362 11364
11361 11356 11364
11363 11365 11362
11363 11355 11366
11366 11367 11363
11367 11368 11363
11363 11368 11365
11355 11369 11366
11369 11370 11366
11355 11357 11371
11357 11372 11371
11357 11359 11372
11369 11373 11370
11374 11373 11369
11369 11375 11374
11355 11375 11369
11376 11355 11371
11371 11377 11376
11377 11378 11376
11376 11378 11379
11380 11355 11376
11380 11376 11379
11380 11381 11355
11375 11355 11381
11375 11381 11382
11375 11382 11383
11383 11382 11384
11384 11385 11383
11385 11386 11383
11382 11387 11384
11382 11388 11387
11388 11382 11389
11388 11390 11387
11390 11391 11387
11388 11389 11392
11392 11389 11393
11389 11382 11394
11394 11382 11395
11389 11394 11396
11393 11389 11396
11395 11397 11394
11387 11398 11384
11387 11391 11398
11383 11386 11399
11395 11400 11397
11401 11400 11395
11402 11401 11395
11395 11382 11402
11382 11403 11402
11403 11404 11402
11403 11405 11404
11406 11405 11403
11382 11407 11403
11403 11407 11406
11382 11381 11407
11407 11381 11408
11407 11408 11409
11409 11408 11410
11410 11411 11409
11411 11412 11409
11408 11413 11410
11408 11414 11413
11414 11408 11415
11414 11416 11413
11416 11417 11413
11414 11415 11418
11418 11415 11419
11415 11408 11420
11420 11408 11421
11415 11420 11422
11419 11415 11422
11421 11423 11420
11413 11424 11410
11413 11417 11424
11409 11412 11425
11421 11426 11423
11427 11426 11421
11428 11427 11421
11421 11408 11428
11408 11429 11428
11429 11430 11428
11429 11431 11430
11432 11431 11429
11408 11433 11429
11429 11433 11432
11433 11408 11381
11433 11381 11434
11433 11434 11435
11435 11434 11436
11436 11437 11435
11437 11438 11435
11434 11439 11436
11434 11440 11439
11440 11434 11441
11440 11442 11439
11442 11443 11439
11440 11441 11444
11444 11441 11445
11441 11434 11446
11446 11434 11447
11441 11446 11448
11445 11441 11448
11447 11449 11446
11439 11450 11436
11439 11443 11450
11435 11438 11451
11447 11452 11449
11453 11452 11447
11454 11453 11447
11447 11434 11454
11434 11455 11454
11455 11456 11454
11455 11457 11456
11458 11457 11455
11434 11459 11455
11455 11459 11458
11459 11434 11381
11459 11381 11460
11459 11460 11461
11461 11460 11462
11462 11463 11461
11463 11464 11461
11460 11465 11462
11460 11466 11465
11466 11460 11467
11466 11468 11465
11468 11469 11465
11466 11467 11470
11470 11467 11471
11467 11460 11472
11472 11460 11473
11467 11472 11474
11471 11467 11474
11473 11475 11472
11465 11476 11462
11465 11469 11476
11461 11464 11477
11473 11478 11475
11479 11478 11473
11480 11479 11473
11473 11460 11480
11460 11481 11480
11481 11482 11480
11481 11483 11482
11484 11483 11481
11460 11380 11481
11481 11380 11484
11380 11460 11381
11459 11461 11477
11433 11435 11451
11407 11409 11425
11375 11383 11399
11485 11486 11487
11485 11488 11486
11485 11487 11489
11487 11490 11489
11490 11491 11489
11491 11492 11489
11491 11493 11492
11493 11494 11492
11494 11495 11492
11495 11496 11492
11495 11497 11496
11497 11498 11496
11497 11499 11498
11499 11500 11498
11500 11501 11498
11501 11502 11498
11503 11504 11505
11503 11505 11506
11503 11506 11507
11503 11507 11508
11503 11508 11509
11508 11510 11509
11509 11510 11511
11509 11511 11512
11511 11513 11512
11513 11514 11512
11512 11514 11515
11512 11515 11516
11503 11517 11504
11504 11517 11518
11517 11519 11518
11517 11520 11519
11519 11520 11521
11521 11520 11522
11520 11523 11522
11520 11524 11523
11520 11525 11524
11524 11525 11526
11525 11527 11526
11525 11528 11527
11527 11528 11529
11529 11528 11530
11528 11531 11530
11531 11528 11532
11532 11528 11533
11533 11534 11532
11533 11535 11534
11536 11535 11533
11537 11535 11536
11537 11536 11538
11536 11539 11538
11536 11540 11539
11536 11541 11540
11540 11541 11542
11541 11543 11542
11541 11544 11543
11543 11544 11545
11545 11544 11546
11547 11546 11544
11548 11547 11544
11549 11548 11544
11550 11548 11549
11551 11550 11549
11552 11551 11549
11552 11553 11551
11552 11554 11553
11555 11554 11552
11556 11555 11552
11557 11556 11552
11516 11558 11559
11559 11558 11560
11559 11560 11561
11559 11561 11562
11512 11516 11559
11562 11563 11559
11564 11563 11562
11563 11564 11565
11566 11567 11568
11567 11569 11568
11570 11566 11568
11569 11570 11568
11567 11569 11570
11567 11570 11566
11571 11567 11566
11571 11572 11567
11573 11572 11571
11574 11573 11571
11571 11575 11574
11571 11576 11575
11576 11571 11577
11577 11571 11578
11578 11571 11566
11579 11569 11567
11579 11580 11569
11581 11580 11579
11582 11581 11579
11579 11583 11582
11579 11584 11583
11584 11579 11585
11585 11579 11586
11586 11579 11567
11587 11588 11589
11590 11587 11589
11589 11591 11590
11589 11592 11591
11592 11589 11593
11593 11589 11594
11589 11588 11566
11594 11589 11570
11589 11566 11570
11595 11596 11570
11597 11596 11595
11598 11597 11595
11595 11599 11598
11595 11600 11599
11600 11595 11601
11601 11595 11602
11602 11595 11569
11595 11570 11569
11603 11604 11605
11605 11604 11606
11607 11604 11603
11606 11604 11607
11608 11609 11610
11609 11608 11611
11608 11612 11611
11612 11613 11611
11608 11614 11612
11615 11616 11617
11616 11615 11618
11615 11619 11618
11619 11620 11618
11615 11621 11619
11622 11623 11624
11624 11625 11622
11626 11625 11624
11627 11625 11626
11623 11628 11624
11623 11629 11628
11622 11630 11623
11622 11631 11630
11630 11632 11623
11623 11632 11629
11633 11630 11631
11622 11634 11631
11635 11631 11634
11636 11631 11635
11636 11633 11631
11637 11634 11622
11638 11634 11637
11627 11639 11625
11639 11640 11625
11625 11640 11622
11622 11640 11641
11642 11641 11640
11643 11641 11642
11643 11644 11641
11645 11638 11637
11645 11637 11646
11647 11637 11622
11647 11646 11637
11622 11641 11648
11641 11644 11648
11648 11649 11622
11649 11647 11622
11649 11648 11650
11647 11649 11651
11652 11647 11651
11647 11652 11653
11653 11654 11647
11653 11655 11654
11656 11654 11655
11657 11654 11656
11658 11655 11653
11659 11658 11653
11653 11660 11659
11661 11658 11659
11662 11658 11661
11660 11663 11659
11660 11664 11663
11653 11665 11660
11653 11666 11665
11665 11667 11660
11660 11667 11664
11668 11665 11666
11669 11655 11658
11662 11669 11658
11657 11670 11654
11671 11668 11666
11671 11666 11672
11672 11666 11673
11653 11673 11666
11674 11673 11653
11675 11673 11674
11676 11675 11674
11676 11674 11677
11678 11674 11653
11678 11677 11674
11652 11678 11653
11678 11652 11679
11680 11678 11679
11678 11680 11681
11681 11682 11678
11681 11683 11682
11684 11682 11683
11685 11682 11684
11686 11683 11681
11687 11686 11681
11681 11688 11687
11689 11686 11687
11690 11686 11689
11688 11691 11687
11688 11692 11691
11681 11693 11688
11681 11694 11693
11693 11695 11688
11688 11695 11692
11696 11693 11694
11697 11683 11686
11690 11697 11686
11685 11698 11682
11699 11696 11694
11699 11694 11700
11700 11694 11701
11681 11701 11694
11702 11701 11681
11703 11701 11702
11704 11703 11702
11704 11702 11705
11706 11702 11681
11706 11705 11702
11680 11706 11681
11706 11680 11707
11708 11706 11707
11706 11708 11709
11709 11710 11706
11709 11711 11710
11712 11710 11711
11713 11710 11712
11714 11711 11709
11715 11714 11709
11709 11716 11715
11717 11714 11715
11718 11714 11717
11716 11719 11715
11716 11720 11719
11709 11721 11716
11709 11722 11721
11721 11723 11716
11716 11723 11720
11724 11721 11722
11725 11711 11714
11718 11725 11714
11713 11726 11710
11727 11724 11722
11727 11722 11728
11728 11722 11729
11709 11729 11722
11730 11729 11709
11731 11729 11730
11732 11731 11730
11732 11730 11733
11734 11730 11709
11734 11733 11730
11708 11734 11709
11734 11708 11735
11736 11734 11735
11734 11736 11737
11737 11738 11734
11737 11739 11738
11740 11738 11739
11741 11738 11740
11742 11739 11737
11743 11742 11737
11737 11744 11743
11745 11742 11743
11746 11742 11745
11744 11747 11743
11744 11748 11747
11737 11749 11744
11737 11750 11749
11749 11751 11744
11744 11751 11748
11752 11749 11750
11753 11739 11742
11746 11753 11742
11741 11754 11738
11755 11752 11750
11755 11750 11756
11756 11750 11757
11737 11757 11750
11758 11757 11737
11759 11757 11758
11760 11759 11758
11760 11758 11761
11648 11758 11737
11648 11761 11758
11736 11648 11737
11648 11736 11650
11738 11754 11734
11710 11726 11706
11682 11698 11678
11654 11670 11647
11762 11763 11764
11765 11763 11762
11763 11765 11766
11763 11766 11767
11767 11768 11763
11768 11769 11763
11763 11770 11764
11769 11771 11763
11763 11771 11770
11770 11771 11772
11770 11772 11773
11774 11770 11773
11774 11773 11775
11776 11774 11775
11777 11774 11776
11774 11777 11778
11774 11778 11779
11779 11780 11774
11780 11781 11774
11781 11770 11774
11782 11772 11771
11782 11771 11783
11784 11782 11783
11785 11782 11784
11782 11785 11786
11782 11786 11787
11787 11788 11782
11788 11789 11782
11789 11772 11782
11790 11772 11791
11792 11790 11791
11793 11790 11792
11790 11793 11794
11790 11794 11795
11795 11796 11790
11796 11797 11790
11797 11773 11790
11790 11773 11772
11798 11799 11800
11801 11798 11800
11800 11799 11802
11798 11801 11803
11801 11804 11803
11801 11805 11804
11801 11806 11805
11801 11807 11806
11808 11807 11801
11807 11808 11809
11801 11800 11810
11810 11800 11811
11800 11802 11811
11810 11812 11801
11813 11808 11801
11808 11813 11814
11801 11815 11813
11801 11816 11815
11801 11817 11816
11801 11812 11817
11813 11818 11814
11818 11813 11819
11819 11813 11820
11819 11820 11821
11819 11821 11822
11819 11822 11823
11824 11819 11823
11819 11824 11825
11824 11826 11825
11825 11826 11827
11819 11825 11828
11828 11825 11829
11825 11827 11829
11828 11830 11819
11831 11818 11819
11818 11831 11832
11819 11833 11831
11819 11834 11833
11819 11835 11834
11819 11830 11835
11831 11836 11832
11836 11831 11837
11837 11831 11838
11837 11838 11839
11837 11839 11840
11837 11840 11841
11842 11837 11841
11837 11842 11843
11842 11844 11843
11843 11844 11845
11837 11843 11846
11846 11843 11847
11843 11845 11847
11846 11848 11837
11849 11836 11837
11836 11849 11850
11837 11851 11849
11837 11852 11851
11837 11853 11852
11837 11848 11853
11849 11854 11850
11854 11849 11855
11855 11849 11856
11855 11856 11857
11855 11857 11858
11855 11858 11859
11860 11855 11859
11855 11860 11861
11860 11862 11861
11861 11862 11863
11855 11861 11864
11864 11861 11865
11861 11863 11865
11864 11866 11855
11867 11854 11855
11854 11867 11868
11855 11869 11867
11855 11870 11869
11855 11871 11870
11855 11866 11871
11867 11872 11868
11872 11867 11873
11873 11867 11874
11873 11874 11875
11873 11875 11876
11873 11876 11877
11878 11873 11877
11873 11878 11879
11878 11880 11879
11879 11880 11881
11873 11879 11882
11882 11879 11883
11879 11881 11883
11882 11884 11873
11807 11872 11873
11872 11807 11809
11873 11885 11807
11873 11886 11885
11873 11887 11886
11873 11884 11887
11809 11888 11872
11868 11872 11888
11868 11888 11854
11850 11854 11888
11850 11888 11836
11832 11836 11888
11832 11888 11818
11814 11818 11888
11814 11888 11808
11809 11808 11888
11889 11890 11891
11891 11890 11892
11893 11890 11889
11892 11890 11893
11894 11895 11896
11897 11895 11894
11895 11897 11898
11895 11898 11899
11899 11900 11895
11900 11901 11895
11895 11902 11896
11901 11903 11895
11895 11903 11902
11902 11903 11904
11902 11904 11905
11906 11902 11905
11906 11905 11907
11908 11906 11907
11909 11906 11908
11906 11909 11910
11906 11910 11911
11911 11912 11906
11912 11913 11906
11913 11902 11906
11914 11904 11903
11914 11903 11915
11916 11914 11915
11917 11914 11916
11914 11917 11918
11914 11918 11919
11919 11920 11914
11920 11921 11914
11921 11904 11914
11922 11904 11923
11924 11922 11923
11925 11922 11924
11922 11925 11926
11922 11926 11927
11927 11928 11922
11928 11929 11922
11929 11905 11922
11922 11905 11904
11930 11931 11932
11932 11931 11933
11934 11931 11930
11933 11931 11934
11935 11936 11937
11938 11936 11935
11936 11939 11937
11940 11936 11938
11941 11940 11938
11936 11942 11939
11940 11942 11936
11943 11941 11938
11943 11938 11944
11944 11938 11935
11945 11941 11943
11944 11935 11946
11946 11935 11947
11947 11935 11937
11947 11937 11948
11948 11937 11949
11937 11939 11949
11945 11943 11950
11950 11951 11945
11950 11943 11952
11952 11943 11944
11952 11944 11953
11953 11944 11946
11946 11954 11953
11955 11953 11954
11953 11955 11956
11956 11952 11953
11954 11957 11955
11957 11954 11958
11955 11959 11956
11959 11955 11960
11957 11960 11955
11960 11961 11959
11961 11960 11962
11960 11963 11962
11963 11960 11964
11960 11957 11964
11962 11965 11961
11965 11962 11966
11966 11967 11965
11967 11966 11968
11969 11968 11966
11968 11969 11970
11970 11971 11968
11971 11970 11972
11973 11968 11971
11968 11973 11967
11971 11974 11973
11974 11971 11975
11972 11975 11971
11966 11976 11969
11966 11962 11976
11962 11963 11976
11977 11974 11975
11974 11977 11978
11979 11978 11977
11978 11979 11980
11977 11981 11979
11981 11977 11982
11975 11982 11977
11975 11972 11983
11982 11975 11983
11979 11984 11980
11985 11980 11984
11986 11980 11985
11987 11980 11986
11988 11984 11979
11988 11979 11989
11989 11979 11990
11990 11979 11991
11979 11992 11991
11979 11993 11992
11981 11993 11979
11981 11994 11993
11981 11995 11994
11981 11996 11995
11981 11997 11996
11983 11998 11982
11998 11981 11982
11981 11999 11997
12000 11999 11981
11981 11998 12000
12001 12000 11998
12000 12001 12002
12002 12003 12000
12001 12004 12002
12004 12005 12002
12002 12005 12006
12004 12007 12005
12007 12008 12005
12007 12009 12008
12009 12007 12010
12010 12011 12009
12011 12010 12012
12011 12013 12009
12013 12008 12009
12013 12011 12014
12008 12013 12015
12005 12008 12015
12007 12004 12016
12016 12017 12007
12017 12010 12007
12017 12012 12010
12017 12016 12018
12018 12019 12017
12012 12017 12019
12019 12018 12020
12014 12021 12013
12021 12015 12013
12021 12014 12022
12023 12021 12022
12021 12023 12024
12025 12021 12024
12021 12025 12026
12015 12021 12026
12026 12025 12027
12026 12005 12015
12005 12026 12027
12028 12018 12016
12016 12029 12028
12029 12016 12004
12004 12001 12029
12030 12028 12029
12031 12028 12030
12028 12031 12032
12032 12033 12028
12034 12033 12032
12033 12034 12035
12032 12036 12034
12036 12032 12031
12001 12037 12029
12037 12030 12029
12038 12037 12001
12037 12038 12039
12039 12040 12037
12040 12039 12041
12042 12040 12041
12040 12042 12043
12044 12043 12042
12043 12044 12045
12045 12046 12043
12046 12045 12047
12048 12043 12046
12043 12048 12040
12037 12040 12048
12030 12037 12048
12046 12030 12048
12030 12046 12049
12047 12049 12046
12049 12031 12030
12031 12050 12036
12050 12031 12049
12049 12047 12050
12051 12044 12042
12044 12051 12052
12053 12052 12051
12052 12053 12054
12051 12055 12053
12055 12051 12056
12055 12056 12057
12042 12056 12051
12056 12042 12041
12039 12056 12041
12056 12039 12057
12038 12057 12039
12058 12057 12038
12038 12059 12058
12060 12058 12059
12058 12060 12061
12060 12062 12061
12062 12060 12063
12063 12064 12062
12064 12063 12065
12066 12064 12065
12064 12066 12067
12068 12067 12066
12067 12068 12069
12068 12070 12069
12070 12068 12071
12072 12070 12071
12070 12072 12073
12074 12073 12072
12073 12074 12075
12076 12075 12074
12075 12076 12077
12064 12078 12062
12079 12078 12064
12067 12079 12064
12069 12080 12067
12079 12067 12080
12081 12080 12069
12082 12070 12073
12075 12082 12073
12070 12082 12083
12082 12075 12084
12077 12084 12075
12084 12077 12085
12086 12080 12081
12086 12087 12080
12080 12087 12088
12079 12080 12088
12087 12089 12088
12089 12087 12090
12086 12090 12087
12091 12089 12090
12089 12091 12092
12089 12092 12093
12094 12093 12092
12091 12094 12092
12093 12094 12095
12094 12091 12096
12097 12081 12083
12098 12097 12083
12081 12097 12099
12099 12086 12081
12099 12100 12086
12100 12099 12101
12101 12102 12100
12102 12101 12103
12104 12102 12103
12102 12104 12105
12086 12100 12106
12107 12106 12100
12102 12107 12100
12105 12107 12102
12106 12107 12108
12109 12108 12107
12107 12105 12109
12108 12109 12110
12111 12104 12103
12101 12111 12103
12104 12111 12112
12111 12101 12113
12099 12113 12101
12113 12099 12097
12110 12091 12108
12091 12110 12096
12090 12108 12091
12108 12090 12106
12090 12086 12106
12114 12112 12111
12112 12114 12115
12116 12115 12114
12114 12117 12116
12118 12097 12117
12117 12114 12118
12111 12118 12114
12118 12111 12113
12097 12118 12113
12115 12116 12119
12120 12119 12116
12117 12120 12116
12119 12120 12121
12120 12117 12122
12097 12122 12117
12120 12123 12121
12123 12120 12124
12122 12124 12120
12124 12125 12123
12125 12124 12126
12126 12124 12127
12128 12125 12126
12127 12128 12126
12125 12128 12129
12128 12127 12130
12130 12127 12131
12124 12132 12127
12131 12127 12132
12124 12122 12132
12132 12098 12131
12098 12132 12122
12097 12098 12122
12083 12131 12098
12131 12083 12082
12130 12133 12128
12133 12130 12134
12134 12135 12133
12135 12134 12136
12134 12137 12136
12137 12134 12138
12130 12138 12134
12138 12130 12131
12138 12131 12082
12139 12133 12135
12133 12139 12140
12141 12140 12139
12140 12141 12142
12140 12142 12129
12128 12140 12129
12140 12128 12133
12138 12082 12084
12084 12137 12138
12085 12137 12084
12069 12083 12081
12083 12069 12070
12143 12144 12145
12145 12146 12143
12143 12146 12147
12145 12148 12146
12143 12147 11948
12149 12143 11948
12143 12149 12144
12146 12150 12147
12150 12151 12147
12152 12151 12150
12151 12152 12153
12154 12153 12152
12153 12154 12155
12156 12152 12150
12146 12156 12150
12148 12156 12146
12152 12156 12157
12157 12154 12152
12158 12157 12156
12148 12158 12156
12157 12158 12159
12160 12157 12159
12157 12160 12161
12154 12157 12161
12162 12159 12158
12159 12162 12163
12164 12163 12162
12163 12164 12165
12165 12166 12163
12166 12165 12167
12168 12167 12165
12167 12168 12169
12165 12170 12168
12170 12165 12164
12171 12168 12170
12168 12171 12172
12172 12169 12168
12163 12166 12173
12163 12173 12159
12159 12173 12160
12171 12174 12172
12174 12171 12175
12175 12176 12174
12176 12175 12177
12178 12174 12176
12174 12178 12179
12179 12172 12174
12169 12172 12180
12172 12179 12180
12176 12177 12181
12182 12181 12177
12183 12182 12177
12184 12183 12177
12185 12176 12181
12185 12186 12176
12186 12187 12176
12187 12188 12176
12176 12188 12189
12176 12189 12190
12178 12176 12190
12178 12190 12191
12178 12191 12192
12178 12192 12193
12178 12193 12194
12195 12180 12179
12178 12195 12179
12178 12194 12196
12196 12197 12178
12195 12178 12197
12197 12198 12195
12198 12197 12199
12199 12197 12200
12201 12198 12199
12201 12199 12202
12199 12203 12202
12204 12201 12202
12204 12202 12205
12206 12204 12205
12204 12206 12207
12208 12207 12206
12207 12208 12209
12210 12208 12206
12205 12210 12206
12208 12210 12211
12210 12205 12212
12202 12212 12205
12201 12204 12213
12214 12213 12204
12214 12204 12207
12209 12214 12207
12213 12214 12215
12216 12215 12214
12214 12209 12216
12215 12216 12217
12218 12211 12210
12212 12218 12210
12211 12218 12219
12218 12220 12219
12220 12218 12221
12218 12222 12221
12222 12218 12223
12218 12212 12223
12223 12224 12222
12223 12202 12224
12202 12223 12212
12215 12225 12213
12226 12213 12225
12213 12226 12201
12198 12201 12226
12227 12226 12225
12225 12228 12227
12228 12225 12229
12229 12225 12230
12230 12231 12229
12231 12230 12232
12229 12233 12228
12233 12229 12231
12198 12226 12234
12227 12234 12226
12234 12235 12198
12235 12234 12236
12237 12236 12234
12236 12237 12238
12237 12239 12238
12239 12237 12240
12240 12241 12239
12241 12240 12242
12243 12242 12240
12242 12243 12244
12240 12245 12243
12245 12240 12237
12234 12245 12237
12234 12227 12245
12227 12243 12245
12243 12227 12246
12246 12244 12243
12246 12227 12228
12228 12247 12246
12244 12246 12247
12247 12228 12233
12241 12248 12239
12248 12241 12249
12249 12250 12248
12250 12249 12251
12252 12248 12250
12248 12252 12253
12252 12254 12253
12253 12239 12248
12239 12253 12238
12236 12253 12254
12253 12236 12238
12235 12236 12254
12254 12255 12235
12235 12255 12256
12255 12257 12256
12257 12255 12258
12259 12257 12258
12257 12259 12260
12261 12260 12259
12260 12261 12262
12261 12263 12262
12263 12261 12264
12264 12265 12263
12265 12264 12266
12267 12265 12266
12265 12267 12268
12267 12269 12268
12269 12267 12270
12270 12271 12269
12271 12270 12272
12272 12273 12271
12273 12272 12274
12261 12259 12275
12276 12261 12275
12276 12264 12261
12266 12264 12277
12264 12276 12277
12278 12266 12277
12267 12279 12270
12279 12272 12270
12279 12267 12280
12280 12266 12278
12266 12280 12267
12272 12279 12281
12281 12274 12272
12274 12281 12282
12283 12278 12277
12283 12277 12284
12277 12285 12284
12276 12285 12277
12284 12285 12286
12286 12287 12284
12287 12283 12284
12286 12288 12287
12288 12286 12289
12286 12290 12289
12290 12291 12289
12291 12288 12289
12291 12290 12292
12288 12291 12293
12278 12294 12280
12295 12280 12294
12296 12288 12293
12288 12296 12297
12297 12287 12288
12298 12297 12296
12297 12298 12299
12299 12300 12297
12287 12297 12300
12300 12299 12301
12283 12300 12301
12283 12287 12300
12301 12302 12283
12302 12301 12303
12304 12303 12301
12304 12301 12299
12303 12304 12305
12304 12306 12305
12306 12304 12307
12299 12307 12304
12307 12299 12298
12306 12308 12305
12308 12303 12305
12308 12306 12309
12303 12308 12310
12310 12302 12303
12302 12310 12294
12294 12278 12302
12302 12278 12283
12309 12311 12308
12311 12309 12312
12312 12313 12311
12314 12311 12313
12315 12314 12294
12311 12314 12315
12308 12315 12310
12315 12308 12311
12294 12310 12315
12313 12312 12316
12316 12317 12313
12317 12314 12313
12317 12316 12318
12314 12317 12319
12294 12314 12319
12320 12317 12318
12317 12320 12321
12321 12319 12317
12322 12321 12320
12321 12322 12323
12323 12324 12321
12322 12325 12323
12325 12324 12323
12325 12322 12326
12324 12325 12327
12327 12328 12324
12321 12324 12329
12328 12329 12324
12319 12321 12329
12329 12295 12319
12295 12329 12328
12294 12319 12295
12328 12280 12295
12280 12328 12279
12330 12327 12325
12327 12330 12331
12332 12331 12330
12331 12332 12333
12334 12331 12333
12331 12334 12335
12327 12335 12328
12335 12327 12331
12335 12279 12328
12330 12336 12332
12336 12330 12337
12337 12338 12336
12338 12337 12339
12337 12326 12339
12337 12325 12326
12325 12337 12330
12335 12281 12279
12281 12335 12334
12282 12281 12334
12340 12341 12342
12343 12342 12341
12343 12344 12342
12344 12345 12342
12342 12345 12346
12347 12342 12346
12347 12348 12342
12348 12340 12342
12340 12348 12349
12350 12343 12341
12351 12350 12341
12352 12351 12341
12353 12352 12341
12354 12347 12346
12354 12177 12347
12354 12184 12177
12347 12355 12348
12177 12355 12347
12177 12175 12355
12356 12348 12355
12356 12357 12348
12348 12357 12349
12349 12357 12358
12359 12357 12356
12357 12359 12358
12358 12359 12360
12361 12356 12355
12361 12355 12175
12171 12361 12175
12171 12362 12361
12171 12170 12362
12361 12362 12363
12361 12363 12356
12363 12359 12356
12364 12359 12363
12359 12364 12360
12365 12363 12362
12365 12364 12363
12364 12365 12366
12366 12367 12364
12367 12360 12364
12145 12367 12366
12365 12368 12366
12148 12366 12368
12148 12145 12366
12158 12148 12368
12369 12365 12362
12369 12362 12170
12365 12369 12368
12369 12162 12368
12158 12368 12162
12164 12369 12170
12369 12164 12162
12145 12144 12367
12370 12155 12371
12155 12370 12153
11946 12153 12370
12153 11946 12151
12155 12273 12371
12273 12155 12271
12155 12269 12271
12269 12155 12154
12154 12268 12269
12268 12154 12161
12161 12265 12268
12265 12161 12160
12160 12263 12265
12263 12160 12173
12173 12262 12263
12262 12173 12166
12167 12262 12166
12262 12167 12260
12169 12260 12167
12260 12169 12257
12180 12257 12169
12257 12180 12256
12180 12195 12256
12195 12235 12256
12235 12195 12198
12372 12255 12373
12255 12372 12258
12372 12374 12258
12375 12374 12372
12374 12375 12376
12373 12377 12372
12377 12373 12378
12378 12379 12377
12379 12378 12380
12375 12381 12376
12381 12375 12382
12380 12383 12379
12383 12380 12384
12382 12385 12381
12385 12382 12386
12380 12387 12384
12387 12380 12388
12380 12389 12388
12389 12380 12378
12378 12254 12389
12254 12378 12373
12390 12386 12382
12390 12377 12379
12386 12390 12391
12379 12391 12390
12391 12379 12383
12382 12392 12390
12392 12382 12375
12372 12392 12375
12255 12254 12373
12388 12251 12387
12251 12388 12250
12252 12388 12389
12388 12252 12250
12389 12254 12252
12372 12377 12392
12377 12390 12392
12393 12394 12395
12394 12393 12396
12393 12397 12396
12397 12393 12398
12395 12399 12393
12399 12395 12400
12399 12400 12401
12402 12399 12401
12399 12402 12403
12403 12393 12399
12393 12403 12398
12401 12404 12402
12404 12401 12405
12400 12405 12401
12405 12406 12404
12406 12405 12407
12408 12407 12405
12405 12400 12408
12407 12408 12409
12410 12409 12408
12410 12400 12395
12410 12408 12400
12409 12410 12411
12410 12259 12411
12407 12385 12406
12385 12407 12381
12409 12381 12407
12381 12409 12376
12411 12376 12409
12376 12411 12374
12259 12374 12411
12258 12374 12259
12259 12410 12275
12410 12412 12275
12412 12276 12275
12276 12412 12285
12413 12285 12412
12414 12413 12412
12415 12413 12414
12413 12415 12416
12417 12416 12415
12415 12418 12417
12418 12415 12419
12415 12414 12419
12416 12417 12420
12420 12421 12416
12421 12413 12416
12421 12420 12422
12413 12421 12423
12423 12285 12413
12419 12414 12396
12396 12418 12419
12396 12414 12394
12412 12394 12414
12412 12395 12394
12418 12396 12397
12286 12285 12423
12423 12290 12286
12290 12423 12421
12422 12290 12421
12290 12422 12292
12412 12410 12395
12225 12215 12230
12215 12232 12230
12232 12215 12217
12199 12424 12203
12199 12200 12424
12197 12425 12200
12197 12426 12425
12197 12427 12426
12197 12428 12427
12197 12196 12428
12203 12224 12202
12429 12430 12431
12432 12430 12429
12432 12429 12433
11980 12432 12433
12432 11980 12434
12434 11980 11987
12435 12433 12429
12435 12429 12436
12437 12436 12429
12431 12437 12429
12438 12433 12435
12438 12435 12439
12439 12435 12440
12435 12436 12440
12441 12440 12436
12437 12441 12436
12438 12439 12442
11974 12438 12442
11974 12442 11973
11973 12442 12443
11974 11978 12438
12438 11978 12433
11980 12433 11978
12443 12442 12444
12442 12439 12444
12444 12439 12445
12439 12440 12445
12446 12445 12440
12441 12446 12440
12445 12447 12444
12447 12445 12448
12448 12445 12446
12444 12449 12443
12444 12447 12449
11967 11973 12443
12443 11965 11967
12443 12449 11965
11961 11965 12449
12450 12447 12448
12450 12448 11951
12451 12447 12450
12451 12449 12447
11961 12449 12451
11950 12450 11951
12450 11950 12452
12450 12452 12451
12451 12452 11959
12451 11959 11961
11950 11952 12452
12452 11952 11956
12452 11956 11959
12370 11958 11954
11958 12370 12371
11954 11946 12370
12076 11958 12371
11958 12076 12074
12072 11958 12074
11958 12072 11957
12071 11957 12072
11957 12071 11964
12068 11964 12071
11964 12068 11963
12066 11963 12068
11963 12066 11976
12065 11976 12066
11976 12065 11969
12065 11970 11969
11970 12065 12063
12063 11972 11970
11972 12063 12060
12060 11983 11972
11983 12060 12059
11998 11983 12059
12038 11998 12059
11998 12038 12001
12453 12430 12454
12454 12430 12455
12430 12456 12455
12453 12457 12430
12458 12457 12453
12459 12457 12458
12460 12457 12459
12461 12457 12460
12456 12430 12432
12434 12456 12432
12430 12457 12431
12058 12462 12463
12462 12058 12061
12462 12061 12464
12464 12465 12462
12465 12464 12466
12467 12463 12462
12463 12467 12468
12469 12468 12467
12468 12469 12470
12471 12465 12466
12465 12471 12472
12473 12470 12469
12470 12473 12474
12475 12472 12471
12472 12475 12476
12477 12470 12474
12470 12477 12478
12479 12470 12478
12470 12479 12468
12057 12468 12479
12468 12057 12463
12476 12480 12472
12467 12480 12469
12480 12476 12481
12469 12481 12473
12481 12469 12480
12482 12472 12480
12472 12482 12465
12462 12465 12482
12057 12058 12463
12054 12478 12477
12478 12054 12053
12055 12478 12053
12478 12055 12479
12479 12055 12057
12462 12482 12467
12480 12467 12482
12483 12484 12485
12484 12483 12486
12487 12483 12485
12483 12487 12488
12489 12486 12483
12486 12489 12490
12489 12491 12490
12489 12492 12491
12492 12489 12493
12483 12493 12489
12493 12483 12488
12494 12491 12492
12491 12494 12495
12495 12490 12491
12496 12495 12494
12495 12496 12497
12497 12498 12495
12490 12495 12498
12498 12497 12499
12499 12500 12498
12500 12486 12490
12500 12490 12498
12500 12499 12501
12500 12501 12062
12475 12497 12496
12497 12475 12471
12471 12499 12497
12499 12471 12466
12466 12501 12499
12501 12466 12464
12062 12501 12464
12061 12062 12464
12062 12078 12500
12500 12078 12502
12079 12502 12078
12502 12079 12088
12503 12502 12088
12504 12502 12503
12503 12505 12504
12505 12503 12506
12506 12507 12505
12508 12505 12507
12505 12508 12509
12505 12509 12504
12507 12506 12510
12511 12510 12506
12503 12511 12506
12510 12511 12512
12511 12503 12513
12513 12503 12088
12509 12485 12504
12508 12485 12509
12485 12484 12504
12502 12504 12484
12502 12484 12486
12485 12508 12487
12089 12513 12088
12513 12093 12511
12093 12513 12089
12093 12512 12511
12512 12093 12095
12502 12486 12500
12018 12028 12033
12035 12018 12033
12018 12035 12020
12002 12006 12514
12002 12514 12003
12000 12003 12515
12000 12515 12516
12000 12516 12517
12000 12517 12518
11999 12000 12518
12006 12005 12027
12151 11947 12147
12151 11946 11947
12147 11947 11948
12149 11948 11949
12519 12520 12521
12519 12521 12522
12519 12523 12520
12520 12523 12524
12524 12523 12525
12525 12523 12526
12525 12526 12527
12527 12526 12528
12528 12526 12529
12529 12526 12530
12529 12530 12531
12531 12530 12532
12531 12532 12533
12533 12532 12534
12534 12532 12535
12535 12532 12536
12537 12538 12539
12540 12538 12537
12538 12540 12541
12538 12541 12542
12542 12543 12538
12543 12544 12538
12538 12545 12539
12544 12546 12538
12538 12546 12545
12545 12546 12547
12545 12547 12548
12549 12545 12548
12549 12548 12550
12551 12549 12550
12552 12549 12551
12549 12552 12553
12549 12553 12554
12554 12555 12549
12555 12556 12549
12556 12545 12549
12557 12547 12546
12557 12546 12558
12559 12557 12558
12560 12557 12559
12557 12560 12561
12557 12561 12562
12562 12563 12557
12563 12564 12557
12564 12547 12557
12565 12547 12566
12567 12565 12566
12568 12565 12567
12565 12568 12569
12565 12569 12570
12570 12571 12565
12571 12572 12565
12572 12548 12565
12565 12548 12547
12548 12573 12547
12545 12573 12548
12546 12573 12545
12547 12573 12546
12574 12575 12576
12577 12575 12574
12575 12577 12578
12575 12578 12579
12579 12580 12575
12580 12581 12575
12575 12582 12576
12581 12583 12575
12575 12583 12582
12582 12583 12584
12582 12584 12585
12586 12582 12585
12586 12585 12587
12588 12586 12587
12589 12586 12588
12586 12589 12590
12586 12590 12591
12591 12592 12586
12592 12593 12586
12593 12582 12586
12594 12584 12583
12594 12583 12595
12596 12594 12595
12597 12594 12596
12594 12597 12598
12594 12598 12599
12599 12600 12594
12600 12601 12594
12601 12584 12594
12602 12584 12603
12604 12602 12603
12605 12602 12604
12602 12605 12606
12602 12606 12607
12607 12608 12602
12608 12609 12602
12609 12585 12602
12602 12585 12584
12585 12610 12584
12582 12610 12585
12583 12610 12582
12584 12610 12583
12611 12612 12613
12612 12611 12614
12615 12616 12617
12616 12615 12618
12619 12620 12621
12619 12621 12622
12619 12623 12620
12620 12623 12624
12624 12623 12625
12625 12623 12626
12625 12626 12627
12627 12626 12628
12628 12626 12629
12629 12626 12630
12629 12630 12631
12631 12630 12632
12631 12632 12633
12633 12632 12634
12634 12632 12635
12635 12632 12636
12637 12638 12639
12638 12640 12639
12641 12637 12639
12640 12641 12639
12638 12640 12641
12638 12641 12637
12642 12638 12637
12642 12643 12638
12644 12643 12642
12645 12644 12642
12642 12646 12645
12642 12647 12646
12647 12642 12648
12648 12642 12649
12649 12642 12637
12650 12640 12638
12650 12651 12640
12652 12651 12650
12653 12652 12650
12650 12654 12653
12650 12655 12654
12655 12650 12656
12656 12650 12657
12657 12650 12638
12658 12659 12660
12661 12659 12658
12659 12661 12662
12659 12662 12663
12663 12664 12659
12664 12665 12659
12659 12666 12660
12665 12667 12659
12659 12667 12666
12666 12667 12668
12666 12668 12669
12670 12666 12669
12670 12669 12671
12672 12670 12671
12673 12670 12672
12670 12673 12674
12670 12674 12675
12675 12676 12670
12676 12677 12670
12677 12666 12670
12678 12668 12667
12678 12667 12679
12680 12678 12679
12681 12678 12680
12678 12681 12682
12678 12682 12683
12683 12684 12678
12684 12685 12678
12685 12668 12678
12686 12668 12687
12688 12686 12687
12689 12686 12688
12686 12689 12690
12686 12690 12691
12691 12692 12686
12692 12693 12686
12693 12669 12686
12686 12669 12668
12694 12695 12696
12696 12697 12694
12694 12697 12698
12698 12697 12699
12694 12700 12695
12700 12701 12695
12695 12702 12696
12702 12703 12696
12695 12704 12702
12701 12704 12695
12703 12702 12705
12703 12706 12696
12706 12703 12707
12707 12703 12708
12703 12705 12708
12696 12706 12709
12709 12706 12710
12696 12711 12697
12697 12711 12712
12697 12712 12699
12709 12710 12713
12714 12709 12713
12709 12714 12715
12696 12709 12715
12716 12711 12696
12711 12716 12717
12717 12716 12718
12716 12719 12718
12720 12716 12696
12720 12719 12716
12720 12696 12721
12715 12721 12696
12715 12722 12721
12715 12723 12722
12723 12724 12722
12724 12723 12725
12725 12723 12726
12722 12724 12727
12722 12727 12728
12728 12729 12722
12728 12727 12730
12730 12727 12731
12728 12732 12729
12732 12733 12729
12729 12734 12722
12734 12735 12722
12729 12736 12734
12733 12736 12729
12735 12734 12737
12727 12724 12738
12727 12738 12731
12723 12739 12726
12735 12737 12740
12741 12735 12740
12742 12735 12741
12735 12742 12722
12722 12742 12743
12743 12742 12744
12743 12744 12745
12746 12743 12745
12722 12743 12747
12743 12746 12747
12722 12747 12721
12747 12748 12721
12747 12749 12748
12749 12750 12748
12750 12749 12751
12751 12749 12752
12748 12750 12753
12748 12753 12754
12754 12755 12748
12754 12753 12756
12756 12753 12757
12754 12758 12755
12758 12759 12755
12755 12760 12748
12760 12761 12748
12755 12762 12760
12759 12762 12755
12761 12760 12763
12753 12750 12764
12753 12764 12757
12749 12765 12752
12761 12763 12766
12767 12761 12766
12768 12761 12767
12761 12768 12748
12748 12768 12769
12769 12768 12770
12769 12770 12771
12772 12769 12771
12748 12769 12773
12769 12772 12773
12773 12721 12748
12773 12774 12721
12773 12775 12774
12775 12776 12774
12776 12775 12777
12777 12775 12778
12774 12776 12779
12774 12779 12780
12780 12781 12774
12780 12779 12782
12782 12779 12783
12780 12784 12781
12784 12785 12781
12781 12786 12774
12786 12787 12774
12781 12788 12786
12785 12788 12781
12787 12786 12789
12779 12776 12790
12779 12790 12783
12775 12791 12778
12787 12789 12792
12793 12787 12792
12794 12787 12793
12787 12794 12774
12774 12794 12795
12795 12794 12796
12795 12796 12797
12798 12795 12797
12774 12795 12799
12795 12798 12799
12799 12721 12774
12799 12800 12721
12799 12801 12800
12801 12802 12800
12802 12801 12803
12803 12801 12804
12800 12802 12805
12800 12805 12806
12806 12807 12800
12806 12805 12808
12808 12805 12809
12806 12810 12807
12810 12811 12807
12807 12812 12800
12812 12813 12800
12807 12814 12812
12811 12814 12807
12813 12812 12815
12805 12802 12816
12805 12816 12809
12801 12817 12804
12813 12815 12818
12819 12813 12818
12820 12813 12819
12813 12820 12800
12800 12820 12821
12821 12820 12822
12821 12822 12823
12824 12821 12823
12800 12821 12720
12821 12824 12720
12720 12721 12800
12799 12817 12801
12773 12791 12775
12747 12765 12749
12715 12739 12723
12825 12826 12827
12826 12825 12828
12829 12830 12831
12830 12832 12831
12833 12829 12831
12832 12833 12831
12830 12832 12833
12830 12833 12829
12834 12830 12829
12834 12835 12830
12836 12835 12834
12837 12836 12834
12834 12838 12837
12834 12839 12838
12839 12834 12840
12840 12834 12841
12841 12834 12829
12842 12832 12830
12842 12843 12832
12844 12843 12842
12845 12844 12842
12842 12846 12845
12842 12847 12846
12847 12842 12848
12848 12842 12849
12849 12842 12830
12850 12851 12852
12853 12850 12852
12852 12854 12853
12852 12855 12854
12855 12852 12856
12856 12852 12857
12852 12851 12858
12857 12852 12859
12852 12858 12859
12858 12860 12859
12858 12861 12860
12862 12861 12858
12862 12863 12861
12864 12863 12862
12865 12864 12862
12862 12866 12865
12862 12867 12866
12867 12862 12868
12868 12862 12869
12869 12862 12858
12870 12859 12860
12870 12871 12859
12872 12871 12870
12873 12872 12870
12870 12874 12873
12870 12875 12874
12875 12870 12876
12876 12870 12877
12877 12870 12860
12878 12879 12860
12880 12879 12878
12881 12880 12878
12878 12882 12881
12878 12883 12882
12883 12878 12884
12884 12878 12885
12885 12878 12861
12878 12860 12861
12861 12860 12886
12858 12861 12886
12859 12858 12886
12860 12859 12886
12887 12888 12889
12888 12890 12889
12891 12887 12889
12890 12891 12889
12888 12890 12891
12888 12891 12887
12892 12888 12887
12892 12893 12888
12894 12893 12892
12895 12894 12892
12892 12896 12895
12892 12897 12896
12897 12892 12898
12898 12892 12899
12899 12892 12887
12900 12890 12888
12900 12901 12890
12902 12901 12900
12903 12902 12900
12900 12904 12903
12900 12905 12904
12905 12900 12906
12906 12900 12907
12907 12900 12888
12908 12909 12910
12911 12908 12910
12910 12912 12911
12910 12913 12912
12913 12910 12914
12914 12910 12915
12910 12909 12829
12915 12910 12833
12910 12829 12833
12916 12917 12833
12918 12917 12916
12919 12918 12916
12916 12920 12919
12916 12921 12920
12921 12916 12922
12922 12916 12923
12923 12916 12832
12916 12833 12832
12924 12925 12926
12927 12924 12926
12926 12928 12927
12926 12929 12928
12929 12926 12930
12930 12926 12931
12926 12925 12932
12931 12926 12933
12926 12932 12933
12932 12934 12933
12932 12935 12934
12936 12935 12932
12936 12937 12935
12938 12937 12936
12939 12938 12936
12936 12940 12939
12936 12941 12940
12941 12936 12942
12942 12936 12943
12943 12936 12932
12944 12933 12934
12944 12945 12933
12946 12945 12944
12947 12946 12944
12944 12948 12947
12944 12949 12948
12949 12944 12950
12950 12944 12951
12951 12944 12934
12952 12953 12934
12954 12953 12952
12955 12954 12952
12952 12956 12955
12952 12957 12956
12957 12952 12958
12958 12952 12959
12959 12952 12935
12952 12934 12935
12935 12934 12960
12932 12935 12960
12933 12932 12960
12934 12933 12960
12961 12962 12963
12964 12961 12963
12963 12965 12964
12963 12966 12965
12966 12963 12967
12967 12963 12968
12963 12962 12637
12968 12963 12641
12963 12637 12641
12969 12970 12641
12971 12970 12969
12972 12971 12969
12969 12973 12972
12969 12974 12973
12974 12969 12975
12975 12969 12976
12976 12969 12640
12969 12641 12640
12977 12978 12979
12978 12980 12979
12981 12977 12979
12980 12981 12979
12978 12980 12981
12978 12981 12977
12982 12978 12977
12982 12983 12978
12984 12983 12982
12985 12984 12982
12982 12986 12985
12982 12987 12986
12987 12982 12988
12988 12982 12989
12989 12982 12977
12990 12980 12978
12990 12991 12980
12992 12991 12990
12993 12992 12990
12990 12994 12993
12990 12995 12994
12995 12990 12996
12996 12990 12997
12997 12990 12978
12998 12999 13000
13001 12998 13000
13000 13002 13001
13000 13003 13002
13003 13000 13004
13004 13000 13005
13000 12999 12977
13005 13000 12981
13000 12977 12981
13006 13007 12981
13008 13007 13006
13009 13008 13006
13006 13010 13009
13006 13011 13010
13011 13006 13012
13012 13006 13013
13013 13006 12980
13006 12981 12980
13014 13015 13016
13016 13015 13017
13018 13015 13014
13017 13015 13018
13016 13018 13017
13016 13014 13018
13019 13014 13016
13019 13016 13020
13021 13019 13020
13022 13019 13021
13019 13022 13023
13019 13023 13024
13024 13025 13019
13025 13026 13019
13026 13014 13019
13027 13016 13017
13027 13017 13028
13029 13027 13028
13030 13027 13029
13027 13030 13031
13027 13031 13032
13032 13033 13027
13033 13034 13027
13034 13016 13027
13035 13036 13037
13038 13035 13037
13037 13039 13038
13037 13040 13039
13040 13037 13041
13041 13037 13042
13037 13036 13043
13042 13037 13044
13037 13043 13044
13043 13045 13044
13043 13046 13045
13047 13046 13043
13047 13048 13046
13049 13048 13047
13050 13049 13047
13047 13051 13050
13047 13052 13051
13052 13047 13053
13053 13047 13054
13054 13047 13043
13055 13044 13045
13055 13056 13044
13057 13056 13055
13058 13057 13055
13055 13059 13058
13055 13060 13059
13060 13055 13061
13061 13055 13062
13062 13055 13045
13063 13064 13045
13065 13064 13063
13066 13065 13063
13063 13067 13066
13063 13068 13067
13068 13063 13069
13069 13063 13070
13070 13063 13046
13063 13045 13046
13046 13045 13071
13043 13046 13071
13044 13043 13071
13045 13044 13071
13072 13073 13074
13073 13075 13074
13076 13072 13074
13075 13076 13074
13073 13075 13076
13073 13076 13072
13077 13073 13072
13077 13078 13073
13079 13078 13077
13080 13079 13077
13077 13081 13080
13077 13082 13081
13082 13077 13083
13083 13077 13084
13084 13077 13072
13085 13075 13073
13085 13086 13075
13087 13086 13085
13088 13087 13085
13085 13089 13088
13085 13090 13089
13090 13085 13091
13091 13085 13092
13092 13085 13073
13093 13094 13095
13096 13093 13095
13095 13097 13096
13095 13098 13097
13098 13095 13099
13099 13095 13100
13095 13094 13072
13100 13095 13076
13095 13072 13076
13101 13102 13076
13103 13102 13101
13104 13103 13101
13101 13105 13104
13101 13106 13105
13106 13101 13107
13107 13101 13108
13108 13101 13075
13101 13076 13075
13109 13110 13111
13110 13109 13112
13113 13114 13115
13114 13116 13115
13117 13113 13115
13116 13117 13115
13114 13116 13117
13118 13116 13114
13118 13119 13116
13120 13119 13118
13121 13120 13118
13118 13122 13121
13118 13123 13122
13123 13118 13124
13124 13118 13125
13125 13118 13114
13114 13117 13126
13127 13114 13126
13127 13128 13114
13129 13128 13127
13130 13129 13127
13127 13131 13130
13127 13132 13131
13132 13127 13133
13133 13127 13134
13134 13127 13126
13135 13136 13126
13137 13136 13135
13138 13137 13135
13135 13139 13138
13135 13140 13139
13140 13135 13141
13141 13135 13142
13142 13135 13117
13135 13126 13117
13143 13144 13117
13145 13144 13143
13146 13145 13143
13143 13147 13146
13143 13148 13147
13148 13143 13149
13149 13143 13150
13150 13143 13116
13143 13117 13116
13151 13152 13153
13154 13151 13153
13153 13155 13154
13153 13156 13155
13156 13153 13157
13157 13153 13158
13153 13152 13159
13158 13153 13160
13153 13159 13160
13159 13161 13160
13159 13162 13161
13163 13162 13159
13163 13164 13162
13165 13164 13163
13166 13165 13163
13163 13167 13166
13163 13168 13167
13168 13163 13169
13169 13163 13170
13170 13163 13159
13171 13160 13161
13171 13172 13160
13173 13172 13171
13174 13173 13171
13171 13175 13174
13171 13176 13175
13176 13171 13177
13177 13171 13178
13178 13171 13161
13179 13180 13161
13181 13180 13179
13182 13181 13179
13179 13183 13182
13179 13184 13183
13184 13179 13185
13185 13179 13186
13186 13179 13162
13179 13161 13162
13162 13161 13187
13159 13162 13187
13160 13159 13187
13161 13160 13187
13188 13189 13190
13191 13188 13190
13190 13192 13191
13190 13193 13192
13193 13190 13194
13194 13190 13195
13190 13189 13196
13195 13190 13197
13190 13196 13197
13196 13198 13197
13196 13199 13198
13200 13199 13196
13200 13201 13199
13202 13201 13200
13203 13202 13200
13200 13204 13203
13200 13205 13204
13205 13200 13206
13206 13200 13207
13207 13200 13196
13208 13197 13198
13208 13209 13197
13210 13209 13208
13211 13210 13208
13208 13212 13211
13208 13213 13212
13213 13208 13214
13214 13208 13215
13215 13208 13198
13216 13217 13198
13218 13217 13216
13219 13218 13216
13216 13220 13219
13216 13221 13220
13221 13216 13222
13222 13216 13223
13223 13216 13199
13216 13198 13199
13199 13198 13224
13196 13199 13224
13197 13196 13224
13198 13197 13224
13225 13226 13227
13228 13225 13227
13227 13229 13228
13227 13230 13229
13230 13227 13231
13231 13227 13232
13227 13226 12887
13232 13227 12891
13227 12887 12891
13233 13234 12891
13235 13234 13233
13236 13235 13233
13233 13237 13236
13233 13238 13237
13238 13233 13239
13239 13233 13240
13240 13233 12890
13233 12891 12890
13241 13242 13243
13244 13242 13241
13242 13244 13245
13242 13245 13246
13246 13247 13242
13247 13248 13242
13242 13249 13243
13248 13250 13242
13242 13250 13249
13249 13250 13251
13249 13251 13252
13253 13249 13252
13253 13252 13254
13255 13253 13254
13256 13253 13255
13253 13256 13257
13253 13257 13258
13258 13259 13253
13259 13260 13253
13260 13249 13253
13261 13251 13250
13261 13250 13262
13263 13261 13262
13264 13261 13263
13261 13264 13265
13261 13265 13266
13266 13267 13261
13267 13268 13261
13268 13251 13261
13269 13251 13270
13271 13269 13270
13272 13269 13271
13269 13272 13273
13269 13273 13274
13274 13275 13269
13275 13276 13269
13276 13252 13269
13269 13252 13251
13252 13277 13251
13249 13277 13252
13250 13277 13249
13251 13277 13250
13278 13279 13280
13281 13278 13280
13280 13282 13281
13280 13283 13282
13283 13280 13284
13284 13280 13285
13280 13279 13286
13285 13280 13287
13280 13286 13287
13286 13288 13287
13286 13289 13288
13290 13289 13286
13290 13291 13289
13292 13291 13290
13293 13292 13290
13290 13294 13293
13290 13295 13294
13295 13290 13296
13296 13290 13297
13297 13290 13286
13298 13287 13288
13298 13299 13287
13300 13299 13298
13301 13300 13298
13298 13302 13301
13298 13303 13302
13303 13298 13304
13304 13298 13305
13305 13298 13288
13306 13307 13288
13308 13307 13306
13309 13308 13306
13306 13310 13309
13306 13311 13310
13311 13306 13312
13312 13306 13313
13313 13306 13289
13306 13288 13289
13288 13287 13314
13287 13286 13314
13286 13315 13314
13315 13288 13314
13316 13317 13318
13318 13317 13319
13320 13317 13316
13319 13317 13320
13318 13320 13319
13318 13316 13320
13321 13316 13318
13321 13318 13322
13323 13321 13322
13324 13321 13323
13321 13324 13325
13321 13325 13326
13326 13327 13321
13327 13328 13321
13328 13316 13321
13329 13318 13319
13329 13319 13330
13331 13329 13330
13332 13329 13331
13329 13332 13333
13329 13333 13334
13334 13335 13329
13335 13336 13329
13336 13318 13329
13337 13338 13339
13340 13338 13337
13338 13340 13341
13338 13341 13342
13342 13343 13338
13343 13344 13338
13338 13345 13339
13344 13346 13338
13338 13346 13345
13345 13346 13347
13345 13347 13348
13349 13345 13348
13349 13348 13350
13351 13349 13350
13352 13349 13351
13349 13352 13353
13349 13353 13354
13354 13355 13349
13355 13356 13349
13356 13345 13349
13357 13347 13346
13357 13346 13358
13359 13357 13358
13360 13357 13359
13357 13360 13361
13357 13361 13362
13362 13363 13357
13363 13364 13357
13364 13347 13357
13365 13347 13366
13367 13365 13366
13368 13365 13367
13365 13368 13369
13365 13369 13370
13370 13371 13365
13371 13372 13365
13372 13348 13365
13365 13348 13347
13348 13373 13347
13345 13373 13348
13346 13373 13345
13347 13373 13346
13374 13375 13376
13377 13375 13374
13375 13377 13378
13375 13378 13379
13379 13380 13375
13380 13381 13375
13375 13382 13376
13381 13383 13375
13375 13383 13382
13382 13383 13384
13382 13384 13385
13386 13382 13385
13386 13385 13387
13388 13386 13387
13389 13386 13388
13386 13389 13390
13386 13390 13391
13391 13392 13386
13392 13393 13386
13393 13382 13386
13394 13384 13383
13394 13383 13395
13396 13394 13395
13397 13394 13396
13394 13397 13398
13394 13398 13399
13399 13400 13394
13400 13401 13394
13401 13384 13394
13402 13384 13403
13404 13402 13403
13405 13402 13404
13402 13405 13406
13402 13406 13407
13407 13408 13402
13408 13409 13402
13409 13385 13402
13402 13385 13384
13385 13410 13384
13382 13410 13385
13383 13410 13382
13384 13410 13383
13411 13412 13413
13414 13412 13411
13412 13414 13415
13412 13415 13416
13416 13417 13412
13417 13418 13412
13412 13316 13413
13418 13320 13412
13412 13320 13316
13419 13320 13420
13421 13419 13420
13422 13419 13421
13419 13422 13423
13419 13423 13424
13424 13425 13419
13425 13426 13419
13426 13319 13419
13419 13319 13320
13427 13428 13429
13430 13428 13427
13428 13430 13431
13428 13431 13432
13432 13433 13428
13433 13434 13428
13428 13435 13429
13434 13436 13428
13428 13436 13435
13435 13436 13437
13435 13437 13438
13439 13435 13438
13439 13438 13440
13441 13439 13440
13442 13439 13441
13439 13442 13443
13439 13443 13444
13444 13445 13439
13445 13446 13439
13446 13435 13439
13447 13437 13436
13447 13436 13448
13449 13447 13448
13450 13447 13449
13447 13450 13451
13447 13451 13452
13452 13453 13447
13453 13454 13447
13454 13437 13447
13455 13437 13456
13457 13455 13456
13458 13455 13457
13455 13458 13459
13455 13459 13460
13460 13461 13455
13461 13462 13455
13462 13438 13455
13455 13438 13437
13438 13463 13437
13435 13463 13438
13436 13463 13435
13437 13463 13436
13464 13465 13466
13467 13465 13464
13465 13467 13468
13465 13468 13469
13469 13470 13465
13470 13471 13465
13465 13014 13466
13471 13018 13465
13465 13018 13014
13472 13018 13473
13474 13472 13473
13475 13472 13474
13472 13475 13476
13472 13476 13477
13477 13478 13472
13478 13479 13472
13479 13017 13472
13472 13017 13018
13480 13481 13482
13483 13481 13480
13481 13483 13484
13481 13484 13485
13485 13486 13481
13486 13487 13481
13481 13488 13482
13487 13489 13481
13481 13489 13488
13488 13489 13490
13488 13490 13491
13492 13488 13491
13492 13491 13493
13494 13492 13493
13495 13492 13494
13492 13495 13496
13492 13496 13497
13497 13498 13492
13498 13499 13492
13499 13488 13492
13500 13490 13489
13500 13489 13501
13502 13500 13501
13503 13500 13502
13500 13503 13504
13500 13504 13505
13505 13506 13500
13506 13507 13500
13507 13490 13500
13508 13490 13509
13510 13508 13509
13511 13508 13510
13508 13511 13512
13508 13512 13513
13513 13514 13508
13514 13515 13508
13515 13491 13508
13508 13491 13490
13491 13516 13490
13488 13516 13491
13489 13516 13488
13490 13516 13489
13517 13518 13519
13517 13520 13518
13517 13521 13520
13517 13522 13521
13517 13523 13522
13522 13523 13524
13523 13525 13524
13523 13526 13525
13525 13526 13527
13527 13526 13528
13526 13529 13528
13526 13530 13529
13517 13519 13531
13519 13532 13531
13531 13532 13533
13531 13533 13534
13533 13535 13534
13535 13536 13534
13534 13536 13537
13534 13537 13538
13534 13538 13539
13538 13540 13539
13539 13540 13541
13539 13541 13542
13541 13543 13542
13543 13544 13542
13542 13544 13545
13545 13546 13542
13546 13547 13542
13547 13546 13548
13547 13548 13549
13550 13547 13549
13551 13550 13549
13551 13552 13550
13550 13552 13553
13550 13553 13554
13550 13554 13555
13554 13556 13555
13555 13556 13557
13555 13557 13558
13557 13559 13558
13559 13560 13558
13561 13558 13560
13562 13558 13561
13563 13558 13562
13564 13563 13562
13565 13563 13564
13566 13563 13565
13566 13565 13567
13566 13567 13568
13569 13566 13568
13570 13566 13569
13571 13566 13570
13530 13572 13573
13572 13574 13573
13572 13575 13574
13572 13576 13575
13526 13572 13530
13576 13572 13577
13578 13576 13577
13577 13579 13578
