byte offset: 0
first index: 0
index count: 11076
topology: trianglelist
format: DXGI_FORMAT_R16_UINT

0 1 2
0 3 1
1 4 2
4 5 2
4 6 5
7 4 1
8 4 7
9 8 7
8 10 6
6 10 11
10 12 11
13 12 10
8 13 10
12 14 11
8 15 4
9 16 8
17 16 9
17 12 13
17 18 12
19 18 17
20 19 17
20 17 9
21 19 20
18 22 12
23 22 18
24 23 18
24 18 19
25 23 24
25 26 23
14 22 26
14 26 27
27 26 25
28 22 14
29 21 20
21 29 30
30 29 31
30 31 32
32 31 33
31 29 33
32 34 30
34 35 30
34 36 35
36 37 35
37 38 35
25 24 39
39 24 40
39 40 41
41 38 42
43 38 37
38 43 42
44 43 37
36 44 37
45 44 36
35 46 30
47 39 41
42 43 48
45 48 44
45 49 48
49 50 48
50 51 48
51 42 48
52 43 44
47 42 53
50 54 51
55 54 50
53 54 56
56 54 57
56 58 39
58 25 39
27 25 59
27 59 60
61 27 60
62 14 27
14 62 11
62 63 11
11 64 65
11 65 66
64 62 67
6 11 68
15 6 69
70 71 72
72 71 73
74 72 73
74 73 75
70 76 71
76 77 71
73 71 78
71 79 78
75 73 80
73 78 80
76 81 77
78 79 82
79 83 82
81 83 79
78 82 84
78 84 80
84 85 80
84 82 86
82 87 86
87 88 86
84 89 85
81 90 83
33 91 92
33 92 93
93 92 3
29 91 33
92 94 7
94 9 7
94 95 9
95 20 9
29 20 95
91 94 96
97 3 96
3 97 98
1 98 7
98 99 7
99 98 100
101 97 100
97 102 100
102 97 96
3 101 103
104 105 106
104 107 105
108 109 110
110 109 111
112 113 114
115 116 117
118 119 120
121 118 122
118 123 124
118 125 123
126 127 128
129 130 131
132 133 134
135 136 137
40 24 138
24 19 138
38 139 138
38 138 140
141 142 13
143 144 145
146 147 148
5 149 2
150 151 152
153 154 155
156 157 158
159 160 161
160 21 30
56 41 42
162 163 164
165 166 167
168 169 170
171 172 173
174 173 175
176 174 175
176 175 177
178 176 177
178 177 179
180 178 179
180 179 181
180 181 182
181 183 182
183 181 184
181 185 184
179 185 181
186 184 185
187 183 184
188 187 184
189 182 187
182 190 187
188 191 187
191 189 187
192 189 191
193 192 191
194 192 193
195 194 193
196 194 195
197 196 195
196 197 198
199 196 198
200 188 201
202 203 204
203 205 204
206 204 207
208 206 207
208 207 209
210 208 209
210 209 211
209 212 211
212 213 211
214 211 213
213 212 215
216 215 212
216 217 215
218 219 220
219 221 220
220 222 223
222 224 223
223 224 225
224 226 225
226 227 225
227 228 225
228 227 229
230 229 227
229 231 228
232 228 231
232 231 233
234 235 236
234 236 237
238 234 237
235 239 240
239 241 240
242 241 234
241 243 240
243 244 240
240 244 245
244 243 246
243 247 246
243 248 247
248 249 247
247 250 246
251 244 246
252 251 246
246 253 252
250 254 246
252 254 255
250 247 255
252 255 256
255 257 256
256 257 258
257 259 258
259 260 258
261 257 255
247 261 255
259 257 262
247 249 263
261 263 264
265 264 263
266 265 263
267 266 263
268 266 267
248 268 267
248 269 268
269 270 268
271 270 269
272 271 269
261 247 263
270 271 273
274 270 273
270 274 268
274 275 268
268 275 266
274 276 275
275 276 277
275 277 266
276 278 277
277 278 279
280 277 279
281 280 279
282 276 274
282 283 276
278 283 279
276 283 278
284 282 274
283 285 279
286 281 279
266 277 280
265 266 280
281 265 280
281 287 265
287 288 265
289 290 285
290 291 285
288 292 293
262 288 293
294 262 293
291 295 296
295 297 296
298 295 291
299 300 297
301 299 297
301 302 299
302 301 303
302 259 262
304 305 259
305 306 259
305 304 307
307 304 308
304 309 308
308 309 310
311 308 310
312 304 259
304 313 309
304 312 313
313 314 309
312 315 313
315 316 313
315 317 316
317 318 316
315 295 317
309 319 310
319 316 320
321 319 320
319 321 310
314 322 319
319 322 316
309 323 319
317 324 318
295 325 317
317 325 326
326 325 327
328 329 320
327 329 328
320 330 328
330 331 328
318 332 328
333 327 328
330 334 335
335 334 323
336 337 338
339 340 341
342 343 344
344 343 345
346 343 342
347 343 346
348 343 349
350 343 348
351 343 350
349 343 352
352 343 353
353 343 354
355 356 357
242 355 357
241 242 357
358 242 359
360 358 359
361 362 359
362 363 359
364 363 365
366 364 365
245 366 365
243 361 367
368 243 367
369 368 367
253 370 371
372 373 374
375 376 377
249 378 263
248 379 249
380 381 382
383 384 385
386 387 388
389 390 391
392 393 394
393 395 394
394 396 392
396 397 392
397 396 398
396 399 398
395 400 401
400 402 401
403 398 404
398 405 404
404 406 403
406 407 403
406 408 407
408 409 407
410 411 408
412 411 410
413 412 410
413 405 412
411 414 408
405 415 412
401 416 417
416 418 417
417 418 419
418 420 419
421 422 423
422 424 423
425 424 422
426 425 422
427 425 426
428 427 426
429 423 430
423 431 430
430 431 432
431 433 432
432 433 434
433 435 434
436 428 437
438 436 437
439 434 440
440 441 439
441 442 439
429 442 441
434 443 440
444 429 441
445 437 446
447 445 446
447 446 448
449 447 448
450 451 452
451 453 452
454 453 451
454 451 455
451 456 455
454 457 453
454 458 457
459 458 454
460 459 454
460 454 455
461 460 455
462 459 460
453 457 463
464 453 463
463 457 465
457 458 465
459 466 458
466 465 458
462 467 459
467 468 459
464 469 453
469 452 453
460 470 462
461 470 460
470 471 462
471 472 462
467 462 472
473 467 472
474 461 455
475 474 455
456 475 455
476 475 456
477 476 456
476 477 478
477 479 478
479 477 480
481 479 480
478 482 476
482 483 476
477 456 451
450 477 451
475 484 474
483 484 476
484 475 476
485 483 482
486 485 482
487 486 482
487 482 488
487 488 489
490 489 488
491 490 488
492 487 489
487 492 486
489 490 493
494 493 490
495 494 490
496 489 493
492 489 496
497 492 496
492 498 486
492 497 498
450 499 500
499 501 500
501 499 502
502 499 503
504 502 503
504 494 502
494 505 502
505 490 506
507 505 506
505 507 502
506 508 501
508 500 501
509 508 506
488 509 506
482 509 488
510 511 512
511 510 513
510 514 513
515 513 514
516 515 514
510 512 517
518 517 512
519 510 517
510 519 514
519 520 514
516 514 520
521 516 520
516 522 515
522 523 515
521 524 516
524 522 516
525 526 527
526 528 527
529 526 525
530 529 525
531 529 530
532 531 530
527 528 533
534 525 527
525 534 530
534 535 530
532 530 535
536 532 535
531 532 537
532 538 537
536 539 532
539 538 532
540 538 539
541 542 543
541 543 544
543 542 545
545 542 546
545 546 547
548 543 545
549 548 545
550 548 549
549 547 551
547 552 551
551 552 553
554 551 553
549 551 554
552 555 553
549 545 556
550 549 557
558 550 557
558 554 553
558 553 559
560 558 559
561 558 560
561 550 558
562 561 560
559 553 563
564 559 563
565 559 564
565 560 559
566 565 564
566 564 567
555 567 563
555 568 567
568 566 567
569 555 563
570 561 562
562 571 570
571 572 570
571 573 572
573 574 572
572 574 570
575 573 571
576 575 571
577 575 576
578 577 576
578 576 579
566 580 565
580 581 565
580 582 581
582 583 579
581 584 565
579 584 585
579 586 584
579 587 578
579 583 587
587 588 578
577 578 588
589 577 588
565 584 560
590 582 580
587 583 591
589 588 591
592 589 591
593 592 591
593 591 594
583 594 591
595 588 587
590 596 583
593 594 597
598 593 597
596 599 597
599 600 597
599 580 601
601 580 566
568 602 566
568 603 602
604 603 568
605 568 555
555 552 605
605 552 606
552 607 608
552 609 607
608 610 605
547 611 552
556 612 547
613 614 615
615 614 616
614 617 616
617 618 616
613 615 619
615 620 619
615 616 621
622 615 621
621 616 623
616 618 623
619 620 624
622 621 625
626 622 625
624 622 626
621 627 625
621 623 627
623 628 627
625 627 629
630 625 629
630 629 631
627 628 632
624 626 633
574 634 635
574 636 634
636 544 634
570 574 635
634 548 637
637 548 550
638 637 550
561 638 550
570 638 561
635 639 637
639 544 640
544 641 640
543 548 641
548 642 641
642 643 641
644 643 640
640 643 645
645 639 640
544 646 644
647 648 649
650 647 649
651 652 653
652 654 653
655 656 657
658 659 660
661 662 663
664 665 661
661 666 667
661 667 668
669 670 671
672 673 674
675 676 677
678 679 680
681 554 682
683 684 685
686 687 688
546 542 689
690 691 692
693 694 695
576 571 696
697 571 562
698 699 697
700 701 702
599 583 582
703 704 705
706 707 708
709 710 711
709 712 710
711 710 713
714 711 713
714 713 715
713 710 716
717 713 716
716 710 718
719 716 718
720 719 718
721 720 718
721 718 722
721 722 723
724 721 723
724 723 725
726 724 725
726 725 727
728 726 727
722 718 729
721 724 730
724 731 730
731 724 726
732 731 726
732 726 728
733 732 728
729 734 722
734 735 722
735 723 722
735 734 736
737 735 736
738 735 737
735 738 723
738 725 723
739 738 737
740 738 739
727 725 740
725 738 740
741 740 739
739 737 742
742 737 711
711 743 742
744 743 711
737 709 711
745 739 742
745 742 743
746 745 743
746 743 747
745 746 748
741 739 749
739 750 749
751 740 741
740 751 752
727 740 752
728 727 752
753 728 752
728 753 733
754 747 743
714 754 743
755 754 714
756 755 714
714 757 756
758 754 755
759 756 757
760 759 757
757 761 760
761 717 760
755 756 762
756 759 762
758 755 763
755 762 763
758 763 764
763 765 764
766 758 767
766 768 769
768 754 769
747 754 768
770 771 772
772 773 770
773 774 770
774 773 775
776 774 775
777 771 770
778 771 777
779 777 770
770 774 779
774 780 779
780 774 776
781 780 776
782 776 775
783 782 775
782 784 776
784 781 776
785 786 787
786 788 787
785 787 789
790 785 789
790 789 791
792 790 791
786 793 788
794 786 785
785 790 794
790 795 794
795 790 792
796 795 792
791 797 792
797 798 792
798 799 792
799 796 792
800 799 798
801 802 803
802 804 803
803 804 805
804 806 805
804 807 806
807 808 806
809 807 804
810 809 804
811 810 801
812 811 801
811 813 810
813 809 810
814 813 811
815 814 811
815 811 816
817 815 816
818 805 819
805 820 819
819 820 821
820 808 821
819 821 822
823 819 822
824 819 823
825 824 823
825 823 826
827 825 826
817 827 828
827 826 828
826 823 829
823 822 829
826 829 828
829 814 828
830 831 832
832 831 833
833 831 834
834 831 835
835 831 836
836 831 837
837 831 838
838 831 830
839 840 841
840 842 841
843 839 844
845 843 844
845 846 843
846 847 843
848 847 849
850 848 849
851 852 853
853 852 854
851 853 855
853 856 855
854 857 853
857 856 853
856 858 859
858 860 859
861 858 856
862 861 856
863 860 858
864 863 858
864 858 865
866 864 865
866 867 864
867 868 864
864 868 869
870 864 869
868 867 871
872 868 871
868 872 873
872 874 873
872 875 876
875 877 876
875 872 878
879 875 878
880 875 881
882 880 881
875 880 883
880 884 883
880 885 884
882 885 880
886 887 888
887 889 888
890 887 886
891 890 886
890 891 892
891 893 892
894 895 896
895 897 896
896 897 898
897 899 898
897 900 899
901 900 897
902 901 897
900 903 899
904 905 906
905 907 906
904 906 908
906 909 908
908 909 910
909 911 910
909 912 911
912 913 911
906 914 909
914 912 909
906 907 914
907 915 914
916 913 917
916 917 918
919 916 918
913 920 917
917 920 921
917 921 922
923 917 922
922 921 924
921 925 924
921 926 925
920 926 921
926 927 925
928 929 930
930 929 931
931 929 932
932 929 933
933 929 934
934 929 935
935 929 936
936 929 928
937 938 939
938 940 939
941 938 937
942 941 937
943 941 944
941 945 944
946 944 947
944 948 947
949 947 948
950 949 948
949 951 952
951 953 952
954 955 956
955 957 956
958 955 954
959 958 954
954 960 959
956 960 954
955 961 962
961 963 962
961 955 964
955 965 964
963 961 966
961 967 966
967 961 968
961 969 968
967 970 971
970 972 971
967 971 973
971 974 973
971 975 976
975 977 976
975 971 978
971 979 978
980 975 981
975 982 981
975 980 983
980 984 983
984 980 985
980 986 985
987 986 980
988 987 980
989 990 991
990 992 991
993 994 995
994 996 995
996 994 997
994 998 997
999 998 994
1000 999 994
1000 994 1001
1002 1000 1001
1003 1004 1005
1004 1006 1005
1003 1005 1007
1005 1008 1007
1006 1009 1005
1009 1010 1005
1005 1010 1011
1007 1011 1012
1011 1013 1012
1011 1014 1013
1010 1014 1011
1014 1015 1013
1016 1015 1017
1016 1017 1018
1019 1016 1018
1018 1017 1020
1017 1021 1020
1020 1021 1022
1021 1023 1022
1015 1024 1017
1017 1024 1021
1021 1025 1023
1024 1025 1021
1025 1026 1023
1027 1028 1029
1029 1028 1030
1030 1028 1031
1031 1028 1032
1032 1028 1033
1033 1028 1034
1034 1028 1035
1035 1028 1027
1036 1037 1038
1037 1039 1038
1038 1039 1040
1041 1038 1040
1040 1039 1042
1043 1040 1042
1044 1037 1045
1037 1046 1045
1047 1044 1048
1049 1047 1048
1048 1039 1050
1051 1048 1050
1052 1044 1047
1053 1052 1047
1044 1052 1054
1052 1055 1054
1056 1057 1058
1057 1059 1058
1060 1061 1062
1061 1063 1062
1060 1062 1064
1065 1060 1064
1066 1067 1068
1067 1069 1068
1070 1071 1072
1071 1073 1072
1074 1075 1076
1075 1077 1076
1078 1079 1080
1079 1081 1080
1082 1083 1084
1083 1085 1084
1086 1087 1088
1087 1089 1088
1090 1091 1092
1091 1093 1092
1094 1095 1096
1095 1097 1096
1098 1099 1100
1099 1101 1100
1102 1100 1101
1103 1102 1101
1104 1105 1106
1105 1107 1106
1108 1109 1110
1109 1111 1110
1112 1113 1114
1113 1115 1114
1116 1117 1118
1117 1119 1118
1118 1119 1120
1121 1118 1120
1118 1121 1122
1123 1118 1122
1124 1118 1123
1125 1124 1123
1126 1127 1128
1127 1129 1128
1129 1130 1128
1130 1131 1128
1126 1128 1132
1128 1133 1132
1128 1134 1133
1130 1135 1134
1135 1136 1134
1134 1136 1137
1134 1137 1133
1136 1138 1137
1139 1140 1138
1141 1140 1139
1142 1141 1139
1141 1143 1140
1143 1144 1140
1143 1145 1144
1145 1146 1144
1140 1147 1138
1140 1144 1147
1144 1146 1148
1144 1148 1147
1146 1149 1148
1150 1151 1152
1151 1153 1152
1153 1154 1152
1154 1155 1152
1155 1156 1152
1156 1157 1152
1157 1158 1152
1158 1150 1152
1159 1160 1161
1160 1162 1161
1160 1163 1162
1163 1164 1162
1165 1163 1160
1166 1165 1160
1166 1160 1167
1168 1166 1167
1169 1166 1168
1170 1169 1168
1171 1169 1170
1172 1171 1170
1173 1171 1172
1174 1173 1172
1173 1175 1171
1175 1176 1171
1171 1176 1169
1169 1177 1166
1177 1165 1166
1176 1177 1169
1178 1175 1179
1180 1178 1179
1180 1179 1181
1182 1180 1181
1183 1180 1182
1184 1183 1182
1185 1183 1184
1161 1185 1184
1183 1186 1180
1186 1178 1180
1185 1164 1183
1164 1186 1183
1187 1188 1189
1189 1188 1190
1190 1188 1191
1191 1188 1192
1192 1188 1193
1193 1188 1194
1194 1188 1195
1195 1188 1187
1196 1197 1198
1197 1199 1198
1196 1198 1200
1201 1196 1200
1202 1196 1201
1202 1203 1196
1203 1204 1196
1205 1202 1201
1206 1207 1208
1207 1209 1208
1209 1210 1208
1210 1211 1208
1210 1212 1211
1212 1213 1211
1211 1213 1214
1213 1215 1214
1208 1211 1216
1211 1214 1216
1206 1208 1216
1217 1206 1216
1218 1219 1215
1220 1219 1218
1221 1220 1218
1219 1222 1215
1219 1223 1222
1224 1223 1219
1225 1224 1219
1224 1226 1223
1226 1227 1223
1223 1227 1228
1223 1228 1222
1227 1229 1228
1230 1231 1232
1231 1233 1232
1233 1234 1232
1234 1235 1232
1235 1236 1232
1236 1237 1232
1237 1238 1232
1238 1230 1232
1239 1240 1241
1240 1242 1241
1241 1242 1243
1242 1244 1243
1241 1243 1245
1246 1241 1245
1247 1241 1246
1248 1247 1246
1248 1246 1249
1250 1248 1249
1250 1249 1251
1252 1250 1251
1252 1251 1253
1254 1252 1253
1253 1251 1255
1251 1256 1255
1251 1249 1256
1249 1246 1257
1246 1245 1257
1249 1257 1256
1258 1255 1259
1260 1258 1259
1261 1258 1260
1262 1261 1260
1262 1260 1263
1264 1262 1263
1264 1263 1265
1240 1264 1265
1263 1260 1266
1260 1259 1266
1265 1263 1244
1263 1266 1244
1267 1268 1269
1268 1270 1269
1270 1271 1269
1271 1272 1269
1272 1273 1269
1273 1274 1269
1274 1275 1269
1275 1267 1269
1276 1277 1278
1277 1279 1278
1280 1278 1279
1280 1279 1281
1280 1281 1282
1280 1282 1283
1283 1282 1284
1284 1285 1283
1285 1286 1283
1283 1286 1287
1287 1280 1283
1286 1288 1287
1285 1289 1286
1290 1289 1285
1291 1290 1285
1285 1284 1291
1292 1290 1291
1290 1292 1293
1294 1290 1293
1290 1294 1289
1295 1292 1291
1292 1296 1293
1296 1297 1293
1295 1291 1298
1284 1298 1291
1299 1295 1298
1296 1292 1300
1292 1295 1300
1289 1301 1286
1286 1301 1288
1301 1302 1288
1302 1301 1303
1304 1302 1303
1302 1304 1305
1304 1306 1305
1305 1307 1302
1305 1308 1307
1308 1309 1307
1307 1310 1302
1308 1311 1309
1311 1312 1309
1312 1311 1313
1314 1312 1313
1315 1303 1301
1289 1315 1301
1294 1315 1289
1294 1316 1315
1316 1317 1315
1316 1318 1317
1318 1319 1317
1317 1319 1315
1318 1320 1319
1320 1318 1321
1321 1318 1322
1318 1316 1322
1323 1320 1321
1320 1324 1319
1324 1320 1325
1320 1326 1325
1326 1320 1327
1320 1328 1327
1321 1322 1329
1329 1322 1330
1322 1331 1330
1316 1331 1322
1332 1321 1329
1328 1321 1332
1330 1331 1333
1331 1334 1333
1297 1333 1334
1293 1297 1334
1294 1293 1334
1316 1294 1334
1331 1316 1334
1335 1328 1332
1336 1327 1328
1337 1336 1328
1327 1336 1338
1339 1327 1338
1338 1340 1339
1340 1341 1339
1339 1341 1342
1341 1343 1342
1344 1342 1343
1345 1344 1343
1326 1339 1342
1342 1344 1346
1347 1342 1346
1326 1342 1347
1340 1348 1341
1348 1343 1341
1345 1343 1349
1343 1348 1349
1345 1349 1350
1313 1345 1350
1350 1351 1313
1351 1314 1313
1344 1345 1311
1345 1313 1311
1346 1344 1308
1344 1311 1308
1346 1308 1305
1306 1346 1305
1314 1351 1352
1353 1314 1352
1353 1354 1314
1354 1312 1314
1312 1354 1355
1309 1312 1355
1309 1355 1356
1307 1309 1356
1307 1356 1310
1356 1287 1310
1356 1355 1357
1355 1358 1357
1287 1356 1280
1356 1357 1280
1354 1353 1359
1353 1360 1359
1361 1359 1360
1362 1361 1360
1363 1360 1353
1364 1360 1363
1360 1364 1365
1364 1366 1365
1367 1366 1364
1366 1367 1368
1369 1368 1367
1369 1370 1368
1368 1370 1371
1365 1366 1372
1366 1373 1372
1366 1368 1373
1368 1371 1373
1374 1361 1362
1361 1374 1375
1376 1361 1375
1352 1363 1353
1359 1361 1376
1377 1359 1376
1354 1359 1377
1354 1377 1378
1375 1374 1379
1376 1380 1377
1380 1378 1377
1378 1380 1358
1380 1381 1358
1358 1381 1382
1382 1381 1383
1381 1384 1383
1357 1358 1382
1357 1382 1385
1382 1383 1385
1383 1386 1385
1380 1387 1381
1387 1384 1381
1384 1387 1388
1389 1384 1388
1390 1384 1389
1390 1383 1384
1390 1391 1383
1391 1386 1383
1390 1392 1391
1392 1393 1391
1392 1390 1394
1390 1389 1394
1394 1389 1395
1389 1388 1395
1394 1396 1392
1396 1397 1392
1396 1398 1397
1394 1395 1399
1399 1400 1394
1400 1398 1401
1400 1401 1394
1402 1398 1403
1393 1404 1403
1404 1402 1403
1405 1406 1407
1406 1277 1407
1406 1405 1408
1405 1409 1408
1409 1410 1408
1410 1411 1412
1410 1413 1411
1411 1414 1412
1413 1414 1411
1414 1386 1412
1386 1414 1415
1413 1416 1414
1414 1416 1417
1414 1417 1415
1415 1417 1357
1416 1276 1417
1357 1417 1276
1357 1276 1278
1280 1357 1278
1418 1410 1419
1420 1418 1419
1421 1420 1419
1422 1423 1424
1423 1425 1424
1422 1426 1423
1426 1427 1423
1427 1426 1428
1429 1427 1428
1428 1426 1430
1426 1431 1430
1431 1426 1422
1432 1431 1422
1422 1433 1432
1422 1424 1433
1432 1433 1434
1432 1434 1435
1435 1434 1436
1435 1436 1437
1438 1435 1437
1439 1438 1437
1434 1440 1436
1440 1434 1441
1434 1442 1441
1443 1432 1435
1443 1435 1438
1444 1443 1438
1439 1444 1438
1445 1440 1441
1446 1445 1441
1436 1440 1447
1440 1445 1447
1447 1448 1436
1448 1437 1436
1437 1448 1439
1445 1446 1449
1449 1446 1450
1451 1449 1450
1452 1445 1449
1445 1452 1447
1452 1453 1447
1447 1453 1448
1453 1454 1448
1448 1454 1439
1455 1442 1434
1433 1455 1434
1456 1425 1457
1425 1458 1457
1425 1423 1458
1423 1459 1458
1423 1427 1459
1427 1460 1459
1460 1427 1429
1461 1460 1429
1461 1429 1462
1429 1428 1462
1430 1462 1428
1458 1463 1457
1463 1464 1457
1456 1424 1425
1465 1466 1463
1465 1467 1466
1465 1468 1467
1465 1469 1468
1469 1470 1468
1470 1469 1471
1469 1472 1471
1472 1469 1473
1474 1472 1473
1472 1475 1471
1475 1472 1474
1473 1469 1476
1469 1465 1476
1476 1465 1463
1468 1470 1477
1470 1478 1477
1470 1479 1478
1479 1480 1478
1481 1480 1479
1480 1481 1482
1483 1480 1482
1484 1481 1479
1485 1481 1484
1486 1485 1484
1487 1485 1486
1483 1482 1488
1489 1483 1488
1483 1489 1490
1489 1491 1490
1488 1482 1492
1482 1493 1492
1487 1492 1493
1482 1481 1493
1481 1485 1493
1487 1493 1485
1491 1489 1494
1489 1495 1494
1489 1488 1495
1496 1488 1492
1488 1496 1495
1497 1496 1492
1487 1497 1492
1498 1491 1494
1499 1498 1494
1490 1500 1501
1477 1501 1500
1490 1501 1483
1501 1480 1483
1478 1480 1501
1477 1478 1501
1479 1470 1502
1470 1471 1502
1503 1502 1471
1475 1503 1471
1504 1505 1506
1505 1507 1506
1506 1507 1508
1509 1508 1507
1507 1510 1509
1506 1511 1504
1512 1504 1511
1513 1504 1512
1504 1514 1505
1514 1507 1505
1513 1514 1504
1514 1515 1507
1507 1515 1510
1510 1516 1509
1515 1516 1510
1516 1517 1509
1518 1517 1516
1519 1516 1515
1520 1519 1515
1521 1516 1519
1518 1519 1522
1523 1520 1524
1524 1525 1523
1525 1526 1523
1526 1525 1527
1528 1526 1527
1529 1526 1528
1523 1526 1529
1530 1529 1528
1531 1529 1530
1532 1531 1530
1533 1531 1532
1534 1533 1532
1535 1533 1534
1536 1535 1534
1537 1535 1536
1538 1537 1536
1539 1537 1538
1540 1539 1538
1530 1541 1532
1541 1542 1532
1534 1532 1542
1528 1543 1530
1543 1541 1530
1544 1543 1528
1527 1544 1528
1534 1545 1536
1545 1534 1542
1545 1546 1536
1538 1536 1546
1545 1547 1546
1542 1547 1545
1547 1548 1546
1542 1549 1547
1546 1548 1550
1550 1538 1546
1538 1550 1540
1548 1551 1550
1548 1552 1551
1552 1553 1551
1547 1554 1548
1554 1552 1548
1549 1554 1547
1555 1544 1527
1556 1555 1527
1557 1555 1556
1558 1557 1556
1559 1558 1556
1560 1559 1556
1525 1560 1556
1527 1525 1556
1551 1553 1561
1553 1562 1561
1562 1563 1561
1563 1564 1561
1564 1563 1565
1566 1564 1565
1567 1564 1566
1568 1567 1566
1561 1564 1569
1564 1567 1569
1540 1569 1567
1570 1540 1567
1568 1570 1567
1571 1570 1568
1551 1561 1569
1550 1551 1569
1550 1569 1540
1572 1566 1565
1573 1572 1565
1574 1573 1565
1563 1574 1565
1575 1572 1573
1576 1575 1573
1577 1575 1576
1578 1577 1576
1579 1578 1576
1574 1579 1573
1579 1576 1573
1580 1571 1568
1580 1568 1581
1580 1581 1582
1582 1581 1583
1581 1584 1583
1585 1580 1582
1586 1580 1585
1582 1583 1587
1588 1582 1587
1585 1582 1588
1586 1585 1589
1589 1585 1588
1588 1590 1589
1590 1591 1589
1591 1590 1592
1593 1591 1592
1594 1593 1592
1594 1592 1595
1595 1592 1590
1596 1586 1589
1589 1591 1596
1590 1588 1597
1588 1587 1597
1597 1595 1590
1591 1598 1596
1591 1599 1598
1594 1600 1599
1599 1600 1598
1586 1601 1580
1571 1580 1601
1602 1571 1601
1603 1571 1602
1571 1603 1570
1540 1570 1603
1540 1603 1539
1603 1602 1604
1539 1603 1605
1605 1603 1604
1606 1539 1605
1537 1539 1606
1607 1537 1606
1535 1537 1607
1608 1535 1607
1533 1535 1608
1609 1533 1608
1531 1533 1609
1610 1531 1609
1529 1531 1610
1611 1529 1610
1523 1529 1611
1520 1523 1611
1610 1612 1611
1612 1613 1611
1520 1611 1613
1609 1614 1610
1614 1612 1610
1608 1615 1609
1615 1614 1609
1607 1616 1608
1616 1615 1608
1616 1607 1617
1520 1618 1524
1618 1560 1524
1618 1619 1560
1560 1525 1524
1619 1559 1560
1619 1620 1559
1607 1606 1617
1617 1606 1621
1606 1605 1621
1622 1621 1605
1604 1622 1605
1622 1604 1623
1604 1624 1623
1624 1625 1623
1624 1601 1625
1602 1601 1624
1604 1602 1624
1626 1627 1628
1629 1630 1631
1632 1631 1630
1632 1633 1631
1633 1634 1631
1635 1634 1633
1635 1633 1632
1634 1635 1636
1637 1635 1632
1638 1636 1635
1639 1638 1635
1637 1639 1635
1640 1638 1639
1640 1639 1637
1638 1640 1641
1642 1641 1640
1643 1642 1640
1643 1640 1637
1631 1634 1644
1645 1631 1644
1645 1646 1630
1647 1632 1648
1646 1649 1648
1650 1647 1651
1647 1652 1651
1651 1652 1653
1652 1654 1653
1655 1653 1654
1656 1655 1654
1656 1654 1657
1652 1657 1654
1658 1656 1657
1657 1659 1658
1659 1660 1658
1660 1659 1661
1662 1660 1661
1662 1661 1663
1664 1662 1663
1664 1663 1665
1666 1664 1665
1666 1665 1667
1668 1666 1667
1658 1660 1669
1660 1670 1669
1660 1662 1670
1656 1658 1671
1658 1669 1671
1656 1671 1672
1673 1662 1664
1662 1673 1670
1674 1673 1664
1674 1664 1666
1673 1674 1675
1670 1673 1675
1674 1676 1675
1670 1675 1677
1674 1678 1676
1678 1674 1666
1678 1666 1668
1678 1679 1676
1676 1679 1680
1679 1681 1680
1675 1676 1682
1676 1680 1682
1677 1675 1682
1672 1671 1683
1684 1672 1683
1655 1672 1684
1655 1656 1672
1685 1655 1684
1685 1684 1686
1687 1685 1686
1687 1688 1685
1688 1689 1685
1655 1685 1653
1685 1689 1653
1681 1679 1690
1691 1681 1690
1691 1690 1692
1690 1693 1692
1690 1694 1693
1694 1690 1679
1678 1694 1679
1694 1678 1668
1694 1668 1695
1694 1695 1693
1668 1696 1695
1695 1697 1693
1695 1698 1697
1695 1696 1698
1697 1699 1693
1692 1693 1699
1700 1692 1699
1699 1697 1701
1668 1702 1696
1703 1696 1702
1703 1698 1696
1704 1698 1703
1702 1705 1703
1706 1704 1703
1705 1706 1703
1707 1704 1706
1707 1708 1704
1708 1709 1704
1709 1710 1704
1704 1710 1698
1697 1698 1710
1697 1710 1711
1710 1709 1712
1713 1710 1712
1710 1713 1711
1714 1712 1709
1715 1714 1709
1715 1709 1708
1716 1708 1707
1716 1715 1708
1717 1715 1716
1718 1717 1716
1719 1717 1718
1720 1719 1718
1721 1719 1720
1721 1722 1719
1719 1722 1717
1723 1716 1707
1718 1716 1723
1717 1724 1715
1724 1714 1715
1722 1724 1717
1725 1718 1723
1726 1718 1725
1721 1726 1727
1727 1726 1725
1581 1566 1728
1581 1728 1584
1581 1568 1566
1555 1729 1544
1543 1544 1729
1730 1543 1729
1541 1543 1730
1731 1541 1730
1542 1541 1731
1549 1542 1731
1700 1732 1733
1700 1699 1732
1732 1699 1701
1732 1701 1734
1735 1732 1734
1733 1732 1735
1733 1735 1736
1736 1735 1737
1737 1735 1734
1671 1738 1683
1671 1669 1738
1669 1739 1738
1669 1670 1739
1670 1677 1739
1668 1667 1702
1702 1667 1740
1667 1741 1740
1667 1665 1741
1665 1742 1741
1665 1663 1742
1663 1743 1742
1663 1661 1743
1661 1744 1743
1744 1661 1659
1745 1744 1659
1745 1659 1657
1746 1745 1657
1747 1745 1746
1748 1747 1746
1647 1748 1746
1744 1745 1749
1745 1747 1749
1749 1750 1744
1750 1743 1744
1742 1743 1751
1743 1750 1751
1751 1752 1742
1752 1741 1742
1752 1753 1741
1753 1740 1741
1740 1753 1754
1755 1740 1754
1754 1756 1755
1740 1755 1702
1755 1705 1702
1755 1757 1705
1756 1757 1755
1757 1756 1758
1757 1758 1706
1705 1757 1706
1759 1688 1760
1759 1689 1688
1650 1689 1759
1650 1651 1689
1689 1651 1653
1652 1746 1657
1647 1746 1652
1761 1762 1763
1762 1764 1763
1761 1763 1765
1763 1766 1765
1763 1767 1766
1767 1768 1766
1764 1762 1769
1769 1762 1770
1762 1771 1770
1772 1764 1769
1771 1762 1773
1762 1761 1773
1774 1773 1761
1769 1775 1772
1775 1776 1772
1775 1777 1776
1770 1778 1769
1777 1779 1778
1778 1779 1769
1780 1765 1766
1765 1781 1773
1782 1773 1781
1782 1783 1773
1783 1782 1784
1783 1784 1785
1783 1785 1786
1783 1786 1773
1785 1787 1786
1784 1788 1785
1784 1789 1788
1790 1789 1784
1791 1790 1784
1782 1791 1784
1789 1792 1788
1782 1793 1791
1793 1794 1791
1794 1790 1791
1789 1795 1792
1795 1796 1792
1790 1797 1789
1797 1795 1789
1797 1790 1794
1798 1797 1794
1799 1797 1798
1797 1799 1795
1800 1799 1798
1800 1801 1799
1801 1802 1799
1799 1802 1795
1795 1802 1803
1802 1804 1803
1801 1804 1802
1805 1801 1800
1798 1806 1800
1806 1805 1800
1806 1798 1794
1807 1806 1794
1807 1794 1793
1808 1807 1793
1808 1793 1809
1810 1808 1809
1810 1809 1811
1810 1811 1812
1810 1812 1813
1813 1812 1814
1812 1815 1814
1812 1811 1815
1814 1815 1816
1815 1817 1816
1817 1815 1780
1818 1817 1780
1817 1818 1816
1819 1818 1780
1818 1819 1820
1821 1818 1820
1818 1821 1816
1822 1821 1820
1822 1820 1823
1824 1822 1823
1824 1823 1825
1826 1824 1825
1826 1825 1827
1828 1826 1827
1828 1827 1829
1830 1828 1829
1830 1829 1831
1832 1830 1831
1831 1833 1832
1833 1834 1832
1834 1833 1835
1836 1834 1835
1835 1833 1837
1833 1838 1837
1833 1831 1838
1837 1838 1839
1838 1840 1839
1841 1839 1840
1842 1841 1840
1838 1843 1840
1831 1843 1838
1831 1829 1843
1843 1844 1840
1842 1840 1844
1843 1845 1844
1845 1846 1844
1829 1845 1843
1845 1829 1827
1847 1845 1827
1846 1845 1847
1827 1825 1847
1825 1848 1847
1847 1848 1849
1849 1846 1847
1848 1850 1849
1848 1823 1850
1823 1848 1825
1823 1851 1850
1852 1851 1823
1820 1852 1823
1819 1852 1820
1853 1852 1819
1854 1853 1819
1854 1855 1853
1855 1856 1853
1853 1856 1857
1851 1852 1857
1852 1853 1857
1856 1858 1857
1857 1858 1859
1857 1859 1851
1859 1850 1851
1858 1860 1859
1859 1860 1861
1849 1850 1861
1850 1859 1861
1860 1862 1861
1854 1863 1855
1863 1854 1819
1863 1864 1855
1863 1819 1865
1819 1780 1865
1866 1865 1780
1863 1865 1866
1766 1866 1780
1867 1866 1766
1868 1867 1766
1869 1863 1866
1864 1863 1869
1864 1869 1870
1867 1871 1866
1871 1869 1866
1871 1867 1872
1867 1873 1872
1874 1872 1873
1873 1867 1875
1867 1868 1875
1873 1875 1874
1876 1864 1877
1878 1870 1879
1880 1878 1879
1878 1880 1881
1880 1882 1881
1881 1882 1874
1883 1877 1884
1885 1883 1884
1885 1884 1886
1884 1887 1886
1888 1887 1874
1887 1888 1886
1883 1889 1870
1890 1891 1892
1891 1893 1892
1892 1893 1894
1893 1895 1894
1891 1890 1896
1890 1767 1896
1894 1895 1777
1897 1771 1898
1899 1900 1901
1900 1902 1901
1899 1901 1903
1904 1899 1903
1903 1901 1905
1901 1906 1905
1901 1902 1906
1905 1906 1907
1906 1908 1907
1903 1909 1904
1909 1910 1904
1909 1911 1910
1911 1912 1910
1911 1909 1913
1909 1914 1913
1905 1914 1903
1914 1909 1903
1907 1915 1905
1915 1914 1905
1914 1915 1916
1916 1915 1917
1915 1918 1917
1915 1907 1918
1919 1914 1916
1920 1917 1918
1921 1920 1918
1922 1920 1921
1923 1922 1921
1924 1922 1923
1925 1924 1923
1926 1924 1925
1927 1926 1925
1925 1923 1928
1923 1929 1928
1930 1929 1923
1931 1930 1923
1923 1921 1931
1927 1925 1932
1925 1928 1932
1927 1932 1933
1934 1927 1933
1934 1935 1927
1935 1926 1927
1936 1935 1934
1934 1933 1936
1933 1937 1936
1933 1938 1937
1937 1939 1936
1940 1935 1936
1941 1936 1939
1941 1940 1936
1942 1940 1941
1943 1942 1941
1943 1941 1939
1943 1939 1944
1943 1944 1945
1932 1946 1933
1946 1947 1933
1947 1938 1933
1938 1947 1948
1949 1938 1948
1947 1946 1950
1951 1947 1950
1948 1947 1952
1947 1951 1952
1952 1953 1948
1953 1954 1948
1955 1954 1953
1954 1956 1948
1956 1949 1948
1954 1955 1956
1950 1946 1932
1950 1932 1957
1957 1958 1950
1957 1959 1958
1957 1932 1959
1959 1960 1958
1959 1961 1960
1961 1962 1960
1962 1961 1963
1964 1962 1963
1958 1965 1950
1932 1928 1959
1961 1959 1928
1929 1961 1928
1963 1961 1929
1930 1963 1929
1963 1930 1966
1963 1966 1964
1930 1967 1966
1967 1930 1931
1968 1967 1931
1968 1931 1921
1918 1968 1921
1907 1968 1918
1907 1908 1968
1908 1967 1968
1966 1969 1964
1908 1970 1967
1970 1966 1967
1970 1908 1971
1971 1972 1970
1973 1972 1971
1902 1973 1971
1972 1974 1970
1969 1966 1974
1966 1970 1974
1908 1906 1971
1902 1971 1906
1975 1973 1902
1900 1975 1902
1937 1976 1977
1978 1977 1976
1944 1977 1978
1978 1979 1944
1978 1976 1980
1978 1980 1981
1980 1982 1981
1982 1980 1983
1976 1983 1980
1984 1982 1983
1982 1985 1981
1981 1985 1986
1981 1986 1987
1988 1981 1987
1988 1978 1981
1978 1988 1979
1988 1987 1989
1979 1988 1989
1979 1989 1990
1985 1991 1986
1986 1991 1992
1991 1993 1992
1987 1986 1994
1986 1992 1994
1989 1987 1994
1995 1989 1994
1989 1995 1996
1990 1989 1996
1997 1990 1996
1998 1997 1996
1992 1993 1999
1993 2000 1999
1999 2000 2001
2002 1999 2001
1999 2002 1992
2002 2001 2003
2003 1995 2002
1996 1995 2003
2001 2004 2003
1998 1996 2004
2004 1996 2003
2005 2004 2001
2005 1998 2004
1995 2006 2002
2002 2006 1992
1997 2007 2008
2007 2009 2008
2007 2010 2009
2010 1943 2009
2010 2011 1942
2010 1942 2012
2013 2014 2015
2014 2016 2015
2013 2015 2017
2015 2018 2017
2014 2019 2016
2017 2018 2020
2021 2022 2020
2021 2023 2024
2023 2025 2024
2023 2026 2025
2026 2027 2025
2026 1955 2027
1965 2021 2024
1965 2024 2028
2029 2030 2031
2030 2032 2031
2031 2033 2029
2033 1842 2029
1846 2030 2029
1844 1846 2029
2029 1842 1844
2033 2034 1842
2034 1841 1842
2030 1846 1849
1861 2030 1849
2032 2030 1861
1862 2032 1861
2035 2036 2037
2036 2038 2037
2039 2036 2035
2040 2039 2035
2037 2038 2041
2038 2042 2041
2039 2040 1813
2039 1813 2043
2044 2041 2042
2045 2044 2042
2044 2045 1801
2046 1781 2047
1765 2047 1781
2046 1782 1781
1782 2046 1793
1765 1815 2047
1815 1765 1780
1944 1979 1945
1945 1979 1990
1944 1939 1977
1937 1977 1939
1938 2048 1937
2048 2049 1937
2049 2048 2050
2048 2051 2050
1937 2049 1976
2052 2050 2051
2052 2053 2050
2053 2054 2050
2050 2054 2049
2054 1976 2049
2055 2052 2051
2052 2055 2056
2053 2052 2056
2057 2058 1938
2058 2059 1938
2058 2060 2059
2060 2061 2059
2061 2060 2062
2063 2061 2062
2062 2056 2063
2064 2065 2066
2065 2067 2066
2066 2067 1298
2067 1299 1298
1299 2067 2068
2069 1299 2068
1299 2069 1295
2069 1300 1295
2067 2070 2068
2070 2067 2071
2067 2072 2071
2070 2071 2073
2071 2072 2074
2072 2075 2074
2076 2065 2064
2077 2076 2064
2074 2075 2078
2075 2079 2078
2080 2078 2079
2081 2080 2079
2076 2077 2082
2077 2083 2082
2084 2082 2083
2085 2084 2083
2081 2086 2080
2085 2086 2084
2083 2077 2087
2088 2083 2087
2087 2077 2089
2089 2077 2064
2090 2089 2064
2064 2066 2090
2066 2091 2090
2091 2066 1298
1284 2091 1298
1282 2091 1284
1282 2092 2091
2092 2090 2091
2092 2089 2090
2092 1282 2093
1281 2093 1282
1281 2094 2093
2092 2093 2094
2095 2094 1281
2096 2094 2095
2097 2096 2095
2098 2096 2097
2099 2098 2097
2098 2099 2100
2099 2101 2100
2101 2102 2100
2103 2092 2094
2104 2103 2094
2105 2104 2094
2104 2105 2106
2105 2107 2106
2106 2107 2108
2109 2102 2108
2107 2109 2108
2110 2102 2111
2112 2110 2111
2113 2112 2111
2114 2112 2113
2115 2114 2113
2114 2115 2103
2115 2113 2116
2113 2117 2116
2117 2113 2118
2113 2111 2118
2111 2119 2118
2115 2116 2120
2121 2115 2120
2121 2120 2122
2115 2121 2103
2103 2121 2092
2123 2073 2124
2073 2125 2124
2123 2124 2126
2125 2127 2124
2127 2128 2124
2128 2126 2124
2128 2127 2129
2127 2130 2129
2131 2129 2130
2132 2131 2130
2132 2086 2131
2133 1339 1326
1325 1326 1347
1347 1346 1325
1346 1306 1325
1325 1306 1324
1306 1304 1324
1324 1304 1303
1319 1324 1303
1319 1303 1315
2134 1374 1362
2134 2135 1374
2135 2136 1374
2136 2135 2137
2138 2136 2137
2139 2136 2138
2140 2139 2138
1374 2136 1379
2136 2139 1379
2138 2141 2140
2137 2141 2138
2142 2141 2143
2143 2144 2142
2144 2145 2142
2145 2144 1372
1373 2145 1372
2145 1373 1371
2146 2145 1371
2145 2146 2147
2148 2145 2147
2141 2148 2147
2149 2150 2088
2150 2151 2088
2152 2150 2149
1378 1358 1355
1354 1378 1355
1375 2153 1376
2153 1380 1376
1375 2154 2153
2154 2155 2153
2154 2156 2155
2156 2157 2155
2156 2158 2157
2158 2159 2157
2153 2160 1380
2160 2153 2155
2161 2160 2155
2158 2162 2159
2163 2161 2155
2163 2155 2157
2164 2163 2157
2162 2164 2159
2159 2164 2157
2161 2165 2160
2166 2167 2168
2168 2167 2169
2169 2167 2170
2171 2169 2170
2170 2167 2172
2173 2168 2169
2174 2173 2169
2174 2169 2171
2173 2174 2175
2175 2176 2177
2177 2176 2178
2179 2180 2181
2180 2182 2181
2182 2183 2181
2183 2182 2184
2185 2183 2184
2183 2185 2186
2183 2186 2187
2185 2188 2186
2185 2184 2189
2190 2185 2189
2191 2188 2190
2192 2190 2189
2187 2186 2193
2194 2187 2193
2195 2192 2196
2197 2198 2195
2199 2187 2200
2181 2199 2200
2201 2202 2203
2202 2204 2203
2204 2202 2205
2206 2204 2205
2205 2207 2206
2207 2208 2206
2209 2208 2207
2210 2203 2211
2210 2211 2212
2211 2213 2212
2213 2214 2212
2214 2213 2215
2216 2214 2215
2215 2209 2216
2212 2217 2210
2212 2214 2217
2217 2218 2210
2219 2210 2218
2214 2220 2217
2220 2214 2216
2209 2221 2222
2222 2221 2223
2221 2224 2223
2225 2223 2224
2226 2225 2224
2225 2226 2201
2227 2225 2201
2228 2229 2230
2229 2231 2230
2232 2229 2228
2233 2232 2228
2232 2233 2234
2235 2232 2234
2232 2235 2236
2232 2237 2229
2238 2237 2232
2232 2239 2238
2239 2240 2238
2240 2241 2238
2241 2240 2242
2240 2243 2242
2241 2244 2238
2244 2245 2238
2244 2241 2246
2241 2242 2246
2244 2246 2247
2248 2244 2247
2248 2249 2245
2248 2250 2249
2250 2251 2249
2252 2250 2247
2242 2253 2246
2253 2252 2254
2246 2253 2254
2255 2256 2243
2257 2258 2254
2259 2258 2237
2229 2237 2260
2231 2229 2260
2261 2231 2260
2262 2263 2264
2263 2265 2264
2266 2264 2265
2267 2263 2262
2263 2267 2268
2267 2269 2268
2268 2269 2270
2235 2271 2268
2271 2272 2273
2272 2274 2273
2274 2275 2273
2272 2271 2276
2273 2277 2278
2277 2236 2278
2279 2277 2273
2280 2279 2273
2281 2279 2280
2281 2282 2279
2283 2281 2280
2282 2281 2284
2281 2285 2284
2285 2281 2283
2286 2285 2283
2285 2286 2287
2286 2288 2287
2287 2289 2285
2289 2284 2285
2287 2288 2290
2291 2289 2287
2292 2293 2294
2293 2295 2294
2292 2275 2293
2296 2294 2295
2235 2296 2295
2297 2296 2276
2234 2297 2276
2298 2297 2299
2298 2299 2300
2301 2298 2300
2301 2300 2302
2303 2301 2302
2303 2302 2304
2305 2303 2304
2305 2304 2306
2307 2305 2306
2308 2307 2306
2309 2310 2308
2311 2312 2313
2312 2314 2313
2314 2312 2315
2312 2316 2315
2315 2316 2317
2316 2318 2317
2317 2318 2319
2320 2318 2316
2321 2320 2316
2322 2318 2320
2316 2312 2323
2311 2313 2324
2325 2311 2324
2326 2311 2325
2311 2326 2327
2326 2328 2327
2328 2329 2327
2329 2328 2330
2331 2329 2330
2331 2330 2332
2330 2333 2332
2332 2333 2334
2333 2335 2334
2335 2336 2334
2336 2335 2337
2336 2338 2334
2327 2339 2323
2339 2327 2329
2338 2340 2334
2334 2340 2332
2341 2339 2329
2341 2329 2331
2342 2339 2341
2343 2339 2342
2344 2343 2342
2344 2342 2345
2342 2346 2345
2321 2339 2343
2347 2321 2343
2346 2348 2345
2349 2342 2341
2346 2342 2349
2341 2350 2349
2350 2351 2349
2349 2351 2352
2352 2346 2349
2348 2346 2352
2348 2352 2353
2351 2353 2352
2351 2350 2354
2351 2354 2353
2350 2355 2354
2354 2356 2353
2353 2356 2357
2356 2358 2357
2356 2354 2358
2354 2355 2358
2358 2359 2357
2359 2358 2360
2358 2340 2360
2355 2340 2358
2360 2340 2361
2340 2362 2361
2350 2331 2355
2350 2341 2331
2331 2332 2355
2340 2355 2332
2362 2363 2364
2363 2365 2364
2362 2364 2366
2364 2367 2366
2366 2367 2368
2369 2364 2365
2370 2369 2365
2367 2364 2371
2364 2369 2371
2372 2367 2371
2373 2374 2372
2375 2374 2373
2376 2375 2373
2370 2338 2377
2338 2336 2377
2377 2336 2378
2336 2337 2378
2379 2380 2381
2380 2382 2381
2383 2380 2384
2380 2385 2384
2385 2380 2386
2380 2387 2386
2386 2387 2388
2387 2389 2388
2387 2390 2389
2390 2391 2389
2389 2391 2392
2391 2393 2392
2388 2389 2394
2389 2392 2394
2395 2392 2393
2396 2395 2393
2397 2395 2396
2398 2395 2397
2394 2392 2398
2392 2395 2398
2399 2390 2400
2401 2399 2400
2402 2403 2404
2402 2404 2405
2404 2403 2406
2403 2407 2406
2402 2408 2403
2409 2404 2406
2410 2409 2406
2407 2411 2406
2412 2410 2406
2405 2404 2413
2413 2404 2414
2404 2409 2414
2413 2414 2415
2416 2415 2417
2418 2419 2420
2419 2421 2420
2420 2422 2418
2423 2421 2419
2419 2418 2424
2425 2424 2418
2426 2419 2424
2426 2427 2419
2428 2429 2430
2429 2431 2430
2430 2432 2428
2432 2433 2428
2434 2433 2432
2435 2434 2432
2435 2432 2436
2432 2430 2437
2438 2432 2437
2432 2438 2439
2439 2438 2440
2438 2441 2440
2440 2441 2442
2443 2440 2442
2444 2441 2438
2445 2444 2438
2442 2441 2446
2441 2444 2446
2446 2444 2447
2444 2448 2447
2449 2448 2445
2450 2448 2449
2451 2450 2449
2452 2447 2450
2442 2446 2453
2453 2454 2452
2446 2454 2453
2455 2443 2456
2454 2457 2458
2457 2459 2437
2430 2460 2437
2430 2431 2460
2431 2461 2460
2462 2463 2464
2463 2465 2464
2466 2464 2467
2464 2468 2467
2466 2469 2464
2469 2470 2464
2469 2471 2470
2471 2472 2470
2471 2473 2472
2473 2474 2472
2474 2473 2475
2476 2474 2475
2476 2475 2477
2477 2478 2479
2478 2480 2479
2480 2481 2479
2481 2480 2482
2483 2481 2482
2483 2482 2484
2485 2483 2484
2485 2484 2486
2487 2485 2486
2488 2489 2490
2488 2491 2489
2490 2489 2492
2493 2490 2492
2492 2489 2494
2495 2494 2489
2496 2495 2489
2491 2496 2489
2497 2492 2494
2493 2492 2498
2498 2492 2497
2499 2493 2498
2500 2498 2497
2500 2501 2498
2499 2498 2502
2503 2495 2496
2504 2503 2505
2506 2507 2508
2507 2509 2508
2507 2510 2509
2511 2506 2508
2508 2512 2511
2512 2513 2511
2512 2514 2513
2515 2435 2512
2516 2515 2517
2518 2516 2517
2518 2517 2519
2516 2520 2515
2517 2521 2522
2521 2436 2522
2517 2522 2523
2524 2517 2523
2523 2525 2524
2526 2525 2523
2525 2527 2524
2526 2528 2525
2528 2529 2525
2527 2525 2529
2530 2527 2529
2529 2531 2530
2531 2532 2530
2531 2529 2533
2529 2528 2533
2531 2534 2532
2535 2531 2533
2536 2537 2538
2537 2539 2538
2536 2538 2519
2537 2540 2539
2540 2435 2539
2540 2541 2520
2541 2434 2520
2542 2543 2541
2544 2543 2542
2545 2544 2542
2546 2544 2545
2547 2546 2545
2548 2546 2547
2549 2548 2547
2550 2548 2549
2551 2550 2549
2552 2550 2551
2553 2552 2554
2319 2555 2556
2556 2555 2557
2558 2556 2557
2557 2559 2560
2321 2560 2561
2562 2327 2560
2562 2311 2327
2563 2564 2565
2564 2566 2565
2564 2567 2566
2567 2568 2566
2569 2568 2567
2568 2570 2566
2566 2571 2572
2571 2573 2572
2573 2571 2574
2571 2575 2574
2571 2570 2575
2570 2576 2575
2570 2577 2576
2577 2578 2576
2579 2578 2577
2580 2573 2574
2580 2574 2581
2580 2581 2582
2579 2583 2584
2584 2583 2585
2583 2586 2585
2587 2588 2584
2587 2584 2589
2586 2590 2591
2592 2593 2594
2595 2594 2593
2596 2595 2593
2595 2596 2597
2596 2598 2597
2599 2597 2598
2600 2599 2598
2592 2594 2601
2601 2594 2602
2594 2603 2602
2604 2603 2594
2605 2604 2594
2604 2605 2606
2605 2607 2606
2608 2606 2607
2593 2609 2610
2609 2611 2610
2600 2612 2613
2612 2614 2613
2610 2613 2593
2613 2614 2593
2615 2616 2617
2616 2618 2617
2616 2615 2619
2615 2620 2619
2619 2620 2621
2620 2622 2621
2623 2622 2620
2624 2623 2620
2622 2625 2621
2625 2622 2623
2626 2625 2623
2626 2623 2624
2627 2626 2624
2627 2624 2628
2624 2629 2628
2629 2630 2628
2628 2630 2631
2630 2617 2631
2632 2627 2628
2633 2632 2634
2632 2635 2634
2636 2637 2638
2639 2638 2637
2640 2638 2641
2642 2641 2638
2638 2643 2642
2644 2645 2646
2647 2646 2645
2645 2648 2647
2646 2647 2649
2649 2650 2646
2651 2646 2650
2651 2650 2652
2650 2649 2653
2653 2652 2650
2654 2647 2648
2654 2649 2647
2654 2655 2649
2654 2656 2655
2657 2655 2656
2654 2658 2656
2659 2660 2661
2659 2662 2660
2663 2661 2660
2660 2664 2663
2664 2660 2662
2665 2666 2667
2668 2667 2666
2667 2668 2669
2666 2670 2668
2670 2666 2671
2672 2671 2666
2672 2673 2671
2671 2674 2670
2675 2671 2673
2676 2669 2668
2676 2668 2670
2676 2670 2674
2676 2674 2677
2678 2677 2674
2676 2677 2679
2680 2681 2682
2680 2683 2681
2680 2684 2683
2680 2685 2684
2680 2686 2685
2680 2687 2686
2680 2688 2687
2680 2689 2688
2680 2690 2689
2680 2691 2690
2680 2692 2691
2680 2693 2692
2680 2694 2693
2680 2695 2694
2680 2696 2695
2682 2681 2697
2683 2684 2698
2683 2698 2699
2681 2699 2697
2681 2683 2699
2687 2700 2686
2700 2701 2686
2686 2701 2685
2701 2702 2685
2685 2702 2684
2684 2703 2698
2702 2703 2684
2693 2694 2704
2694 2705 2704
2694 2695 2705
2695 2706 2705
2695 2696 2706
2696 2707 2706
2696 2708 2707
2680 2708 2696
2680 2709 2708
2680 2710 2709
2680 2711 2710
2680 2682 2711
2708 2712 2707
2708 2709 2712
2709 2713 2712
2709 2710 2713
2710 2714 2713
2710 2711 2714
2711 2715 2714
2715 2711 2682
2697 2715 2682
2688 2716 2687
2716 2700 2687
2717 2716 2688
2689 2717 2688
2718 2717 2689
2690 2718 2689
2719 2718 2690
2691 2719 2690
2691 2692 2719
2692 2720 2719
2692 2693 2720
2693 2704 2720
2721 2722 2723
2721 2724 2722
2721 2725 2724
2721 2726 2725
2721 2727 2726
2721 2728 2727
2721 2729 2728
2721 2730 2729
2721 2723 2730
2731 2732 2733
2731 2734 2732
2731 2735 2734
2731 2736 2735
2731 2737 2736
2731 2738 2737
2731 2739 2738
2731 2740 2739
2731 2733 2740
2741 2742 2743
2741 2743 2744
2741 2744 2745
2741 2745 2746
2741 2746 2747
2741 2747 2748
2741 2748 2749
2741 2749 2750
2741 2750 2751
2741 2751 2752
2741 2752 2753
2741 2753 2754
2741 2754 2755
2741 2755 2756
2741 2756 2757
2743 2742 2758
2759 2743 2758
2744 2743 2759
2760 2744 2759
2745 2744 2760
2761 2745 2760
2745 2761 2762
2746 2745 2762
2746 2762 2763
2747 2746 2763
2747 2763 2764
2748 2747 2764
2748 2764 2765
2749 2748 2765
2749 2765 2766
2750 2749 2766
2750 2766 2767
2751 2750 2767
2751 2767 2768
2752 2751 2768
2753 2752 2768
2769 2753 2768
2754 2753 2769
2770 2754 2769
2755 2754 2770
2771 2755 2770
2756 2755 2771
2772 2756 2771
2757 2756 2772
2773 2757 2772
2774 2757 2773
2741 2757 2774
2741 2774 2775
2741 2775 2776
2741 2776 2777
2741 2777 2742
2778 2774 2773
2775 2774 2778
2779 2775 2778
2776 2775 2779
2780 2776 2779
2777 2776 2780
2781 2777 2780
2742 2777 2781
2758 2742 2781
2782 2783 2784
2783 2785 2784
2782 2784 2786
2784 2787 2786
2788 2784 2785
2787 2784 2788
2789 2788 2785
2790 2787 2788
2788 2789 2791
2791 2792 2788
2792 2790 2788
2793 2786 2787
2794 2793 2787
2787 2790 2794
2795 2793 2794
2796 2795 2794
2795 2796 2797
2796 2798 2797
2794 2799 2796
2790 2799 2794
2799 2790 2792
2799 2800 2796
2798 2796 2800
2801 2798 2800
2800 2799 2802
2802 2799 2792
2803 2800 2802
2800 2803 2801
2804 2802 2792
2803 2802 2805
2792 2791 2806
2783 2807 2785
2807 2808 2785
2783 2809 2807
2785 2808 2810
2785 2810 2811
2785 2811 2789
2811 2810 2812
2812 2810 2808
2807 2809 2813
2809 2814 2813
2813 2814 2815
2814 2816 2815
2807 2813 2817
2813 2818 2817
2817 2818 2819
2813 2815 2820
2821 2822 2823
2822 2824 2823
2823 2824 2825
2826 2823 2825
2821 2823 2827
2827 2823 2826
2828 2821 2827
2829 2827 2826
2827 2830 2828
2830 2827 2831
2831 2827 2829
2826 2825 2832
2833 2826 2832
2829 2826 2833
2833 2832 2834
2835 2833 2834
2835 2834 2836
2837 2835 2836
2833 2835 2838
2838 2829 2833
2831 2829 2838
2835 2839 2838
2839 2835 2837
2840 2839 2837
2838 2839 2841
2841 2831 2838
2839 2842 2841
2839 2840 2842
2843 2831 2841
2842 2844 2841
2831 2845 2830
2822 2821 2846
2821 2847 2846
2822 2846 2848
2821 2849 2847
2821 2850 2849
2821 2828 2850
2850 2851 2849
2851 2847 2849
2846 2852 2848
2852 2853 2848
2852 2854 2853
2854 2855 2853
2846 2856 2852
2856 2857 2852
2856 2858 2857
2852 2859 2854
2860 2861 2862
2860 2862 2863
2860 2863 2864
2860 2864 2865
2860 2865 2866
2860 2866 2867
2860 2867 2868
2860 2868 2869
2860 2869 2870
2860 2870 2871
2860 2871 2872
2860 2872 2873
2860 2873 2861
2874 2875 2876
2874 2877 2875
2874 2878 2877
2874 2879 2878
2874 2880 2879
2874 2881 2880
2874 2882 2881
2874 2883 2882
2874 2884 2883
2874 2885 2884
2874 2886 2885
2874 2887 2886
2874 2876 2887
2888 2889 2890
2888 2891 2889
2888 2892 2891
2888 2893 2892
2888 2894 2893
2888 2895 2894
2888 2896 2895
2888 2897 2896
2888 2898 2897
2888 2899 2898
2888 2900 2899
2888 2901 2900
2888 2890 2901
2902 2903 2904
2902 2905 2903
2902 2906 2905
2902 2907 2906
2902 2908 2907
2902 2909 2908
2902 2910 2909
2902 2911 2910
2902 2912 2911
2902 2913 2912
2902 2914 2913
2902 2915 2914
2902 2904 2915
2916 2917 2918
2917 2919 2918
2917 2920 2919
2920 2921 2919
2919 2921 2922
2921 2923 2922
2919 2922 2924
2925 2919 2924
2916 2925 2926
2927 2916 2926
2926 2925 2928
2925 2924 2928
2926 2928 2929
2930 2926 2929
2931 2926 2930
2932 2931 2930
2933 2920 2934
2920 2935 2934
2923 2933 2936
2933 2934 2936
2936 2934 2937
2934 2938 2937
2934 2939 2938
2939 2940 2938
2938 2940 2941
2940 2942 2941
2941 2942 2943
2942 2932 2943
2937 2938 2944
2938 2941 2944
2941 2943 2944
2943 2929 2944
2945 2946 2947
2946 2948 2947
2948 2949 2947
2949 2950 2947
2950 2951 2947
2951 2952 2947
2952 2953 2947
2953 2945 2947
2954 2955 2956
2955 2957 2956
2955 2958 2957
2958 2959 2957
2960 2958 2961
2958 2962 2961
2963 2961 2964
2961 2965 2964
2964 2966 2963
2966 2967 2963
2968 2966 2969
2970 2968 2969
2971 2972 2973
2972 2974 2973
2972 2975 2974
2975 2976 2974
2974 2976 2977
2973 2974 2977
2972 2978 2979
2978 2980 2979
2972 2979 2981
2982 2972 2981
2979 2980 2983
2984 2979 2983
2979 2984 2985
2986 2979 2985
2987 2984 2988
2989 2987 2988
2988 2984 2990
2991 2988 2990
2992 2988 2993
2994 2992 2993
2992 2995 2988
2995 2996 2988
2997 2998 2992
2998 2999 2992
2992 3000 2997
3000 3001 2997
2997 3001 3002
3003 2997 3002
3003 3004 2997
3004 3005 2997
3006 3007 3008
3007 3009 3008
3010 3011 3012
3011 3013 3012
3010 3014 3015
3014 3016 3015
3016 3014 3017
3014 3018 3017
3018 3019 3020
3019 3021 3020
3022 3023 3024
3023 3025 3024
3022 3026 3023
3026 3027 3023
3027 3028 3023
3028 3025 3023
3027 3029 3030
3029 3031 3030
3030 3032 3027
3032 3033 3027
3030 3031 3034
3035 3030 3034
3036 3030 3035
3037 3036 3035
3038 3037 3035
3039 3038 3035
3039 3035 3040
3035 3041 3040
3042 3038 3039
3043 3042 3039
3043 3039 3044
3045 3043 3044
3046 3043 3047
3048 3046 3047
3043 3046 3049
3046 3050 3049
3051 3046 3052
3053 3051 3052
3046 3054 3052
3054 3055 3052
3052 3055 3056
3053 3052 3056
3057 3058 3059
3058 3060 3059
3060 3058 3061
3062 3060 3061
3062 3061 3063
3064 3062 3063
3065 3066 3067
3068 3066 3065
3065 3067 3069
3065 3069 3070
3070 3071 3065
3071 3072 3065
3072 3073 3065
3065 3073 3074
3074 3075 3065
3075 3076 3065
3068 3065 3077
3065 3078 3077
3079 3065 3076
3080 3065 3079
3065 3080 3081
3082 3065 3081
3083 3065 3082
3084 3065 3083
3065 3084 3085
3065 3085 3078
3086 3087 3088
3087 3089 3088
3089 3090 3088
3090 3091 3088
3091 3090 3092
3090 3093 3092
3092 3093 3094
3093 3095 3094
3094 3095 3096
3095 3097 3096
3096 3097 3098
3097 3099 3098
3100 3098 3099
3101 3100 3099
3100 3101 3102
3101 3103 3102
3103 3104 3102
3104 3105 3102
3103 3101 3106
3107 3103 3106
3103 3107 3104
3106 3108 3107
3107 3109 3104
3099 3097 3110
3106 3101 3110
3101 3099 3110
3106 3110 3108
3110 3111 3108
3111 3110 3112
3110 3097 3112
3111 3112 3113
3112 3114 3113
3114 3112 3115
3116 3113 3114
3117 3116 3114
3117 3114 3089
3104 3118 3105
3118 3104 3109
3109 3119 3118
3118 3120 3105
3118 3121 3120
3119 3121 3118
3121 3122 3120
3122 3121 3123
3121 3124 3123
3121 3119 3125
3121 3125 3124
3123 3124 3126
3124 3127 3126
3125 3127 3124
3126 3127 3128
3127 3129 3128
3125 3130 3127
3130 3129 3127
3130 3131 3129
3131 3130 3132
3130 3133 3132
3133 3130 3125
3129 3134 3128
3134 3135 3128
3131 3136 3129
3122 3123 3137
3138 3122 3137
3122 3138 3139
3120 3122 3139
3120 3139 3140
3105 3120 3140
3105 3140 3141
3102 3105 3141
3102 3141 3100
3141 3142 3100
3100 3142 3098
3142 3143 3098
3096 3098 3143
3144 3096 3143
3094 3096 3144
3145 3094 3144
3092 3094 3145
3146 3092 3145
3091 3092 3146
3147 3091 3146
3091 3147 3088
3147 3148 3088
3148 3149 3088
3149 3086 3088
3150 3151 3152
3150 3152 3153
3152 3154 3153
3150 3155 3151
3151 3155 3156
3155 3150 3157
3150 3158 3157
3157 3158 3109
3107 3157 3109
3157 3108 3155
3108 3156 3155
3108 3157 3107
3159 3156 3108
3151 3159 3160
3159 3161 3160
3161 3162 3160
3163 3156 3159
3111 3159 3108
3159 3111 3161
3153 3154 3133
3154 3164 3133
3111 3113 3161
3162 3161 3113
3165 3162 3113
3109 3166 3119
3166 3167 3119
3167 3125 3119
3153 3167 3166
3150 3153 3166
3168 3169 3163
3168 3170 3169
3170 3171 3169
3168 3163 3172
3172 3173 3168
3173 3172 3174
3175 3173 3174
3175 3176 3173
3176 3175 3177
3175 3178 3177
3178 3179 3177
3178 3180 3179
3180 3181 3179
3179 3182 3177
3181 3180 3183
3184 3181 3183
3184 3183 3185
3186 3184 3185
3175 3187 3178
3187 3180 3178
3175 3174 3187
3183 3188 3185
3183 3180 3188
3180 3187 3188
3187 3174 3188
3174 3189 3188
3188 3189 3190
3188 3190 3185
3189 3191 3190
3191 3192 3190
3192 3193 3190
3191 3165 3192
3165 3194 3192
3194 3195 3192
3185 3190 3196
3190 3193 3196
3186 3185 3197
3198 3186 3197
3198 3197 3199
3200 3198 3199
3200 3199 3201
3192 3195 3201
3201 3193 3192
3202 3200 3201
3195 3203 3201
3203 3202 3201
3203 3195 3204
3204 3195 3194
3205 3203 3204
3206 3198 3200
3206 3207 3198
3207 3186 3198
3207 3208 3186
3208 3184 3186
3208 3209 3184
3209 3181 3184
3181 3209 3210
3179 3181 3210
3179 3210 3182
3210 3211 3182
3182 3211 3212
3212 3213 3182
3214 3213 3212
3215 3214 3212
3215 3216 3214
3216 3217 3214
3213 3177 3182
3217 3216 3218
3219 3217 3218
3218 3220 3219
3220 3221 3219
3221 3220 3136
3220 3222 3136
3214 3217 3223
3223 3217 3219
3214 3223 3224
3224 3213 3214
3176 3213 3224
3213 3176 3177
3223 3219 3225
3225 3219 3221
3225 3221 3226
3226 3164 3225
3164 3227 3225
3225 3227 3223
3226 3221 3134
3223 3228 3224
3228 3229 3224
3229 3176 3230
3220 3231 3222
3231 3232 3222
3228 3170 3229
3170 3227 3171
3227 3132 3171
3170 3168 3229
3176 3233 3173
3173 3233 3168
3234 3231 3220
3218 3234 3220
3218 3216 3234
3216 3235 3234
3235 3216 3215
3236 3235 3215
3237 3236 3215
3212 3237 3215
3211 3237 3212
3238 3239 3240
3240 3239 3241
3241 3239 3242
3242 3243 3241
3243 3244 3241
3243 3245 3244
3245 3246 3244
3246 3245 3247
3248 3246 3247
3249 3246 3248
3250 3249 3248
3250 3248 3251
3252 3250 3251
3251 3253 3252
3253 3254 3252
3255 3254 3253
3251 3248 3256
3248 3247 3256
3256 3257 3251
3257 3253 3251
3257 3258 3253
3258 3259 3253
3253 3259 3255
3259 3258 3260
3261 3259 3260
3262 3261 3260
3263 3262 3260
3259 3264 3255
3265 3264 3259
3265 3259 3261
3261 3266 3265
3267 3266 3261
3267 3261 3268
3268 3269 3267
3262 3270 3271
3270 3262 3272
3272 3268 3273
3272 3273 3274
3273 3275 3274
3276 3274 3275
3277 3276 3275
3278 3276 3277
3278 3279 3276
3279 3278 3280
3278 3281 3280
3282 3280 3281
3283 3282 3281
3279 3284 3276
3285 3276 3284
3276 3285 3274
3281 3286 3283
3286 3287 3283
3278 3288 3281
3288 3286 3281
3288 3278 3277
3289 3282 3283
3290 3289 3283
3283 3287 3290
3287 3291 3290
3290 3291 3292
3291 3293 3292
3292 3293 3294
3293 3295 3294
3294 3295 3296
3295 3297 3296
3290 3292 3298
3290 3298 3289
3298 3292 3299
3299 3292 3300
3300 3292 3294
3301 3300 3294
3301 3294 3302
3301 3302 3303
3239 3302 3304
3302 3305 3304
3239 3304 3242
3238 3296 3239
3238 3306 3296
3307 3308 3241
3308 3240 3241
3244 3307 3241
3244 3309 3307
3244 3246 3309
3246 3249 3309
3097 3310 3112
3112 3310 3115
3090 3114 3115
3114 3090 3089
3087 3117 3089
3163 3311 3312
3313 3312 3311
3314 3313 3311
3313 3314 3191
3314 3116 3191
3312 3313 3189
3313 3191 3189
3189 3174 3312
3174 3315 3312
3163 3315 3172
3172 3315 3174
3151 3312 3315
3272 3316 3317
3270 3272 3317
3316 3272 3274
3316 3274 3318
3274 3285 3318
3268 3319 3273
3126 3320 3123
3320 3137 3123
3320 3126 3128
3321 3320 3128
3128 3135 3321
3135 3322 3321
3323 3206 3200
3323 3200 3202
3324 3323 3202
3202 3203 3324
3203 3325 3324
3326 3325 3203
3205 3326 3203
