byte offset: 0
first index: 52290
index count: 6468
topology: trianglelist
format: DXGI_FORMAT_R16_UINT

12316 12317 12318
12317 12316 12319
12319 12320 12317
12320 12319 12321
12321 12322 12320
12322 12321 12323
12321 12324 12323
12325 12316 12318
12316 12325 12326
12325 12327 12326
12327 12325 12328
12329 12326 12327
12326 12329 12330
12330 12316 12326
12331 12327 12328
12327 12331 12332
12331 12333 12332
12333 12331 12334
12335 12333 12334
12333 12335 12336
12335 12337 12336
12337 12335 12338
12339 12336 12337
12336 12339 12340
12340 12333 12336
12333 12340 12341
12341 12332 12333
12342 12337 12338
12337 12342 12343
12337 12344 12339
12344 12337 12343
12332 12341 12345
12345 12327 12332
12327 12345 12329
12344 12346 12339
12346 12340 12339
12344 12347 12346
12340 12346 12348
12348 12341 12340
12341 12348 12349
12349 12345 12341
12345 12349 12350
12350 12329 12345
12329 12350 12351
12351 12330 12329
12330 12351 12352
12353 12330 12352
12354 12330 12353
12353 12355 12354
12355 12353 12356
12353 12352 12357
12357 12358 12353
12358 12356 12353
12357 12359 12358
12356 12324 12355
12324 12356 12360
12358 12360 12356
12360 12361 12324
12361 12360 12362
12363 12362 12360
12360 12358 12363
12362 12363 12364
12365 12364 12363
12363 12358 12365
12358 12359 12365
12364 12365 12366
12367 12365 12359
12367 12366 12365
12366 12367 12368
12362 12369 12361
12369 12362 12370
12364 12370 12362
12370 12371 12369
12372 12369 12371
12371 12373 12372
12373 12371 12374
12369 12372 12375
12374 12376 12373
12376 12374 12377
12377 12378 12376
12378 12377 12379
12380 12378 12379
12378 12380 12381
12380 12382 12381
12383 12382 12380
12379 12383 12380
12384 12374 12371
12371 12370 12384
12385 12384 12370
12374 12384 12386
12384 12387 12386
12387 12384 12388
12385 12388 12384
12389 12386 12387
12386 12389 12390
12391 12390 12389
12390 12391 12392
12391 12383 12392
12392 12377 12390
12377 12392 12379
12383 12379 12392
12390 12374 12386
12374 12390 12377
12393 12388 12385
12394 12393 12385
12395 12393 12394
12385 12366 12394
12366 12395 12394
12366 12385 12364
12370 12364 12385
12395 12366 12368
12323 12375 12322
12369 12375 12323
12361 12369 12323
12324 12361 12323
12321 12355 12324
12355 12321 12319
12319 12354 12355
12354 12319 12316
12316 12330 12354
12317 12396 12318
12396 12317 12397
12398 12397 12317
12397 12398 12399
12400 12399 12398
12399 12400 12401
12399 12401 12402
12396 12325 12318
12325 12396 12403
12404 12325 12403
12325 12404 12328
12403 12405 12404
12405 12403 12406
12396 12406 12403
12404 12331 12328
12331 12404 12407
12408 12331 12407
12331 12408 12334
12408 12335 12334
12335 12408 12409
12410 12335 12409
12335 12410 12338
12409 12411 12410
12411 12409 12412
12408 12412 12409
12412 12408 12413
12407 12413 12408
12410 12342 12338
12342 12410 12414
12410 12415 12414
12415 12410 12411
12413 12407 12416
12404 12416 12407
12416 12404 12405
12415 12411 12417
12412 12417 12411
12415 12417 12418
12417 12412 12419
12413 12419 12412
12419 12413 12420
12416 12420 12413
12420 12416 12421
12405 12421 12416
12421 12405 12422
12406 12422 12405
12422 12406 12423
12424 12423 12406
12425 12424 12406
12426 12424 12425
12424 12426 12427
12424 12428 12423
12428 12424 12429
12429 12424 12427
12428 12429 12430
12402 12427 12426
12427 12402 12431
12431 12429 12427
12432 12431 12402
12431 12432 12433
12433 12434 12431
12429 12431 12434
12434 12433 12435
12435 12436 12434
12434 12436 12429
12429 12436 12430
12436 12435 12437
12438 12430 12436
12437 12438 12436
12438 12437 12439
12440 12433 12432
12433 12440 12441
12441 12435 12433
12442 12441 12440
12440 12443 12442
12444 12442 12443
12442 12444 12445
12443 12440 12446
12447 12445 12444
12445 12447 12448
12449 12448 12447
12448 12449 12450
12449 12451 12450
12451 12449 12452
12451 12452 12453
12454 12451 12453
12454 12450 12451
12445 12455 12442
12441 12442 12455
12456 12441 12455
12455 12445 12457
12458 12455 12457
12455 12458 12459
12456 12455 12459
12457 12460 12458
12460 12457 12461
12461 12462 12460
12462 12461 12463
12462 12463 12454
12463 12448 12450
12448 12463 12461
12450 12454 12463
12461 12445 12448
12445 12461 12457
12464 12456 12459
12465 12456 12464
12466 12465 12464
12437 12456 12465
12466 12437 12465
12456 12437 12435
12435 12441 12456
12437 12466 12439
12401 12400 12446
12440 12401 12446
12432 12401 12440
12402 12401 12432
12426 12399 12402
12399 12426 12397
12425 12397 12426
12397 12425 12396
12406 12396 12425
12467 12468 12469
12467 12470 12468
12467 12469 12471
12467 12472 12470
12467 12473 12472
12473 12474 12472
12473 12475 12474
12473 12476 12475
12476 12477 12475
12476 12478 12477
12476 12479 12478
12476 12480 12479
12476 12481 12480
12476 12482 12481
12467 12471 12483
12484 12467 12483
12484 12485 12467
12486 12467 12485
12486 12485 12487
12488 12486 12487
12489 12486 12488
12490 12489 12488
12490 12491 12489
12491 12492 12489
12492 12493 12489
12492 12494 12493
12494 12495 12493
12495 12496 12493
12493 12496 12497
12498 12499 12500
12501 12498 12500
12501 12500 12502
12500 12503 12502
12500 12504 12503
12504 12505 12503
12504 12506 12505
12504 12507 12506
12504 12508 12507
12504 12509 12508
12510 12508 12509
12510 12509 12511
12509 12512 12511
12512 12513 12511
12512 12514 12513
12512 12515 12514
12512 12516 12515
12517 12516 12512
12518 12517 12512
12518 12519 12517
12518 12520 12519
12518 12521 12520
12518 12522 12521
12518 12523 12522
12518 12524 12523
12525 12524 12518
12525 12518 12526
12518 12527 12526
12527 12528 12526
12527 12529 12528
12527 12530 12529
12527 12531 12530
12531 12527 12532
12533 12532 12527
12533 12527 12534
12527 12535 12534
12527 12536 12535
12536 12537 12535
12536 12538 12537
12536 12539 12538
12536 12540 12539
12541 12540 12536
12541 12542 12540
12543 12542 12541
12543 12541 12544
12545 12544 12541
12541 12546 12545
12541 12547 12546
12541 12548 12547
12541 12549 12548
12550 12549 12541
12551 12549 12550
12551 12550 12552
12550 12553 12552
12550 12554 12553
12550 12555 12554
12550 12556 12555
12550 12557 12556
12550 12558 12557
12550 12559 12558
12558 12559 12560
12559 12561 12560
12559 12562 12561
12559 12563 12562
12559 12564 12563
12565 12564 12559
12566 12564 12565
12566 12565 12567
12568 12567 12565
12568 12569 12567
12568 12570 12569
12568 12571 12570
12568 12572 12571
12573 12572 12568
12573 12574 12572
12575 12574 12573
12575 12573 12576
12576 12573 12577
12578 12576 12577
12578 12579 12576
12580 12579 12578
12580 12578 12581
12581 12578 12582
12582 12578 12583
12583 12578 12584
12584 12578 12585
12585 12578 12586
12586 12578 12587
12588 12589 12590
12591 12588 12590
12592 12591 12590
12589 12593 12590
12593 12594 12590
12592 12590 12595
12590 12498 12595
12590 12499 12498
12594 12596 12590
12596 12597 12590
12598 12599 12600
12598 12601 12599
12598 12602 12601
12602 12603 12601
12602 12604 12603
12604 12605 12603
12606 12605 12604
12605 12606 12607
12608 12609 12610
12608 12610 12611
12608 12612 12609
12608 12611 12613
12608 12613 12614
12614 12613 12615
12614 12615 12616
12614 12616 12617
12617 12616 12618
12617 12618 12619
12617 12619 12620
12617 12620 12621
12617 12621 12622
12617 12622 12623
12608 12624 12612
12625 12624 12608
12625 12608 12626
12627 12626 12608
12627 12628 12626
12629 12628 12627
12630 12629 12627
12631 12629 12630
12631 12630 12632
12632 12630 12633
12633 12630 12634
12633 12634 12635
12635 12634 12636
12636 12634 12637
12634 12638 12637
12639 12640 12641
12639 12641 12642
12639 12642 12643
12643 12642 12644
12643 12644 12645
12645 12644 12646
12646 12647 12645
12647 12646 12648
12649 12650 12651
12651 12652 12649
12653 12651 12650
12650 12654 12653
12654 12650 12655
12649 12655 12650
12651 12653 12656
12656 12657 12651
12657 12656 12658
12655 12659 12654
12659 12655 12660
12661 12660 12655
12655 12649 12661
12660 12661 12662
12663 12662 12661
12662 12663 12664
12663 12665 12664
12651 12666 12652
12666 12651 12657
12666 12667 12652
12667 12668 12652
12661 12668 12663
12668 12667 12669
12663 12669 12665
12669 12663 12668
12667 12666 12670
12652 12668 12649
12668 12661 12649
12664 12671 12662
12671 12660 12662
12664 12672 12671
12664 12673 12672
12664 12674 12673
12675 12674 12664
12665 12675 12664
12672 12676 12671
12671 12676 12677
12671 12677 12678
12679 12678 12677
12680 12678 12679
12681 12678 12680
12682 12678 12681
12683 12678 12682
12660 12671 12678
12678 12659 12660
12659 12678 12683
12675 12665 12684
12665 12685 12684
12685 12665 12669
12667 12685 12669
12685 12667 12686
12687 12685 12686
12688 12687 12686
12685 12687 12689
12684 12685 12689
12684 12689 12690
12687 12688 12691
12692 12691 12688
12691 12692 12693
12693 12694 12691
12694 12695 12691
12687 12691 12695
12689 12687 12695
12695 12694 12696
12697 12695 12696
12696 12698 12697
12698 12696 12699
12700 12698 12699
12699 12701 12700
12701 12699 12702
12702 12696 12694
12696 12702 12699
12698 12700 12703
12704 12698 12703
12705 12698 12704
12706 12698 12705
12707 12698 12706
12698 12707 12697
12697 12707 12708
12709 12697 12708
12695 12697 12709
12710 12709 12708
12702 12711 12701
12711 12702 12712
12712 12713 12711
12713 12712 12714
12693 12714 12712
12714 12693 12715
12715 12716 12714
12714 12716 12713
12716 12715 12717
12717 12718 12716
12717 12719 12718
12719 12717 12720
12720 12717 12715
12719 12721 12718
12721 12719 12722
12722 12723 12721
12722 12724 12723
12724 12725 12723
12724 12722 12726
12727 12726 12722
12720 12727 12719
12727 12722 12719
12726 12727 12728
12729 12728 12727
12727 12720 12729
12728 12729 12730
12730 12731 12728
12731 12726 12728
12731 12730 12732
12733 12732 12730
12732 12733 12734
12666 12734 12733
12734 12666 12657
12658 12734 12657
12666 12733 12670
12735 12670 12733
12735 12730 12729
12730 12735 12733
12670 12735 12692
12729 12692 12735
12688 12670 12692
12686 12670 12688
12670 12686 12667
12692 12729 12720
12715 12692 12720
12692 12715 12693
12694 12693 12712
12694 12712 12702
12736 12737 12684
12684 12737 12738
12736 12684 12739
12739 12684 12690
12739 12690 12710
12690 12709 12710
12689 12709 12690
12689 12695 12709
12684 12738 12675
12740 12741 12742
12741 12740 12743
12744 12742 12741
12742 12744 12745
12746 12742 12745
12745 12747 12746
12742 12746 12748
12748 12740 12742
12740 12748 12749
12749 12750 12740
12750 12749 12751
12752 12749 12748
12749 12752 12753
12753 12751 12749
12748 12754 12752
12754 12748 12746
12754 12755 12752
12753 12752 12755
12755 12754 12756
12757 12756 12754
12757 12746 12747
12746 12757 12754
12756 12757 12758
12755 12756 12759
12760 12755 12759
12760 12759 12761
12762 12756 12758
12756 12762 12763
12756 12763 12759
12751 12753 12764
12764 12753 12765
12753 12755 12765
12751 12766 12750
12767 12750 12766
12766 12768 12767
12768 12769 12767
12769 12768 12770
12770 12768 12771
12768 12766 12772
12773 12772 12766
12772 12773 12774
12775 12774 12773
12773 12764 12775
12774 12775 12776
12776 12777 12774
12777 12778 12774
12774 12778 12779
12774 12779 12772
12778 12777 12780
12780 12777 12781
12777 12782 12781
12777 12783 12782
12777 12776 12783
12784 12783 12776
12783 12784 12785
12786 12772 12779
12787 12785 12784
12784 12788 12787
12788 12784 12789
12789 12776 12775
12776 12789 12784
12790 12787 12788
12787 12790 12791
12791 12792 12787
12785 12787 12792
12792 12791 12793
12783 12794 12782
12794 12783 12795
12783 12785 12795
12789 12796 12788
12796 12789 12797
12797 12760 12796
12760 12797 12798
12796 12760 12799
12799 12788 12796
12788 12799 12790
12775 12797 12789
12797 12775 12764
12760 12761 12799
12799 12800 12790
12800 12799 12801
12761 12801 12799
12790 12802 12791
12802 12790 12800
12803 12792 12793
12793 12804 12803
12804 12793 12805
12805 12791 12802
12791 12805 12793
12803 12804 12806
12803 12806 12807
12806 12808 12807
12809 12807 12808
12806 12810 12808
12803 12807 12811
12807 12809 12811
12812 12803 12811
12792 12803 12812
12792 12812 12813
12813 12785 12792
12814 12785 12813
12814 12815 12785
12816 12785 12815
12817 12785 12816
12795 12785 12817
12818 12819 12820
12819 12818 12821
12820 12822 12818
12822 12820 12823
12819 12824 12820
12824 12823 12820
12823 12824 12825
12824 12826 12825
12826 12827 12825
12827 12826 12828
12747 12818 12822
12818 12747 12829
12821 12818 12829
12830 12821 12829
12747 12822 12757
12745 12829 12747
12745 12744 12829
12744 12830 12829
12744 12831 12830
12741 12831 12744
12831 12741 12832
12743 12832 12741
12832 12743 12833
12743 12834 12833
12834 12743 12835
12740 12835 12743
12835 12740 12750
12767 12834 12835
12750 12767 12835
12834 12767 12769
12757 12836 12837
12838 12837 12836
12837 12838 12839
12836 12823 12838
12823 12836 12822
12757 12822 12836
12757 12837 12758
12758 12837 12762
12825 12838 12823
12838 12825 12827
12827 12840 12838
12840 12839 12838
12828 12840 12827
12771 12768 12786
12786 12768 12772
12766 12751 12773
12764 12773 12751
12765 12797 12764
12797 12765 12798
12755 12798 12765
12760 12798 12755
12841 12842 12843
12842 12841 12844
12842 12845 12843
12846 12843 12845
12843 12846 12847
12847 12841 12843
12845 12842 12848
12849 12848 12842
12848 12849 12850
12851 12847 12846
12847 12851 12852
12852 12853 12847
12841 12847 12853
12853 12852 12854
12854 12855 12853
12855 12854 12856
12855 12856 12857
12842 12858 12849
12858 12842 12844
12859 12858 12844
12860 12859 12844
12860 12853 12855
12859 12860 12861
12855 12861 12860
12861 12855 12857
12858 12859 12862
12844 12841 12860
12853 12860 12841
12856 12854 12863
12852 12863 12854
12856 12863 12864
12856 12864 12865
12856 12865 12866
12867 12856 12866
12857 12856 12867
12864 12863 12868
12863 12869 12868
12863 12870 12869
12871 12869 12870
12872 12871 12870
12873 12872 12870
12874 12873 12870
12875 12874 12870
12863 12852 12870
12851 12870 12852
12870 12851 12875
12867 12876 12857
12877 12857 12876
12857 12877 12861
12877 12859 12861
12859 12877 12878
12877 12879 12878
12880 12878 12879
12879 12877 12881
12876 12881 12877
12876 12882 12881
12879 12883 12880
12883 12884 12880
12884 12883 12885
12886 12885 12883
12887 12886 12883
12879 12887 12883
12881 12887 12879
12886 12887 12888
12887 12889 12888
12890 12888 12889
12888 12890 12891
12890 12892 12891
12893 12891 12892
12891 12893 12894
12888 12894 12886
12894 12888 12891
12892 12890 12895
12896 12895 12890
12897 12896 12890
12898 12897 12890
12899 12898 12890
12890 12889 12899
12889 12900 12899
12901 12900 12889
12889 12887 12901
12902 12900 12901
12903 12894 12893
12894 12903 12904
12905 12904 12903
12904 12905 12906
12906 12885 12904
12885 12906 12907
12908 12907 12906
12906 12905 12908
12907 12908 12909
12909 12908 12910
12911 12909 12910
12909 12911 12912
12912 12907 12909
12913 12911 12910
12911 12913 12914
12914 12913 12915
12916 12914 12915
12916 12915 12917
12914 12916 12918
12918 12919 12914
12919 12912 12911
12919 12911 12914
12919 12918 12920
12920 12921 12919
12912 12919 12921
12921 12920 12922
12923 12922 12920
12923 12920 12918
12922 12923 12924
12924 12925 12922
12925 12924 12926
12926 12858 12925
12858 12926 12849
12850 12849 12926
12858 12862 12925
12927 12925 12862
12927 12922 12925
12922 12927 12921
12862 12884 12927
12884 12921 12927
12880 12884 12862
12862 12878 12880
12878 12862 12859
12921 12884 12912
12884 12907 12912
12907 12884 12885
12885 12886 12904
12886 12894 12904
12928 12876 12929
12876 12930 12929
12928 12931 12876
12931 12882 12876
12931 12902 12882
12882 12902 12901
12881 12882 12901
12881 12901 12887
12876 12867 12930
12932 12933 12934
12933 12932 12935
12935 12936 12933
12936 12935 12937
12935 12938 12937
12937 12938 12939
12938 12935 12940
12932 12940 12935
12940 12932 12941
12942 12941 12932
12941 12942 12943
12941 12944 12940
12944 12941 12945
12943 12945 12941
12946 12940 12944
12940 12946 12938
12947 12946 12944
12945 12947 12944
12946 12947 12948
12948 12949 12946
12938 12949 12939
12949 12938 12946
12949 12948 12950
12947 12951 12948
12952 12951 12947
12952 12953 12951
12948 12954 12950
12954 12948 12955
12948 12951 12955
12945 12943 12956
12956 12957 12945
12945 12957 12947
12958 12943 12942
12942 12959 12958
12960 12958 12959
12961 12960 12959
12960 12961 12962
12962 12963 12960
12958 12960 12964
12964 12965 12958
12965 12964 12966
12966 12967 12965
12956 12965 12967
12967 12966 12968
12969 12968 12966
12969 12966 12970
12966 12971 12970
12966 12964 12971
12970 12972 12969
12972 12973 12969
12969 12973 12974
12969 12974 12975
12968 12969 12975
12975 12976 12968
12976 12975 12977
12978 12971 12964
12977 12979 12976
12980 12976 12979
12976 12980 12981
12981 12968 12976
12968 12981 12967
12979 12982 12980
12982 12979 12983
12984 12983 12979
12979 12977 12984
12983 12984 12985
12975 12974 12986
12986 12987 12975
12975 12987 12977
12988 12981 12980
12981 12988 12989
12952 12989 12988
12989 12952 12990
12988 12991 12952
12980 12991 12988
12991 12980 12982
12989 12967 12981
12967 12989 12956
12952 12991 12953
12992 12991 12982
12991 12992 12993
12953 12991 12993
12982 12994 12992
12994 12982 12983
12983 12995 12994
12995 12983 12985
12985 12996 12995
12996 12985 12997
12997 12998 12996
12997 12999 12998
12998 12999 13000
13001 13000 12999
12998 13000 13002
12997 13003 12999
12999 13003 13001
13004 13003 12997
12997 12984 13004
12984 12997 12985
12984 13005 13004
13005 12984 12977
13006 13005 12977
13006 12977 13007
13008 13007 12977
13009 13008 12977
12987 13009 12977
13010 13011 13012
13011 13010 13013
13014 13013 13010
13013 13014 13015
13011 13013 13016
13015 13016 13013
13016 13015 13017
13016 13017 13018
13019 13018 13017
13018 13019 13020
13010 12939 13014
12939 13010 13021
13012 13021 13010
13022 13021 13012
12939 12949 13014
12937 12939 13021
12937 13021 12936
12936 13021 13022
12936 13022 13023
13023 12933 12936
12933 13023 13024
13024 12934 12933
12934 13024 13025
13026 12934 13025
12934 13026 13027
13027 12932 12934
12932 13027 12942
13026 12959 13027
12959 12942 13027
12959 13026 12961
12949 13028 13029
13028 13030 13029
13030 13028 13031
13015 13029 13030
13029 13015 13014
12949 13029 13014
12949 12950 13028
12950 12954 13028
13030 13017 13015
13017 13030 13019
13019 13030 13032
13032 13030 13031
13020 13019 13032
12963 12978 12960
12978 12964 12960
12943 12958 12965
12965 12956 12943
12989 12957 12956
12957 12989 12990
12947 12957 12990
12952 12947 12990
13033 13034 13035
13034 13033 13036
13037 13035 13034
13038 13037 13034
13039 13037 13038
13038 13040 13039
13041 13039 13040
13039 13041 13042
13043 13042 13041
13042 13043 13044
13040 13038 13045
13046 13045 13038
13046 13034 13036
13038 13034 13046
13047 13044 13043
13044 13047 13048
13048 13049 13044
13049 13048 13050
13051 13050 13048
13050 13051 13052
13053 13052 13051
13052 13053 13054
13055 13054 13053
13054 13055 13056
13053 13057 13055
13057 13058 13055
13055 13058 13056
13058 13057 13059
13057 13053 13060
13051 13060 13053
13060 13051 13061
13061 13048 13047
13048 13061 13051
13062 13058 13059
13056 13058 13063
13064 13063 13058
13064 13058 13062
13065 13063 13064
13066 13064 13062
13067 13066 13062
13067 13062 13068
13069 13063 13065
13070 13063 13069
13071 13063 13070
13072 13063 13071
13073 13068 13062
13062 13059 13073
13074 13068 13073
13056 13063 13072
13056 13072 13075
13056 13075 13076
13056 13076 13077
13077 13076 13078
13077 13078 13079
13077 13079 13080
13080 13081 13077
13056 13077 13081
13080 13082 13081
13082 13083 13081
13083 13082 13084
13083 13084 13085
13085 13086 13083
13085 13087 13086
13088 13083 13086
13088 13081 13083
13089 13081 13088
13090 13089 13088
13089 13090 13091
13092 13091 13090
13091 13092 13093
13094 13093 13092
13093 13094 13095
13094 13096 13095
13096 13094 13097
13098 13096 13097
13096 13098 13099
13099 13100 13096
13100 13099 13037
13037 13039 13100
13042 13100 13039
13100 13042 13101
13101 13096 13100
13096 13101 13095
13044 13101 13042
13101 13044 13049
13095 13049 13093
13049 13095 13101
13097 13102 13098
13102 13097 13103
13104 13103 13097
13097 13094 13104
13103 13104 13105
13106 13105 13104
13105 13106 13107
13108 13107 13106
13107 13108 13109
13110 13109 13108
13109 13110 13111
13110 13112 13111
13112 13110 13113
13114 13109 13111
13109 13114 13115
13115 13107 13109
13107 13115 13116
13107 13117 13105
13117 13107 13116
13105 13118 13103
13118 13105 13117
13119 13103 13118
13103 13119 13102
13120 13102 13119
13102 13120 13121
13098 13102 13121
13122 13111 13112
13111 13122 13114
13123 13122 13112
13112 13113 13124
13123 13112 13124
13125 13124 13113
13125 13123 13124
13121 13126 13098
13127 13126 13121
13121 13120 13128
13127 13121 13128
13126 13099 13098
13099 13126 13035
13127 13035 13126
13035 13037 13099
13035 13127 13033
13129 13127 13128
13129 13130 13127
13130 13033 13127
13033 13130 13131
13132 13033 13131
13131 13133 13132
13133 13131 13134
13130 13134 13131
13134 13135 13133
13135 13134 13136
13137 13134 13130
13137 13130 13129
13033 13132 13036
13135 13136 13138
13138 13136 13139
13138 13139 13140
13139 13136 13141
13134 13141 13136
13141 13134 13137
13104 13092 13106
13092 13104 13094
13090 13106 13092
13106 13090 13108
13090 13110 13108
13110 13090 13088
13088 13086 13110
13110 13086 13113
13086 13125 13113
13086 13087 13125
13093 13050 13091
13050 13093 13049
13052 13091 13050
13091 13052 13089
13054 13089 13052
13089 13054 13081
13056 13081 13054
13142 13143 13144
13143 13142 13145
13145 13146 13143
13147 13143 13146
13146 13148 13147
13149 13147 13148
13148 13150 13149
13150 13148 13151
13151 13152 13150
13152 13151 13153
13147 13149 13154
13155 13147 13154
13155 13144 13143
13147 13155 13143
13153 13156 13152
13156 13153 13157
13158 13157 13153
13157 13158 13159
13159 13160 13157
13160 13159 13161
13161 13162 13160
13162 13161 13163
13163 13164 13162
13164 13163 13165
13166 13162 13164
13167 13166 13164
13164 13165 13167
13166 13167 13168
13162 13166 13169
13169 13160 13162
13160 13169 13170
13157 13170 13156
13170 13157 13160
13171 13168 13167
13165 13172 13167
13173 13167 13172
13173 13171 13167
13174 13173 13172
13175 13171 13173
13176 13171 13175
13176 13177 13171
13178 13174 13172
13179 13178 13172
13180 13179 13172
13181 13180 13172
13182 13171 13177
13171 13182 13168
13183 13182 13177
13165 13181 13172
13165 13184 13181
13165 13185 13184
13165 13186 13185
13186 13187 13185
13186 13188 13187
13186 13189 13188
13189 13186 13190
13165 13190 13186
13189 13190 13191
13191 13190 13192
13192 13193 13191
13192 13194 13193
13194 13192 13195
13194 13195 13196
13197 13195 13192
13197 13192 13190
13198 13197 13190
13198 13199 13197
13199 13198 13200
13200 13201 13199
13201 13200 13202
13202 13203 13201
13203 13202 13204
13205 13203 13204
13203 13205 13206
13205 13207 13206
13207 13205 13208
13209 13208 13205
13208 13209 13146
13148 13146 13209
13209 13151 13148
13151 13209 13210
13205 13210 13209
13210 13205 13204
13210 13153 13151
13153 13210 13158
13204 13158 13210
13158 13204 13202
13211 13206 13207
13206 13211 13212
13212 13213 13206
13206 13213 13203
13213 13212 13214
13214 13215 13213
13215 13214 13216
13216 13217 13215
13217 13216 13218
13218 13219 13217
13219 13218 13220
13221 13219 13220
13219 13221 13222
13218 13223 13220
13223 13218 13224
13216 13224 13218
13224 13216 13225
13216 13226 13225
13226 13216 13214
13214 13227 13226
13227 13214 13212
13212 13228 13227
13220 13229 13221
13229 13220 13223
13230 13221 13229
13221 13231 13222
13230 13231 13221
13232 13222 13231
13232 13231 13230
13219 13199 13217
13199 13215 13217
13215 13199 13201
13201 13213 13215
13213 13201 13203
13228 13212 13211
13211 13233 13228
13233 13211 13234
13207 13234 13211
13234 13207 13235
13236 13234 13235
13234 13237 13233
13236 13237 13234
13208 13235 13207
13235 13208 13145
13145 13236 13235
13146 13145 13208
13236 13145 13142
13238 13237 13236
13238 13236 13239
13142 13239 13236
13239 13142 13240
13142 13241 13240
13242 13240 13241
13240 13242 13243
13239 13240 13243
13244 13243 13242
13243 13244 13245
13246 13239 13243
13246 13238 13239
13241 13142 13144
13244 13247 13245
13247 13248 13245
13247 13249 13248
13248 13250 13245
13243 13250 13246
13250 13243 13245
13199 13219 13197
13197 13219 13195
13219 13222 13195
13195 13222 13232
13195 13232 13196
13202 13159 13158
13159 13202 13200
13200 13161 13159
13161 13200 13198
13198 13163 13161
13163 13198 13190
13165 13163 13190
13251 13252 13253
13251 13254 13252
13251 13255 13254
13256 13254 13255
13254 13256 13257
13258 13254 13257
13254 13258 13259
13254 13259 13252
13257 13260 13258
13260 13257 13261
13261 13262 13260
13262 13261 13263
13263 13264 13262
13264 13263 13265
13264 13265 13266
13263 13267 13265
13267 13263 13268
13261 13268 13263
13268 13261 13269
13257 13269 13261
13269 13257 13256
13265 13270 13266
13266 13270 13271
13269 13272 13268
13272 13267 13268
13272 13269 13273
13265 13274 13270
13274 13265 13267
13274 13267 13275
13272 13275 13267
13272 13276 13275
13276 13272 13277
13273 13277 13272
13270 13278 13271
13278 13270 13274
13274 13279 13278
13280 13278 13279
13278 13280 13281
13279 13274 13282
13274 13275 13282
13278 13283 13271
13283 13278 13281
13281 13284 13283
13284 13281 13285
13280 13285 13281
13285 13286 13284
13286 13285 13287
13287 13288 13286
13288 13287 13289
13289 13290 13288
13290 13289 13291
13292 13291 13289
13291 13292 13293
13291 13293 13294
13290 13291 13294
13289 13295 13292
13295 13289 13287
13285 13296 13287
13287 13296 13295
13280 13296 13285
13295 13296 13297
13280 13297 13296
13298 13297 13280
13279 13298 13280
13298 13279 13299
13282 13299 13279
13299 13282 13300
13282 13275 13300
13300 13275 13276
13301 13302 13251
13302 13301 13303
13255 13251 13302
13304 13303 13301
13303 13304 13305
13305 13306 13303
13306 13305 13307
13308 13305 13304
13305 13308 13309
13309 13307 13305
13307 13309 13310
13311 13309 13308
13309 13311 13312
13312 13310 13309
13310 13312 13313
13314 13312 13311
13312 13314 13315
13315 13313 13312
13313 13315 13316
13317 13315 13314
13318 13317 13314
13315 13317 13319
13319 13316 13315
13320 13319 13317
13317 13321 13320
13321 13317 13322
13322 13317 13318
13319 13320 13323
13324 13323 13320
13324 13320 13321
13324 13325 13323
13323 13325 13326
13326 13327 13323
13327 13326 13328
13329 13328 13326
13328 13329 13330
13325 13331 13326
13332 13330 13329
13333 13332 13329
13330 13332 13334
13332 13335 13334
13333 13329 13336
13326 13331 13336
13326 13336 13329
13328 13337 13327
13338 13327 13337
13327 13338 13339
13337 13328 13340
13330 13340 13328
13340 13330 13341
13334 13341 13330
13339 13323 13327
13323 13339 13319
13316 13319 13339
13341 13334 13342
13334 13335 13342
13343 13342 13335
13344 13339 13338
13339 13344 13316
13345 13316 13344
13316 13345 13313
13346 13313 13345
13313 13346 13310
13347 13310 13346
13310 13347 13307
13348 13307 13347
13307 13348 13306
13349 13306 13348
13306 13349 13350
13351 13350 13349
13350 13351 13352
13353 13352 13351
13352 13353 13354
13355 13354 13353
13354 13355 13273
13277 13273 13355
13352 13302 13350
13302 13352 13255
13354 13255 13352
13303 13350 13302
13350 13303 13306
13255 13354 13256
13273 13256 13354
13256 13273 13269
13356 13357 13358
13358 13357 13311
13318 13357 13356
13308 13358 13311
13359 13358 13308
13318 13314 13357
13357 13314 13311
13359 13360 13358
13361 13360 13359
13362 13360 13361
13360 13362 13358
13358 13362 13356
13361 13359 13363
13359 13364 13363
13359 13365 13364
13364 13365 13253
13359 13304 13365
13359 13308 13304
13365 13301 13253
13365 13304 13301
13301 13251 13253
13366 13367 13368
13366 13368 13369
13370 13366 13369
13369 13371 13370
13371 13369 13372
13369 13373 13372
13373 13369 13374
13369 13368 13374
13375 13372 13373
13372 13375 13376
13377 13376 13375
13376 13377 13378
13379 13378 13377
13378 13379 13380
13379 13381 13380
13382 13378 13380
13378 13382 13383
13383 13376 13378
13376 13383 13384
13384 13372 13376
13372 13384 13371
13380 13381 13385
13381 13386 13385
13387 13384 13383
13387 13383 13382
13384 13387 13388
13380 13389 13382
13389 13380 13385
13389 13390 13382
13387 13382 13390
13391 13387 13390
13387 13391 13392
13392 13388 13387
13385 13393 13389
13393 13385 13386
13394 13389 13393
13393 13395 13394
13395 13393 13396
13389 13394 13397
13389 13397 13390
13393 13398 13396
13398 13393 13386
13399 13396 13398
13396 13399 13400
13395 13396 13400
13401 13400 13399
13400 13401 13402
13403 13402 13401
13402 13403 13404
13405 13404 13403
13404 13405 13406
13406 13407 13404
13407 13406 13408
13406 13409 13408
13405 13409 13406
13410 13404 13407
13404 13410 13402
13400 13402 13411
13402 13410 13411
13395 13400 13411
13410 13412 13411
13395 13411 13412
13413 13395 13412
13413 13394 13395
13394 13413 13414
13414 13397 13394
13397 13414 13415
13397 13415 13390
13415 13391 13390
13416 13417 13418
13417 13416 13366
13366 13370 13417
13418 13419 13416
13419 13418 13420
13421 13420 13418
13420 13421 13422
13420 13423 13419
13423 13420 13424
13422 13424 13420
13424 13422 13425
13424 13426 13423
13426 13424 13427
13425 13427 13424
13427 13425 13428
13427 13429 13426
13429 13427 13430
13428 13430 13427
13430 13428 13431
13430 13432 13429
13433 13429 13432
13432 13430 13434
13431 13434 13430
13434 13435 13432
13436 13432 13435
13432 13436 13437
13437 13433 13432
13435 13434 13438
13439 13435 13438
13439 13436 13435
13439 13438 13440
13438 13441 13440
13442 13441 13438
13441 13442 13443
13443 13444 13441
13444 13443 13445
13440 13441 13446
13445 13447 13444
13448 13444 13447
13447 13445 13449
13447 13449 13450
13448 13451 13444
13441 13451 13446
13441 13444 13451
13452 13443 13442
13442 13453 13452
13453 13442 13454
13443 13452 13455
13455 13445 13443
13445 13455 13456
13456 13449 13445
13438 13454 13442
13454 13438 13434
13434 13431 13454
13449 13456 13457
13449 13457 13450
13458 13450 13457
13459 13454 13431
13454 13459 13453
13431 13460 13459
13460 13431 13428
13428 13461 13460
13461 13428 13425
13425 13462 13461
13462 13425 13422
13422 13463 13462
13463 13422 13421
13421 13464 13463
13464 13421 13465
13465 13466 13464
13466 13465 13467
13467 13468 13466
13468 13467 13469
13469 13470 13468
13470 13469 13388
13388 13392 13470
13417 13467 13465
13467 13417 13370
13370 13469 13467
13418 13465 13421
13465 13418 13417
13469 13370 13371
13371 13388 13469
13388 13371 13384
13471 13472 13473
13472 13426 13473
13433 13471 13473
13423 13426 13472
13474 13423 13472
13433 13473 13429
13473 13426 13429
13474 13472 13475
13476 13474 13475
13477 13476 13475
13475 13472 13477
13472 13471 13477
13476 13478 13474
13474 13478 13479
13474 13479 13480
13479 13367 13480
13474 13480 13419
13474 13419 13423
13480 13367 13416
13480 13416 13419
13416 13367 13366
13481 13482 13483
13482 13481 13484
13484 13485 13482
13485 13484 13486
13486 13487 13485
13487 13486 13488
13488 13489 13487
13488 13486 13490
13491 13486 13484
13486 13491 13490
13492 13490 13491
13490 13492 13493
13493 13494 13490
13490 13494 13488
13494 13489 13488
13494 13493 13495
13495 13496 13494
13494 13496 13489
13496 13495 13497
13497 13498 13496
13498 13497 13499
13487 13500 13485
13487 13501 13500
13489 13501 13487
13502 13501 13489
13501 13502 13503
13501 13503 13500
13504 13500 13503
13500 13504 13505
13499 13506 13498
13506 13499 13507
13508 13506 13507
13506 13508 13509
13510 13497 13495
13511 13510 13495
13497 13510 13512
13512 13499 13497
13499 13512 13513
13513 13507 13499
13507 13513 13514
13514 13508 13507
13508 13514 13515
13509 13516 13506
13516 13498 13506
13498 13516 13517
13518 13517 13516
13517 13518 13502
13518 13519 13502
13520 13518 13516
13518 13520 13521
13521 13519 13518
13519 13521 13522
13522 13523 13519
13524 13519 13523
13519 13524 13503
13502 13519 13503
13523 13522 13525
13525 13526 13523
13526 13525 13527
13528 13526 13527
13526 13528 13529
13530 13529 13528
13529 13530 13531
13523 13532 13524
13532 13523 13526
13526 13533 13532
13533 13526 13529
13533 13529 13534
13534 13529 13531
13535 13533 13534
13535 13536 13533
13536 13532 13533
13536 13537 13532
13537 13524 13532
13538 13536 13535
13537 13504 13524
13536 13538 13539
13540 13536 13539
13540 13537 13536
13540 13541 13537
13541 13504 13537
13542 13504 13541
13541 13543 13542
13543 13541 13544
13505 13542 13543
13505 13504 13542
13544 13541 13545
13545 13541 13540
13545 13540 13546
13546 13540 13539
13547 13544 13545
13547 13543 13544
13548 13547 13545
13549 13543 13547
13543 13549 13550
13548 13545 13551
13545 13546 13551
13548 13551 13552
13543 13550 13553
13505 13543 13553
13485 13505 13553
13483 13553 13550
13553 13483 13482
13485 13553 13482
13485 13500 13505
13554 13555 13556
13555 13557 13556
13556 13558 13554
13556 13559 13558
13557 13555 13560
13555 13561 13560
13561 13555 13554
13557 13560 13562
13563 13562 13560
13564 13562 13563
13565 13562 13564
13565 13564 13566
13567 13565 13566
13568 13565 13567
13569 13565 13568
13568 13570 13569
13571 13569 13570
13569 13571 13572
13572 13573 13569
13570 13568 13574
13574 13575 13570
13575 13574 13576
13565 13569 13577
13577 13562 13565
13569 13573 13577
13578 13562 13577
13573 13578 13577
13573 13579 13578
13573 13580 13579
13580 13573 13581
13581 13582 13580
13582 13581 13583
13576 13584 13575
13584 13576 13585
13586 13585 13576
13574 13586 13576
13574 13587 13586
13585 13586 13588
13585 13589 13584
13589 13585 13590
13590 13585 13591
13585 13588 13591
13590 13592 13589
13592 13590 13593
13594 13593 13590
13590 13595 13594
13590 13591 13595
13596 13591 13588
13588 13586 13597
13588 13597 13596
13586 13598 13597
13586 13587 13598
13587 13599 13598
13587 13600 13599
13600 13587 13601
13601 13587 13602
13603 13601 13602
13601 13603 13600
13597 13598 13604
13598 13605 13604
13598 13599 13605
13599 13606 13605
13599 13607 13606
13599 13600 13607
13592 13593 13608
13593 13594 13609
13608 13593 13609
13607 13600 13610
13611 13607 13610
13610 13600 13612
13600 13603 13612
13611 13610 13613
13613 13610 13614
13610 13612 13614
13613 13614 13615
13615 13616 13613
13615 13617 13616
13618 13617 13615
13617 13618 13619
13619 13618 13620
13621 13592 13608
13622 13592 13621
13623 13622 13621
13624 13622 13623
13624 13625 13622
13514 13592 13622
13622 13625 13514
13625 13626 13514
13514 13626 13627
13514 13627 13515
13592 13514 13513
13513 13589 13592
13589 13513 13512
13512 13584 13589
13584 13512 13510
13510 13575 13584
13575 13510 13511
13511 13570 13575
13570 13511 13571
13571 13511 13493
13492 13571 13493
13572 13571 13492
13573 13572 13492
13511 13495 13493
13573 13492 13581
13491 13581 13492
13581 13491 13583
13484 13583 13491
13583 13484 13481
13583 13481 13582
13628 13557 13578
13578 13579 13628
13578 13557 13562
13602 13574 13568
13602 13587 13574
13568 13567 13602
13496 13517 13489
13517 13496 13498
13502 13489 13517
13516 13509 13520
13629 13630 13509
13630 13629 13631
13632 13630 13631
13630 13632 13633
13634 13633 13632
13633 13634 13635
13636 13635 13634
13635 13636 13637
13638 13637 13636
13637 13638 13639
13640 13639 13638
13639 13640 13641
13641 13642 13639
13643 13639 13642
13639 13643 13637
13642 13644 13643
13643 13644 13645
13637 13643 13645
13637 13645 13635
13644 13642 13646
13647 13646 13642
13642 13641 13647
13646 13647 13648
13649 13648 13647
13648 13649 13650
13644 13646 13651
13644 13651 13652
13645 13644 13652
13650 13653 13648
13646 13648 13653
13646 13653 13654
13646 13654 13651
13651 13654 13655
13653 13650 13656
13657 13645 13652
13652 13658 13657
13655 13658 13651
13652 13651 13658
13657 13659 13645
13660 13659 13657
13660 13657 13661
13657 13658 13661
13662 13661 13658
13655 13662 13658
13661 13662 13663
13659 13660 13664
13660 13665 13664
13665 13660 13666
13661 13666 13660
13666 13661 13667
13663 13667 13661
13667 13663 13525
13668 13525 13663
13525 13668 13527
13668 13669 13527
13669 13668 13670
13670 13671 13669
13671 13670 13672
13673 13663 13662
13663 13673 13668
13668 13674 13670
13674 13668 13673
13674 13675 13670
13675 13672 13670
13509 13664 13665
13664 13509 13630
13633 13664 13630
13664 13633 13659
13635 13659 13633
13659 13635 13645
13676 13675 13674
13676 13674 13677
13677 13674 13673
13677 13673 13678
13679 13676 13677
13677 13680 13679
13681 13680 13677
13681 13677 13678
13681 13678 13682
13683 13680 13681
13684 13683 13681
13684 13681 13682
13685 13684 13682
13682 13686 13685
13686 13682 13687
13687 13682 13655
13682 13678 13655
13654 13686 13687
13654 13687 13655
13688 13684 13685
13688 13685 13686
13689 13684 13688
13690 13688 13686
13686 13656 13690
13678 13662 13655
13689 13691 13684
13684 13691 13683
13689 13692 13691
13686 13653 13656
13654 13653 13686
13678 13673 13662
13693 13694 13695
13693 13695 13696
13696 13695 13697
13697 13695 13698
13698 13695 13596
13698 13596 13699
13699 13596 13597
13695 13591 13596
13695 13694 13595
13695 13595 13591
13595 13694 13700
13595 13700 13594
13504 13503 13524
13701 13702 13703
13703 13702 13704
13702 13701 13705
13702 13705 13706
13704 13707 13703
13703 13707 13708
13708 13701 13703
13704 13709 13707
13710 13707 13709
13711 13710 13709
13712 13711 13709
13712 13713 13711
13714 13713 13712
13715 13714 13712
13712 13716 13715
13717 13715 13716
13716 13718 13717
13718 13716 13719
13719 13716 13720
13715 13717 13721
13722 13721 13717
13721 13722 13723
13716 13712 13724
13724 13712 13709
13716 13724 13720
13725 13724 13709
13720 13724 13725
13720 13725 13726
13727 13720 13726
13720 13727 13728
13729 13728 13727
13728 13729 13730
13731 13723 13722
13723 13731 13732
13732 13733 13723
13721 13723 13733
13721 13733 13734
13733 13732 13735
13736 13732 13731
13732 13736 13737
13737 13738 13732
13732 13738 13735
13739 13737 13736
13737 13739 13740
13741 13737 13740
13737 13741 13742
13737 13742 13738
13743 13735 13738
13735 13744 13733
13735 13743 13744
13733 13744 13745
13733 13745 13734
13734 13745 13746
13747 13734 13746
13734 13747 13748
13748 13749 13734
13750 13749 13748
13748 13747 13750
13744 13751 13745
13745 13751 13752
13745 13752 13746
13746 13752 13753
13746 13753 13754
13746 13754 13747
13739 13755 13740
13740 13756 13741
13755 13756 13740
13754 13757 13747
13758 13757 13754
13757 13759 13747
13747 13759 13750
13758 13760 13757
13760 13761 13757
13757 13761 13759
13760 13762 13761
13762 13760 13763
13762 13763 13764
13765 13762 13764
13764 13766 13765
13766 13767 13765
13768 13755 13739
13769 13768 13739
13770 13768 13769
13771 13770 13769
13771 13769 13772
13739 13773 13769
13769 13773 13772
13772 13773 13774
13773 13775 13774
13773 13776 13775
13773 13629 13776
13629 13773 13631
13777 13631 13773
13773 13739 13777
13631 13777 13632
13778 13632 13777
13632 13778 13634
13779 13634 13778
13634 13779 13636
13780 13636 13779
13779 13722 13780
13717 13780 13722
13780 13717 13718
13718 13638 13780
13780 13638 13636
13722 13779 13731
13778 13731 13779
13731 13778 13736
13777 13736 13778
13736 13777 13739
13640 13638 13718
13719 13640 13718
13720 13640 13719
13720 13728 13640
13728 13641 13640
13641 13728 13730
13730 13647 13641
13647 13730 13649
13730 13729 13649
13781 13725 13704
13725 13781 13726
13725 13709 13704
13749 13715 13721
13749 13721 13734
13715 13749 13714
13782 13783 13784
13782 13785 13783
13785 13786 13783
13786 13787 13783
13787 13743 13783
13787 13788 13743
13788 13744 13743
13783 13743 13738
13783 13742 13784
13783 13738 13742
13742 13789 13784
13742 13741 13789
