byte offset: 0
first index: 0
index count: 5670
topology: trianglelist
format: DXGI_FORMAT_R16_UINT

0 1 2
3 1 0
4 1 3
5 1 4
6 1 5
7 1 6
8 1 7
9 1 8
10 1 9
11 1 10
12 1 11
13 1 12
14 1 13
15 1 14
16 1 15
17 1 16
18 1 17
19 1 18
20 1 19
2 1 20
21 22 23
21 24 22
21 25 24
21 26 25
21 27 26
21 28 27
21 29 28
21 30 29
21 31 30
21 32 31
21 33 32
21 34 33
21 35 34
21 36 35
21 37 36
38 23 22
39 22 24
22 39 38
24 40 39
40 24 25
25 41 40
41 25 26
26 42 41
42 26 27
27 43 42
43 27 28
28 44 43
44 28 29
30 44 29
44 30 45
31 45 30
45 31 46
32 46 31
46 32 47
33 47 32
47 33 48
34 48 33
48 34 49
35 49 34
49 35 50
36 50 35
50 36 51
37 51 36
51 37 52
53 52 37
21 53 37
21 54 53
21 55 54
21 56 55
21 23 56
52 53 57
54 57 53
57 54 58
55 58 54
58 55 59
60 55 56
55 60 59
61 56 23
56 61 60
23 38 61
62 63 64
63 65 64
63 66 65
63 67 66
63 68 67
63 69 68
63 70 69
63 71 70
63 72 71
63 73 72
63 74 73
63 75 74
63 76 75
63 77 76
63 78 77
63 79 78
63 80 79
63 62 80
81 82 83
81 83 84
81 84 85
81 85 86
81 86 87
81 87 88
81 88 89
81 89 90
81 90 91
81 91 92
81 92 93
81 93 94
81 94 95
81 95 96
81 96 97
82 98 83
99 83 98
83 99 84
100 84 99
84 100 85
101 85 100
85 101 86
102 86 101
86 102 87
103 87 102
87 103 88
104 88 103
88 104 89
104 90 89
90 104 105
105 91 90
91 105 106
106 92 91
92 106 107
107 93 92
93 107 108
108 94 93
94 108 109
109 95 94
95 109 110
110 96 95
96 110 111
111 97 96
97 111 112
112 113 97
81 97 113
81 113 114
81 114 115
81 115 116
81 116 82
113 112 117
117 114 113
114 117 118
118 115 114
115 118 119
120 115 119
115 120 116
121 116 120
116 121 82
98 82 121
122 123 124
123 125 124
126 125 123
126 127 125
127 126 128
128 129 127
129 128 130
130 131 129
131 130 132
132 133 131
122 134 123
134 122 135
136 137 138
137 139 138
139 137 140
140 141 139
141 140 142
143 141 142
141 143 144
145 144 143
144 145 146
147 146 145
146 147 148
149 148 147
148 149 150
151 150 149
136 152 137
153 154 155
154 153 156
155 157 153
157 155 158
158 159 157
159 158 160
160 161 159
161 160 162
160 163 162
163 164 162
164 161 162
163 160 165
158 165 160
165 158 166
158 167 166
167 158 155
155 168 167
168 155 154
169 168 154
170 171 172
171 170 173
172 174 170
174 172 175
176 174 175
177 176 175
177 178 176
178 177 179
179 180 178
181 171 173
181 173 182
183 181 182
183 182 184
183 184 185
184 186 185
186 187 185
187 186 188
188 189 187
185 190 183
191 190 185
190 191 192
193 192 191
192 193 194
195 194 193
194 195 196
196 195 197
182 198 184
184 198 199
200 199 198
199 200 201
202 201 200
201 202 203
202 204 203
204 202 205
206 205 202
205 206 207
208 205 207
205 208 209
210 209 208
209 210 211
205 212 204
212 205 209
211 212 209
212 211 213
214 213 211
213 214 215
216 215 214
215 216 217
214 218 216
218 214 219
214 220 219
220 214 211
211 210 220
221 216 218
221 217 216
202 222 206
222 202 200
200 223 222
223 200 198
223 198 224
182 224 198
206 222 225
225 222 226
222 223 226
227 206 225
228 226 223
228 223 224
228 224 229
229 224 182
173 229 182
170 229 173
229 170 230
174 230 170
230 174 231
231 232 230
176 231 174
231 176 233
233 234 231
234 232 231
234 235 232
235 236 232
237 235 234
232 236 238
238 229 230
232 238 230
239 237 234
240 228 229
238 240 229
178 233 176
233 178 241
239 234 241
234 233 241
180 241 178
241 180 242
242 239 241
243 238 236
240 238 243
244 243 236
228 240 245
245 240 243
246 228 245
247 228 246
247 226 228
248 226 247
248 225 226
249 225 248
249 227 225
227 249 250
227 250 251
227 251 252
252 251 253
251 250 254
251 254 255
251 255 253
255 254 256
255 256 257
253 255 257
257 256 258
256 259 258
260 258 259
258 260 261
260 262 261
262 260 263
260 264 263
264 260 265
259 265 260
259 266 265
256 266 259
256 267 266
267 256 268
256 269 268
270 268 269
268 270 271
272 271 270
271 272 273
274 268 271
273 274 271
268 274 275
267 268 275
274 273 276
272 277 273
277 276 273
263 264 278
263 278 262
256 279 269
254 279 256
280 281 282
283 282 281
283 284 282
285 284 283
285 286 284
287 280 282
280 287 288
280 288 289
288 290 289
290 288 291
291 292 290
292 291 293
293 294 292
294 293 295
295 296 294
296 295 297
298 296 297
297 299 298
300 298 299
298 300 301
302 301 300
299 297 303
296 298 304
301 304 298
301 305 304
302 306 301
305 301 306
306 302 307
306 307 308
309 308 307
310 306 308
305 306 310
311 305 310
312 311 310
313 312 310
314 312 313
312 314 315
314 316 315
316 314 317
316 317 318
319 313 310
320 319 310
320 310 308
321 320 308
309 321 308
322 321 309
321 323 320
324 323 321
322 324 321
325 324 322
325 326 324
324 326 323
327 328 329
328 327 330
330 331 328
331 330 332
329 333 327
333 329 334
334 335 333
335 334 336
336 337 335
337 336 338
337 338 339
338 340 339
341 339 340
339 341 342
343 342 341
342 343 344
343 345 344
345 343 346
347 345 346
347 346 348
349 347 348
348 350 349
350 348 351
351 352 350
352 351 353
354 352 353
339 355 295
355 297 295
297 355 303
293 339 295
293 337 339
293 335 337
335 293 291
291 333 335
333 291 288
288 327 333
327 288 287
287 330 327
330 287 282
282 332 330
332 282 284
356 332 284
357 332 356
358 357 356
357 358 359
332 357 331
286 358 356
286 356 284
360 361 362
361 363 362
363 361 364
364 365 363
365 364 366
366 367 365
367 366 368
368 369 367
369 368 370
370 371 369
371 370 372
372 373 371
373 372 374
375 374 372
374 375 376
372 377 375
377 372 370
370 378 377
378 370 368
368 379 378
379 368 366
366 380 379
380 366 364
364 381 380
381 364 361
382 381 361
381 382 383
373 374 384
374 376 384
385 373 384
376 386 384
384 386 387
388 383 382
382 389 388
390 388 389
388 390 391
392 391 390
391 392 393
389 382 394
394 382 360
360 382 361
383 388 395
391 395 388
395 391 396
393 396 391
396 393 397
392 398 393
393 398 397
399 280 289
400 401 402
401 400 403
400 404 403
404 400 405
405 406 404
406 405 407
407 408 406
408 407 409
409 410 408
410 409 411
411 412 410
412 411 413
413 414 412
414 413 415
402 401 416
415 417 414
417 415 418
419 417 418
206 227 252
420 421 422
421 420 423
424 423 420
423 424 425
426 425 424
425 426 427
426 428 427
428 426 429
429 430 428
430 429 431
431 432 430
431 433 432
433 431 434
434 435 433
435 434 436
437 435 436
422 438 439
439 438 440
440 441 439
438 422 421
442 443 444
443 442 445
446 444 443
444 446 447
448 449 450
449 448 451
451 452 449
452 451 453
246 245 454
454 245 243
455 456 457
456 455 458
457 459 455
459 457 460
461 459 460
458 462 456
462 458 463
463 464 462
463 465 464
466 464 465
466 465 467
465 468 467
468 465 469
470 468 469
468 470 471
471 470 472
466 467 473
473 467 474
473 474 475
475 474 476
477 475 476
475 477 478
473 475 479
475 478 479
480 479 478
481 480 478
477 481 478
480 481 482
483 481 477
484 482 481
482 484 485
486 485 484
485 486 487
488 487 486
487 488 489
488 490 489
490 488 491
492 490 491
490 492 493
492 494 493
494 492 495
495 496 494
496 495 497
497 498 496
498 497 499
499 500 498
500 499 501
500 501 502
503 502 501
503 501 504
504 501 499
504 505 503
503 505 506
507 503 506
502 503 507
507 506 508
509 507 508
509 508 510
511 510 508
510 511 512
511 513 512
513 511 514
514 515 513
509 510 516
517 516 510
517 518 516
519 518 517
518 519 520
521 520 519
520 521 522
523 522 521
522 523 524
525 524 523
526 509 516
526 527 509
528 527 526
527 507 509
527 502 507
529 502 527
529 527 528
530 529 528
529 530 531
532 531 530
530 533 532
533 530 534
534 535 533
536 533 535
533 536 537
537 532 533
538 537 536
537 538 539
535 534 540
532 537 541
539 541 537
531 532 542
541 542 532
542 543 531
543 542 544
545 543 544
543 545 546
542 541 547
547 544 542
539 538 548
538 549 548
538 550 549
550 538 551
551 552 550
548 553 539
541 539 553
553 547 541
553 548 554
554 555 553
547 553 555
555 554 556
557 556 554
554 548 557
556 557 558
559 558 557
558 559 560
561 560 559
560 561 562
562 563 560
563 562 564
564 565 563
566 563 565
563 566 567
567 560 563
560 567 558
565 564 568
568 569 565
566 565 569
569 568 570
559 571 561
571 559 572
557 572 559
572 573 571
573 572 574
575 574 572
574 575 576
572 557 575
576 577 574
577 576 578
579 574 577
574 579 573
568 580 570
580 568 581
564 581 568
581 564 582
583 581 582
581 583 584
580 581 584
580 584 585
562 582 564
582 562 586
586 583 582
561 586 562
586 561 587
571 587 561
587 571 588
571 589 588
589 571 573
589 590 588
590 589 591
592 591 589
573 592 589
591 592 593
594 593 592
593 594 595
595 594 596
596 594 597
592 573 598
598 594 592
594 598 597
587 599 586
599 587 600
600 588 590
583 586 599
588 600 587
599 601 583
601 599 602
600 602 599
602 603 601
603 602 604
604 605 603
605 604 606
606 607 605
605 607 608
608 603 605
609 608 607
608 609 610
611 609 607
607 606 611
609 611 612
613 612 611
612 613 614
615 614 613
614 615 616
615 617 616
617 615 618
615 619 618
619 615 620
613 620 615
620 613 621
611 621 613
621 611 606
610 622 608
622 610 623
623 624 622
624 623 625
625 584 624
584 625 585
618 619 626
626 617 618
617 626 627
623 487 625
487 585 625
487 623 485
610 485 623
485 610 482
585 487 489
489 628 585
585 628 580
580 628 570
628 569 570
628 629 569
629 566 569
630 566 629
566 630 631
632 631 630
631 632 633
546 633 632
633 546 545
631 567 566
567 631 634
633 634 631
634 558 567
558 634 556
635 556 634
634 633 635
545 635 633
556 635 555
636 555 635
635 545 636
555 636 547
636 545 544
544 547 636
496 546 632
546 496 498
632 494 496
494 632 630
630 493 494
493 630 629
628 493 629
493 628 490
628 489 490
543 498 500
498 543 546
500 531 543
531 500 529
500 502 529
637 638 639
640 638 637
641 638 640
638 641 642
642 639 638
639 642 643
577 643 642
643 577 578
642 579 577
579 642 641
644 504 499
499 645 644
645 499 497
497 646 645
646 497 495
495 647 646
647 495 492
491 647 492
647 491 648
491 649 648
649 491 488
486 649 488
649 486 650
484 650 486
650 484 651
481 651 484
651 481 483
652 653 654
654 655 652
656 654 653
654 656 657
657 655 654
655 657 658
659 657 656
657 659 660
660 658 657
658 660 661
662 661 660
661 662 663
664 663 662
665 664 662
663 664 666
665 662 667
660 667 662
667 660 659
540 665 667
668 540 667
540 668 535
535 668 536
534 665 540
665 534 669
669 664 665
530 669 534
669 530 528
528 526 669
669 526 664
664 526 516
666 664 516
670 671 672
670 614 671
614 670 612
480 612 670
612 480 609
482 609 480
609 482 610
614 673 671
671 673 674
671 674 672
674 466 672
674 464 466
673 614 616
616 675 673
673 675 676
464 674 676
673 676 674
677 464 676
676 678 677
678 676 679
675 679 676
679 680 678
680 679 681
627 681 679
675 627 679
681 627 682
682 683 681
683 682 684
684 685 683
685 684 686
687 685 686
685 687 688
688 683 685
683 688 689
681 689 680
689 681 683
617 627 675
675 616 617
466 473 672
672 473 479
670 672 479
480 670 479
620 690 619
690 620 691
691 692 690
621 691 620
691 621 693
693 692 691
606 693 621
693 606 604
604 694 693
694 604 602
602 600 694
695 600 692
692 693 695
583 624 584
624 583 601
601 622 624
622 601 603
603 608 622
696 697 698
697 696 699
700 696 698
696 700 701
702 701 700
701 702 703
704 703 702
703 704 705
706 705 704
705 706 707
699 708 697
709 710 711
710 709 712
711 713 709
713 711 714
714 715 713
715 714 716
716 717 715
717 716 718
719 717 718
717 719 720
721 720 719
722 723 724
723 722 725
726 725 722
725 726 727
728 727 726
729 724 723
724 729 730
729 731 730
731 732 730
732 731 733
732 733 734
734 733 735
734 736 732
732 736 737
736 738 737
738 736 739
739 740 738
741 742 743
742 741 744
745 741 743
741 745 746
746 745 747
744 748 742
748 744 749
750 748 749
751 752 753
752 751 754
754 755 752
755 754 756
757 755 756
753 758 751
758 753 759
760 758 759
758 760 761
762 763 764
763 762 765
763 766 764
766 763 767
767 768 766
768 767 769
770 768 769
771 765 762
765 771 772
772 771 773
774 775 776
775 774 777
778 777 774
777 778 779
779 778 780
781 782 783
782 781 784
783 785 781
785 783 786
787 785 786
784 788 782
788 784 789
788 789 790
789 791 790
791 792 790
791 793 792
793 791 794
791 795 794
796 794 795
794 796 797
797 796 798
799 792 793
800 801 802
801 800 803
801 804 802
804 801 805
805 806 804
807 803 800
803 807 808
809 808 807
810 811 812
811 810 813
814 813 810
813 814 815
816 815 814
811 817 812
817 811 818
819 817 818
817 819 820
821 822 823
822 821 824
825 822 824
822 825 826
823 827 821
828 826 825
826 828 829
828 830 829
830 828 831
832 830 831
833 834 835
834 833 836
835 837 833
837 835 838
838 839 837
840 841 842
843 840 842
840 843 844
842 841 845
841 846 845
846 847 845
848 847 849
850 851 852
853 851 850
854 851 853
854 855 851
850 852 856
856 852 857
858 856 857
858 859 856
859 858 860
860 858 861
862 863 864
863 865 864
865 863 866
866 867 865
867 866 868
868 869 867
869 868 870
871 872 873
872 871 874
875 874 871
874 875 876
877 876 875
876 877 878
878 877 879
880 881 882
883 884 885
886 885 884
885 886 887
888 887 886
887 888 889
890 891 892
891 890 893
893 894 891
894 893 895
895 896 894
896 895 897
898 896 897
899 890 892
890 899 900
900 899 901
902 903 904
903 902 905
904 906 902
902 906 907
908 909 910
909 908 911
911 908 912
908 913 912
914 915 916
915 917 916
917 915 918
919 917 918
917 919 920
921 920 919
920 921 922
923 922 921
922 923 924
921 925 923
926 923 925
923 926 927
924 923 927
924 927 928
925 921 929
919 929 921
929 919 930
918 930 919
930 918 931
915 931 918
931 915 932
914 932 915
927 933 928
927 934 933
934 927 926
935 936 937
935 938 936
936 939 937
939 936 940
940 936 941
936 938 941
940 942 939
942 940 943
940 944 943
940 941 944
943 945 942
945 943 946
946 943 947
943 944 947
946 947 948
946 949 945
949 946 950
948 950 946
950 951 949
951 950 952
952 950 953
948 953 950
952 954 951
954 955 951
956 955 954
956 954 957
958 956 957
958 957 959
956 958 960
961 960 958
960 961 962
958 963 961
963 958 964
958 959 964
965 961 963
961 965 966
966 962 961
967 966 965
967 968 966
962 966 968
968 967 969
969 967 970
969 970 971
970 972 971
973 959 957
973 957 974
974 975 973
974 952 975
975 952 953
976 977 978
977 979 978
978 979 980
981 980 979
980 981 982
983 982 981
982 983 984
985 984 983
984 985 986
987 986 985
986 987 988
989 988 987
988 989 990
991 990 989
990 991 992
993 992 991
992 993 994
995 994 993
994 995 996
997 995 993
991 997 993
995 997 998
995 998 999
996 995 999
997 991 1000
989 1000 991
1000 989 1001
987 1001 989
1001 987 1002
985 1002 987
1002 985 1003
983 1003 985
1003 983 1004
981 1004 983
1004 981 1005
979 1005 981
1005 979 1006
977 1006 979
1007 1008 1009
1008 1007 1010
1007 1009 1011
1010 1012 1008
1012 1010 1013
1013 1014 1012
1014 1013 1015
1016 1014 1015
1015 1017 1016
1015 1018 1017
1015 1019 1018
1019 1015 1020
1020 1021 1019
1022 1023 1024
1023 1022 1025
1024 1023 1026
1027 1024 1026
1026 1028 1027
1028 1026 1029
1029 1030 1028
1031 1023 1025
1023 1031 1032
1032 1026 1023
1033 1032 1031
1032 1033 1034
1034 1035 1032
1026 1032 1035
1035 1029 1026
1035 1034 1036
1036 1037 1035
1029 1035 1037
1037 1030 1029
1037 1036 1038
1038 1039 1037
1030 1037 1039
1039 1040 1030
1040 1039 1041
1041 1042 1040
1042 1041 1043
1043 1044 1042
1044 1043 1045
1045 1046 1044
1046 1045 1047
1047 1048 1046
1048 1047 1049
1048 1050 1046
1050 1044 1046
1050 1048 1051
1051 1052 1050
1052 1051 1053
1054 1053 1051
1048 1054 1051
1048 1055 1054
1048 1049 1055
1053 1054 1056
1044 1050 1057
1057 1042 1044
1052 1057 1050
1042 1057 1058
1059 1058 1057
1057 1052 1059
1058 1059 1060
1060 1061 1058
1062 1049 1047
1049 1062 1063
1055 1049 1063
1062 1064 1063
1064 1062 1065
1066 1065 1062
1065 1066 1067
1066 1068 1067
1068 1066 1069
1069 1070 1068
1070 1069 1071
1071 1072 1070
1072 1071 1073
1062 1045 1066
1045 1069 1066
1045 1062 1047
1069 1045 1043
1043 1071 1069
1071 1043 1041
1041 1073 1071
1073 1041 1039
1074 1063 1064
1055 1063 1074
1075 1068 1070
1068 1075 1076
1064 1077 1074
1077 1064 1078
1064 1079 1078
1079 1064 1065
1065 1080 1079
1067 1076 1080
1080 1065 1067
1076 1067 1068
1081 1074 1077
1074 1081 1082
1074 1082 1055
1083 1082 1081
1082 1083 1084
1084 1054 1082
1055 1082 1054
1054 1084 1056
1070 1085 1075
1085 1070 1072
1072 1086 1085
1086 1072 1087
1087 1088 1086
1088 1087 1089
1089 1090 1088
1090 1089 1091
1073 1087 1072
1087 1073 1038
1038 1089 1087
1039 1038 1073
1089 1038 1036
1036 1091 1089
1091 1036 1034
1034 1092 1091
1092 1034 1033
1093 1091 1092
1091 1093 1090
1033 1094 1092
1094 1033 1095
1092 1096 1093
1096 1092 1094
1094 1097 1096
1097 1094 1098
1095 1098 1094
1031 1095 1033
1095 1031 1099
1100 1095 1099
1098 1095 1100
1025 1099 1031
1099 1025 1101
1025 1102 1101
1102 1025 1022
1101 1102 1103
1101 1103 1104
1105 1099 1101
1101 1104 1105
1105 1106 1099
1099 1106 1100
1107 1100 1106
1100 1108 1098
1108 1100 1107
1098 1109 1097
1109 1098 1108
1109 1108 1110
1107 1110 1108
1109 1110 1111
1112 1111 1110
1113 1112 1110
1113 1114 1112
1113 1115 1114
1116 1114 1115
1114 1116 1117
1118 1117 1116
1117 1118 1119
1120 1119 1118
1119 1120 1121
1120 1122 1121
1122 1120 1123
1123 1124 1122
1124 1123 1125
1126 1124 1125
1116 1127 1118
1127 1116 1128
1115 1128 1116
1129 1127 1128
1127 1129 1130
1130 1131 1127
1131 1130 1132
1132 1133 1131
1133 1132 1134
1134 1135 1133
1135 1134 1136
1137 1135 1136
1138 1130 1129
1130 1138 1139
1139 1132 1130
1132 1139 1140
1141 1132 1140
1132 1141 1134
1134 1142 1136
1142 1134 1141
1137 1136 1142
1128 1143 1129
1143 1128 1144
1145 1129 1143
1129 1145 1138
1144 1146 1143
1146 1144 1147
1144 1113 1147
1113 1144 1115
1128 1115 1144
1113 1148 1147
1148 1113 1110
1110 1107 1148
1148 1107 1149
1106 1149 1107
1143 1150 1145
1150 1143 1146
1146 1151 1150
1152 1150 1151
1150 1152 1153
1153 1154 1150
1154 1153 1155
1155 1156 1154
1156 1155 1157
1157 1158 1156
1155 1159 1157
1159 1155 1160
1153 1160 1155
1159 1161 1157
1157 1161 1158
1158 1161 1162
1163 1162 1161
1162 1163 1164
1165 1164 1163
1164 1165 1166
1166 1165 1167
1161 1159 1168
1168 1163 1161
1163 1168 1169
1169 1165 1163
1165 1169 1170
1167 1165 1170
1160 1153 1171
1152 1171 1153
1171 1152 1172
1173 1172 1152
1172 1173 1174
1175 1173 1152
1152 1151 1175
1175 1151 1176
1151 1146 1176
1147 1176 1146
1176 1147 1148
1176 1149 1175
1149 1176 1148
1149 1106 1175
1175 1106 1105
1105 1104 1175
1173 1177 1174
1177 1173 1178
1175 1104 1178
1175 1178 1173
1179 1178 1104
1103 1179 1104
1058 1040 1042
1040 1058 1180
1180 1030 1040
1030 1180 1181
1182 1030 1181
1028 1030 1182
1183 1182 1181
1183 1181 1180
1183 1180 1184
1184 1180 1061
1061 1180 1058
1118 1185 1120
1185 1118 1127
1185 1123 1120
1123 1185 1186
1186 1125 1123
1125 1186 1187
1126 1125 1187
1188 1189 1190
1189 1188 1191
1192 1190 1189
1190 1192 1193
1194 1193 1192
1193 1194 1195
1196 1195 1194
1194 1197 1196
1197 1194 1198
1192 1198 1194
1199 1196 1197
1196 1199 1200
1201 1200 1199
1200 1201 1202
1203 1202 1201
1202 1203 1204
1205 1204 1203
1204 1205 1206
1207 1205 1203
1201 1207 1203
1205 1207 1208
1209 1208 1207
1208 1209 1210
1210 1211 1208
1205 1208 1211
1205 1211 1212
1205 1212 1206
1211 1210 1213
1207 1201 1214
1199 1214 1201
1214 1209 1207
1214 1199 1215
1215 1216 1214
1209 1214 1216
1216 1215 1217
1217 1215 1218
1206 1219 1204
1219 1206 1220
1212 1220 1206
1221 1219 1220
1219 1221 1222
1222 1223 1219
1223 1222 1224
1225 1223 1224
1223 1225 1226
1227 1226 1225
1226 1227 1228
1229 1228 1227
1228 1229 1195
1202 1219 1223
1226 1202 1223
1219 1202 1204
1202 1226 1200
1228 1200 1226
1200 1228 1196
1195 1196 1228
1230 1221 1220
1212 1230 1220
1225 1231 1227
1231 1225 1232
1224 1232 1225
1232 1224 1233
1227 1234 1229
1234 1227 1231
1235 1229 1234
1229 1235 1236
1236 1195 1229
1237 1236 1235
1236 1237 1238
1239 1238 1237
1238 1239 1240
1241 1240 1239
1240 1241 1242
1243 1242 1241
1242 1243 1244
1243 1245 1244
1238 1193 1236
1195 1236 1193
1193 1238 1190
1240 1190 1238
1190 1240 1188
1242 1188 1240
1188 1242 1246
1244 1246 1242
1246 1244 1247
1245 1247 1244
1247 1248 1246
1248 1247 1249
1250 1249 1247
1247 1245 1250
1249 1250 1251
1252 1251 1250
1251 1252 1253
1252 1254 1253
1254 1252 1255
1249 1256 1248
1256 1249 1257
1249 1258 1257
1258 1249 1251
1251 1259 1258
1259 1251 1253
1253 1260 1259
1260 1253 1254
1250 1261 1252
1261 1250 1245
1252 1262 1255
1262 1252 1261
1263 1260 1254
1260 1263 1264
1265 1264 1263
1264 1265 1266
1267 1266 1265
1267 1265 1268
1263 1268 1265
1266 1267 1269
1270 1269 1267
1267 1271 1270
1271 1267 1272
1272 1267 1268
1273 1270 1271
1270 1273 1274
1275 1274 1273
1274 1275 1276
1277 1276 1275
1276 1277 1278
1279 1278 1277
1269 1270 1280
1274 1280 1270
1280 1274 1281
1276 1281 1274
1281 1276 1282
1276 1283 1282
1283 1276 1278
1279 1283 1278
1284 1271 1272
1271 1284 1285
1286 1285 1284
1285 1286 1287
1287 1288 1285
1288 1287 1289
1289 1290 1288
1290 1289 1291
1291 1292 1290
1292 1291 1293
1294 1292 1293
1295 1285 1288
1290 1295 1288
1285 1295 1271
1295 1290 1296
1292 1296 1290
1296 1292 1297
1294 1297 1292
1284 1298 1286
1298 1284 1299
1299 1300 1298
1300 1299 1301
1302 1301 1299
1301 1302 1303
1262 1300 1301
1300 1262 1304
1255 1301 1303
1301 1255 1262
1299 1272 1302
1272 1299 1284
1302 1272 1268
1304 1262 1261
1305 1304 1261
1305 1261 1245
1306 1305 1245
1243 1306 1245
1307 1308 1309
1308 1307 1310
1311 1309 1308
1309 1311 1312
1313 1312 1311
1312 1313 1314
1315 1314 1313
1314 1315 1316
1317 1316 1315
1316 1317 1318
1309 1319 1307
1319 1309 1320
1312 1320 1309
1320 1312 1321
1312 1322 1321
1322 1312 1314
1314 1323 1322
1323 1314 1316
1316 1324 1323
1324 1316 1318
1325 1318 1317
1318 1325 1326
1327 1318 1326
1318 1327 1324
1325 1328 1326
1326 1328 1327
1329 1307 1319
1307 1329 1330
1330 1310 1307
1310 1330 1331
1332 1333 1191
1333 1332 1256
1334 1191 1333
1191 1334 1189
1335 1189 1334
1189 1335 1192
1198 1192 1335
1333 1336 1334
1336 1333 1337
1256 1337 1333
1338 1334 1336
1334 1338 1335
1337 1256 1339
1257 1339 1256
1339 1257 1340
1258 1340 1257
1340 1258 1341
1259 1341 1258
1341 1259 1342
1259 1343 1342
1343 1259 1260
1198 1335 1344
1335 1338 1344
1198 1344 1345
1346 1198 1345
1198 1346 1197
1215 1197 1346
1197 1215 1199
1347 1346 1345
1344 1347 1345
1347 1348 1346
1348 1218 1346
1215 1346 1218
1349 1350 1351
1350 1349 1352
1211 1351 1350
1351 1211 1213
1212 1211 1350
1352 1230 1350
1230 1212 1350
1230 1352 1353
1353 1221 1230
1221 1353 1354
1355 1221 1354
1221 1355 1222
1233 1222 1355
1222 1233 1224
1356 1357 1358
1359 1356 1358
1358 1360 1359
1361 1356 1359
1356 1361 1362
1359 1363 1361
1363 1359 1364
1360 1364 1359
1360 1365 1364
1364 1366 1363
1366 1364 1367
1365 1367 1364
1365 1368 1367
1369 1366 1367
1368 1369 1367
1370 1369 1368
1369 1370 1371
1372 1371 1370
1371 1372 1373
1374 1373 1372
1373 1374 1375
1374 1376 1375
1369 1377 1366
1371 1377 1369
1373 1377 1371
1377 1373 1378
1375 1378 1373
1378 1375 1379
1376 1379 1375
1380 1381 1382
1381 1380 1383
1384 1383 1380
1383 1384 1385
1384 1386 1385
1386 1384 1387
1387 1388 1386
1388 1387 1389
1382 1381 1390
1390 1391 1382
1391 1390 1392
1392 1393 1391
1393 1392 1394
1395 1393 1394
1382 1396 1380
1384 1380 1396
1396 1382 1397
1387 1384 1398
1384 1396 1398
1389 1387 1399
1387 1398 1399
1393 1400 1391
1397 1391 1400
1400 1393 1401
1395 1401 1393
1391 1397 1382
1392 1390 1402
1403 1402 1390
1402 1403 1404
1405 1404 1403
1404 1405 1406
1407 1406 1405
1406 1407 1408
1407 1409 1408
1409 1407 1410
1385 1410 1407
1405 1385 1407
1410 1385 1386
1410 1386 1388
1385 1405 1383
1403 1383 1405
1383 1403 1381
1390 1381 1403
1410 1411 1409
1411 1410 1388
1412 1411 1388
1389 1412 1388
1412 1389 1413
1413 1389 1414
1389 1399 1414
1413 1414 1415
1413 1415 1416
1417 1413 1416
1412 1413 1417
1417 1418 1412
1417 1416 1419
1418 1417 1420
1419 1420 1417
1420 1421 1418
1420 1422 1421
1423 1422 1420
1423 1420 1419
1422 1423 1424
1425 1426 1427
1426 1428 1427
1428 1426 1429
1429 1430 1428
1430 1429 1431
1432 1430 1431
1430 1432 1433
1431 1434 1432
1434 1431 1435
1429 1435 1431
1435 1429 1436
1426 1436 1429
1436 1426 1437
1425 1437 1426
1434 1438 1432
1438 1433 1432
1438 1434 1439
1439 1440 1438
1440 1439 1441
1442 1440 1441
1440 1442 1443
1442 1444 1443
1440 1445 1438
1433 1438 1445
1445 1440 1446
1443 1446 1440
1446 1443 1447
1444 1447 1443
1191 1246 1332
1246 1191 1188
1448 1449 1450
1451 1452 1453
1454 1451 1453
1455 1454 1453
1456 1455 1453
1457 1456 1453
1458 1457 1453
1459 1458 1453
1460 1459 1453
1461 1460 1453
1462 1461 1453
1463 1462 1453
1464 1463 1453
1465 1464 1453
1466 1465 1453
1467 1466 1453
1468 1467 1453
1469 1468 1453
1470 1469 1453
1471 1470 1453
1452 1471 1453
1472 1473 1474
1473 1475 1474
1473 1476 1475
1473 1477 1476
1473 1478 1477
1473 1479 1478
1473 1480 1479
1473 1481 1480
1473 1482 1481
1473 1483 1482
1473 1484 1483
1473 1485 1484
1473 1486 1485
1473 1487 1486
1473 1488 1487
1473 1489 1488
1473 1490 1489
1473 1472 1490
