byte offset: 0
first index: 0
index count: 7419
topology: trianglelist
format: DXGI_FORMAT_R16_UINT

0 1 2
3 0 2
4 3 2
5 4 2
6 5 2
7 6 2
8 7 2
9 8 2
10 9 2
11 10 2
12 11 2
13 12 2
14 13 2
15 14 2
16 15 2
17 16 2
18 17 2
19 18 2
20 19 2
1 20 2
21 22 23
21 24 22
21 25 24
21 26 25
21 27 26
21 28 27
21 29 28
21 30 29
21 31 30
21 32 31
21 33 32
21 34 33
21 35 34
21 36 35
21 37 36
38 23 22
38 22 39
22 40 39
22 24 40
24 41 40
24 25 41
25 42 41
25 26 42
26 43 42
26 27 43
27 44 43
27 28 44
28 45 44
28 29 45
29 46 45
29 30 46
30 47 46
30 31 47
31 48 47
31 32 48
32 49 48
32 33 49
33 50 49
33 34 50
34 51 50
34 35 51
35 52 51
35 36 52
36 53 52
36 37 53
37 54 53
37 55 54
21 55 37
21 56 55
21 57 56
21 58 57
21 23 58
55 56 59
55 59 54
56 57 60
56 60 59
57 58 61
57 61 60
58 23 38
58 38 61
62 63 64
63 65 64
63 66 65
63 67 66
63 68 67
63 69 68
63 70 69
63 71 70
63 72 71
63 73 72
63 74 73
63 75 74
63 76 75
63 77 76
63 78 77
63 79 78
63 80 79
63 62 80
81 82 83
84 82 81
85 82 84
86 82 85
87 82 86
88 82 87
89 82 88
90 82 89
91 82 90
92 82 91
93 82 92
94 82 93
95 82 94
96 82 95
97 82 96
98 82 97
99 82 98
100 82 99
101 82 100
83 82 101
102 103 104
102 104 105
102 105 106
102 106 107
102 107 108
102 108 109
102 109 110
102 110 111
102 111 112
102 112 113
102 113 114
102 114 115
102 115 116
102 116 117
102 117 118
119 104 103
105 120 106
106 120 121
106 121 107
107 121 122
107 122 108
108 122 123
108 123 109
109 123 124
109 124 110
110 124 125
110 125 111
111 125 126
111 126 112
112 126 127
112 127 113
113 127 128
113 128 114
114 128 129
114 129 115
115 129 130
115 130 116
116 130 131
116 131 117
117 131 132
117 132 118
118 132 133
118 133 134
102 118 134
102 134 135
102 135 136
102 136 137
102 137 103
134 133 138
134 138 135
135 138 139
135 139 136
136 139 140
136 140 137
137 140 119
137 119 103
119 141 104
104 141 142
104 142 105
105 142 120
143 144 145
144 146 145
144 147 146
144 148 147
144 149 148
144 150 149
144 151 150
144 152 151
144 153 152
144 154 153
144 155 154
144 156 155
144 157 156
144 158 157
144 159 158
144 160 159
144 161 160
144 143 161
162 163 164
162 164 165
165 164 166
166 164 167
167 164 163
166 167 168
166 168 169
166 169 170
171 166 170
165 166 171
171 170 172
172 170 173
172 173 174
170 169 175
170 175 173
174 173 176
174 176 177
177 176 178
177 178 179
176 180 178
176 181 180
173 175 181
173 181 176
179 178 182
179 182 183
183 182 184
183 184 185
182 186 184
182 187 186
178 180 187
178 187 182
185 184 188
184 186 189
188 184 189
180 181 190
180 190 191
187 180 191
186 187 192
187 191 192
191 193 192
192 193 194
192 194 195
186 192 195
195 194 196
195 196 197
197 196 198
197 198 199
191 200 193
197 199 201
197 201 202
202 195 197
199 203 201
199 204 203
198 204 199
202 186 195
205 201 203
205 203 206
207 206 203
207 203 204
207 208 206
207 209 208
207 210 209
207 204 210
211 210 204
198 211 204
211 212 210
213 212 211
189 186 202
202 214 189
201 205 214
201 214 202
214 215 189
214 216 215
217 216 214
205 217 214
217 218 216
216 219 215
216 220 219
206 208 221
222 213 211
222 211 198
223 222 198
223 198 196
224 223 196
224 196 194
225 224 194
225 194 193
226 225 193
226 193 200
227 226 200
227 200 228
228 200 191
228 191 190
229 228 190
229 230 228
229 231 230
231 232 230
232 227 228
232 228 230
231 233 232
229 234 231
235 231 234
235 236 231
236 233 231
236 237 233
236 238 237
236 239 238
236 167 239
167 236 235
175 234 229
175 169 234
181 175 229
181 229 190
167 163 239
167 235 168
168 235 234
168 234 169
240 232 233
240 233 237
241 237 238
241 238 242
238 239 243
238 243 242
243 239 163
243 163 244
162 244 163
162 245 244
246 243 244
245 246 244
246 247 243
246 248 247
246 249 248
250 249 246
245 250 246
250 251 249
251 252 249
251 253 252
249 252 254
249 254 248
253 255 252
253 256 255
256 257 255
256 258 257
255 257 259
255 259 260
252 255 260
252 260 254
258 261 257
258 262 261
262 263 261
262 264 263
261 263 265
261 265 266
257 261 266
257 266 259
264 267 263
263 268 265
267 268 263
259 269 260
259 270 269
266 270 259
265 271 266
266 271 270
270 271 272
271 273 272
271 274 273
265 274 271
274 275 273
274 276 275
276 277 275
276 278 277
270 272 279
276 280 278
276 281 280
281 276 274
282 278 280
282 283 278
281 274 265
284 283 282
284 285 283
284 286 285
284 287 286
282 287 284
283 285 288
283 288 289
278 283 289
278 289 277
290 289 288
290 277 289
290 291 277
268 281 265
281 268 292
280 281 292
292 268 293
292 293 294
295 292 294
295 294 296
294 297 296
294 298 297
293 298 294
299 292 295
280 292 299
299 300 280
290 301 291
302 291 301
303 291 302
303 304 291
305 304 303
303 306 305
305 273 304
307 273 305
307 272 273
308 272 307
308 279 272
309 279 308
309 308 310
309 270 279
309 269 270
309 311 269
309 312 311
310 312 309
311 312 313
313 312 314
313 314 241
311 313 315
316 315 313
316 313 242
242 313 241
311 315 248
311 248 254
260 269 311
260 311 254
243 316 242
243 247 316
315 316 247
315 247 248
237 241 314
237 314 240
317 314 312
318 314 317
319 318 317
320 318 319
320 321 318
322 321 320
321 322 240
323 240 322
324 323 322
325 323 324
325 324 326
326 327 325
328 327 326
328 326 329
330 328 329
330 331 328
325 232 323
324 322 332
322 320 332
323 232 240
333 327 328
325 327 333
333 328 334
331 334 328
330 335 331
331 335 336
331 336 337
331 337 334
335 338 336
335 339 338
340 338 339
340 341 338
330 342 335
342 339 335
342 330 343
342 344 339
338 223 336
338 222 223
341 222 338
341 213 222
226 333 334
226 334 225
225 334 337
225 337 224
224 337 336
224 336 223
343 345 342
342 345 344
213 341 346
213 346 347
341 340 348
341 348 346
349 348 340
349 340 350
350 339 344
350 340 339
344 345 351
344 351 350
350 351 349
345 352 351
345 343 352
227 333 226
325 333 227
227 232 325
353 354 355
353 355 356
354 357 355
356 355 358
355 357 358
356 358 217
217 205 356
356 206 353
356 205 206
206 221 353
188 359 360
188 360 185
361 359 188
361 188 189
361 362 359
362 360 359
361 363 362
363 364 362
362 365 360
362 364 365
267 366 367
267 367 268
366 368 367
366 369 368
368 369 370
267 371 366
371 369 366
267 264 371
371 372 369
369 372 370
373 300 374
373 374 375
375 374 376
287 300 373
287 373 377
376 374 378
299 378 374
299 374 300
378 299 295
378 295 379
376 378 379
282 300 287
280 300 282
380 381 382
380 382 383
384 380 383
384 383 385
386 384 385
386 387 384
381 388 382
381 389 388
386 385 390
386 390 391
392 391 390
393 392 390
392 393 394
393 395 394
393 396 395
397 395 396
397 398 395
397 399 398
395 398 400
395 400 401
401 400 402
401 402 403
403 402 404
403 404 405
397 396 406
405 404 407
405 407 408
408 407 409
408 409 410
402 400 411
402 411 412
404 402 412
400 398 413
400 413 411
404 412 414
407 404 414
407 414 415
409 407 415
409 415 416
416 417 409
409 417 410
398 418 413
398 399 418
419 418 399
419 420 418
419 421 420
419 422 421
419 399 397
406 419 397
423 419 406
423 422 419
423 406 424
425 424 406
425 406 396
396 426 425
396 393 426
393 390 426
385 426 390
385 383 426
383 425 426
383 382 425
382 424 425
382 388 424
388 423 424
388 427 423
427 422 423
428 422 427
388 429 427
428 427 429
429 430 428
388 389 429
389 430 429
430 431 428
430 432 431
430 433 432
389 433 430
434 433 389
432 433 434
434 389 381
435 434 381
436 434 435
436 437 434
432 434 437
435 381 380
380 438 435
380 439 438
435 438 440
435 440 436
438 439 441
438 441 442
440 438 442
442 441 443
442 443 444
445 442 444
440 442 445
445 444 446
444 443 447
446 444 447
448 449 450
448 450 392
451 450 449
451 449 452
453 451 452
453 452 454
392 394 448
392 450 391
450 451 455
450 455 391
451 453 456
451 456 455
457 456 453
457 453 454
391 458 459
391 459 386
386 459 460
386 460 387
460 459 461
460 461 462
462 461 463
461 464 463
459 458 464
459 464 461
319 317 465
466 319 465
466 465 467
466 467 468
466 468 469
469 468 470
469 470 471
465 317 472
470 473 471
470 474 473
474 475 473
476 475 474
476 477 475
478 475 477
477 476 302
302 301 477
477 301 479
477 479 478
479 301 480
480 301 290
480 290 481
476 303 302
476 306 303
472 310 308
317 312 310
472 317 310
482 483 484
482 484 485
486 484 483
486 483 487
488 486 487
488 489 486
490 489 488
490 488 491
485 484 492
485 492 493
484 486 494
484 494 492
493 495 485
493 496 495
485 495 497
485 497 482
496 498 495
496 499 498
495 498 500
495 500 497
498 499 501
500 498 501
486 489 502
486 502 494
489 490 503
489 503 502
321 314 318
321 240 314
291 304 275
291 275 277
304 273 275
324 504 326
326 504 505
326 505 329
505 330 329
506 507 508
506 509 507
506 510 509
506 511 510
506 512 511
506 513 512
508 507 514
508 514 515
507 509 516
507 516 514
509 510 517
509 517 516
510 511 518
510 518 517
511 512 519
511 519 518
512 513 520
512 520 519
513 521 520
513 522 521
522 523 521
522 524 523
506 524 522
506 522 513
506 525 524
506 526 525
506 527 526
506 528 527
524 525 529
524 529 523
525 526 530
525 530 529
526 527 531
526 531 530
527 528 532
527 532 531
518 519 533
519 520 534
519 534 533
521 523 535
523 529 536
523 536 535
529 530 537
529 537 536
530 531 538
530 538 537
538 531 532
538 532 539
533 534 540
533 540 541
542 533 541
518 533 542
517 518 542
517 542 543
543 542 544
542 541 544
534 545 540
534 546 545
534 547 546
521 535 547
520 521 547
520 547 534
547 548 546
547 535 548
540 545 549
549 545 546
540 549 550
546 548 551
546 551 552
549 546 552
548 553 551
548 554 553
535 554 548
552 551 555
551 553 556
551 556 555
553 557 556
556 557 558
556 558 559
559 555 556
560 559 558
561 560 558
557 561 558
561 562 560
563 560 562
563 562 564
560 565 559
563 565 560
566 564 562
566 562 567
562 561 567
559 568 555
568 559 569
565 569 559
568 569 570
565 571 569
565 572 571
565 573 572
563 573 565
572 573 574
572 574 575
576 574 573
576 573 563
577 574 576
575 574 577
578 568 570
578 570 579
580 566 567
581 566 580
581 582 566
582 581 583
581 584 583
580 567 585
561 585 567
561 586 585
585 586 587
585 587 588
587 589 588
587 590 589
587 591 590
592 590 591
592 591 593
594 593 591
587 594 591
594 595 593
590 596 589
590 597 596
598 597 590
598 590 592
599 597 598
599 600 597
596 597 600
600 599 601
602 600 601
596 600 602
592 593 603
592 603 604
598 592 604
605 604 603
605 606 604
607 603 593
607 593 595
605 603 607
605 608 606
609 608 605
609 605 610
611 609 610
611 612 609
613 612 611
611 614 613
615 613 614
615 616 613
611 617 614
614 617 618
619 618 617
619 617 620
620 617 611
621 619 620
622 619 621
623 622 621
624 622 623
625 624 623
626 624 625
627 626 625
628 626 627
629 628 627
630 628 629
506 630 629
506 631 630
506 632 631
506 633 632
506 508 633
506 629 634
629 627 634
508 635 633
508 515 635
633 635 636
633 636 632
632 636 637
632 637 631
631 637 638
631 638 630
630 638 628
634 627 639
634 639 640
506 634 640
506 640 641
506 641 642
506 642 643
506 643 644
640 639 645
640 645 641
641 645 646
641 646 642
642 646 647
642 647 643
643 647 648
643 648 644
644 648 532
644 532 528
506 644 528
649 637 636
639 650 645
639 625 650
645 650 651
645 651 646
646 651 652
646 652 647
647 652 653
647 653 648
653 532 648
653 539 532
625 623 650
636 654 649
636 635 654
650 623 655
650 655 651
623 621 655
651 656 652
651 655 656
652 656 657
652 657 658
658 657 659
658 659 660
656 655 661
656 661 662
657 656 662
659 657 663
657 662 663
659 663 664
661 665 662
661 666 665
663 667 664
663 668 667
662 665 668
662 668 663
666 669 665
668 669 667
665 669 668
670 660 671
670 671 672
537 670 672
537 672 673
536 537 673
671 674 672
671 675 674
672 674 676
672 676 673
673 676 677
673 677 554
536 673 554
535 536 554
677 676 678
677 678 679
674 675 680
674 680 681
676 674 681
676 681 678
679 678 682
681 680 682
678 681 682
683 516 517
683 517 684
516 683 685
516 685 514
684 517 543
514 686 515
515 686 635
687 540 550
540 687 541
688 689 690
688 690 691
690 689 692
690 692 693
693 694 690
692 695 693
692 696 695
693 695 697
693 697 694
696 698 695
696 699 698
695 698 700
695 700 697
698 699 701
698 701 702
700 698 702
702 701 703
704 702 703
700 702 704
690 694 705
706 707 708
706 708 709
710 709 708
710 708 711
711 708 712
707 712 708
711 712 713
712 714 713
712 715 714
714 715 716
714 716 717
718 716 715
719 716 718
717 716 719
718 715 720
712 720 715
712 721 720
707 722 712
712 723 721
712 724 723
712 722 725
712 725 724
723 724 726
723 726 727
727 726 728
726 729 728
726 730 729
724 725 730
724 730 726
727 728 731
728 729 732
731 728 732
733 734 735
733 735 736
737 734 733
737 733 738
737 738 739
737 739 740
738 741 739
738 742 741
733 742 738
739 741 743
739 743 744
744 740 739
744 745 740
741 742 746
741 746 747
743 741 747
743 747 748
733 749 742
742 749 750
742 750 746
747 746 751
748 747 751
746 750 751
752 740 745
752 753 740
753 737 740
753 754 737
755 737 754
755 756 737
756 755 757
756 757 758
759 756 758
759 760 756
761 760 759
761 762 760
763 762 761
755 764 757
756 760 734
756 734 737
760 762 735
760 735 734
762 763 735
736 735 763
763 761 765
759 758 766
766 758 757
759 766 767
761 759 767
761 767 765
766 757 768
768 757 764
768 769 766
768 770 769
771 769 770
771 772 769
769 772 773
769 773 774
774 773 775
774 775 776
773 777 775
773 778 777
778 773 772
778 772 779
769 774 780
780 774 776
769 780 781
766 769 781
766 781 767
780 782 781
767 781 782
780 783 782
775 784 776
775 785 784
777 785 775
777 786 785
780 776 787
776 784 788
776 788 787
785 789 784
786 789 785
784 789 788
783 763 782
765 782 763
767 782 765
790 779 772
790 772 771
563 564 791
563 791 792
564 793 791
564 566 793
792 791 794
791 793 794
795 796 797
795 797 798
799 796 795
799 800 796
797 796 801
797 801 802
796 800 803
796 803 801
802 801 804
801 803 804
799 805 800
805 803 800
799 806 805
806 807 805
806 808 807
807 809 805
805 809 803
809 804 803
807 810 809
810 804 809
649 811 637
811 812 637
637 812 813
637 813 638
638 813 814
638 814 628
628 814 626
812 815 813
813 815 816
813 816 814
814 816 817
814 817 626
626 817 818
626 818 624
817 819 818
819 624 818
817 820 819
821 820 817
817 816 821
819 822 624
624 822 622
822 823 622
622 823 619
618 619 823
618 823 824
824 825 618
824 826 825
827 618 825
614 618 827
827 825 828
827 828 829
827 829 830
829 831 830
829 832 831
615 614 827
615 827 830
833 615 830
833 830 831
834 833 831
832 834 831
835 826 824
835 836 826
837 836 835
615 838 839
615 839 616
616 839 840
616 840 841
841 613 616
841 612 613
842 612 841
843 842 841
843 841 844
844 845 843
842 609 612
843 845 846
839 838 847
840 839 847
627 625 639
848 849 850
848 850 851
849 852 850
849 853 852
854 852 853
854 855 852
855 856 852
856 857 852
856 858 857
855 859 856
856 859 860
856 860 861
850 862 851
850 863 862
860 864 861
860 865 864
865 866 864
862 863 867
862 867 868
863 869 867
863 870 869
863 871 870
863 850 871
868 867 872
868 872 873
867 869 874
867 874 872
872 875 873
872 876 875
874 876 872
876 877 875
878 877 876
874 878 876
852 879 850
852 880 879
852 857 880
880 857 881
857 882 881
857 858 882
880 881 883
881 882 884
881 884 885
883 881 885
885 884 886
887 885 886
883 885 887
599 598 888
599 888 889
889 601 599
890 601 889
598 604 888
604 891 888
891 890 889
891 889 888
604 606 891
892 893 894
892 894 895
896 893 892
896 897 893
894 893 898
894 898 899
900 894 899
900 899 901
893 897 902
893 902 898
897 903 902
897 904 903
896 904 897
899 898 905
901 899 905
902 903 905
898 902 905
896 906 904
907 895 894
907 894 900
908 909 896
910 911 912
910 912 913
912 914 915
914 916 915
915 916 917
918 915 917
912 915 918
916 919 917
919 920 917
914 921 916
921 919 916
910 921 914
922 920 919
921 922 919
922 923 920
910 924 921
924 922 921
925 923 922
924 925 922
925 926 923
927 928 929
930 931 932
931 933 932
298 932 933
298 933 297
932 298 934
932 934 930
293 934 298
935 220 216
935 216 218
220 935 936
220 936 937
938 937 936
939 937 938
220 937 939
220 939 219
940 941 942
940 942 943
944 942 941
944 941 945
944 945 946
944 946 947
942 944 948
944 947 948
942 948 949
943 942 949
940 950 941
941 950 945
940 951 950
951 952 950
952 953 950
950 953 945
945 953 954
945 954 946
955 956 957
955 957 958
958 957 959
956 955 960
961 962 963
964 961 963
964 965 961
964 966 965
965 966 967
961 965 967
961 967 968
962 961 968
968 967 969
968 969 970
962 968 971
968 970 971
971 970 972
973 969 967
966 973 967
974 969 973
975 976 977
975 977 978
975 979 976
976 980 977
979 981 976
976 981 980
982 978 977
983 982 977
980 983 977
984 985 986
987 986 985
987 985 988
989 987 988
990 991 992
990 993 991
991 994 992
994 995 992
996 995 994
997 998 999
997 999 1000
1000 999 1001
998 997 1002
1003 1004 1005
1006 1003 1005
1006 1007 1003
1003 1007 1008
1003 1008 1009
1004 1003 1009
1009 1008 1010
1009 1010 1011
1004 1009 1012
1009 1011 1012
1012 1011 1013
1014 1015 1016
1017 1014 1016
1017 1016 1018
1019 1017 1018
1020 1021 1022
1020 1022 1023
1020 1024 1021
1025 1023 1022
1026 1027 1028
1029 1027 1026
1027 1030 1028
1030 1031 1028
1032 1031 1030
1033 1034 1035
1036 1035 1034
1037 1036 1034
1038 1036 1037
1039 1040 1041
1042 1039 1041
1043 1042 1041
1044 1039 1042
1045 1044 1042
1045 1042 1046
1043 1046 1042
1046 1047 1045
1046 1048 1047
1048 1046 1043
1044 1049 1039
1050 1051 1052
1050 1053 1051
1053 1054 1051
1054 1055 1051
1051 1055 1052
1054 1056 1055
1056 1057 1055
1057 1058 1055
1055 1058 1052
1059 1060 1061
1059 1061 1062
1062 1061 1063
1060 1059 1064
1065 1066 1067
1068 1065 1067
1068 1069 1065
1065 1069 1070
1065 1070 1071
1066 1065 1071
1071 1070 1072
1071 1072 1073
1066 1071 1074
1071 1073 1074
1074 1073 1075
1076 1077 1078
1076 1078 1079
1076 1080 1077
1081 1079 1078
1082 1083 1084
1085 1083 1082
1083 1086 1084
1086 1087 1084
1088 1087 1086
1089 1090 1091
1092 1091 1090
1093 1092 1090
1094 1092 1093
1095 1096 1097
1098 1095 1097
1099 1098 1097
1100 1095 1098
1101 1100 1098
1101 1098 1102
1099 1102 1098
1102 1103 1101
1102 1104 1103
1104 1102 1099
1100 1105 1095
1106 1107 1108
1106 1108 1109
1109 1110 1106
1111 1107 1106
1110 1111 1106
1111 1112 1107
1107 1113 1108
1107 1114 1113
1112 1114 1107
1112 1115 1114
1115 1116 1114
1116 1115 1117
1116 1117 1118
1118 1119 1116
1118 1120 1119
1116 1121 1114
1116 1119 1121
1121 1113 1114
1115 1112 1122
1115 1122 1117
1122 1112 1123
1124 1125 1126
1127 1124 1126
1127 1128 1124
1125 1124 1129
1125 1129 1130
1124 1128 1131
1124 1131 1129
1129 1131 1132
1129 1132 1133
1133 1130 1129
1132 1134 1133
1133 1134 1135
1133 1135 1136
1133 1136 1130
1132 1137 1134
1138 1139 1140
1138 1140 1141
1138 1142 1139
1143 1141 1140
1143 1140 1144
1145 1143 1144
1146 1147 1148
1146 1148 1149
1147 1150 1148
1147 1151 1150
1149 1152 1146
1149 1153 1152
1154 1152 1153
1155 1156 1157
1155 1157 1158
1159 1155 1158
1159 1158 1160
1160 1161 1159
1160 1162 1161
1163 1161 1162
1164 1165 1166
1164 1166 1167
1167 1168 1164
1167 1169 1168
1165 1170 1166
1165 1171 1170
1172 1170 1171
1172 1171 1173
1174 1172 1173
1174 1173 1175
1176 1177 1178
1176 1178 1179
1180 1177 1176
1181 1179 1178
1181 1182 1179
1181 1183 1182
1181 1184 1183
1185 1183 1184
1186 1187 1188
1186 1188 1189
1190 1191 1192
1190 1192 1193
1194 1195 1196
1194 1196 1197
1198 1199 1200
1198 1200 1201
1202 1203 1204
1202 1204 1205
1206 1207 1208
1206 1208 1209
1210 1211 1212
1210 1212 1213
1214 1215 1216
1214 1216 1217
1218 1219 1220
1218 1220 1221
1222 1223 1224
1222 1224 1225
1226 1227 1228
1226 1228 1229
1230 1231 1232
1230 1232 1233
1234 1235 1236
1234 1236 1237
1235 1238 1236
1235 1239 1238
1239 1240 1238
1237 1236 1241
1237 1241 1242
1236 1238 1243
1236 1243 1241
1238 1240 1244
1238 1244 1243
1242 1241 1245
1242 1245 1246
1241 1243 1247
1241 1247 1245
1244 1247 1243
1244 1248 1247
1239 1249 1240
1249 1244 1240
1239 1250 1249
1250 1251 1249
1250 1252 1251
1250 1253 1252
1254 1251 1252
1255 1254 1252
1253 1255 1252
1253 1256 1255
1256 1257 1255
1255 1257 1254
1256 1258 1257
1258 1259 1257
1258 1260 1259
1257 1259 1261
1257 1261 1254
1253 1262 1256
1263 1258 1256
1262 1263 1256
1262 1264 1263
1262 1265 1264
1263 1264 1266
1263 1266 1267
1263 1267 1258
1267 1260 1258
1267 1268 1260
1266 1268 1267
1266 1269 1268
1260 1270 1259
1260 1271 1270
1268 1271 1260
1271 1272 1270
1271 1273 1272
1272 1273 1274
1272 1274 1275
1275 1274 1276
1275 1276 1277
1278 1275 1277
1278 1277 1279
1278 1279 1280
1278 1280 1281
1276 1282 1277
1276 1283 1282
1282 1283 1284
1283 1285 1284
1286 1282 1284
1286 1280 1279
1277 1282 1286
1277 1286 1279
1287 1286 1284
1286 1287 1280
1288 1287 1284
1289 1288 1284
1288 1289 1290
1288 1290 1291
1287 1288 1291
1287 1291 1280
1281 1280 1291
1291 1290 1292
1291 1292 1293
1281 1291 1293
1294 1285 1283
1294 1283 1276
1295 1294 1276
1295 1276 1274
1292 1296 1293
1297 1293 1296
1298 1297 1296
1299 1297 1298
1300 1299 1298
1300 1298 1301
1299 1302 1297
1303 1297 1302
1303 1304 1297
1297 1304 1293
1301 1298 1305
1298 1296 1305
1305 1296 1306
1305 1306 1307
1292 1306 1296
1303 1308 1304
1303 1309 1308
1309 1310 1308
1309 1311 1310
1310 1311 1312
1310 1312 1313
1310 1313 1278
1308 1310 1278
1311 1261 1312
1311 1314 1261
1312 1272 1313
1312 1270 1272
1313 1272 1275
1313 1275 1278
1308 1278 1281
1304 1308 1281
1304 1281 1293
1259 1270 1312
1259 1312 1261
1314 1254 1261
1314 1315 1254
1254 1315 1251
1251 1315 1316
1316 1315 1314
1251 1316 1249
1316 1314 1317
1249 1316 1244
1244 1316 1317
1244 1317 1248
1311 1317 1314
1311 1309 1317
1309 1248 1317
1309 1303 1248
1248 1303 1302
1248 1302 1247
1302 1245 1247
1302 1299 1245
1299 1246 1245
1299 1300 1246
1318 1319 1320
1319 1321 1320
1320 1321 1322
1320 1322 1323
1322 1324 1323
1322 1325 1324
1325 1326 1324
1325 1327 1326
1327 1328 1326
1329 1330 1331
1329 1331 1332
1332 1331 1333
1332 1333 1334
1334 1333 1335
1271 1336 1337
1271 1337 1338
1336 1339 1337
1336 1340 1339
1338 1337 1341
1338 1341 1342
1337 1339 1343
1337 1343 1341
1342 1341 1344
1341 1343 1344
1268 1336 1271
1269 1340 1336
1269 1336 1268
1345 1346 1347
1345 1347 1348
1349 1345 1348
1349 1348 1350
1351 1349 1350
1347 1346 1352
1347 1352 1353
1352 1354 1353
1355 1354 1356
1307 1355 1356
1307 1306 1355
1306 1357 1355
1357 1354 1355
1306 1292 1357
1358 1359 1360
1358 1360 1361
1362 1361 1360
1362 1363 1361
1362 1364 1363
1362 1365 1364
1360 1366 1362
1362 1366 1365
1360 1367 1366
1359 1367 1360
1358 1361 1368
1361 1363 1368
1358 1368 1369
1369 1368 1370
1370 1368 1371
1368 1363 1371
1363 1364 1372
1363 1372 1371
1373 1374 1375
1373 1375 1376
1374 1377 1375
1376 1378 1373
1379 1380 1381
1382 1380 1379
1382 1379 1383
1382 1383 1384
1383 1385 1384
1379 1385 1383
1379 1386 1385
1381 1386 1379
1386 1387 1385
1386 1388 1387
1381 1389 1386
1386 1389 1388
1389 1390 1388
1391 1385 1387
1384 1385 1391
1392 1391 1387
1393 1394 1395
1393 1395 1396
1393 1396 1397
1396 1395 1398
1397 1396 1399
1396 1398 1399
1400 1395 1394
1401 1395 1400
1398 1395 1401
1402 1403 1404
1405 1404 1403
1405 1406 1404
1407 1406 1405
1408 1409 1410
1408 1410 1411
1410 1409 1412
1412 1409 1413
1414 1412 1413
1415 1416 1417
1415 1417 1418
1416 1419 1417
1418 1420 1415
1421 1422 1423
1424 1422 1421
1424 1421 1425
1421 1426 1425
1421 1427 1426
1423 1427 1421
1427 1428 1426
1427 1429 1428
1423 1430 1427
1427 1430 1429
1430 1431 1429
1432 1433 1434
1435 1433 1432
1435 1436 1433
1437 1436 1435
1438 1439 1440
1438 1440 1441
1438 1441 1442
1443 1440 1439
1444 1445 1446
1447 1444 1446
1446 1445 1448
1448 1445 1449
1450 1448 1449
1451 1452 1453
1454 1453 1452
1455 1453 1454
1456 1455 1454
1457 1458 1459
1460 1458 1457
1461 1458 1460
1462 1460 1457
1463 1460 1462
1463 1464 1460
1461 1460 1464
1464 1463 1465
1464 1465 1466
1466 1461 1464
1462 1457 1467
1468 1469 1470
1468 1470 1471
1471 1470 1472
1472 1470 1473
1470 1469 1473
1472 1473 1474
1474 1473 1475
1475 1473 1476
1473 1469 1476
1477 1478 1479
1477 1479 1480
1478 1481 1479
1480 1482 1477
1483 1484 1485
1486 1484 1483
1486 1483 1487
1483 1488 1487
1483 1489 1488
1485 1489 1483
1489 1490 1488
1489 1491 1490
1485 1492 1489
1489 1492 1491
1492 1493 1491
1494 1495 1496
1494 1496 1497
1494 1497 1498
1499 1496 1495
1500 1501 1502
1503 1500 1502
1502 1501 1504
1504 1501 1505
1506 1504 1505
1507 1508 1509
1510 1509 1508
1511 1509 1510
1512 1511 1510
1513 1514 1515
1516 1514 1513
1517 1514 1516
1518 1516 1513
1519 1516 1518
1519 1520 1516
1517 1516 1520
1520 1519 1521
1520 1521 1522
1522 1517 1520
1518 1513 1523
1524 1525 1526
1524 1526 1527
1525 1524 1528
1529 1524 1527
1528 1524 1529
1529 1527 1530
1527 1526 1531
1527 1531 1532
1530 1527 1532
1530 1532 1533
1533 1532 1534
1534 1535 1533
1534 1536 1535
1536 1534 1537
1536 1537 1538
1534 1532 1539
1534 1539 1537
1539 1532 1531
1533 1535 1540
1533 1540 1530
1540 1541 1530
1542 1543 1544
1545 1543 1542
1545 1542 1546
1544 1547 1542
1544 1548 1547
1542 1547 1549
1542 1549 1546
1547 1550 1549
1547 1551 1550
1551 1547 1548
1550 1551 1552
1551 1553 1552
1551 1554 1553
1551 1548 1554
1550 1552 1555
1556 1557 1558
1556 1558 1559
1556 1559 1560
1561 1558 1557
1561 1562 1558
1563 1562 1561
1564 1565 1566
1564 1566 1567
1567 1566 1568
1567 1568 1569
1565 1564 1570
1565 1570 1571
1572 1571 1570
1573 1574 1575
1573 1575 1576
1577 1574 1573
1577 1578 1574
1578 1577 1579
1578 1579 1580
1581 1580 1579
1582 1583 1584
1582 1584 1585
1583 1582 1586
1583 1586 1587
1585 1584 1588
1585 1588 1589
1590 1589 1588
1590 1591 1589
1592 1591 1590
1592 1593 1591
1594 1595 1596
1594 1596 1597
1598 1594 1597
1599 1596 1595
1599 1595 1600
1599 1600 1601
1599 1601 1602
1603 1602 1601
1604 1605 1606
1604 1606 1607
1608 1609 1610
1608 1610 1611
1612 1613 1614
1612 1614 1615
1616 1617 1618
1616 1618 1619
1620 1621 1622
1620 1622 1623
1624 1625 1626
1624 1626 1627
1628 1629 1630
1628 1630 1631
1632 1633 1634
1632 1634 1635
1636 1637 1638
1636 1638 1639
1640 1641 1642
1640 1642 1643
1644 1645 1646
1644 1646 1647
1648 1649 1650
1648 1650 1651
1652 1653 1654
1652 1654 1655
1655 1654 1656
1655 1656 1657
1657 1656 1658
1653 1659 1654
1653 1660 1659
1654 1659 1661
1654 1661 1656
1656 1661 1662
1656 1662 1658
1660 1663 1659
1660 1664 1663
1659 1663 1665
1659 1665 1661
1662 1661 1665
1662 1665 1666
1657 1658 1667
1667 1658 1662
1657 1667 1668
1668 1667 1669
1668 1669 1670
1668 1670 1671
1672 1670 1669
1673 1670 1672
1671 1670 1673
1671 1673 1674
1674 1673 1675
1673 1672 1675
1674 1675 1676
1676 1675 1677
1676 1677 1678
1675 1672 1679
1675 1679 1677
1671 1674 1680
1681 1674 1676
1680 1674 1681
1680 1681 1682
1680 1682 1683
1681 1684 1682
1681 1685 1684
1681 1676 1685
1685 1676 1678
1685 1678 1686
1684 1685 1686
1684 1686 1687
1678 1677 1688
1678 1688 1689
1686 1678 1689
1689 1688 1690
1689 1690 1691
1690 1692 1691
1690 1693 1692
1693 1694 1692
1693 1695 1694
1696 1695 1693
1696 1697 1695
1696 1698 1697
1696 1699 1698
1694 1695 1700
1694 1700 1701
1700 1702 1701
1701 1702 1703
1704 1702 1700
1704 1697 1698
1695 1697 1704
1695 1704 1700
1705 1702 1704
1704 1698 1705
1706 1702 1705
1707 1702 1706
1706 1708 1707
1706 1709 1708
1705 1698 1709
1705 1709 1706
1699 1709 1698
1709 1710 1708
1709 1711 1710
1699 1711 1709
1712 1701 1703
1712 1694 1701
1713 1694 1712
1713 1692 1694
1710 1711 1714
1715 1714 1711
1716 1714 1715
1717 1716 1715
1718 1716 1717
1718 1719 1716
1717 1715 1720
1721 1720 1715
1721 1715 1722
1715 1711 1722
1719 1723 1716
1716 1723 1714
1723 1724 1714
1723 1725 1724
1710 1714 1724
1721 1722 1726
1721 1726 1727
1727 1726 1728
1727 1728 1729
1728 1730 1729
1728 1731 1730
1728 1696 1731
1726 1696 1728
1729 1730 1679
1729 1679 1732
1730 1731 1690
1730 1690 1688
1731 1696 1693
1731 1693 1690
1726 1699 1696
1722 1699 1726
1722 1711 1699
1677 1679 1730
1677 1730 1688
1732 1679 1672
1732 1672 1733
1672 1669 1733
1669 1734 1733
1734 1732 1733
1669 1667 1734
1734 1735 1732
1667 1662 1734
1662 1735 1734
1662 1666 1735
1729 1732 1735
1729 1735 1727
1727 1735 1666
1727 1666 1721
1666 1720 1721
1666 1665 1720
1720 1665 1663
1720 1663 1717
1717 1663 1664
1717 1664 1718
1736 1737 1738
1738 1737 1739
1737 1740 1739
1737 1741 1740
1740 1741 1742
1740 1742 1743
1743 1742 1744
1743 1744 1745
1745 1744 1746
1747 1748 1749
1747 1749 1750
1748 1751 1749
1748 1752 1751
1752 1753 1751
1689 1754 1755
1689 1755 1756
1756 1755 1757
1756 1757 1758
1754 1759 1755
1754 1760 1759
1755 1759 1761
1755 1761 1757
1760 1762 1759
1759 1762 1761
1686 1689 1756
1687 1686 1756
1687 1756 1758
1763 1764 1765
1763 1765 1766
1767 1764 1763
1767 1768 1764
1769 1768 1767
1765 1770 1766
1765 1771 1770
1770 1771 1772
1773 1774 1772
1725 1774 1773
1725 1773 1724
1724 1773 1775
1775 1773 1772
1724 1775 1710
1776 1777 1778
1776 1778 1779
1777 1780 1778
1777 1781 1780
1780 1781 1782
1783 1784 1785
1783 1785 1786
1784 1787 1785
1784 1788 1787
1786 1785 1789
1787 1789 1785
1786 1789 1790
1790 1789 1791
1790 1791 1792
1793 1792 1791
1794 1791 1789
1787 1794 1789
1794 1795 1791
1791 1795 1793
1796 1797 1788
1796 1798 1797
1797 1798 1799
1797 1799 1800
1801 1800 1799
1802 1799 1798
1796 1802 1798
1802 1803 1799
1799 1803 1801
1796 1804 1802
1805 1806 1807
1805 1807 1808
1807 1806 1809
1810 1811 1812
1812 1811 1813
1812 1813 1814
1813 1811 1815
1816 1817 1818
1816 1818 1819
1819 1818 1820
1821 1822 1823
1821 1823 1824
1822 1825 1823
1822 1826 1825
1824 1823 1827
1825 1827 1823
1824 1827 1828
1828 1827 1829
1828 1829 1830
1831 1829 1827
1825 1831 1827
1831 1832 1829
1829 1832 1833
1833 1830 1829
1834 1821 1835
1834 1835 1836
1834 1836 1837
1834 1837 1838
1837 1836 1839
1837 1839 1840
1836 1835 1841
1836 1841 1839
1839 1841 1842
1842 1840 1839
1843 1844 1845
1845 1844 1846
1845 1846 1847
1846 1844 1848
1849 1850 1851
1849 1851 1852
1851 1850 1853
1851 1853 1854
1854 1853 1855
1852 1856 1849
1857 1856 1852
1857 1852 1858
1857 1858 1859
1859 1858 1860
1859 1860 1861
1861 1860 1862
1863 1856 1857
1864 1856 1863
1864 1865 1856
1866 1865 1864
1866 1867 1865
1868 1867 1866
1868 1866 1869
1869 1866 1870
1870 1866 1871
1870 1871 1872
1872 1871 1873
1872 1873 1874
1874 1873 1875
1874 1875 1876
1876 1875 1877
1876 1877 1878
1878 1877 1879
1878 1879 1880
1880 1879 1881
1867 1882 1865
1883 1884 1885
1883 1885 1886
1885 1884 1887
1885 1887 1888
1888 1887 1889
1888 1889 1890
1890 1889 1891
1892 1893 1894
1892 1894 1895
1895 1894 1896
1892 1895 1897
1895 1896 1897
1892 1897 1898
1899 1900 1901
1901 1900 1902
1902 1900 1903
1903 1904 1902
1904 1903 1905
1906 1904 1905
1907 1906 1905
1908 1906 1907
1904 1906 1908
1904 1908 1902
1908 1907 1909
1908 1909 1910
1911 1912 1913
1912 1914 1913
1914 1915 1913
1915 1914 1916
1916 1917 1915
1918 1917 1916
1919 1917 1918
1920 1919 1918
1916 1914 1920
1916 1920 1918
1920 1921 1919
1920 1922 1921
1923 1924 1925
1923 1925 1926
1926 1925 1927
1926 1927 1928
1928 1927 1929
1928 1929 1930
1925 1924 1931
1925 1931 1932
1927 1925 1932
1927 1932 1933
1929 1927 1933
1929 1933 1934
1932 1931 1935
1933 1932 1935
1934 1933 1935
1936 1937 1938
1936 1938 1939
1939 1938 1940
1939 1940 1941
1938 1937 1942
1938 1942 1943
1940 1938 1943
1940 1943 1944
1943 1942 1945
1944 1943 1945
1946 1941 1940
1946 1940 1947
1948 1946 1947
1948 1947 1949
1947 1950 1949
1947 1951 1950
1940 1944 1951
1940 1951 1947
1951 1945 1950
1944 1945 1951
1952 1953 1954
1952 1954 1955
1954 1953 1956
1954 1956 1957
1957 1956 1958
1959 1960 1961
1960 1962 1961
1960 1963 1962
1964 1962 1963
1964 1963 1965
1965 1966 1964
1966 1967 1964
1966 1968 1967
1969 1968 1966
1969 1966 1970
1970 1966 1971
1967 1968 1972
1967 1972 1973
1974 1972 1968
1974 1968 1969
1975 1972 1974
1975 1976 1972
1973 1972 1976
1977 1976 1975
1978 1976 1977
1973 1976 1978
1979 1980 1981
1979 1981 1982
1980 1983 1981
1980 1984 1983
1984 1985 1983
1984 1986 1985
1981 1987 1982
1981 1988 1987
1983 1988 1981
1983 1989 1988
1985 1989 1983
1985 1990 1989
1988 1991 1987
1989 1991 1988
1990 1991 1989
1992 1993 1994
1992 1994 1995
1994 1996 1995
1994 1997 1996
1997 1998 1996
1999 2000 2001
1999 2001 2002
1999 2002 2003
2001 2000 2004
2001 2004 2005
2005 2004 2006
2005 2006 2007
2007 2006 2008
2009 2010 2011
2012 2010 2009
2012 2009 2013
2012 2013 2014
2009 2011 2015
2009 2015 2016
2016 2015 2017
2014 2013 2018
2012 2019 2010
2012 2020 2019
2019 2020 2021
2021 2020 2022
2023 2024 2025
2024 2026 2025
2027 2026 2024
2028 2026 2027
2028 2027 2029
2029 2027 2030
2029 2030 2031
2031 2030 2032
2033 2026 2028
2033 2034 2026
2035 2034 2033
2036 2034 2035
2037 2038 2039
2039 2038 2040
2038 2041 2040
2038 2042 2041
2043 2044 2045
2045 2044 2046
2047 2048 2049
2050 2051 2052
2053 2054 2055
2053 2055 2056
2057 2058 2059
2057 2059 2060
2061 2062 2063
2064 2065 2066
2064 2066 2067
2068 2069 2070
2068 2070 2071
2072 2073 2074
2072 2074 2075
2076 2077 2078
2076 2078 2079
2080 2081 2082
2083 2084 2085
2083 2085 2086
2087 2088 2089
2087 2089 2090
2091 2092 2093
2091 2093 2094
2095 2096 2097
2095 2097 2098
2099 2100 2101
2102 2103 2104
2102 2104 2105
2106 2107 2108
2109 2110 2111
2112 2113 2114
2112 2114 2115
2116 2117 2118
2116 2118 2119
2120 2121 2122
2120 2122 2123
2124 2125 2126
2127 2128 2129
2130 2131 2132
2130 2132 2133
2134 2135 2136
2137 2138 2139
2137 2139 2140
2141 2142 2143
2141 2143 2144
