byte offset: 0
first index: 0
index count: 13656
topology: trianglelist
format: DXGI_FORMAT_R16_UINT

0 1 2
0 2 3
2 1 4
2 4 5
5 6 2
5 7 6
2 6 8
2 8 3
6 7 9
6 9 10
8 6 10
11 10 9
12 10 11
8 10 12
13 14 15
13 15 16
16 15 17
16 17 18
18 17 19
15 14 20
15 20 21
17 15 21
17 21 22
19 17 22
14 23 20
14 24 23
13 25 24
13 24 26
27 28 29
27 29 30
31 27 30
31 30 32
33 31 32
33 32 34
27 35 28
27 36 35
31 36 27
31 37 36
33 37 31
33 38 37
29 28 39
29 39 40
39 41 40
39 42 41
42 43 41
42 44 43
43 44 45
43 45 46
44 47 45
44 48 47
42 48 44
42 49 48
39 49 42
39 50 49
28 35 50
28 50 39
51 52 53
51 53 54
55 51 54
55 54 56
57 55 56
57 56 58
59 57 58
59 58 60
51 61 52
51 62 61
55 62 51
57 63 55
55 63 62
57 64 63
59 64 57
59 65 64
53 52 66
53 66 67
66 68 67
66 69 68
68 69 70
68 70 71
66 72 69
66 73 72
69 72 74
69 74 70
52 61 73
52 73 66
75 76 77
75 77 78
79 76 75
79 80 76
81 80 79
81 82 80
83 82 81
83 84 82
78 77 85
78 85 86
86 85 87
86 87 88
87 89 88
87 90 89
75 78 91
81 79 92
79 93 92
75 91 93
79 75 93
81 92 94
83 81 94
88 89 95
88 95 96
86 88 96
86 96 97
78 86 97
78 97 91
83 94 98
99 100 101
99 101 102
102 101 103
102 103 104
104 103 105
104 105 106
107 100 99
107 108 100
109 108 107
109 110 108
111 110 109
111 112 110
105 113 106
105 114 113
99 102 115
102 104 116
102 116 115
104 106 117
104 117 116
106 113 118
106 118 117
109 107 119
109 119 120
111 109 120
107 121 119
99 115 121
107 99 121
111 120 122
123 124 125
123 125 126
123 126 127
128 123 127
128 129 123
128 127 130
127 126 131
127 131 132
130 127 132
130 132 133
132 131 134
132 134 135
133 132 135
133 135 136
135 134 137
135 137 138
136 135 138
136 138 139
138 137 140
138 140 141
139 138 141
139 141 142
141 140 143
141 143 144
142 141 144
142 144 145
144 143 146
144 146 147
145 144 147
145 147 148
147 146 149
147 149 150
148 147 150
150 149 151
150 151 152
153 150 152
148 150 153
153 152 154
152 151 155
154 152 155
156 157 158
156 158 159
156 159 160
158 161 159
158 162 161
163 162 158
160 159 164
160 164 165
159 161 166
159 166 164
165 164 167
165 167 168
164 166 169
164 169 167
168 167 170
168 170 171
167 169 172
167 172 170
171 170 173
171 173 174
170 172 175
170 175 173
174 173 176
174 176 177
173 175 178
173 178 176
177 176 179
177 179 180
176 178 181
176 181 179
180 179 182
180 182 183
179 181 184
179 184 182
183 182 185
183 185 186
182 184 187
182 187 185
186 185 188
185 187 188
189 190 191
189 191 192
192 191 193
192 193 194
194 193 195
194 195 196
197 196 195
196 197 198
198 197 199
199 197 195
200 198 199
198 200 201
201 200 202
202 200 199
201 202 203
201 203 204
204 203 205
204 205 206
206 205 207
206 207 208
208 207 209
208 209 210
207 211 209
207 212 211
213 209 214
213 214 215
209 216 214
209 217 216
218 219 205
218 220 219
221 222 223
221 223 224
222 225 223
222 226 225
227 228 229
230 227 229
230 229 231
228 232 229
228 233 232
229 234 231
229 235 234
236 237 238
236 238 239
237 240 238
237 241 240
242 243 237
242 237 244
243 245 246
243 246 247
248 249 250
248 250 251
249 252 253
249 253 254
252 255 253
252 256 255
256 257 258
256 258 259
257 260 258
257 261 260
262 263 264
262 264 265
266 267 264
266 268 267
268 269 267
268 270 269
271 272 269
271 273 272
264 274 275
264 275 276
269 277 278
269 278 279
280 281 269
280 282 281
283 284 280
283 285 284
284 286 280
284 287 286
288 289 290
291 289 288
291 292 289
289 293 290
289 294 293
292 295 289
292 296 295
297 298 292
297 299 298
298 300 292
298 301 300
302 303 298
302 304 303
303 305 298
303 306 305
307 308 309
307 309 310
311 312 313
311 313 314
315 311 314
315 314 316
317 318 319
317 319 320
321 317 320
321 320 322
323 321 322
323 322 324
325 323 324
325 324 326
327 325 326
327 326 328
329 327 330
329 330 331
332 333 319
332 334 333
335 336 337
335 337 338
339 340 341
341 340 342
341 342 343
344 343 342
344 342 345
346 344 345
346 345 347
348 349 350
348 350 351
352 353 354
352 354 355
356 357 352
356 358 357
359 358 356
359 360 358
361 360 359
361 362 360
363 362 361
363 364 362
365 364 363
365 366 364
367 368 366
367 366 369
370 371 367
370 372 371
373 372 370
373 374 372
375 376 377
375 377 378
379 380 381
379 382 380
379 383 382
384 382 383
384 385 382
386 385 384
386 387 385
388 389 390
388 390 391
392 393 394
392 394 395
396 397 398
396 398 399
400 401 402
400 402 403
404 405 406
404 406 407
408 409 410
408 410 411
412 413 414
412 414 415
416 417 418
416 418 419
420 421 422
420 422 423
424 425 426
424 426 427
428 429 430
428 430 431
432 433 434
432 434 435
436 437 438
436 438 439
440 441 442
440 442 443
444 445 446
444 446 447
448 449 450
448 450 451
452 453 454
452 454 455
456 457 458
456 458 459
460 461 462
460 462 463
464 465 466
464 466 467
468 469 470
468 470 471
472 473 474
472 474 475
476 477 478
476 478 479
480 481 482
480 482 483
484 485 486
484 486 487
488 489 490
488 490 491
492 493 494
492 494 495
496 497 498
496 498 499
500 501 502
500 502 503
504 505 506
504 506 507
508 509 510
508 510 511
512 513 514
512 514 515
515 516 517
515 517 518
518 519 520
518 520 521
522 523 524
522 524 525
526 527 528
526 528 529
530 531 532
530 532 533
534 535 536
534 536 537
538 539 540
538 540 541
542 543 544
542 544 545
546 547 548
546 548 549
550 551 552
550 553 551
554 555 556
554 557 555
558 559 560
558 561 559
562 563 564
562 565 563
566 567 568
569 567 566
570 567 569
571 567 570
572 573 574
574 573 575
575 573 576
576 573 577
578 579 580
578 581 579
582 583 584
582 585 583
586 587 588
586 589 587
590 591 592
590 593 591
594 595 596
597 595 594
598 595 597
599 595 598
600 601 602
602 601 603
603 601 604
604 601 605
606 607 608
606 609 607
606 610 609
606 611 610
608 607 612
608 612 613
607 609 614
607 614 612
609 610 615
609 615 614
610 611 616
610 616 615
606 617 618
606 619 617
606 620 619
606 621 620
618 617 622
618 622 623
617 619 624
617 624 622
619 620 625
619 625 624
620 621 626
620 626 625
627 628 629
630 628 627
631 628 630
632 628 631
633 628 634
634 628 635
635 628 636
636 628 637
638 639 640
638 641 639
638 642 641
638 643 642
638 644 643
638 645 644
638 646 645
638 640 646
640 639 647
640 647 648
639 641 649
639 649 647
641 642 650
641 650 649
642 643 651
642 651 650
643 644 652
643 652 653
644 645 654
644 654 652
645 646 655
645 655 654
646 656 655
646 657 656
658 659 660
660 659 661
661 659 662
662 659 663
663 659 664
665 659 658
666 659 665
667 659 666
668 669 670
668 670 671
672 668 671
672 673 668
669 674 675
676 677 678
676 678 679
680 678 677
680 677 681
682 680 681
682 681 683
682 683 684
682 684 685
685 684 686
685 686 687
687 686 688
687 688 689
690 688 686
690 686 691
689 688 692
691 693 690
687 694 685
687 695 694
695 696 694
690 693 697
690 697 698
695 699 696
700 699 695
700 689 701
700 701 702
703 700 702
700 703 699
703 702 704
705 702 701
705 706 702
706 705 707
708 703 704
708 704 709
708 709 710
708 710 711
711 710 712
711 712 713
714 713 712
714 715 713
711 713 696
711 696 716
705 717 707
705 718 717
680 719 696
680 696 678
720 692 721
720 721 722
723 720 722
723 722 724
692 720 689
720 723 689
689 723 701
725 726 727
725 727 728
729 726 725
729 725 730
728 731 732
733 734 735
733 735 736
735 737 736
735 738 737
739 737 738
739 740 737
741 734 733
740 742 743
740 743 744
744 743 745
744 745 746
747 746 745
747 745 748
747 748 749
750 747 749
750 749 751
750 751 752
750 752 753
754 753 752
755 749 748
755 756 749
757 755 743
757 743 742
757 756 755
751 749 758
751 758 759
759 758 760
761 754 752
761 752 762
763 756 757
763 764 756
763 765 764
764 765 766
764 766 767
768 764 767
758 764 768
767 769 768
767 770 769
771 758 768
771 760 758
772 760 771
759 760 772
772 771 773
769 770 774
766 765 775
766 775 776
777 776 775
777 775 778
779 777 778
779 778 780
780 781 779
780 782 781
783 781 782
783 784 781
785 784 783
785 783 786
785 786 787
757 780 778
757 778 763
788 769 774
788 789 769
790 791 792
790 792 793
793 792 794
793 794 795
796 797 798
796 798 799
800 797 796
800 801 797
802 803 804
802 804 805
806 807 808
806 808 809
809 808 810
809 810 811
812 813 814
812 814 815
816 813 812
816 817 813
818 817 816
818 819 817
820 821 822
820 822 823
824 825 826
824 826 827
828 829 830
828 830 831
832 833 834
832 834 835
836 837 838
836 838 839
839 838 840
839 840 841
842 843 844
842 844 845
846 847 848
846 848 849
850 851 852
850 852 853
854 855 856
854 856 857
858 859 860
858 860 861
862 863 864
862 864 865
866 867 868
866 868 869
870 871 872
870 872 873
874 875 876
874 876 877
878 875 874
878 879 875
880 881 882
880 882 883
884 881 880
884 885 881
886 887 885
886 885 888
889 890 891
889 891 892
892 891 893
892 893 894
895 896 897
895 897 898
899 897 896
899 900 897
901 902 903
901 903 904
905 902 901
905 906 902
907 908 906
909 908 907
909 910 908
911 910 909
911 912 910
907 906 913
914 915 916
914 916 917
918 919 920
918 920 921
922 919 918
922 923 919
924 925 926
924 926 927
928 929 930
928 930 931
932 933 934
932 934 935
936 933 932
936 937 933
938 939 940
938 940 941
942 943 944
942 944 945
946 947 948
946 948 949
950 951 952
950 952 953
954 955 956
954 956 957
958 959 960
958 960 961
962 963 964
962 964 965
966 967 968
966 968 969
970 971 972
970 972 973
974 975 971
974 971 976
977 978 979
977 979 980
759 772 981
982 983 984
982 985 983
986 987 988
986 989 987
990 991 992
990 993 991
994 995 996
994 997 995
998 999 1000
1001 999 998
1002 999 1001
1003 999 1002
1004 1005 1006
1006 1005 1007
1007 1005 1008
1008 1005 1009
1010 1011 1012
1010 1012 1013
1011 1014 1015
1011 1015 1016
1014 1017 1015
1015 1017 1018
1015 1018 1019
1020 1021 1022
1020 1022 1023
1020 1023 1024
1025 1022 1021
1025 1026 1022
1026 1025 1027
1028 1026 1027
1028 1029 1026
1030 1031 1032
1030 1032 1033
1034 1035 1036
1034 1036 1037
1037 1036 1038
1037 1038 1039
1037 1039 1040
1040 1039 1041
1040 1041 1042
1042 1041 1043
1042 1043 1044
1042 1044 1045
1042 1045 1046
1046 1045 1047
1046 1047 1048
1049 1050 1051
1049 1051 1052
1053 1049 1052
1053 1052 1054
1055 1056 1057
1055 1057 1058
1059 1060 1061
1059 1061 1062
1059 1062 1063
1059 1063 1064
1063 1065 1064
1063 1066 1065
1063 1067 1066
1068 1069 1070
1068 1070 1071
1072 1069 1068
1072 1073 1069
1074 1073 1072
1074 1075 1073
1074 1076 1075
1077 1076 1074
1077 1078 1076
1079 1080 1081
1079 1081 1082
1083 1084 1085
1083 1085 1086
1087 1088 1089
1087 1089 1090
1091 1092 1093
1091 1093 1094
1095 1096 1097
1095 1097 1098
1099 1100 1101
1099 1101 1102
1103 1104 1105
1103 1105 1106
1107 1108 1109
1107 1109 1110
1111 1112 1113
1111 1113 1114
1115 1116 1117
1115 1117 1118
1119 1120 1121
1119 1121 1122
1123 1124 1125
1123 1125 1126
1127 1128 1129
1127 1129 1130
1131 1132 1133
1131 1133 1134
1131 1134 1135
1131 1135 1136
1136 1135 1137
1136 1137 1138
1138 1137 1139
1138 1139 1140
1133 1132 1141
1133 1141 1142
1142 1141 1143
1142 1143 1144
1145 1146 1147
1145 1147 1148
1149 1150 1151
1149 1151 1152
1152 1151 1153
1152 1153 1154
1155 1156 1157
1155 1157 1158
1158 1157 1159
1158 1159 1160
1160 1159 1161
1160 1161 1162
1162 1161 1163
1162 1163 1164
1164 1163 1165
1164 1165 1166
1166 1165 1167
1166 1167 1168
1169 1170 1171
1169 1171 1172
1173 1169 1172
1173 1172 1174
1175 1173 1174
1175 1174 1176
1177 1175 1176
1177 1176 1178
1179 1177 1178
1179 1178 1180
1181 1179 1180
1181 1180 1182
1183 1184 1185
1183 1185 1186
1187 1184 1183
1187 1188 1184
1189 1188 1187
1189 1190 1188
1191 1190 1189
1191 1192 1190
1193 1192 1191
1193 1194 1192
1195 1196 1197
1195 1197 1198
1199 1200 1201
1199 1201 1202
1202 1201 1203
1202 1203 1204
1204 1203 1205
1204 1205 1206
1207 1208 1209
1207 1209 1210
1211 1212 1213
1211 1213 1214
1215 1216 1217
1215 1217 1218
1219 1220 1221
1219 1221 1222
1219 1222 1223
1224 1225 1226
1224 1226 1227
1228 1229 1230
1228 1230 1231
1232 1233 1234
1232 1234 1235
1232 1235 1236
1232 1236 1237
1237 1236 1238
1239 1240 1241
1239 1241 1242
1243 1244 1245
1243 1245 1246
1247 1244 1243
1247 1248 1244
1249 1250 1251
1249 1251 1252
1250 1249 1253
1250 1253 1254
1252 1255 1256
1252 1256 1257
1258 1259 1260
1258 1260 1261
1262 1263 1264
1262 1264 1265
1266 1267 1268
1266 1268 1269
1270 1271 1272
1270 1272 1273
1273 1274 1275
1273 1275 1276
1276 1275 1277
1275 1278 1277
1275 1279 1278
1280 1281 1282
1280 1283 1281
1280 1284 1283
1285 1282 1281
1285 1281 1286
1286 1287 1285
1288 1287 1286
1288 1286 1289
1290 1291 1292
1290 1292 1293
1294 1295 1296
1294 1296 1297
1295 1298 1296
1295 1299 1298
1295 1300 1299
1300 1301 1299
1300 1302 1301
1302 1303 1301
1302 1304 1303
1302 1305 1304
1302 1306 1305
1306 1307 1305
1306 1308 1307
1309 1310 1311
1309 1311 1312
1313 1310 1309
1313 1314 1310
1315 1316 1317
1315 1317 1318
1319 1320 1321
1319 1321 1322
1319 1323 1320
1319 1324 1323
1323 1324 1325
1323 1325 1326
1323 1326 1327
1328 1329 1330
1328 1330 1331
1332 1328 1331
1332 1331 1333
1334 1332 1333
1334 1333 1335
1334 1335 1336
1337 1334 1336
1337 1336 1338
1339 1340 1341
1339 1341 1342
1343 1344 1345
1343 1345 1346
1347 1348 1349
1347 1349 1350
1351 1352 1353
1351 1353 1354
1355 1356 1357
1355 1357 1358
1359 1360 1361
1359 1361 1362
1363 1364 1365
1363 1365 1366
1367 1368 1369
1367 1369 1370
1371 1372 1373
1371 1373 1374
1375 1376 1377
1375 1377 1378
1379 1380 1381
1379 1381 1382
1383 1384 1385
1383 1385 1386
1387 1388 1389
1387 1389 1390
1391 1392 1393
1391 1393 1394
1391 1395 1392
1391 1396 1395
1396 1397 1395
1396 1398 1397
1398 1399 1397
1398 1400 1399
1393 1401 1394
1393 1402 1401
1402 1403 1401
1402 1404 1403
1405 1406 1407
1405 1407 1408
1409 1410 1411
1409 1411 1412
1410 1413 1411
1410 1414 1413
1415 1416 1417
1415 1417 1418
1416 1419 1417
1416 1420 1419
1420 1421 1419
1420 1422 1421
1422 1423 1421
1422 1424 1423
1424 1425 1423
1424 1426 1425
1426 1427 1425
1426 1428 1427
1429 1430 1431
1429 1431 1432
1433 1430 1429
1433 1434 1430
1435 1434 1433
1435 1436 1434
1437 1436 1435
1437 1438 1436
1439 1438 1437
1439 1440 1438
1441 1440 1439
1441 1442 1440
1443 1444 1445
1443 1445 1446
1447 1443 1446
1447 1446 1448
1449 1447 1448
1449 1448 1450
1451 1449 1450
1451 1450 1452
1453 1451 1452
1453 1452 1454
1455 1456 1457
1455 1457 1458
1459 1460 1461
1459 1461 1462
1460 1463 1461
1460 1464 1463
1464 1465 1463
1464 1466 1465
1467 1468 1469
1467 1469 1470
1471 1472 1473
1471 1473 1474
1475 1476 1477
1475 1477 1478
1479 1480 1481
1479 1481 1482
1479 1483 1480
1484 1485 1486
1484 1487 1485
1488 1489 1490
1488 1490 1491
1492 1493 1494
1492 1494 1495
1492 1496 1493
1492 1497 1496
1497 1498 1496
1499 1500 1501
1499 1501 1502
1503 1504 1505
1503 1505 1506
1507 1503 1506
1507 1506 1508
1509 1510 1511
1509 1511 1512
1512 1513 1509
1512 1514 1513
1510 1515 1516
1510 1516 1517
1518 1519 1520
1518 1520 1521
1522 1523 1524
1522 1524 1525
1526 1527 1528
1526 1528 1529
1530 1531 1532
1530 1532 1533
1534 1530 1533
1534 1533 1535
1536 1535 1533
1536 1537 1535
1538 1534 1535
1538 1535 1539
1535 1537 1540
1535 1540 1539
1530 1541 1531
1530 1542 1541
1534 1542 1530
1534 1543 1542
1538 1543 1534
1536 1544 1537
1536 1545 1544
1537 1544 1546
1537 1546 1540
1538 1547 1543
1548 1545 1536
1549 1548 1536
1550 1548 1549
1550 1549 1551
1552 1550 1551
1552 1551 1553
1554 1552 1553
1554 1553 1555
1556 1554 1555
1556 1555 1557
1555 1558 1557
1555 1559 1558
1560 1559 1555
1560 1555 1561
1548 1550 1562
1559 1563 1558
1559 1564 1563
1560 1564 1559
1560 1565 1564
1554 1566 1552
1554 1567 1566
1556 1567 1554
1556 1568 1567
1569 1560 1561
1569 1570 1560
1570 1565 1560
1532 1570 1569
1532 1531 1570
1531 1571 1570
1570 1571 1565
1548 1562 1545
1552 1572 1573
1552 1573 1550
1549 1536 1574
1575 1576 1577
1575 1577 1578
1579 1577 1576
1579 1576 1580
1575 1581 1576
1575 1582 1581
1576 1581 1583
1576 1583 1580
1584 1583 1581
1584 1581 1585
1585 1581 1582
1585 1586 1584
1586 1583 1584
1585 1587 1586
1588 1587 1585
1585 1582 1588
1588 1589 1587
1580 1583 1590
1580 1590 1579
1586 1590 1583
1591 1582 1575
1591 1592 1582
1588 1582 1592
1588 1592 1593
1594 1595 1596
1594 1596 1597
1598 1596 1595
1598 1595 1599
1599 1600 1598
1599 1601 1600
1602 1600 1601
1602 1601 1603
1602 1603 1604
1602 1604 1605
1605 1600 1602
1605 1604 1606
1605 1606 1607
1598 1600 1608
1598 1608 1596
1607 1608 1605
1605 1608 1600
1596 1608 1609
1596 1609 1597
1607 1609 1608
1606 1609 1607
1597 1609 1610
1606 1610 1609
1597 1610 1594
1611 1612 1613
1611 1613 1614
1614 1615 1611
1614 1616 1615
1614 1617 1616
1616 1618 1615
1616 1619 1618
1617 1620 1616
1617 1621 1620
1619 1622 1618
1619 1623 1622
1621 1624 1620
1621 1625 1624
1626 1615 1627
1626 1627 1628
1626 1628 1629
1629 1630 1626
1629 1631 1630
1629 1628 1632
1628 1633 1632
1628 1634 1633
1627 1635 1628
1627 1636 1635
1634 1637 1633
1634 1638 1637
1636 1639 1635
1636 1640 1639
1638 1641 1637
1638 1642 1641
1640 1643 1639
1640 1644 1643
1645 1632 1646
1645 1646 1647
1647 1648 1645
1647 1649 1648
1647 1646 1650
1646 1651 1650
1646 1652 1651
1652 1653 1651
1652 1654 1653
1655 1650 1656
1655 1656 1657
1657 1658 1655
1657 1659 1658
1650 1660 1656
1650 1661 1660
1661 1662 1660
1661 1663 1662
1654 1664 1665
1654 1665 1666
1632 1667 1668
1632 1668 1646
1667 1669 1668
1667 1670 1669
1670 1671 1669
1670 1672 1671
1615 1673 1674
1615 1674 1627
1673 1675 1674
1673 1676 1675
1676 1677 1675
1676 1678 1677
1679 1680 1681
1679 1681 1622
1682 1683 1684
1682 1684 1685
1686 1687 1688
1686 1688 1689
1690 1691 1692
1690 1692 1693
1691 1690 1694
1691 1694 1695
1693 1692 1696
1693 1696 1697
1698 1699 1692
1698 1700 1699
1700 1698 1701
1700 1701 1702
1703 1704 1693
1703 1693 1705
1704 1703 1706
1704 1706 1707
1705 1693 1708
1705 1708 1709
1710 1711 1705
1710 1705 1712
1711 1710 1713
1711 1713 1714
1712 1705 1715
1712 1715 1716
1717 1718 1712
1717 1712 1719
1718 1717 1720
1718 1720 1721
1719 1712 1722
1719 1722 1723
1724 1725 1719
1724 1719 1726
1725 1724 1727
1725 1727 1728
1726 1719 1729
1726 1729 1730
1731 1732 1726
1731 1726 1733
1732 1731 1734
1732 1734 1735
1736 1737 1733
1736 1733 1738
1737 1736 1739
1737 1739 1740
1741 1726 1742
1741 1742 1743
1744 1741 1745
1744 1745 1746
1747 1748 1749
1747 1749 1750
1751 1752 1753
1751 1753 1754
1755 1756 1757
1755 1757 1758
1759 1760 1761
1759 1761 1762
1763 1764 1765
1763 1765 1766
1767 1768 1769
1767 1769 1770
1771 1772 1773
1771 1773 1774
1775 1776 1777
1775 1777 1778
1779 1780 1781
1779 1781 1782
1780 1783 1781
1780 1784 1783
1785 1783 1784
1786 1785 1784
1787 1786 1784
1787 1784 1788
1789 1787 1788
1789 1788 1790
1786 1791 1785
1791 1792 1785
1791 1793 1792
1794 1793 1791
1795 1794 1791
1795 1791 1796
1797 1795 1796
1797 1796 1798
1799 1797 1798
1799 1798 1800
1794 1801 1793
1792 1793 1802
1792 1802 1803
1793 1801 1804
1793 1804 1805
1806 1807 1794
1806 1794 1808
1809 1806 1808
1809 1808 1810
1811 1809 1810
1811 1810 1812
1813 1814 1807
1813 1807 1815
1816 1813 1815
1816 1815 1817
1818 1816 1817
1818 1817 1819
1814 1820 1807
1807 1820 1821
1807 1821 1794
1814 1822 1820
1821 1820 1823
1821 1823 1824
1820 1822 1825
1820 1825 1826
1827 1828 1814
1827 1814 1829
1830 1827 1829
1830 1829 1831
1832 1830 1831
1832 1831 1833
1834 1828 1827
1835 1834 1827
1835 1827 1836
1837 1835 1836
1837 1836 1838
1834 1839 1828
1840 1839 1834
1840 1834 1783
1841 1783 1834
1841 1834 1842
1843 1841 1842
1843 1842 1844
1785 1840 1783
1785 1845 1840
1785 1846 1845
1840 1845 1847
1840 1847 1839
1839 1847 1848
1839 1848 1828
1845 1846 1849
1845 1849 1850
1847 1845 1850
1847 1850 1851
1848 1847 1852
1848 1852 1853
1828 1854 1855
1828 1855 1814
1855 1854 1856
1855 1856 1857
1858 1855 1859
1858 1859 1860
1859 1855 1861
1859 1861 1862
1863 1864 1854
1863 1854 1865
1866 1864 1863
1866 1867 1864
1868 1867 1866
1868 1792 1867
1867 1792 1869
1867 1869 1870
1864 1867 1871
1864 1871 1872
1854 1864 1873
1854 1873 1874
1875 1876 1877
1878 1875 1877
1878 1877 1879
1880 1878 1879
1881 1882 1883
1884 1882 1881
1801 1885 1886
1801 1886 1887
1888 1885 1801
1888 1889 1885
1890 1891 1892
1890 1892 1893
1892 1891 1894
1892 1894 1895
1896 1892 1897
1896 1897 1898
1897 1892 1899
1897 1899 1900
1901 1902 1903
1901 1903 1904
1905 1902 1901
1905 1906 1902
1907 1906 1905
1907 1908 1906
1903 1902 1909
1903 1909 1910
1906 1908 1911
1906 1911 1912
1902 1906 1912
1902 1912 1909
1913 1914 1915
1915 1914 1916
1916 1914 1917
1917 1914 1918
1919 1914 1913
1920 1914 1919
1921 1914 1920
1922 1914 1921
1923 1924 1925
1923 1925 1926
1926 1925 1927
1926 1927 1928
1925 1929 1927
1925 1930 1929
1931 1930 1925
1931 1932 1930
1930 1933 1929
1930 1934 1933
1935 1934 1930
1935 1936 1934
1934 1937 1933
1934 1938 1937
1939 1938 1934
1939 1940 1938
1692 1941 1942
1692 1942 1943
1944 1945 1946
1945 1947 1946
1947 1948 1946
1948 1949 1946
1949 1950 1946
1950 1951 1946
1952 1944 1946
1953 1952 1946
1954 1953 1946
1955 1954 1946
1956 1955 1946
1957 1956 1946
1958 1957 1946
1959 1958 1946
1960 1959 1946
1961 1960 1946
1962 1961 1946
1963 1962 1946
1964 1963 1946
1965 1964 1946
1965 1966 1964
1965 1967 1966
1964 1966 1968
1964 1968 1963
1963 1968 1969
1963 1969 1962
1962 1969 1970
1962 1970 1961
1961 1970 1971
1961 1971 1960
1960 1971 1972
1960 1972 1959
1959 1972 1973
1959 1973 1958
1958 1973 1974
1958 1974 1957
1957 1974 1975
1957 1975 1956
1976 1966 1967
1976 1977 1966
1977 1968 1966
1977 1978 1968
1978 1969 1968
1978 1979 1969
1979 1970 1969
1979 1980 1970
1981 1971 1970
1981 1982 1971
1982 1972 1971
1982 1983 1972
1983 1973 1972
1983 1984 1973
1984 1974 1973
1984 1985 1974
1985 1975 1974
1985 1986 1975
1956 1987 1988
1986 1988 1987
1956 1988 1955
1986 1989 1988
1955 1990 1991
1989 1991 1990
1955 1991 1954
1954 1991 1992
1954 1992 1953
1953 1992 1993
1953 1993 1952
1952 1993 1994
1952 1994 1944
1944 1994 1995
1944 1995 1945
1945 1995 1996
1945 1996 1947
1947 1996 1997
1947 1997 1948
1948 1997 1998
1948 1998 1949
1949 1998 1999
1949 1999 1950
1950 1999 2000
1950 2000 1951
2001 1995 1994
2001 2002 1995
2002 1996 1995
2002 2003 1996
2004 1997 1996
2004 2005 1997
2005 1998 1997
2005 2006 1998
2006 1999 1998
2006 2007 1999
2007 2000 1999
2007 1976 2000
2008 2001 1994
2008 1994 1993
2009 2008 1993
2009 1993 1992
2010 2009 1992
2010 1992 1991
1989 2010 1991
2011 2012 2013
2012 2014 2013
2015 2011 2013
2013 2016 2015
2017 2016 2013
2018 2017 2013
2014 2019 2013
2019 2018 2013
2014 2020 2019
2021 2018 2019
2020 2021 2019
2020 2022 2021
2011 2015 2023
2015 2024 2023
2015 2016 2024
2023 2024 2025
2026 2027 2028
2027 2029 2028
2029 2030 2028
2030 2031 2028
2031 2032 2028
2032 2033 2028
2033 2034 2028
2034 2035 2028
2035 2036 2028
2036 2037 2028
2037 2038 2028
2038 2039 2028
2039 2040 2028
2040 2041 2028
2041 2042 2028
2042 2043 2028
2043 2044 2028
2044 2026 2028
2045 2046 2047
2046 2048 2047
2048 2049 2047
2049 2050 2047
2050 2051 2047
2051 2052 2047
2052 2053 2047
2053 2054 2047
2054 2055 2047
2055 2056 2047
2056 2057 2047
2057 2058 2047
2058 2059 2047
2059 2060 2047
2060 2061 2047
2061 2062 2047
2062 2063 2047
2063 2045 2047
2064 2065 2066
2066 2065 2067
2067 2065 2068
2068 2065 2069
2069 2065 2070
2070 2065 2071
2072 2065 2064
2073 2065 2072
2074 2065 2073
2075 2065 2074
2076 2065 2075
2077 2065 2076
2078 2065 2077
2079 2065 2078
2080 2065 2079
2081 2065 2080
2082 2065 2081
2083 2065 2082
2084 2065 2083
2085 2065 2084
2085 2084 2086
2085 2086 2087
2084 2083 2088
2084 2088 2086
2083 2082 2089
2083 2089 2088
2082 2081 2090
2082 2090 2089
2081 2080 2091
2081 2091 2090
2080 2079 2092
2080 2092 2091
2079 2078 2093
2079 2093 2092
2094 2087 2086
2094 2086 2095
2095 2086 2088
2095 2088 2096
2096 2088 2089
2096 2089 2097
2097 2089 2090
2097 2090 2098
2099 2090 2091
2099 2091 2100
2100 2091 2092
2100 2092 2101
2101 2092 2093
2101 2093 2102
2102 2093 2103
2078 2103 2093
2078 2077 2103
2077 2104 2103
2077 2076 2104
2102 2103 2105
2105 2103 2104
2105 2104 2106
2076 2075 2107
2076 2107 2108
2106 2108 2107
2106 2107 2109
2075 2074 2110
2075 2110 2111
2109 2111 2110
2074 2112 2110
2074 2073 2112
2073 2113 2112
2073 2072 2113
2072 2114 2113
2072 2064 2114
2064 2115 2114
2064 2066 2115
2066 2116 2115
2066 2067 2116
2067 2117 2116
2067 2068 2117
2068 2118 2117
2068 2069 2118
2069 2119 2118
2069 2070 2119
2070 2120 2119
2070 2071 2120
2121 2114 2115
2121 2115 2122
2122 2115 2116
2122 2116 2123
2124 2116 2117
2124 2117 2125
2125 2117 2118
2125 2118 2126
2126 2118 2119
2126 2119 2127
2127 2119 2120
2127 2120 2094
2128 2114 2121
2128 2113 2114
2129 2113 2128
2129 2112 2113
2130 2112 2129
2130 2110 2112
2109 2110 2130
2131 2132 2133
2133 2132 2134
2135 2132 2131
2132 2135 2136
2137 2132 2136
2138 2132 2137
2134 2132 2139
2139 2132 2138
2134 2139 2140
2141 2139 2138
2140 2139 2141
2140 2141 2142
2131 2143 2135
2135 2143 2144
2135 2144 2136
2143 2145 2144
2146 2147 2148
2148 2147 2149
2149 2147 2150
2150 2147 2151
2151 2147 2152
2152 2147 2153
2153 2147 2154
2154 2147 2155
2155 2147 2156
2156 2147 2157
2157 2147 2158
2158 2147 2159
2159 2147 2160
2160 2147 2161
2161 2147 2162
2162 2147 2163
2163 2147 2164
2164 2147 2146
2165 2166 2167
2167 2166 2168
2168 2166 2169
2169 2166 2170
2170 2166 2171
2171 2166 2172
2172 2166 2173
2173 2166 2174
2174 2166 2175
2175 2166 2176
2176 2166 2177
2177 2166 2178
2178 2166 2179
2179 2166 2180
2180 2166 2181
2181 2166 2182
2182 2166 2183
2183 2166 2165
2184 2185 2186
2184 2186 2187
2184 2188 2185
2184 2189 2188
2186 2190 2187
2186 2191 2190
2192 2193 2194
2192 2194 2195
2195 2196 2192
2195 2197 2196
2193 2198 2194
2193 2199 2198
2200 2201 2202
2200 2202 2203
2204 2205 2206
2204 2206 2207
2208 2209 2210
2208 2210 2211
2212 2213 2214
2212 2214 2215
2216 2217 2218
2216 2218 2219
2220 2221 2222
2220 2222 2223
2224 2225 2226
2224 2226 2227
2224 2227 2228
2229 2226 2225
2229 2230 2226
2229 2231 2230
2231 2232 2230
2231 2233 2232
2228 2227 2234
2228 2234 2235
2236 2235 2234
2236 2234 2237
2236 2237 2238
2238 2237 2239
2238 2239 2240
2241 2240 2239
2241 2239 2242
2241 2242 2243
2243 2242 2232
2243 2232 2233
2244 2245 2246
2244 2246 2247
2248 2249 2250
2248 2250 2251
2252 2248 2251
2252 2251 2253
2254 2255 2256
2254 2256 2257
2258 2257 2256
2259 2258 2256
2259 2256 2260
2259 2260 2261
2259 2261 2262
2262 2261 2263
2264 2263 2261
2264 2261 2265
2266 2267 2268
2266 2268 2269
2269 2268 2270
2269 2270 2271
2272 2273 2274
2272 2274 2275
2276 2277 2278
2276 2278 2279
2280 2277 2276
2280 2281 2277
2282 2283 2284
2282 2284 2285
2286 2287 2288
2286 2288 2289
2290 2291 2292
2290 2292 2293
2294 2295 2296
2294 2296 2297
2298 2299 2300
2298 2300 2301
2299 2302 2300
2299 2303 2302
2304 2305 2306
2304 2306 2307
2308 2309 2310
2308 2310 2311
2308 2312 2309
2308 2313 2312
2314 2311 2310
2315 2314 2310
2315 2310 2316
2313 2317 2312
2318 2312 2317
2318 2319 2312
2320 2321 2322
2320 2322 2323
2324 2325 2326
2324 2326 2327
2327 2326 2328
2327 2328 2329
2330 2331 2332
2330 2332 2333
2334 2335 2336
2334 2336 2337
2338 2335 2334
2338 2339 2335
2340 2341 2342
2340 2342 2343
2344 2345 2346
2344 2346 2347
2348 2349 2350
2348 2350 2351
2352 2353 2354
2352 2354 2355
2352 2356 2353
2352 2357 2356
2354 2358 2355
2354 2359 2358
2360 2361 2362
2360 2362 2363
2363 2364 2360
2363 2365 2364
2361 2366 2362
2361 2367 2366
2368 2369 2370
2368 2370 2371
2372 2373 2374
2372 2374 2375
2376 2377 2378
2376 2378 2379
2380 2381 2382
2380 2382 2383
2384 2385 2386
2384 2386 2387
2388 2389 2390
2388 2390 2391
2392 2393 2394
2392 2394 2395
2392 2396 2393
2392 2397 2396
2394 2398 2395
2394 2399 2398
2400 2401 2402
2400 2402 2403
2403 2404 2400
2403 2405 2404
2401 2406 2402
2401 2407 2406
2408 2409 2410
2408 2410 2411
2412 2413 2414
2412 2414 2415
2416 2417 2418
2416 2418 2419
2420 2421 2422
2420 2422 2423
2424 2425 2426
2424 2426 2427
2428 2429 2430
2428 2430 2431
2432 2433 2434
2432 2434 2435
2432 2436 2433
2432 2437 2436
2434 2438 2435
2434 2439 2438
2440 2441 2442
2440 2442 2443
2443 2444 2440
2443 2445 2444
2441 2446 2442
2441 2447 2446
2448 2449 2450
2448 2450 2451
2452 2453 2454
2452 2454 2455
2456 2457 2458
2456 2458 2459
2460 2461 2462
2460 2462 2463
2464 2465 2466
2464 2466 2467
2468 2469 2470
2468 2470 2471
2472 2473 2474
2472 2474 2475
2476 2477 2478
2476 2478 2479
2480 2481 2482
2480 2482 2483
2484 2485 2486
2484 2486 2487
2488 2489 2490
2488 2490 2491
2492 2493 2494
2492 2494 2495
2496 2497 2498
2496 2498 2499
2500 2501 2502
2500 2502 2503
2504 2505 2506
2504 2506 2507
2506 2508 2507
2506 2509 2508
2504 2510 2505
2504 2511 2510
2512 2510 2513
2512 2513 2514
2512 2514 2515
2512 2515 2516
2515 2517 2516
2515 2518 2517
2519 2520 2521
2519 2521 2522
2522 2523 2519
2522 2524 2523
2520 2525 2521
2520 2526 2525
2527 2528 2526
2527 2526 2529
2530 2527 2529
2530 2529 2531
2531 2532 2530
2531 2533 2532
2534 2535 2536
2534 2536 2537
2537 2538 2534
2537 2539 2538
2535 2540 2536
2535 2541 2540
2542 2543 2541
2542 2541 2544
2544 2545 2542
2544 2546 2545
2546 2547 2545
2546 2548 2547
2549 2550 2551
2549 2551 2552
2549 2553 2550
2549 2554 2553
2551 2555 2552
2551 2556 2555
2557 2555 2558
2557 2558 2559
2557 2559 2560
2557 2560 2561
2560 2562 2561
2560 2563 2562
2564 2565 2566
2564 2566 2567
2568 2569 2570
2568 2570 2571
2572 2573 2574
2572 2574 2575
2576 2577 2578
2576 2578 2579
2580 2581 2582
2580 2582 2583
2584 2585 2586
2584 2586 2587
2588 2589 2590
2588 2590 2591
2592 2593 2594
2592 2594 2595
2596 2597 2598
2596 2598 2599
2600 2601 2602
2600 2602 2603
2604 2605 2606
2604 2606 2607
2608 2606 2605
2608 2605 2609
2610 2611 2612
2610 2612 2613
2614 2615 2616
2614 2616 2617
2618 2619 2620
2618 2620 2621
2622 2620 2619
2622 2619 2623
2624 2625 2626
2624 2626 2627
2628 2629 2630
2628 2630 2631
2632 2633 2634
2632 2634 2635
2636 2637 2638
2636 2638 2639
2640 2641 2642
2640 2642 2643
2644 2645 2646
2644 2646 2647
2648 2649 2650
2648 2650 2651
2652 2653 2654
2652 2654 2655
2656 2657 2658
2656 2658 2659
2660 2661 2662
2660 2662 2663
2664 2665 2666
2664 2666 2667
2668 2669 2670
2668 2670 2671
2672 2673 2674
2672 2674 2675
2676 2677 2678
2676 2678 2679
2680 2681 2682
2680 2682 2683
2684 2685 2686
2687 2688 2689
2687 2689 2690
2691 2692 2693
2691 2693 2694
2695 2696 2697
2695 2697 2698
2699 2700 2701
2699 2701 2702
2703 2704 2705
2706 2707 2708
2706 2708 2709
2710 2711 2712
2710 2712 2713
2714 2715 2716
2714 2716 2717
2718 2719 2720
2721 2720 2719
2721 2719 2722
2721 2722 2723
2724 2725 2726
2724 2726 2727
2728 2729 2730
2728 2730 2731
2732 2733 2734
2732 2734 2735
2736 2737 2738
2736 2738 2739
2740 2741 2742
2743 2742 2741
2743 2741 2744
2745 2743 2744
2746 2747 2748
2748 2747 2749
2748 2749 2750
2750 2749 2751
2752 2753 2754
2754 2753 2755
2754 2755 2756
2756 2755 2757
2758 2759 2760
2760 2759 2761
2760 2761 2762
2762 2761 2763
2764 2765 2766
2765 2764 2767
2765 2767 2768
2768 2767 2769
2770 2771 2772
2771 2770 2773
2771 2773 2774
2774 2773 2775
2776 2777 2778
2777 2776 2779
2777 2779 2780
2780 2779 2781
2782 2783 2784
2782 2784 2785
2786 2787 2788
2786 2788 2789
2790 2791 2792
2790 2792 2793
2794 2795 2796
2794 2796 2797
2798 2799 2800
2798 2800 2801
2802 2803 2804
2802 2804 2805
2806 2807 2808
2806 2808 2809
2810 2811 2812
2810 2812 2813
2814 2815 2816
2814 2816 2817
2818 2819 2820
2818 2820 2821
2822 2823 2824
2822 2824 2825
2826 2827 2828
2826 2828 2829
2830 2831 2832
2830 2832 2833
2834 2835 2836
2834 2836 2837
2838 2839 2840
2838 2840 2841
2842 2843 2844
2842 2844 2845
2846 2847 2848
2846 2848 2849
2850 2851 2852
2850 2852 2853
2854 2855 2856
2854 2856 2857
2858 2859 2860
2858 2860 2861
2862 2863 2864
2862 2864 2865
2866 2867 2868
2866 2868 2869
2870 2871 2872
2870 2872 2873
2874 2875 2876
2874 2876 2877
2878 2879 2880
2878 2880 2881
2882 2883 2884
2882 2884 2885
2886 2887 2888
2886 2888 2889
2890 2891 2892
2890 2892 2893
2894 2895 2896
2894 2896 2897
2898 2899 2900
2901 2902 2903
2904 2905 2906
2907 2908 2909
2910 2911 2912
2910 2912 2913
2914 2915 2916
2914 2916 2917
2918 2919 2920
2918 2920 2921
2922 2923 2924
2922 2924 2925
2926 2927 2928
2926 2928 2929
2930 2931 2932
2930 2932 2933
2934 2935 2936
2934 2936 2937
2938 2939 2940
2938 2940 2941
2942 2943 2944
2942 2944 2945
2946 2947 2948
2946 2948 2949
2950 2951 2952
2950 2952 2953
2954 2955 2956
2957 2958 2959
2957 2959 2960
2961 2962 2963
2961 2963 2964
2965 2966 2967
2965 2967 2968
2969 2970 2971
2969 2971 2972
2973 2974 2975
2976 2977 2978
2976 2978 2979
2980 2981 2982
2980 2982 2983
2984 2985 2986
2984 2986 2987
2988 2989 2990
2988 2990 2991
2992 2993 2994
2992 2994 2995
2996 2997 2998
2996 2998 2999
3000 3001 3002
3000 3002 3003
3004 3005 3006
3004 3006 3007
3008 3009 3010
3008 3010 3011
3012 3013 3014
3012 3014 3015
3016 3017 3018
3019 3020 3021
3019 3021 3022
3023 3024 3025
3023 3025 3026
3027 3028 3029
3027 3029 3030
3031 3032 3033
3031 3033 3034
3035 3036 3037
3038 3039 3040
3038 3040 3041
3042 3043 3044
3042 3044 3045
3046 3047 3048
3046 3048 3049
3050 3051 3052
3050 3052 3053
3054 3055 3056
3054 3056 3057
3058 3059 3060
3058 3060 3061
3062 3063 3064
3062 3064 3065
3066 3067 3068
3066 3068 3069
3070 3071 3072
3070 3072 3073
3074 3075 3076
3074 3076 3077
3078 3079 3080
3081 3082 3083
3081 3083 3084
3085 3086 3087
3085 3087 3088
3089 3090 3091
3089 3091 3092
3093 3094 3095
3093 3095 3096
3097 3098 3099
3100 3101 3102
3100 3102 3103
3104 3105 3106
3104 3106 3107
3108 3109 3110
3108 3110 3111
3112 3113 3114
3112 3114 3115
3115 3114 3116
3115 3116 3117
3118 3119 3120
3118 3120 3121
3121 3120 3122
3121 3122 3123
3124 3125 3126
3126 3125 3127
3126 3127 3128
3128 3127 3129
3128 3129 3130
3131 3132 3133
3133 3132 3134
3133 3134 3135
3135 3134 3136
3135 3136 3137
3138 3139 3140
3140 3139 3141
3142 3139 3138
3143 3139 3144
3145 3146 3143
3147 3146 3145
3148 3146 3147
3149 3146 3142
3150 3151 3152
3153 3151 3154
3155 3151 3153
3156 3151 3155
3157 3151 3158
3159 3151 3157
3158 3151 3160
3160 3151 3161
3162 3163 3159
3164 3163 3150
3165 3166 3167
3165 3167 3168
3168 3167 3169
3168 3169 3170
3171 3172 3173
3171 3173 3174
3174 3173 3175
3174 3175 3176
3177 3178 3179
3179 3178 3180
3179 3180 3181
3181 3180 3182
3181 3182 3183
3184 3185 3186
3186 3185 3187
3186 3187 3188
3188 3187 3189
3188 3189 3190
3191 3192 3193
3193 3192 3194
3195 3192 3191
3196 3192 3197
3198 3199 3196
3200 3199 3198
3201 3199 3200
3202 3199 3195
3203 3204 3205
3206 3204 3207
3208 3204 3206
3209 3204 3208
3210 3204 3211
3212 3204 3210
3211 3204 3213
3213 3204 3214
3215 3216 3212
3217 3216 3203
3218 3219 3220
3218 3220 3221
3219 3222 3220
3219 3223 3222
3223 3224 3222
3223 3225 3224
3225 3226 3224
3225 3227 3226
3227 3228 3226
3227 3229 3228
3229 3230 3228
3229 3231 3230
3221 3220 3232
3221 3232 3233
3220 3222 3234
3220 3234 3232
3222 3224 3235
3222 3235 3234
3224 3226 3236
3224 3236 3235
3226 3228 3237
3226 3237 3236
3228 3230 3238
3228 3238 3237
3233 3232 3239
3233 3239 3240
3232 3234 3241
3232 3241 3239
3234 3235 3242
3234 3242 3241
3235 3236 3243
3235 3243 3242
3236 3237 3244
3236 3244 3243
3237 3238 3245
3237 3245 3244
3240 3239 3246
3240 3246 3247
3239 3241 3248
3239 3248 3246
3241 3242 3249
3241 3249 3248
3242 3243 3250
3242 3250 3249
3243 3244 3251
3243 3251 3250
3244 3245 3252
3244 3252 3251
3247 3246 3253
3247 3253 3254
3246 3248 3255
3246 3255 3253
3248 3249 3256
3248 3256 3255
3249 3250 3257
3249 3257 3256
3250 3251 3258
3250 3258 3257
3251 3252 3259
3251 3259 3258
3254 3253 3260
3254 3260 3261
3253 3255 3262
3253 3262 3260
3255 3256 3263
3255 3263 3262
3256 3257 3264
3256 3264 3263
3257 3258 3265
3257 3265 3264
3258 3259 3266
3258 3266 3265
3261 3260 3267
3261 3267 3268
3260 3262 3269
3260 3269 3267
3262 3263 3270
3262 3270 3269
3263 3264 3271
3263 3271 3270
3264 3265 3272
3264 3272 3271
3265 3266 3273
3265 3273 3272
3274 3275 3276
3274 3276 3277
3278 3277 3276
3278 3276 3279
3274 3280 3275
3274 3281 3280
3274 3282 3281
3274 3283 3282
3277 3278 3284
3285 3284 3278
3285 3278 3286
3286 3278 3279
3285 3286 3287
3285 3287 3288
3277 3284 3289
3289 3283 3274
3289 3274 3277
3286 3279 3290
3291 3281 3282
3291 3292 3281
3292 3280 3281
3293 3280 3292
3293 3292 3294
3295 3293 3294
3296 3293 3295
3296 3295 3297
3296 3297 3298
3296 3298 3299
3299 3298 3300
3299 3300 3301
3301 3300 3302
3301 3302 3303
3301 3303 3290
3297 3304 3298
3297 3305 3304
3298 3304 3306
3298 3306 3300
3300 3306 3307
3300 3307 3302
3303 3302 3308
3303 3308 3309
3297 3295 3310
3297 3310 3305
3304 3305 3311
3304 3311 3312
3306 3304 3312
3306 3312 3313
3307 3306 3313
3307 3313 3314
3305 3310 3315
3305 3315 3311
3315 3310 3316
3315 3316 3317
3317 3316 3318
3318 3316 3319
3319 3316 3310
3318 3319 3320
3319 3321 3320
3319 3294 3321
3295 3294 3319
3319 3310 3295
3294 3322 3321
3294 3292 3322
3322 3292 3291
3322 3291 3323
3317 3318 3324
3325 3321 3322
3325 3322 3326
3327 3325 3326
3327 3328 3325
3328 3329 3325
3329 3320 3321
3329 3321 3325
3318 3320 3329
3328 3330 3329
3328 3331 3330
3328 3332 3331
3327 3332 3328
3332 3333 3331
3332 3334 3333
3334 3335 3333
3334 3336 3335
3330 3331 3337
3330 3337 3338
3331 3333 3339
3331 3339 3337
3333 3335 3340
3333 3340 3339
3330 3338 3341
3330 3341 3329
3337 3342 3338
3337 3343 3342
3339 3343 3337
3339 3344 3343
3340 3344 3339
3338 3342 3345
3338 3345 3341
3345 3318 3341
3345 3324 3318
3318 3329 3341
3346 3336 3334
3347 3346 3334
3348 3346 3347
3348 3349 3346
3347 3350 3348
3347 3327 3350
3327 3351 3350
3327 3326 3351
3326 3322 3351
3327 3347 3332
3347 3334 3332
3350 3352 3348
3350 3353 3352
3351 3353 3350
3351 3322 3323
3351 3354 3353
3323 3354 3351
3355 3354 3323
3352 3356 3348
3352 3357 3356
3356 3357 3358
3356 3358 3359
3359 3346 3356
3359 3360 3346
3359 3361 3360
3359 3362 3361
3358 3362 3359
3363 3357 3352
3363 3364 3357
3358 3357 3364
3364 3363 3365
3364 3365 3366
3367 3365 3363
3367 3354 3355
3367 3368 3365
3367 3355 3368
3369 3364 3366
3358 3364 3369
3369 3366 3370
3370 3371 3369
3370 3372 3371
3369 3371 3373
3369 3373 3358
3358 3373 3374
3358 3374 3362
3352 3367 3363
3352 3353 3367
3353 3354 3367
3371 3372 3375
3371 3375 3376
3373 3371 3376
3376 3375 3377
3376 3377 3378
3379 3376 3378
3374 3373 3379
3373 3376 3379
3379 3378 3380
3378 3377 3381
3380 3378 3381
3374 3379 3382
3362 3374 3382
3362 3382 3383
3383 3382 3384
3383 3384 3385
3385 3384 3386
3387 3385 3386
3388 3383 3385
3388 3385 3387
3389 3388 3387
3389 3387 3390
3390 3387 3391
3361 3362 3383
3361 3383 3388
3392 3393 3394
3392 3394 3395
3395 3309 3392
3395 3396 3309
3395 3394 3397
3395 3397 3398
3398 3396 3395
3398 3287 3396
3398 3397 3399
3398 3399 3400
3394 3393 3401
3394 3401 3402
3397 3394 3402
3397 3402 3403
3404 3403 3402
3405 3403 3404
3404 3402 3406
3407 3397 3403
3407 3403 3405
3288 3287 3398
3288 3398 3400
3309 3396 3290
3309 3290 3303
3396 3287 3286
3396 3286 3290
3301 3290 3279
3279 3299 3301
3279 3276 3299
3276 3296 3299
3276 3275 3296
3275 3293 3296
3275 3280 3293
3408 3409 3410
3409 3411 3410
3409 3412 3411
3410 3411 3413
3411 3414 3413
3414 3411 3412
3410 3413 3415
3416 3410 3415
3408 3410 3416
3416 3417 3408
3416 3418 3417
3416 3415 3419
3419 3418 3416
3419 3308 3418
3419 3415 3420
3419 3420 3392
3415 3413 3421
3415 3421 3420
3413 3414 3421
3309 3308 3419
3309 3419 3392
3417 3418 3307
3417 3307 3314
3418 3308 3302
3418 3302 3307
3422 3423 3424
3422 3424 3425
3425 3424 3426
3427 3424 3423
3424 3427 3428
3426 3428 3429
3430 3426 3429
3430 3429 3431
3430 3431 3432
3430 3432 3433
3431 3429 3434
3435 3431 3434
3433 3432 3436
3436 3432 3437
3437 3438 3436
3436 3438 3439
3436 3439 3440
3433 3436 3440
3437 3441 3438
3442 3441 3437
3442 3443 3441
3438 3441 3444
3438 3444 3445
3439 3438 3445
3439 3445 3446
3441 3443 3447
3441 3447 3444
3443 3448 3447
3443 3449 3448
3450 3449 3443
3450 3443 3451
3452 3444 3447
3445 3444 3452
3446 3445 3452
3450 3451 3453
3450 3453 3454
3437 3453 3442
3437 3455 3453
3447 3448 3456
3454 3453 3457
3454 3457 3458
3457 3459 3458
3453 3435 3457
3453 3455 3435
3455 3431 3435
3455 3432 3431
3432 3455 3437
3460 3461 3462
3460 3462 3463
3464 3461 3460
3460 3465 3464
3464 3466 3461
3462 3461 3467
3462 3467 3468
3468 3469 3462
3468 3470 3469
3462 3469 3471
3462 3471 3463
3461 3466 3472
3461 3472 3467
3473 3465 3460
3473 3460 3463
3474 3465 3473
3474 3473 3475
3473 3463 3476
3473 3476 3477
3475 3473 3477
3478 3474 3475
3478 3475 3479
3475 3480 3479
3475 3481 3480
3475 3477 3481
3482 3478 3479
3479 3483 3482
3479 3484 3483
3485 3482 3483
3482 3485 3486
3486 3487 3482
3487 3478 3482
3480 3481 3488
3483 3484 3488
3477 3476 3489
3477 3489 3490
3489 3491 3490
3489 3492 3491
3492 3493 3491
3492 3494 3493
3494 3495 3493
3494 3496 3495
3483 3488 3497
3497 3485 3483
3488 3498 3497
3488 3499 3498
3500 3499 3488
3500 3501 3499
3499 3501 3502
3498 3499 3502
3495 3496 3503
3481 3500 3488
3481 3504 3500
3500 3504 3505
3500 3505 3506
3506 3505 3507
3507 3495 3508
3507 3508 3509
3506 3507 3509
3481 3477 3504
3497 3510 3511
3511 3510 3512
3513 3511 3512
3485 3511 3514
3485 3514 3515
3497 3511 3485
3485 3515 3486
3508 3495 3516
3517 3518 3519
3519 3518 3520
3469 3520 3518
3469 3470 3520
3471 3469 3518
3471 3518 3517
3521 3522 3523
3521 3523 3524
3524 3523 3525
3525 3523 3526
3525 3526 3527
3528 3525 3527
3528 3527 3529
3525 3528 3530
3525 3530 3531
3524 3525 3531
3530 3528 3532
3530 3532 3533
3532 3534 3533
3533 3534 3535
3533 3535 3340
3340 3530 3533
3532 3536 3534
3536 3532 3537
3536 3537 3538
3538 3537 3539
3538 3539 3540
3540 3539 3541
3540 3541 3542
3532 3528 3543
3532 3543 3537
3537 3543 3544
3537 3544 3539
3539 3544 3545
3539 3545 3541
3541 3545 3546
3547 3541 3546
3340 3535 3344
3340 3335 3530
3335 3531 3530
3335 3336 3531
3336 3524 3531
3336 3548 3524
3346 3548 3336
3346 3549 3548
3548 3549 3521
3548 3521 3524
3550 3521 3549
3550 3551 3521
3550 3549 3552
3521 3551 3553
3521 3553 3554
3555 3556 3557
3555 3557 3558
3556 3559 3557
3558 3557 3560
3557 3559 3560
3559 3561 3560
3561 3562 3560
3558 3560 3562
3561 3563 3562
3529 3562 3563
3529 3527 3562
3527 3558 3562
3527 3526 3558
3558 3526 3564
3558 3564 3565
3566 3526 3523
3566 3523 3522
3528 3567 3568
3528 3568 3569
3568 3567 3570
3570 3567 3571
3570 3572 3568
3572 3570 3573
3570 3574 3573
3574 3575 3573
3575 3576 3573
3573 3576 3577
3578 3577 3576
3573 3577 3579
3572 3573 3579
3575 3580 3576
3580 3581 3576
3582 3574 3570
3570 3571 3582
3464 3465 3583
3583 3465 3474
3472 3466 3584
3585 3586 3587
3588 3587 3586
3588 3586 3589
3588 3589 3590
3588 3590 3591
3590 3592 3591
3590 3593 3592
3592 3593 3594
3593 3595 3594
3593 3596 3595
3592 3594 3597
3594 3595 3598
3594 3598 3599
3597 3594 3599
3600 3599 3598
3601 3599 3600
3597 3599 3601
3602 3596 3593
3602 3593 3590
3589 3602 3590
3589 3603 3602
3604 3603 3589
3605 3603 3604
3603 3605 3606
3603 3606 3602
3606 3607 3602
3606 3608 3607
3609 3607 3608
3609 3608 3610
3611 3609 3610
3611 3610 3612
3613 3611 3612
3605 3604 3614
3614 3604 3586
3604 3589 3586
3605 3614 3615
3616 3615 3614
3616 3617 3615
3617 3618 3615
3615 3618 3619
3615 3619 3620
3618 3617 3621
3622 3621 3617
3616 3622 3617
3622 3623 3621
3623 3624 3621
3623 3625 3624
3621 3624 3626
3621 3626 3627
3618 3621 3627
3627 3626 3628
3627 3628 3629
3626 3624 3630
3630 3624 3625
3626 3630 3631
3625 3632 3630
3631 3630 3632
3625 3633 3632
3631 3632 3634
3634 3632 3635
3634 3635 3636
3634 3636 3637
3634 3637 3638
3638 3631 3634
3639 3637 3636
3640 3637 3639
3638 3637 3640
3640 3639 3641
3639 3642 3641
3639 3643 3642
3644 3643 3639
3639 3636 3644
3644 3645 3643
3646 3645 3644
3636 3646 3644
3646 3647 3645
3636 3648 3646
3645 3647 3649
3647 3650 3649
3651 3649 3650
3651 3650 3652
3653 3651 3652
3653 3654 3651
3655 3654 3653
3655 3656 3654
3657 3654 3656
3658 3656 3655
3659 3656 3658
3659 3657 3656
3660 3659 3658
3660 3661 3659
3661 3662 3659
3661 3663 3662
3664 3661 3660
3664 3660 3665
3666 3664 3665
3666 3665 3667
3668 3666 3667
3668 3669 3666
3670 3669 3668
3671 3670 3668
3671 3668 3672
3670 3673 3669
3673 3674 3669
3673 3675 3674
3669 3674 3676
3669 3676 3666
3667 3665 3677
3667 3677 3678
3668 3667 3678
3668 3678 3672
3665 3679 3677
3665 3660 3679
3673 3680 3675
3674 3681 3676
3681 3682 3676
3681 3683 3682
3683 3663 3682
3683 3684 3663
3684 3683 3685
3684 3685 3686
3683 3681 3687
3683 3687 3685
3681 3688 3687
3681 3689 3688
3674 3689 3681
3663 3664 3682
3682 3664 3666
3682 3666 3676
3663 3690 3664
3663 3684 3691
3663 3691 3692
3692 3691 3693
3692 3693 3694
3663 3692 3662
3692 3695 3662
3692 3696 3695
3696 3697 3695
3697 3657 3695
3697 3698 3657
3698 3697 3699
3698 3699 3700
3654 3698 3700
3657 3698 3654
3654 3700 3651
3699 3697 3701
3696 3701 3697
3701 3696 3702
3702 3696 3692
3702 3692 3694
3701 3702 3703
3704 3701 3703
3699 3701 3704
3705 3699 3704
3699 3705 3706
3705 3707 3706
3705 3708 3707
3699 3706 3709
3706 3710 3709
3706 3711 3710
3711 3706 3707
3712 3710 3711
3712 3713 3710
3714 3710 3713
3643 3714 3713
3643 3645 3714
3645 3649 3714
3649 3715 3714
3714 3715 3710
3709 3710 3715
3649 3651 3715
3709 3715 3716
3716 3715 3651
3699 3709 3716
3707 3708 3717
3717 3708 3718
3717 3718 3719
3717 3719 3720
3717 3720 3721
3722 3720 3719
3718 3722 3719
3722 3723 3720
3724 3723 3722
3724 3722 3725
3718 3725 3722
3724 3725 3726
3691 3725 3718
3726 3725 3691
3691 3718 3704
3724 3727 3723
3727 3728 3723
3727 3729 3728
3729 3730 3728
3723 3728 3731
3723 3731 3720
3728 3732 3731
3731 3732 3733
3720 3731 3734
3726 3691 3684
3684 3735 3726
3684 3736 3735
3689 3735 3736
3689 3737 3735
3735 3737 3738
3735 3738 3739
3738 3740 3739
3738 3741 3740
3742 3741 3738
3742 3738 3743
3740 3724 3739
3740 3744 3724
3744 3740 3745
3744 3745 3746
3740 3741 3747
3740 3747 3745
3741 3742 3748
3741 3748 3747
3742 3749 3748
3742 3750 3749
3749 3751 3748
3749 3752 3751
3745 3753 3746
3745 3754 3753
3747 3754 3745
3747 3755 3754
3748 3751 3756
3748 3756 3757
3724 3744 3758
3758 3744 3759
3760 3759 3744
3761 3759 3760
3761 3762 3759
3761 3763 3762
3761 3764 3763
3764 3765 3763
3764 3766 3765
3767 3762 3763
3767 3768 3762
3766 3769 3765
3769 3770 3765
3770 3763 3765
3769 3771 3770
3769 3772 3771
3770 3773 3763
3771 3773 3770
3771 3774 3773
3772 3774 3771
3775 3773 3774
3775 3774 3776
3772 3776 3774
3775 3776 3777
3775 3777 3778
3775 3778 3779
3779 3778 3780
3779 3780 3781
3782 3779 3781
3782 3783 3779
3784 3783 3782
3784 3782 3758
3779 3783 3785
3779 3785 3775
3775 3785 3773
3786 3778 3777
3786 3787 3778
3787 3780 3778
3787 3788 3780
3789 3788 3787
3790 3788 3789
3791 3790 3789
3791 3792 3790
3790 3793 3788
3789 3787 3794
3792 3791 3795
3792 3795 3796
3792 3797 3790
3797 3793 3790
3792 3798 3797
3794 3799 3789
3794 3800 3799
3801 3799 3800
3796 3795 3801
3787 3786 3802
3787 3802 3794
3800 3794 3802
3803 3801 3800
3803 3804 3801
3805 3801 3804
3805 3806 3801
3796 3801 3806
3807 3805 3804
3807 3808 3805
3809 3808 3807
3809 3807 3810
3811 3809 3810
3811 3810 3812
3809 3813 3808
3809 3814 3813
3815 3803 3800
3816 3803 3815
3816 3804 3803
3816 3815 3817
3817 3815 3818
3817 3818 3819
3820 3817 3819
3820 3819 3821
3822 3820 3821
3822 3821 3823
3824 3820 3822
3824 3825 3820
3825 3816 3817
3825 3817 3820
3812 3825 3824
3810 3825 3812
3819 3818 3826
3819 3826 3827
3826 3828 3827
3829 3821 3819
3829 3830 3821
3830 3829 3831
3832 3833 3823
3833 3832 3834
3832 3823 3835
3810 3836 3825
3807 3836 3810
3807 3837 3836
3825 3836 3838
3825 3838 3839
3836 3840 3838
3836 3841 3840
3804 3841 3807
3804 3816 3841
3841 3816 3842
3841 3842 3843
3843 3842 3844
3843 3844 3845
3838 3843 3845
3838 3845 3846
3847 3838 3846
3847 3846 3848
3845 3844 3849
3846 3845 3850
3851 3846 3850
3852 3853 3854
3855 3854 3853
3854 3855 3856
3854 3856 3857
3852 3854 3857
3857 3856 3858
3857 3858 3859
3860 3857 3859
3852 3857 3860
3860 3859 3861
3860 3861 3862
3859 3863 3861
3859 3864 3863
3858 3864 3859
3865 3860 3862
3866 3860 3865
3860 3866 3852
3679 3864 3858
3856 3679 3858
3679 3867 3864
3867 3863 3864
3660 3867 3679
3660 3658 3867
3658 3655 3867
3867 3655 3863
3862 3861 3868
3863 3655 3653
3863 3653 3869
3863 3869 3861
3869 3653 3870
3869 3871 3861
3861 3871 3868
3871 3872 3868
3873 3868 3872
3652 3873 3872
3870 3652 3872
3870 3653 3652
3652 3650 3873
3874 3873 3650
3874 3875 3873
3647 3874 3650
3873 3876 3868
3875 3876 3873
3868 3876 3877
3878 3868 3877
3865 3878 3877
3865 3877 3879
3880 3879 3877
3880 3877 3881
3881 3877 3882
3882 3877 3876
3875 3882 3876
3883 3882 3875
3881 3882 3883
3884 3881 3883
3880 3881 3884
3884 3883 3885
3884 3885 3886
3887 3884 3886
3887 3880 3884
3887 3886 3888
3889 3887 3888
3890 3889 3888
3890 3888 3891
3888 3892 3891
3888 3886 3892
3886 3885 3893
3886 3893 3894
3886 3894 3892
3885 3883 3895
3885 3895 3893
3883 3875 3895
3633 3894 3893
3633 3893 3896
3895 3896 3893
3891 3622 3890
3891 3623 3622
3894 3633 3625
3894 3625 3892
3625 3623 3891
3625 3891 3892
3895 3897 3896
3875 3897 3895
3875 3874 3897
3898 3889 3890
3899 3898 3890
3899 3890 3622
3900 3896 3897
3900 3897 3901
3901 3897 3874
3902 3900 3901
3902 3903 3900
3903 3632 3900
3632 3633 3896
3632 3896 3900
3903 3904 3632
3905 3904 3903
3905 3906 3904
3907 3906 3905
3907 3908 3906
3909 3907 3905
3909 3905 3910
3910 3905 3903
3910 3903 3902
3911 3909 3910
3911 3910 3912
3912 3910 3902
3907 3909 3913
3907 3913 3914
3915 3907 3914
3915 3914 3916
3914 3913 3917
3918 3914 3917
3909 3911 3919
3909 3919 3913
3912 3902 3920
3920 3902 3901
3920 3901 3647
3901 3874 3647
3913 3921 3922
3853 3923 3924
3923 3672 3924
3672 3855 3924
3855 3853 3924
3672 3678 3855
3923 3671 3672
3855 3678 3677
3855 3677 3856
3856 3677 3679
3925 3926 3750
3926 3927 3750
3926 3928 3927
3750 3927 3929
3750 3929 3930
3929 3931 3930
3929 3760 3931
3760 3744 3931
3932 3927 3928
3932 3933 3927
3933 3929 3927
3933 3934 3929
3934 3760 3929
3934 3761 3760
3932 3935 3933
3932 3936 3935
3933 3935 3937
3933 3937 3934
3934 3937 3938
3934 3938 3761
3935 3936 3939
3937 3935 3939
3938 3937 3939
3932 3928 3940
3940 3941 3932
3940 3942 3941
3942 3943 3941
3942 3944 3943
3941 3943 3945
3941 3945 3946
3946 3947 3761
3946 3761 3948
3948 3941 3946
3948 3932 3941
3944 3949 3943
3943 3949 3945
3949 3950 3951
3950 3947 3952
3950 3952 3951
3953 3954 3955
3955 3956 3957
3957 3956 3958
3685 3955 3957
3686 3685 3957
3686 3957 3959
3685 3687 3955
3687 3960 3955
3687 3961 3960
3962 3963 3964
3963 3962 3965
3966 3962 3964
3966 3964 3967
3968 3962 3966
3968 3969 3962
3970 3963 3969
3971 3970 3969
3971 3969 3972
3973 3966 3967
3973 3974 3966
3975 3968 3966
3975 3966 3974
3976 3971 3972
3976 3977 3971
3974 3973 3978
3974 3978 3979
3975 3974 3979
3980 3979 3978
3981 3980 3978
3973 3981 3978
3982 3980 3981
3743 3982 3981
3973 3743 3981
3743 3738 3982
3973 3742 3743
3973 3750 3742
3925 3750 3973
3925 3973 3983
3982 3689 3980
3675 3980 3689
3675 3689 3674
3984 3980 3675
3984 3675 3680
3980 3985 3979
3985 3986 3979
3975 3979 3986
3680 3673 3987
3670 3987 3673
3670 3988 3987
3989 3977 3975
3990 3977 3989
3990 3991 3977
3977 3991 3992
3977 3992 3993
3992 3994 3993
3992 3995 3994
3995 3963 3994
3989 3975 3996
3997 3989 3996
3990 3989 3997
3997 3996 3998
3999 4000 4001
3999 4002 4000
3999 4003 4002
4003 3798 4002
4003 3640 3798
3638 3640 4003
3638 4003 3999
3638 3999 3629
4004 3629 3999
4001 4004 3999
4004 4005 3629
3620 4005 4004
3620 4004 4006
4005 3627 3629
4005 3618 3627
4001 4000 3806
4001 3806 3805
3797 3798 3640
3797 3640 3641
4002 3798 3792
4007 4006 4004
4007 3814 4006
3641 4008 3797
3797 4008 3793
4008 4009 3793
4009 3788 3793
4009 3780 3788
4010 3780 4009
4010 3781 3780
3717 3781 4010
3717 3782 3781
3758 3782 3717
3758 3717 4011
3707 3717 4010
4012 3707 4010
4012 4010 4009
4008 4012 4009
4013 4012 4008
4013 3711 4012
3711 3707 4012
3758 3759 3784
3762 3784 3759
3762 3783 3784
3762 3768 3783
3724 3758 4014
3726 3739 3724
3726 3735 3739
3711 4015 4016
3711 4016 3712
3712 4016 4017
3712 4017 3642
3642 4017 4018
3642 4018 3641
3713 3712 3642
3713 3642 3643
4017 4016 4019
4016 4020 4019
4016 4021 4020
4017 4019 4022
4023 4017 4022
4023 4022 4024
4022 4019 4025
4019 4026 4025
3641 4027 4008
4028 4022 4029
3802 3786 4030
3802 4030 4031
4031 4030 4032
4031 4032 4033
4034 4031 4033
4034 3802 4031
4034 4033 4035
4034 4036 3802
3786 4037 4030
3786 3777 4037
4030 4037 4038
4030 4038 4039
4032 4040 4033
4038 4040 4039
4033 4041 4035
3800 3802 4036
4042 4043 4034
4042 3815 4043
3815 3800 4043
4044 4042 4034
4044 4034 4045
4046 4044 4045
4047 3628 4048
4047 4048 4049
4049 4048 3638
4049 3638 4050
4049 4051 4047
4047 4051 4052
4047 4052 4053
4049 4054 4051
4055 4054 4049
4055 4056 4054
4052 4051 4057
4054 4056 4057
4051 4054 4057
4048 3628 3626
4048 3626 3631
3638 4048 3631
3629 3628 4047
3629 4047 4058
3811 4059 3809
3808 3813 4001
4001 3813 4004
3808 4001 3805
3789 4060 4061
3789 4061 3791
3791 4061 4062
3791 4062 3795
4061 4060 4063
4061 4063 4064
4064 4062 4061
3795 4062 4065
4065 4062 4066
4064 4066 4062
4065 4066 4067
3795 4065 3801
4068 4066 4064
4064 4063 4068
4067 4066 4069
4070 4071 4072
4072 4071 4073
3751 4070 4072
3751 3752 4070
3756 3751 4072
3756 4072 4073
4074 4075 4076
4077 4075 4074
3753 4074 4076
3753 3754 4074
3754 4077 4074
3754 3755 4077
3720 3734 4078
3704 3703 4079
3703 4080 4079
3703 4081 4080
4081 4082 4080
4083 4082 4081
4082 4083 4084
4085 4082 4084
4083 3694 4084
4083 3702 3694
3702 4083 4081
3702 4081 3703
3693 4085 4084
3693 4084 3694
3718 3705 3704
3718 3708 3705
3695 3657 3659
3695 3659 3662
3616 3899 3622
4086 3424 3428
4000 4002 3796
4000 3796 3806
4002 3792 3796
4087 4088 4089
4087 4089 4090
4089 4088 3430
4090 4089 4091
4090 4091 4092
4087 3425 4088
4087 3422 3425
4088 3425 3426
4088 3426 4093
4094 4087 4090
4095 4094 4090
4095 4090 4092
4095 4092 4096
4092 4091 4096
4095 4096 4097
4091 4098 4099
4100 4093 3433
4101 4100 3433
4102 4101 3433
4103 4104 4105
4103 4105 4106
4106 4105 4107
4106 4107 4108
4108 4107 4109
4108 4109 4110
4111 4104 4103
4111 4112 4104
4107 4105 4113
4107 4113 4114
4112 4115 4104
4115 4113 4105
4115 4105 4104
4113 4115 4116
4112 4116 4115
4113 4116 4117
4114 4113 4117
4112 4118 4116
4114 4117 4119
4119 4117 4120
4117 4121 4120
4121 4122 4120
4121 4123 4122
4118 4123 4121
4120 4122 4124
4120 4124 4125
4119 4120 4125
4125 4124 4126
4125 4126 4127
4127 4119 4125
4118 4128 4123
4117 4129 4121
4129 4118 4121
4122 4123 4130
4123 4128 4130
4130 4128 4131
4131 4132 4130
4122 4130 4132
4124 4122 4132
4131 4133 4132
4132 4133 4134
4132 4134 4135
4124 4132 4135
4135 4134 4136
4135 4136 4137
4137 4124 4135
4134 4133 4138
4134 4138 4139
4138 4140 4139
4138 4141 4140
4138 4142 4141
4133 4131 4142
4133 4142 4138
4131 4128 4142
4139 4140 4143
4139 4143 4144
4144 4136 4134
4144 4134 4139
4140 4141 4145
4146 4136 4144
4137 4136 4146
4146 4144 4147
4137 4146 4148
4148 4146 4149
4148 4149 4150
4151 4137 4148
4151 4152 4137
4144 4143 4153
4144 4153 4147
4153 4154 4147
4153 4155 4154
4155 4156 4154
4155 4157 4156
4153 4158 4155
4158 4157 4155
4153 4159 4158
4158 4160 4157
4153 4161 4159
4153 4143 4161
4158 4159 4162
4158 4162 4163
4159 4161 4164
4159 4164 4162
4163 4162 4165
4165 4166 4163
4166 4160 4158
4166 4158 4163
4165 4167 4166
4168 4160 4166
4156 4157 4168
4157 4160 4168
4168 4166 4169
4168 4169 4170
4168 4170 4171
4171 4170 4172
4171 4172 4173
4173 4172 4174
4172 4175 4174
4161 4143 4140
4166 4167 4176
4166 4176 4169
4176 4170 4169
4167 4177 4176
4177 4178 4176
4176 4178 4170
4178 4175 4172
4178 4172 4170
4177 4179 4178
4179 4175 4178
4179 4180 4175
4167 4181 4177
4182 4181 4167
4182 4183 4181
4182 4184 4183
4185 4175 4180
4186 4177 4187
4186 4187 4188
4189 4186 4188
4189 4190 4186
4191 4190 4189
4191 4189 4192
4193 4192 4189
4193 4189 4188
4194 4192 4193
4191 4192 4194
4194 4193 4195
4193 4196 4195
4193 4197 4196
4197 4193 4188
4197 4188 4187
4187 4198 4197
4198 4199 4183
4199 4198 4187
4199 4187 4177
4200 4201 4202
4200 4202 4203
4110 4201 4200
4204 4110 4200
4205 4204 4200
4206 4204 4205
4206 4205 4207
4205 4200 4208
4208 4209 4205
4208 4210 4209
4205 4209 4211
4205 4211 4207
4204 4212 4110
4213 4206 4207
4207 4214 4213
4207 4215 4214
4213 4214 4216
4213 4216 4217
4217 4218 4213
4213 4218 4206
4217 4219 4218
4219 4220 4218
4219 4221 4220
4218 4222 4206
4223 4212 4222
4223 4224 4212
4223 4225 4224
4223 4226 4225
4226 4227 4225
4226 4228 4227
4229 4228 4226
4229 4226 4230
4228 4231 4227
4228 4232 4231
4232 4228 4229
4224 4225 4106
4224 4106 4108
4233 4230 4226
4233 4226 4223
4222 4233 4223
4234 4230 4233
4234 4235 4230
4229 4230 4235
4227 4231 4111
4227 4111 4103
4225 4227 4103
4225 4103 4106
4220 4234 4233
4220 4221 4234
4234 4221 4236
4110 4224 4108
4110 4212 4224
4110 4109 4201
4201 4109 4237
4201 4237 4238
4238 4237 4239
4239 4240 4238
4237 4109 4107
4237 4107 4114
4241 4237 4114
4237 4241 4239
4239 4241 4127
4239 4127 4242
4127 4243 4242
4242 4243 4244
4242 4244 4245
4245 4239 4242
4127 4126 4243
4127 4241 4119
4241 4114 4119
4245 4244 4246
4246 4244 4247
4246 4247 4248
4248 4249 4246
4248 4250 4249
4246 4249 4251
4246 4251 4252
4245 4246 4252
4253 4245 4252
4252 4254 4253
4252 4255 4254
4253 4256 4245
4253 4254 4257
4253 4257 4258
4258 4256 4253
4258 4257 4259
4258 4259 4260
4258 4202 4256
4251 4249 4261
4251 4261 4262
4261 4263 4262
4264 4263 4261
4259 4257 4265
4259 4265 4266
4265 4267 4266
4268 4267 4265
4257 4254 4268
4257 4268 4265
4269 4267 4268
4254 4255 4269
4254 4269 4268
4249 4264 4261
4249 4250 4264
4203 4202 4258
4203 4258 4260
4270 4271 4272
4272 4273 4270
4272 4149 4273
4272 4271 4274
4150 4149 4272
4150 4272 4274
4273 4149 4146
4273 4146 4147
4238 4275 4276
4238 4276 4277
4276 4275 4278
4276 4278 4279
4279 4278 4280
4275 4281 4278
4275 4282 4281
4282 4275 4238
4278 4283 4284
4285 4286 4287
4287 4286 4288
4209 4285 4287
4209 4210 4285
4211 4209 4287
4211 4287 4288
4289 4290 4291
4291 4290 4292
4214 4289 4291
4214 4215 4289
4216 4214 4291
4216 4291 4292
4293 4290 4294
4295 4293 4294
4295 4296 4293
4297 4296 4295
4297 4295 4298
4299 4297 4298
4299 4298 4300
4236 4299 4300
4236 4301 4299
4218 4302 4222
4222 4302 4233
4222 4212 4204
4222 4204 4206
4161 4140 4145
4164 4161 4145
4137 4152 4124
4245 4256 4239
4256 4201 4239
4256 4202 4201
4247 4303 4151
4247 4151 4148
4304 4305 4306
4304 4306 4307
4306 4305 4308
4306 4308 4309
4309 4308 4310
4311 4312 4313
4311 4313 4314
4314 4313 4315
4315 4313 4316
4315 4316 4317
4313 4312 4318
4313 4318 4319
4316 4313 4319
4319 4318 4320
4321 4319 4320
4316 4319 4321
4315 4322 4323
4315 4323 4324
4315 4324 4325
4315 4325 4326
4315 4326 4327
4324 4323 4328
4325 4329 4328
4315 4327 4330
4331 4332 4333
4331 4333 4334
4334 4333 4335
4334 4335 4336
4336 4335 4337
4336 4337 4338
4333 4332 4339
4333 4339 4340
4335 4333 4340
4335 4340 4341
4338 4337 4342
4343 4335 4341
4342 4344 4343
4343 4344 4335
4345 4339 4332
4346 4347 4348
4346 4348 4349
4346 4349 4350
4346 4350 4351
4351 4350 4352
4350 4349 4353
4349 4348 4353
4350 4353 4354
4352 4350 4354
4348 4355 4353
4356 4357 4358
4356 4358 4359
4359 4358 4360
4359 4360 4361
4361 4360 4362
4358 4357 4363
4358 4363 4364
4360 4358 4364
4360 4364 4365
4362 4360 4365
4362 4365 4366
4365 4367 4366
4364 4363 4367
4365 4364 4367
4363 4368 4367
4369 4370 4371
4369 4371 4372
4372 4371 4373
4371 4370 4373
4372 4373 4374
4372 4374 4375
4372 4375 4376
4376 4375 4377
4374 4373 4378
4374 4378 4379
4375 4374 4379
4375 4379 4380
4377 4375 4380
4369 4381 4370
4382 4383 4384
4382 4384 4385
4386 4385 4384
4386 4387 4385
4387 4386 4388
4389 4390 4391
4391 4390 4392
4390 4393 4392
4392 4393 4394
4393 4395 4394
4393 4396 4395
4397 4396 4393
4397 4393 4398
4399 4396 4397
4399 4400 4396
4396 4400 4401
4396 4401 4395
4402 4401 4400
4402 4400 4399
4403 4404 4405
4403 4405 4406
4404 4407 4405
4404 4408 4407
4406 4405 4409
4405 4410 4409
4405 4407 4410
4410 4411 4409
4412 4413 4414
4415 4412 4414
4415 4414 4416
4417 4415 4416
4417 4416 4418
4417 4418 4419
4420 4421 4422
4420 4422 4423
4423 4422 4424
4424 4422 4425
4425 4422 4421
4424 4425 4426
4426 4425 4427
4423 4424 4428
4428 4429 4423
4425 4421 4430
4427 4425 4430
4423 4431 4420
4423 4432 4431
4433 4434 4435
4433 4435 4436
4436 4435 4437
4433 4438 4434
4433 4439 4438
4434 4440 4435
4435 4440 4437
4434 4441 4440
4442 4441 4434
4442 4434 4438
4441 4442 4443
4443 4444 4441
4443 4445 4444
4444 4445 4446
4444 4446 4447
4447 4446 4448
4446 4445 4449
4446 4449 4450
4448 4446 4450
4445 4451 4449
4445 4443 4451
4452 4442 4438
4452 4438 4453
4454 4455 4456
4454 4456 4457
4457 4456 4458
4457 4458 4459
4459 4458 4460
4459 4460 4461
4461 4462 4459
4463 4459 4462
4463 4462 4464
4464 4462 4465
4464 4465 4466
4467 4464 4466
4467 4466 4468
4469 4467 4468
4469 4468 4470
4464 4467 4471
4467 4469 4472
4467 4472 4471
4472 4469 4473
4473 4469 4470
4464 4471 4474
4464 4474 4463
4475 4474 4471
4475 4471 4476
4474 4475 4477
4477 4475 4478
4478 4475 4476
4474 4477 4479
4463 4474 4479
4480 4481 4463
4482 4481 4480
4482 4480 4483
4482 4483 4484
4484 4483 4485
4482 4486 4481
4486 4457 4481
4483 4480 4487
4480 4463 4487
4483 4487 4488
4489 4483 4488
4490 4457 4486
4491 4490 4486
4492 4490 4491
4492 4493 4490
4493 4454 4490
4490 4454 4457
4491 4486 4494
4495 4491 4494
4492 4496 4495
4492 4495 4497
4497 4495 4498
4495 4494 4499
4500 4495 4499
4501 4454 4493
4502 4501 4493
4501 4502 4503
4503 4502 4504
4504 4502 4493
4503 4504 4505
4505 4504 4506
4505 4506 4507
4507 4506 4508
4501 4503 4509
4510 4501 4509
4510 4509 4511
4506 4504 4512
4506 4512 4513
4508 4506 4513
4504 4493 4512
4501 4510 4454
4510 4455 4454
4510 4514 4455
4514 4510 4515
4515 4510 4511
4514 4515 4516
4462 4461 4517
4462 4517 4465
4461 4518 4517
4461 4460 4518
4518 4460 4519
4481 4457 4459
4481 4459 4463
4520 4521 4522
4520 4522 4523
4520 4523 4524
4520 4524 4525
4525 4524 4526
4525 4526 4527
4527 4526 4528
4523 4522 4529
4530 4529 4522
4530 4522 4531
4523 4529 4532
4524 4523 4532
4526 4524 4533
4524 4532 4533
4526 4533 4534
4528 4526 4534
4535 4522 4521
4535 4521 4536
4537 4529 4530
4537 4538 4529
4539 4538 4537
4539 4537 4540
4541 4529 4538
4541 4538 4542
4542 4538 4539
4541 4542 4543
4541 4543 4544
4544 4543 4545
4544 4545 4546
4546 4545 4547
4543 4542 4548
4542 4539 4548
4543 4548 4549
4545 4543 4549
4545 4549 4550
4547 4545 4550
4536 4551 4535
4537 4552 4540
4540 4552 4553
4554 4540 4553
4554 4553 4555
4554 4555 4556
4554 4556 4557
4557 4556 4558
4557 4558 4559
4559 4558 4560
4558 4556 4561
4556 4562 4561
4556 4563 4562
4563 4553 4564
4563 4564 4562
4562 4564 4565
4562 4565 4566
4562 4566 4567
4562 4567 4568
4567 4566 4569
4567 4569 4570
4566 4565 4571
4566 4571 4569
4572 4567 4570
4573 4567 4572
4573 4572 4574
4574 4572 4575
4572 4570 4576
4575 4572 4576
4569 4571 4577
4569 4577 4578
4569 4578 4579
4569 4579 4580
4580 4579 4581
4580 4581 4582
4582 4581 4583
4571 4584 4577
4565 4584 4571
4565 4585 4584
4564 4585 4565
4553 4585 4564
4584 4585 4586
4585 4552 4586
4553 4552 4585
4552 4587 4586
4537 4587 4552
4530 4587 4537
4535 4587 4530
4588 4584 4586
4589 4588 4586
4590 4588 4589
4591 4588 4590
4592 4591 4590
4592 4590 4593
4594 4592 4593
4595 4592 4594
4595 4591 4592
4595 4594 4596
4596 4594 4597
4596 4597 4598
4598 4597 4599
4598 4599 4600
4594 4593 4601
4597 4594 4601
4599 4597 4602
4597 4601 4602
4599 4602 4603
4604 4599 4603
4605 4599 4604
4605 4604 4606
4606 4604 4607
4606 4607 4608
4608 4607 4609
4604 4603 4610
4607 4604 4610
4607 4610 4611
4609 4607 4611
4609 4611 4612
4601 4613 4614
4614 4613 4615
4614 4615 4616
4616 4615 4617
4615 4613 4618
4615 4618 4619
4617 4615 4619
4620 4618 4613
4620 4613 4601
4621 4601 4614
4622 4620 4601
4623 4620 4622
4593 4622 4601
4590 4622 4593
4590 4624 4622
4590 4589 4624
4625 4602 4614
4625 4614 4626
4610 4625 4626
4610 4626 4627
4628 4610 4627
4628 4627 4612
4558 4561 4629
4560 4558 4629
4630 4631 4595
4630 4595 4632
4633 4630 4632
4633 4632 4634
4583 4633 4634
4631 4635 4595
4631 4577 4635
4595 4635 4591
4577 4588 4635
4635 4588 4591
4577 4584 4588
4636 4637 4638
4636 4638 4639
4636 4639 4640
4639 4638 4641
4641 4638 4642
4642 4638 4637
4641 4642 4536
4639 4641 4643
4640 4639 4643
4642 4637 4644
4644 4645 4642
4646 4645 4644
4644 4647 4646
4646 4647 4648
4646 4648 4649
4650 4646 4649
4651 4650 4649
4652 4650 4651
4652 4651 4653
4653 4651 4654
4653 4654 4655
4655 4654 4656
4651 4649 4657
4654 4651 4657
4654 4657 4658
4656 4654 4658
4652 4659 4650
4650 4659 4646
4652 4660 4659
4661 4660 4652
4662 4661 4652
4662 4652 4663
4664 4662 4663
4665 4662 4664
4665 4661 4662
4665 4664 4666
4666 4664 4667
4664 4663 4668
4664 4668 4667
4660 4669 4659
4670 4669 4660
4670 4671 4669
4659 4669 4646
4669 4671 4586
4645 4669 4586
4646 4669 4645
4551 4645 4586
4642 4645 4551
4587 4551 4586
4535 4551 4587
4642 4551 4536
4670 4672 4671
4672 4673 4674
4674 4670 4675
4674 4675 4676
4677 4676 4675
4676 4677 4678
4677 4675 4679
4678 4677 4680
4678 4680 4681
4681 4680 4682
4681 4682 4683
4677 4679 4684
4677 4684 4680
4685 4683 4682
4682 4684 4685
4682 4686 4684
4665 4675 4661
4660 4661 4675
4660 4675 4670
4687 4688 4689
4687 4689 4690
4690 4689 4691
4690 4691 4692
4689 4688 4693
4689 4693 4694
4691 4689 4694
4691 4694 4695
4694 4693 4696
4695 4694 4696
4697 4698 4699
4697 4699 4700
4698 4701 4699
4698 4702 4701
4700 4703 4697
4700 4704 4703
4705 4704 4700
4705 4706 4704
4707 4706 4705
4707 4705 4708
4709 4707 4708
4709 4708 4710
4711 4709 4710
4708 4705 4712
4708 4712 4710
4712 4711 4710
4712 4705 4700
4712 4700 4699
4701 4713 4712
4712 4713 4711
4701 4712 4714
4715 4716 4717
4715 4717 4718
4719 4715 4718
4719 4718 4720
4717 4721 4718
4717 4722 4721
4722 4723 4721
4721 4723 4724
4718 4721 4724
4718 4724 4720
4725 4726 4727
4725 4727 4728
4727 4729 4728
4727 4730 4729
4730 4731 4729
4732 4733 4734
4735 4732 4734
4735 4734 4736
4737 4735 4736
4737 4736 4738
4739 4737 4738
4739 4738 4740
4734 4741 4736
4734 4742 4741
4733 4742 4734
4736 4741 4743
4736 4743 4738
4738 4743 4744
4738 4744 4740
4745 4739 4740
4746 4745 4740
4746 4740 4744
4745 4747 4739
4746 4744 4748
4749 4750 4751
4749 4751 4752
4752 4751 4753
4752 4753 4754
4754 4753 4755
4756 4757 4758
4756 4758 4759
4759 4758 4760
4759 4760 4761
4758 4757 4762
4760 4758 4762
4763 4764 4765
4763 4765 4766
4766 4765 4767
4766 4767 4768
4765 4764 4769
4765 4769 4770
4767 4765 4770
4767 4770 4771
4770 4769 4772
4771 4770 4772
4773 4774 4775
4775 4774 4776
4775 4776 4777
4778 4775 4777
4778 4777 4779
4780 4778 4779
4781 4778 4780
4781 4775 4778
4780 4779 4782
4783 4780 4782
4783 4782 4784
4777 4776 4785
4777 4785 4786
4779 4777 4786
4779 4786 4787
4782 4779 4787
4782 4787 4788
4789 4782 4788
4789 4788 4790
4786 4785 4791
4787 4786 4791
4788 4787 4792
4790 4788 4792
4793 4780 4783
4794 4780 4793
4781 4780 4794
4795 4775 4796
4773 4775 4795
