byte offset: 0
first index: 0
index count: 12501
topology: trianglelist
format: DXGI_FORMAT_R16_UINT

0 1 2
1 0 3
4 2 1
1 5 4
5 1 6
7 5 6
5 7 8
2 4 9
10 0 2
11 10 2
11 2 9
12 11 9
0 10 13
9 4 14
15 5 8
5 15 16
5 17 4
17 5 16
14 4 17
13 10 18
7 19 8
19 15 8
19 7 20
21 19 20
19 21 22
23 22 21
21 24 23
24 21 25
22 23 26
24 27 23
28 23 27
28 26 23
29 26 28
27 24 30
26 31 22
32 19 22
31 32 22
19 32 33
15 19 33
30 34 27
35 36 37
36 35 38
38 39 36
39 38 40
35 41 38
41 40 38
41 35 42
42 43 41
43 42 44
43 45 41
40 41 45
45 43 46
47 37 36
37 47 48
36 49 47
49 36 39
50 48 47
48 50 51
52 47 49
47 52 50
53 50 52
50 53 54
54 51 50
51 54 55
56 57 58
57 56 59
59 60 57
60 59 61
57 62 58
62 57 63
63 64 62
64 63 65
66 64 65
64 66 67
68 66 65
66 68 69
65 70 68
70 65 63
70 57 60
57 70 63
71 56 58
62 71 58
56 71 72
73 72 71
72 73 74
75 64 67
64 75 76
75 77 76
77 75 78
79 64 76
64 79 62
71 62 79
76 80 79
80 76 77
80 71 79
71 80 73
81 82 83
84 82 81
85 82 84
86 82 85
87 82 86
88 82 87
89 82 88
83 82 89
90 91 92
90 92 93
90 93 94
90 94 95
90 95 96
90 96 97
90 97 98
90 99 100
90 101 102
103 104 105
106 103 105
107 106 105
108 107 105
109 108 105
110 109 105
111 110 105
112 111 105
113 112 105
114 113 105
115 114 105
116 115 105
117 116 105
118 117 105
119 118 105
104 119 105
120 121 122
122 123 120
123 122 124
124 125 123
123 125 126
126 127 123
127 126 128
128 129 127
127 129 130
131 127 130
127 131 132
132 133 120
133 121 120
133 132 134
132 135 134
131 135 132
136 137 138
137 136 139
140 138 137
138 140 141
142 141 140
141 142 143
144 139 136
139 144 145
146 145 144
145 146 147
148 147 146
147 148 149
150 149 148
149 150 151
152 151 150
151 152 153
154 153 152
153 154 155
156 155 154
155 156 157
158 157 156
157 158 159
143 159 158
159 143 142
160 161 162
161 160 163
164 163 160
163 164 165
166 167 168
167 166 169
170 171 172
171 170 173
174 175 176
175 174 177
178 175 177
175 178 179
178 180 179
180 178 181
182 179 180
179 182 183
184 180 181
180 184 185
185 182 180
182 185 186
184 187 185
187 184 188
189 187 188
187 189 190
190 191 187
191 185 187
185 191 186
191 190 192
193 190 189
190 193 194
194 192 190
195 179 183
179 195 175
195 176 175
176 195 196
194 176 196
192 194 196
197 198 199
198 197 200
201 197 199
197 201 202
203 202 201
202 203 204
204 203 205
198 206 199
206 201 199
206 198 207
201 206 208
208 203 201
203 208 209
205 203 209
205 210 204
210 205 211
211 212 210
212 213 200
200 213 198
207 198 213
213 212 214
212 211 214
215 213 214
213 215 207
211 215 214
215 211 216
205 216 211
216 205 209
217 218 219
218 217 220
219 221 217
221 219 222
217 223 220
223 217 224
221 224 217
225 223 224
223 225 226
224 227 225
227 224 228
224 221 228
225 229 226
229 225 230
227 230 225
230 227 231
232 229 230
229 232 233
232 234 233
234 232 235
236 235 232
230 236 232
236 230 231
235 236 237
222 235 237
235 238 234
238 235 239
235 222 239
239 222 219
240 241 242
241 240 243
240 244 243
244 240 245
246 244 245
244 246 247
245 248 246
248 245 249
246 250 247
250 246 251
248 251 246
251 248 252
253 250 251
250 253 254
253 255 254
255 253 256
257 256 253
251 257 253
257 251 252
256 257 258
256 259 255
259 256 260
245 261 249
262 256 258
256 262 260
261 242 262
242 260 262
242 261 240
261 245 240
263 264 265
264 263 266
267 266 263
266 267 268
269 263 265
263 269 270
270 267 263
269 271 270
271 269 272
273 270 271
270 273 274
267 270 274
275 271 272
271 275 276
276 273 271
273 276 277
275 278 276
278 275 279
280 278 279
278 280 281
281 282 278
282 276 278
276 282 277
282 281 283
281 268 283
284 281 280
281 284 285
268 281 285
285 266 268
286 287 288
288 287 289
290 289 287
291 290 287
292 288 289
286 293 287
294 293 286
293 294 295
296 295 294
295 296 297
298 297 296
299 295 297
295 299 300
300 293 295
301 299 297
301 297 298
300 302 293
302 287 293
302 303 287
291 287 303
291 303 304
305 306 307
307 306 308
307 309 305
309 307 310
308 310 307
310 311 309
311 310 312
312 313 311
313 312 314
312 315 314
316 314 315
314 316 317
317 313 314
315 312 318
310 318 312
316 319 317
318 310 320
310 308 320
313 317 321
316 315 322
323 317 319
317 323 321
324 321 323
325 326 322
326 325 327
328 327 325
327 328 329
330 329 328
329 330 331
332 331 330
331 332 333
332 334 333
334 332 335
335 336 334
336 335 337
337 338 336
338 337 339
339 340 338
340 339 341
341 342 340
342 341 343
344 342 343
342 344 345
344 346 345
346 344 347
348 346 349
346 348 350
351 350 348
350 351 352
353 352 351
352 353 354
355 354 353
354 355 356
355 357 356
357 355 358
359 360 361
362 359 361
363 362 361
364 360 365
360 364 366
361 366 367
366 361 368
365 369 364
369 365 370
370 371 369
371 370 372
372 373 371
373 372 374
375 373 374
373 375 376
376 375 377
375 378 377
379 378 375
378 379 380
379 381 380
381 379 382
382 383 381
383 382 384
384 385 383
385 384 386
386 360 385
362 383 385
387 388 389
388 387 390
387 391 390
391 387 392
392 393 391
393 392 394
394 395 393
395 394 396
397 389 388
389 397 326
398 399 400
400 399 401
401 402 400
402 401 403
403 404 402
402 404 405
400 406 398
406 400 407
407 408 406
409 408 407
410 409 407
409 410 411
410 412 411
413 412 410
402 413 410
413 402 405
414 415 416
415 414 417
418 416 415
416 418 419
420 419 418
419 420 421
422 417 414
417 422 423
424 423 422
423 424 425
426 425 424
425 426 427
428 427 426
427 428 429
430 429 428
429 430 431
432 431 430
431 432 433
434 433 432
433 434 435
436 435 434
435 436 437
421 437 436
437 421 420
438 439 440
439 438 441
442 443 444
443 442 445
446 447 448
447 446 449
450 451 452
451 450 453
454 455 456
455 457 456
457 455 458
459 457 458
457 459 460
460 461 457
461 456 457
461 460 462
462 463 461
463 462 464
464 465 463
465 464 466
466 467 465
467 466 468
458 469 459
469 458 470
456 461 471
463 471 461
472 456 471
472 471 473
471 463 473
465 473 463
473 465 474
467 474 465
475 473 474
472 473 475
475 474 476
474 467 477
476 474 477
454 456 472
458 478 470
478 458 455
479 478 455
479 455 454
480 481 482
483 482 481
482 483 484
485 482 484
486 482 485
482 486 480
487 488 489
488 487 490
491 488 490
488 491 492
491 493 492
493 491 494
495 493 494
493 495 496
492 497 488
488 497 489
496 497 493
493 497 492
498 499 500
499 498 501
498 502 501
502 498 503
503 504 502
504 503 505
504 506 502
506 504 507
508 502 506
502 508 501
508 499 501
499 508 509
507 510 506
510 507 511
506 512 508
506 510 512
513 509 508
512 513 508
509 513 514
515 510 511
513 515 514
510 515 516
510 516 512
515 513 516
516 513 512
517 518 519
518 517 520
519 521 517
521 519 522
522 523 521
523 522 524
518 525 519
525 522 519
525 518 526
522 525 527
527 524 522
524 527 528
528 529 524
529 528 530
530 531 529
532 529 531
529 532 533
529 533 534
524 529 534
523 524 534
531 535 532
535 531 536
536 537 535
537 536 538
538 539 537
539 538 540
540 541 539
541 540 542
542 543 541
543 542 544
531 530 545
545 536 531
536 545 546
546 538 536
538 546 547
547 540 538
548 542 540
540 547 548
542 548 549
549 544 542
544 549 550
545 551 546
551 545 552
545 553 552
553 545 530
554 546 551
554 547 546
547 554 555
547 555 548
555 556 548
548 556 549
556 557 549
558 549 557
558 550 549
550 558 559
553 530 560
528 560 530
560 528 561
562 550 559
550 562 563
563 544 550
544 563 564
564 543 544
543 564 565
564 566 565
566 564 567
567 568 566
568 567 569
569 570 568
570 569 571
572 570 571
570 572 573
574 573 572
573 574 575
574 576 575
572 577 574
578 574 577
574 578 579
579 576 574
580 579 578
579 580 581
581 582 579
582 576 579
582 581 583
584 583 581
583 584 585
518 585 584
585 518 520
586 518 584
586 581 580
581 586 584
518 586 526
587 578 577
578 587 588
589 578 588
578 589 580
590 580 589
580 590 586
591 526 586
590 591 586
526 591 592
593 526 592
526 593 525
594 525 593
594 527 525
527 594 595
561 527 595
527 561 528
596 587 577
597 596 577
577 572 597
571 597 572
597 571 598
571 599 598
599 571 569
567 599 569
599 567 600
564 600 567
600 564 563
600 563 601
599 600 602
600 601 602
603 597 598
597 603 604
596 597 604
605 603 598
605 599 602
599 605 598
563 606 601
562 606 563
607 608 609
608 607 610
609 611 607
611 609 612
610 613 608
613 610 614
614 615 613
615 614 616
616 617 615
617 616 618
619 617 618
619 620 617
621 620 619
622 621 619
622 619 623
621 622 624
625 611 612
611 625 626
611 626 627
628 621 624
621 628 629
621 629 620
628 630 629
629 631 620
629 632 631
633 631 632
631 633 634
635 634 633
634 635 636
637 636 635
636 637 638
639 638 637
638 639 640
641 640 639
640 641 642
643 642 641
642 643 644
641 645 643
646 647 648
647 646 649
646 650 649
650 646 651
651 652 650
652 651 653
654 648 647
648 654 655
656 655 654
655 656 657
658 657 656
657 658 659
660 659 658
659 660 661
662 663 664
663 662 665
664 666 662
666 664 667
668 666 667
666 668 669
665 670 663
670 665 671
671 672 670
672 671 673
673 674 672
674 673 675
675 676 674
676 675 677
678 679 680
679 678 681
682 679 681
679 682 683
684 685 686
687 684 686
684 687 688
687 686 689
686 690 689
686 691 690
692 690 691
690 692 693
694 693 692
693 694 695
696 695 694
695 696 697
698 697 696
697 698 699
700 699 698
699 700 701
700 702 701
702 700 703
700 704 703
705 689 706
705 706 707
706 708 707
708 706 709
709 710 708
710 709 711
711 712 710
712 711 713
713 714 712
714 713 715
687 689 705
716 687 705
716 705 717
687 716 688
715 718 714
718 715 719
719 720 718
720 719 721
718 720 722
723 724 725
724 723 726
727 728 729
728 727 730
731 729 728
729 731 732
731 733 732
733 731 734
734 735 733
735 734 736
737 738 739
738 737 740
741 742 743
742 741 744
745 744 741
744 745 746
747 748 749
750 747 749
751 747 750
748 747 752
752 747 753
754 747 751
755 754 751
756 747 754
757 747 756
758 747 757
759 747 758
760 747 759
761 747 760
762 747 761
763 747 762
764 747 763
765 747 764
766 747 765
767 747 766
768 747 767
769 747 768
753 747 769
753 769 770
749 771 772
773 774 775
776 775 774
775 776 777
778 777 776
777 778 779
780 779 778
779 780 781
780 782 781
783 773 775
777 784 775
775 784 783
784 777 785
779 785 777
785 779 786
781 786 779
782 787 781
787 782 788
787 789 781
789 790 781
781 790 791
786 781 791
790 789 792
789 787 793
794 789 793
789 794 795
794 796 795
796 797 795
797 798 795
798 797 799
799 800 798
800 799 801
801 802 800
802 801 803
802 803 804
805 798 800
798 805 806
806 795 798
807 800 802
800 807 805
796 794 808
795 806 809
795 809 810
810 789 795
789 810 792
802 811 807
802 804 811
812 804 803
801 812 803
812 801 813
799 813 801
813 799 814
797 814 799
814 797 815
796 815 797
814 816 813
816 814 817
815 817 814
813 818 812
818 813 816
796 819 815
819 796 808
819 820 815
820 819 821
822 820 821
820 822 823
824 820 823
823 825 824
820 824 826
822 782 823
780 823 782
780 827 823
827 780 778
778 828 827
828 778 776
776 829 828
829 776 774
773 829 774
830 829 773
831 828 829
829 830 831
828 831 832
832 827 828
827 832 833
833 823 827
823 833 825
782 822 788
815 834 835
817 815 835
820 834 815
834 820 826
812 818 836
812 836 804
837 838 839
838 837 840
839 841 837
841 839 842
842 843 841
843 842 844
844 845 843
845 844 846
847 846 844
846 847 848
844 849 847
849 844 842
842 850 849
850 842 839
839 851 850
851 839 838
852 838 840
838 852 853
853 851 838
854 853 852
853 854 855
856 845 846
845 856 857
858 857 856
857 858 859
860 846 848
846 860 856
861 856 860
856 861 858
855 862 853
851 853 862
862 855 863
864 865 866
867 865 864
868 865 867
869 865 868
870 866 865
871 870 865
872 871 865
869 872 865
873 874 875
874 873 876
876 877 874
877 876 878
878 879 877
879 878 880
880 881 879
881 880 882
883 873 884
873 883 885
886 885 883
885 886 887
888 887 889
887 888 890
891 890 888
890 891 882
892 893 894
895 893 892
896 893 895
897 893 896
898 893 897
899 893 898
900 893 899
894 893 900
901 902 903
904 902 901
905 902 904
906 902 905
907 902 906
908 902 907
909 902 908
910 902 909
911 902 910
912 902 911
913 902 912
914 902 913
915 902 914
916 902 915
917 902 916
903 902 917
918 919 920
919 918 921
922 921 918
921 922 923
922 924 923
924 922 925
926 925 922
918 926 922
925 926 927
927 928 925
928 927 929
929 930 928
930 929 931
930 931 932
926 918 933
918 934 933
934 918 920
925 935 924
925 936 935
936 925 928
930 937 928
936 928 937
937 930 938
938 930 932
939 940 941
942 940 939
940 942 943
944 943 942
943 944 945
944 946 945
946 944 947
948 939 941
939 948 949
949 948 950
949 951 939
952 939 951
939 952 953
939 953 942
951 949 954
955 954 949
950 955 949
954 955 956
957 956 955
957 955 958
955 950 958
952 959 953
947 944 959
959 952 960
960 961 959
947 959 961
961 960 962
959 942 953
942 959 944
963 964 965
964 963 966
967 963 965
968 967 965
967 968 969
970 969 968
969 970 971
970 972 971
972 970 973
972 974 971
974 972 975
971 976 969
976 971 974
976 967 969
977 976 974
975 977 974
976 977 978
967 976 979
978 979 976
980 967 979
967 980 981
979 978 982
982 980 979
963 967 981
980 982 983
984 973 970
973 984 985
977 975 986
968 984 970
984 968 987
965 987 968
987 965 964
988 989 990
989 988 991
992 988 990
989 993 990
992 990 993
993 989 994
995 994 989
991 995 989
994 995 996
995 991 997
998 999 1000
999 998 1001
1002 1001 998
1000 1002 998
1003 1002 1000
1004 1001 1002
1005 1002 1003
1004 1002 1005
1003 1006 1005
1006 1003 1007
1004 1005 1008
1008 1005 1006
1009 1010 1011
1010 1009 1012
1012 1013 1010
1013 1012 1014
1011 1015 1009
1015 1011 1016
1017 1015 1016
1015 1017 1018
1019 1018 1017
1018 1019 1020
1021 1020 1019
1020 1021 1022
1023 1024 1025
1024 1023 1026
1027 1024 1026
1024 1027 1028
1029 1023 1025
1023 1029 1030
1029 1031 1030
1031 1029 1032
1033 1031 1032
1031 1033 1034
1035 1034 1033
1034 1035 1036
1037 1038 1039
1038 1037 1040
1039 1041 1037
1041 1039 1042
1043 1041 1042
1041 1043 1044
1040 1045 1038
1045 1040 1046
1047 1045 1046
1045 1047 1048
1049 1048 1047
1048 1049 1050
1051 1052 1053
1052 1051 1054
1055 1054 1051
1054 1055 1056
1055 1057 1056
1057 1055 1058
1058 1059 1057
1059 1058 1060
1061 1053 1052
1053 1061 1062
1061 1063 1062
1063 1061 1064
1065 1066 1067
1066 1065 1068
1069 1068 1065
1068 1069 1070
1065 1071 1069
1071 1065 1072
1067 1072 1065
1070 1073 1068
1073 1066 1068
1073 1070 1074
1074 1075 1073
1075 1074 1076
1077 1075 1076
1075 1077 1078
1079 1075 1078
1078 1080 1079
1080 1078 1081
1075 1079 1082
1075 1083 1073
1083 1075 1082
1066 1073 1083
1084 1080 1081
1081 1085 1084
1085 1081 1086
1078 1086 1081
1086 1078 1077
1087 1084 1085
1084 1087 1088
1088 1089 1084
1080 1084 1089
1089 1088 1090
1072 1067 1091
1092 1093 1094
1095 1092 1094
1096 1095 1094
1097 1096 1094
1098 1097 1094
1093 1099 1094
1100 1093 1092
1093 1100 1101
1101 1099 1093
1092 1102 1100
1102 1092 1095
1096 1102 1095
1102 1096 1103
1097 1103 1096
1103 1097 1104
1098 1104 1097
1104 1098 1105
1099 1101 1106
1107 1101 1100
1101 1107 1108
1109 1102 1103
1104 1109 1103
1102 1109 1110
1110 1100 1102
1100 1110 1107
1109 1104 1111
1105 1111 1104
1111 1105 1112
1101 1113 1106
1113 1101 1108
1114 1115 1116
1116 1117 1114
1117 1116 1118
1117 1119 1114
1119 1117 1120
1119 1120 1121
1118 1122 1117
1117 1122 1120
1122 1118 1123
1124 1121 1120
1122 1124 1120
1121 1124 1125
1124 1126 1125
1127 1126 1124
1123 1127 1122
1124 1122 1127
1127 1128 1126
1127 1123 1128
1129 1115 1114
1130 1129 1114
1130 1131 1129
1131 1130 1132
1132 1133 1131
1133 1132 1134
1134 1135 1133
1135 1134 1136
1137 1135 1136
1135 1137 1138
1134 1139 1136
1139 1137 1136
1139 1134 1140
1132 1140 1134
1140 1132 1141
1130 1141 1132
1138 1137 1142
1142 1137 1143
1137 1139 1143
1143 1144 1142
1144 1143 1145
1146 1144 1145
1144 1146 1147
1147 1148 1144
1148 1147 1149
1150 1144 1148
1144 1150 1142
1150 1151 1142
1152 1142 1151
1152 1138 1142
1151 1150 1153
1154 1153 1150
1150 1148 1154
1153 1154 1155
1149 1156 1148
1156 1154 1148
1156 1149 1157
1158 1156 1157
1158 1159 1156
1154 1156 1159
1159 1155 1154
1160 1159 1158
1155 1159 1160
1161 1138 1152
1138 1161 1162
1161 1163 1162
1163 1161 1164
1164 1165 1163
1166 1163 1165
1163 1166 1167
1167 1162 1163
1166 1168 1167
1168 1166 1169
1169 1170 1168
1170 1169 1171
1171 1172 1170
1172 1171 1173
1174 1172 1173
1172 1174 1175
1176 1170 1172
1170 1176 1177
1177 1168 1170
1178 1172 1175
1172 1178 1176
1165 1164 1179
1168 1180 1167
1162 1167 1180
1180 1168 1181
1168 1177 1181
1129 1177 1176
1177 1129 1131
1131 1181 1177
1176 1115 1129
1115 1176 1178
1180 1138 1162
1138 1180 1135
1181 1135 1180
1135 1181 1133
1181 1131 1133
1182 1183 1184
1183 1182 1185
1186 1184 1183
1184 1186 1187
1182 1188 1185
1188 1182 1189
1189 1190 1188
1190 1189 1191
1191 1192 1190
1192 1191 1193
1194 1192 1193
1192 1194 1195
1196 1119 1197
1119 1196 1198
1198 1114 1119
1114 1198 1199
1199 1130 1114
1141 1130 1199
1197 1119 1121
1200 1201 1202
1201 1200 1203
1203 1204 1201
1204 1203 1205
1206 1200 1202
1200 1206 1207
1208 1207 1206
1207 1208 1209
1208 1210 1209
1210 1208 1211
1212 1210 1211
1210 1212 1213
1214 1213 1212
1213 1214 1215
1216 1215 1214
1215 1216 1217
1218 1219 1220
1219 1218 1221
1221 1222 1219
1222 1221 1223
1224 1218 1220
1218 1224 1225
1224 1226 1225
1226 1224 1227
1228 1226 1227
1226 1228 1229
1228 1230 1229
1230 1228 1231
1232 1230 1231
1230 1232 1233
1234 1233 1232
1233 1234 1235
1236 1237 1238
1237 1236 1239
1240 1238 1237
1238 1240 1241
1236 1242 1239
1242 1236 1243
1244 1242 1243
1242 1244 1245
1246 1245 1244
1245 1246 1247
1246 1248 1247
1248 1246 1249
1249 1250 1248
1250 1249 1251
1251 1252 1250
1252 1251 1253
1254 1255 1256
1255 1254 1257
1254 1258 1257
1258 1254 1259
1260 1258 1259
1258 1260 1261
1262 1257 1258
1261 1262 1258
1257 1262 1263
1262 1264 1263
1264 1265 1263
1257 1265 1255
1265 1257 1263
1265 1264 1266
1264 1267 1266
1267 1264 1268
1269 1268 1264
1264 1262 1269
1268 1269 1270
1269 1271 1270
1271 1269 1272
1262 1272 1269
1273 1271 1272
1272 1274 1273
1274 1275 1273
1276 1273 1275
1273 1276 1277
1271 1273 1277
1275 1274 1278
1279 1278 1274
1278 1279 1280
1281 1280 1279
1280 1281 1282
1274 1272 1283
1279 1260 1281
1260 1279 1261
1261 1274 1283
1274 1261 1279
1272 1262 1283
1262 1261 1283
1284 1285 1286
1285 1284 1287
1288 1286 1285
1286 1288 1289
1290 1289 1288
1289 1290 1291
1290 1292 1291
1292 1290 1293
1293 1294 1292
1294 1293 1295
1295 1296 1294
1296 1295 1297
1298 1285 1287
1285 1298 1299
1299 1288 1285
1288 1299 1300
1300 1290 1288
1290 1300 1301
1290 1302 1293
1302 1290 1301
1293 1303 1295
1303 1293 1302
1295 1304 1297
1304 1295 1303
1305 1306 1307
1306 1305 1308
1309 1306 1308
1306 1309 1310
1311 1310 1309
1310 1311 1312
1313 1312 1311
1312 1313 1314
1307 1315 1305
1315 1307 1316
1305 1317 1308
1317 1305 1318
1315 1318 1305
1306 1319 1307
1319 1306 1320
1308 1321 1309
1321 1308 1317
1321 1311 1309
1322 1306 1310
1306 1322 1320
1311 1321 1323
1323 1313 1311
1324 1310 1312
1310 1324 1322
1313 1323 1325
1326 1312 1314
1312 1326 1324
1318 1315 1327
1315 1328 1327
1328 1315 1329
1316 1330 1331
1330 1316 1332
1307 1332 1316
1332 1307 1319
1333 1334 1335
1334 1333 1336
1335 1337 1333
1337 1335 1338
1338 1339 1337
1339 1338 1340
1340 1341 1339
1341 1340 1342
1342 1343 1341
1343 1342 1344
1345 1335 1334
1335 1345 1346
1346 1338 1335
1342 1347 1344
1347 1342 1348
1342 1349 1348
1349 1342 1340
1340 1350 1349
1350 1340 1338
1338 1346 1350
1351 1346 1345
1346 1351 1352
1352 1350 1346
1348 1353 1347
1353 1348 1354
1348 1355 1354
1355 1348 1349
1349 1356 1355
1356 1349 1350
1350 1352 1356
1357 1352 1351
1352 1357 1358
1358 1356 1352
1354 1359 1353
1359 1354 1360
1354 1361 1360
1361 1354 1355
1355 1362 1361
1362 1355 1356
1356 1358 1362
1363 1358 1357
1358 1363 1364
1364 1362 1358
1365 1359 1360
1359 1365 1366
1360 1367 1365
1367 1360 1361
1361 1368 1367
1368 1361 1362
1362 1364 1368
1369 1364 1363
1364 1369 1370
1370 1368 1364
1371 1366 1365
1366 1371 1372
1365 1373 1371
1373 1365 1367
1367 1374 1373
1374 1367 1368
1368 1370 1374
1375 1369 1363
1363 1376 1375
1376 1363 1357
1351 1376 1357
1376 1351 1377
1345 1377 1351
1377 1345 1378
1345 1379 1378
1379 1345 1334
1334 1380 1379
1380 1334 1336
1369 1375 1381
1382 1383 1384
1383 1382 1385
1385 1386 1383
1386 1385 1387
1387 1388 1386
1388 1387 1389
1389 1390 1388
1390 1389 1391
1392 1384 1383
1384 1392 1393
1383 1394 1392
1394 1383 1386
1386 1395 1394
1395 1386 1388
1388 1396 1395
1396 1388 1390
1392 1397 1393
1397 1392 1398
1392 1399 1398
1399 1392 1394
1394 1400 1399
1400 1394 1395
1395 1401 1400
1401 1395 1396
1398 1402 1397
1402 1398 1403
1398 1404 1403
1404 1398 1399
1399 1405 1404
1405 1399 1400
1401 1405 1400
1405 1401 1406
1407 1402 1403
1402 1407 1408
1403 1409 1407
1409 1403 1404
1404 1410 1409
1410 1404 1405
1406 1410 1405
1410 1406 1411
1412 1408 1407
1408 1412 1413
1407 1414 1412
1414 1407 1409
1409 1415 1414
1415 1409 1410
1411 1415 1410
1415 1411 1416
1417 1418 1419
1418 1417 1420
1421 1419 1418
1419 1421 1422
1423 1424 1425
1424 1423 1426
1426 1427 1424
1427 1426 1428
1428 1429 1427
1429 1428 1430
1431 1423 1425
1423 1431 1432
1433 1432 1431
1432 1433 1434
1435 1434 1433
1434 1435 1436
1437 1427 1429
1427 1437 1438
1438 1424 1427
1424 1438 1439
1424 1440 1425
1440 1424 1439
1431 1441 1433
1441 1435 1433
1441 1431 1442
1425 1442 1431
1442 1425 1440
1435 1441 1443
1444 1445 1446
1445 1444 1447
1447 1448 1445
1448 1447 1449
1450 1451 1452
1451 1450 1453
1452 1454 1450
1454 1452 1455
1455 1456 1454
1456 1455 1457
1458 1454 1456
1454 1458 1459
1459 1453 1450
1453 1459 1458
1459 1450 1454
1460 1457 1455
1457 1460 1461
1462 1461 1460
1461 1462 1463
1460 1464 1462
1464 1460 1465
1455 1465 1460
1465 1455 1452
1465 1466 1464
1466 1465 1467
1452 1467 1465
1468 1463 1462
1463 1468 1469
1470 1464 1466
1464 1470 1471
1462 1471 1468
1471 1462 1464
1467 1452 1451
1472 1473 1474
1474 1475 1472
1475 1474 1476
1477 1475 1476
1475 1477 1478
1477 1479 1478
1479 1477 1480
1481 1479 1480
1479 1481 1482
1483 1484 1485
1486 1483 1485
1487 1486 1485
1488 1487 1485
1489 1490 1485
1490 1491 1485
1491 1492 1485
1492 1493 1485
1493 1494 1485
1495 1496 1497
1496 1495 1498
1495 1499 1498
1499 1495 1500
1497 1501 1495
1501 1500 1495
1501 1497 1502
1503 1502 1497
1497 1504 1503
1504 1497 1505
1502 1503 1506
1506 1501 1502
1501 1506 1507
1503 1507 1506
1507 1508 1501
1500 1501 1508
1508 1509 1500
1510 1500 1509
1500 1510 1511
1509 1508 1512
1508 1507 1512
1507 1509 1512
1507 1503 1513
1509 1507 1513
1514 1513 1503
1513 1514 1515
1516 1513 1515
1513 1516 1509
1517 1518 1519
1517 1519 1520
1517 1520 1521
1517 1521 1522
1517 1522 1523
1517 1523 1524
1517 1524 1525
1517 1525 1526
1517 1526 1527
1517 1527 1528
1517 1528 1529
1517 1529 1530
1517 1530 1531
1517 1531 1532
1517 1532 1533
1518 1534 1519
1535 1519 1534
1519 1535 1520
1536 1520 1535
1520 1536 1521
1537 1521 1536
1521 1537 1522
1538 1522 1537
1522 1538 1523
1539 1523 1538
1523 1539 1524
1540 1524 1539
1524 1540 1525
1540 1526 1525
1526 1540 1541
1541 1527 1526
1527 1541 1542
1542 1528 1527
1528 1542 1543
1543 1529 1528
1529 1543 1544
1544 1530 1529
1530 1544 1545
1545 1531 1530
1531 1545 1546
1546 1532 1531
1532 1546 1547
1547 1533 1532
1533 1547 1548
1548 1549 1533
1517 1533 1549
1517 1549 1550
1517 1550 1551
1517 1551 1552
1517 1552 1518
1549 1548 1553
1553 1550 1549
1550 1553 1554
1554 1551 1550
1551 1554 1555
1555 1552 1551
1552 1555 1556
1557 1552 1556
1552 1557 1518
1534 1518 1557
1558 1559 1560
1559 1558 1561
1562 1560 1559
1560 1562 1563
1558 1564 1561
1564 1558 1565
1565 1566 1564
1566 1565 1567
1568 1566 1567
1566 1568 1569
1570 1566 1569
1566 1570 1571
1572 1569 1568
1569 1572 1573
1572 1574 1573
1574 1572 1575
1575 1576 1574
1576 1575 1577
1578 1566 1571
1566 1578 1564
1579 1564 1578
1564 1579 1561
1580 1561 1579
1561 1580 1559
1581 1559 1580
1559 1581 1562
1582 1574 1576
1574 1582 1583
1583 1573 1574
1573 1583 1584
1584 1569 1573
1569 1584 1570
1585 1586 1587
1586 1585 1588
1589 1587 1586
1587 1589 1590
1585 1591 1588
1591 1585 1592
1593 1591 1592
1591 1593 1594
1593 1595 1594
1595 1593 1596
1596 1597 1595
1597 1596 1598
1587 1599 1585
1599 1592 1585
1599 1587 1600
1590 1600 1587
1600 1590 1601
1602 1598 1596
1598 1602 1603
1596 1604 1602
1604 1596 1593
1592 1604 1593
1604 1592 1605
1592 1599 1605
1600 1606 1599
1606 1600 1607
1601 1607 1600
1607 1608 1606
1609 1608 1607
1607 1601 1609
1606 1608 1610
1610 1604 1605
1610 1599 1606
1599 1610 1605
1610 1608 1611
1611 1602 1604
1604 1610 1611
1611 1608 1612
1612 1603 1602
1602 1611 1612
1612 1608 1613
1603 1612 1613
1614 1615 1616
1617 1615 1614
1615 1617 1618
1619 1617 1614
1617 1619 1620
1621 1618 1617
1617 1620 1621
1618 1621 1622
1623 1622 1621
1622 1623 1624
1623 1625 1624
1623 1626 1625
1621 1626 1623
1626 1621 1620
1626 1627 1625
1626 1628 1627
1628 1626 1620
1628 1620 1619
1629 1628 1619
1619 1630 1629
1630 1619 1631
1614 1631 1619
1631 1614 1632
1632 1614 1633
1633 1614 1634
1633 1635 1632
1635 1633 1636
1636 1637 1635
1637 1636 1638
1636 1639 1638
1639 1636 1640
1633 1640 1636
1640 1633 1634
1641 1638 1639
1638 1641 1642
1641 1643 1642
1643 1641 1644
1638 1645 1637
1645 1638 1642
1643 1645 1642
1644 1646 1643
1646 1647 1643
1645 1643 1647
1648 1647 1646
1647 1648 1649
1648 1650 1649
1650 1648 1651
1652 1651 1648
1651 1652 1653
1654 1648 1646
1648 1654 1652
1655 1654 1646
1656 1655 1646
1656 1646 1644
1654 1655 1657
1657 1658 1654
1654 1658 1652
1658 1657 1659
1660 1653 1652
1658 1660 1652
1653 1660 1661
1662 1661 1660
1662 1660 1663
1660 1658 1663
1659 1663 1658
1664 1662 1663
1663 1659 1664
1644 1665 1656
1665 1644 1666
1667 1665 1666
1666 1668 1667
1594 1667 1668
1667 1594 1595
1595 1669 1667
1665 1667 1669
1669 1595 1597
1670 1594 1668
1594 1670 1591
1671 1591 1670
1591 1671 1588
1672 1588 1671
1588 1672 1586
1673 1586 1672
1586 1673 1589
1671 1674 1672
1674 1671 1675
1670 1675 1671
1676 1670 1668
1668 1666 1676
1670 1676 1677
1675 1670 1677
1678 1672 1674
1672 1678 1673
1675 1634 1674
1634 1675 1640
1677 1640 1675
1640 1677 1639
1677 1641 1639
1641 1677 1676
1676 1644 1641
1644 1676 1666
1616 1674 1634
1674 1616 1678
1634 1614 1616
1679 1680 1681
1680 1679 1682
1683 1681 1680
1681 1683 1684
1679 1685 1682
1685 1679 1686
1686 1687 1685
1687 1686 1688
1689 1687 1688
1687 1689 1690
1689 1691 1690
1691 1689 1692
1692 1693 1691
1693 1692 1694
1694 1695 1693
1695 1694 1696
1697 1698 1699
1698 1697 1700
1701 1699 1698
1699 1701 1702
1697 1703 1700
1703 1697 1704
1705 1703 1704
1703 1705 1706
1705 1707 1706
1707 1705 1708
1709 1707 1708
1707 1709 1710
1709 1711 1710
1711 1709 1712
1712 1713 1711
1713 1712 1714
1715 1716 1717
1716 1715 1718
1717 1719 1715
1719 1717 1720
1721 1716 1718
1716 1721 1722
1721 1723 1722
1723 1721 1724
1724 1725 1723
1725 1724 1726
1727 1725 1726
1725 1727 1728
1729 1728 1727
1728 1729 1730
1731 1730 1729
1730 1731 1732
1733 1734 1735
1734 1733 1736
1733 1737 1736
1737 1733 1738
1739 1737 1738
1737 1739 1740
1739 1741 1740
1741 1739 1742
1736 1743 1734
1743 1736 1744
1745 1743 1744
1743 1745 1746
1745 1747 1746
1747 1745 1748
1749 1748 1745
1748 1749 1750
1749 1751 1750
1751 1749 1752
1752 1753 1751
1753 1752 1754
1752 1755 1754
1755 1752 1756
1756 1741 1755
1745 1757 1749
1757 1745 1744
1757 1752 1749
1752 1757 1756
1757 1740 1756
1741 1756 1740
1740 1757 1737
1757 1736 1737
1736 1757 1744
1758 1759 1760
1758 1761 1759
1758 1762 1761
1758 1763 1762
1758 1764 1763
1758 1765 1764
1758 1766 1765
1758 1767 1766
1758 1768 1767
1758 1769 1768
1758 1770 1769
1758 1771 1770
1758 1772 1771
1758 1773 1772
1758 1774 1773
1775 1760 1759
1776 1759 1761
1759 1776 1775
1761 1777 1776
1777 1761 1762
1762 1778 1777
1778 1762 1763
1763 1779 1778
1779 1763 1764
1764 1780 1779
1780 1764 1765
1765 1781 1780
1781 1765 1766
1767 1781 1766
1781 1767 1782
1768 1782 1767
1782 1768 1783
1769 1783 1768
1783 1769 1784
1770 1784 1769
1784 1770 1785
1771 1785 1770
1785 1771 1786
1772 1786 1771
1786 1772 1787
1773 1787 1772
1787 1773 1788
1774 1788 1773
1788 1774 1789
1790 1789 1774
1758 1790 1774
1758 1791 1790
1758 1792 1791
1758 1793 1792
1758 1760 1793
1789 1790 1794
1791 1794 1790
1794 1791 1795
1792 1795 1791
1795 1792 1796
1793 1796 1792
1796 1793 1797
1798 1793 1760
1793 1798 1797
1760 1775 1798
1799 1800 1801
1800 1799 1802
1803 1802 1799
1804 1800 1802
1803 1804 1802
1800 1804 1805
1805 1806 1800
1806 1801 1800
1806 1805 1807
1801 1806 1808
1809 1810 1811
1811 1812 1809
1813 1809 1812
1810 1809 1813
1814 1810 1813
1815 1813 1812
1816 1814 1813
1815 1816 1813
1817 1814 1816
1814 1817 1818
1815 1819 1816
1819 1817 1816
1820 1821 1822
1822 1821 1823
1823 1821 1824
1825 1820 1822
1820 1825 1826
1827 1826 1825
1826 1827 1828
1829 1827 1825
1829 1822 1823
1822 1829 1825
1827 1829 1830
1829 1831 1830
1831 1829 1832
1832 1823 1824
1823 1832 1829
1831 1833 1830
1833 1831 1834
1830 1835 1827
1835 1830 1833
1827 1836 1828
1836 1827 1835
1837 1838 1839
1838 1837 1840
1839 1841 1837
1841 1839 1842
1843 1841 1842
1841 1843 1844
1845 1840 1837
1840 1845 1846
1847 1837 1841
1837 1847 1845
1844 1847 1841
1847 1844 1848
1845 1849 1846
1849 1845 1850
1847 1850 1845
1849 1850 1851
1850 1852 1851
1850 1847 1852
1848 1852 1847
1852 1853 1851
1852 1848 1853
1854 1855 1856
1855 1854 1857
1855 1858 1856
1858 1855 1859
1856 1860 1854
1860 1856 1861
1861 1862 1860
1862 1861 1863
1864 1863 1861
1864 1856 1858
1856 1864 1861
1863 1864 1865
1866 1862 1863
1865 1866 1863
1862 1866 1867
1866 1868 1867
1868 1866 1869
1866 1870 1869
1870 1866 1871
1866 1865 1871
1862 1872 1860
1872 1862 1873
1867 1873 1862
1874 1872 1873
1872 1874 1875
1873 1876 1874
1876 1873 1877
1873 1867 1877
1878 1876 1877
1867 1878 1877
1878 1867 1868
1876 1878 1879
1872 1875 1880
1872 1880 1881
1880 1882 1881
1881 1860 1872
1860 1881 1854
1881 1857 1854
1857 1881 1882
1883 1880 1875
1884 1855 1857
1855 1884 1885
1886 1855 1885
1855 1886 1859
1887 1888 1889
1888 1887 1890
1891 1889 1888
1889 1891 1892
1893 1891 1888
1888 1894 1893
1894 1888 1895
1888 1890 1895
1891 1893 1896
1897 1898 1899
1899 1900 1897
1900 1899 1901
1898 1902 1899
1902 1898 1903
1904 1902 1903
1902 1904 1905
1898 1906 1903
1906 1904 1903
1906 1898 1907
1907 1898 1897
1908 1907 1897
1907 1908 1909
1904 1906 1910
1911 1912 1913
1912 1911 1914
1915 1912 1914
1912 1915 1916
1912 1917 1913
1917 1912 1918
1912 1919 1918
1919 1912 1916
1920 1921 1922
1921 1920 1923
1921 1924 1922
1924 1921 1925
1926 1927 1928
1927 1926 1929
1926 1930 1929
1930 1926 1931
1931 1932 1930
1932 1931 1933
1930 1934 1929
1934 1930 1935
1935 1936 1934
1936 1935 1937
1938 1936 1937
1936 1938 1939
1933 1940 1932
1941 1932 1940
1932 1941 1942
1942 1937 1935
1942 1930 1932
1930 1942 1935
1943 1942 1941
1942 1943 1944
1937 1942 1944
1943 1945 1944
1945 1937 1944
1937 1945 1938
1945 1943 1946
1940 1933 1947
1939 1948 1936
1948 1939 1949
1950 1936 1948
1936 1950 1934
1950 1929 1934
1929 1950 1927
1951 1952 1953
1954 1953 1952
1953 1954 1955
1952 1956 1954
1956 1952 1957
1957 1958 1956
1958 1957 1959
1960 1957 1952
1960 1952 1951
1959 1957 1960
1961 1959 1960
1961 1960 1962
1962 1963 1961
1964 1961 1963
1961 1964 1965
1959 1961 1965
1966 1965 1964
1965 1966 1967
1968 1959 1965
1969 1967 1966
1967 1969 1970
1971 1965 1967
1965 1971 1968
1972 1967 1970
1967 1972 1971
1962 1973 1963
1974 1973 1962
1973 1974 1975
1976 1975 1974
1977 1968 1971
1971 1972 1977
1972 1978 1977
1968 1977 1979
1980 1976 1974
1976 1980 1981
1968 1979 1959
1979 1958 1959
1972 1982 1978
1982 1972 1983
1970 1983 1972
1983 1970 1984
1983 1985 1982
1984 1985 1983
1985 1986 1982
1987 1986 1985
1985 1984 1987
1986 1987 1988
1987 1989 1988
1989 1987 1990
1984 1990 1987
1991 1986 1988
1986 1991 1992
1986 1992 1993
1986 1993 1982
1994 1991 1988
1989 1994 1988
1995 1992 1991
1992 1995 1996
1996 1997 1992
1992 1997 1993
1997 1996 1998
1991 1999 1995
1999 1991 1994
2000 1996 1995
1996 2000 2001
2001 1998 1996
1998 2001 2002
1995 2003 2000
2003 1995 1999
2004 2001 2000
2001 2004 2005
2005 2002 2001
2002 2005 2006
2000 2007 2004
2007 2000 2003
2004 2008 2005
2005 2008 2006
2007 2008 2004
1953 2009 2010
2009 1953 2011
2012 2009 2011
2009 2012 2013
2014 2013 2012
2013 2014 2015
2016 2015 2014
2014 2017 2016
2017 2018 2016
2018 2017 2019
2018 2019 2020
2018 2020 2021
2020 2022 2021
2017 2014 2023
2012 2023 2014
2023 2012 2024
2012 2025 2024
2025 2012 2011
2011 1955 2025
1955 2011 1953
1951 1953 2010
1970 2026 1984
2026 1970 1969
1990 1984 2026
2027 2028 2029
2028 2027 2030
2031 2030 2027
2030 2031 2032
2031 2033 2032
2033 2031 2034
2034 2035 2033
2030 2036 2028
2037 2028 2036
2028 2037 2038
2029 2028 2038
2036 2030 2039
2032 2039 2030
2039 2032 2040
2033 2040 2032
2040 2033 2041
2035 2041 2033
2042 2038 2037
2042 2043 2038
2038 2043 2044
2038 2044 2029
2043 2045 2044
2045 2043 2046
2043 2042 2047
2047 2046 2043
2046 2047 2048
2045 2046 2049
2046 2050 2049
2046 2048 2050
2049 2050 2051
2052 2051 2050
2051 2052 2053
2054 2053 2052
2053 2054 2055
2055 2056 2053
2056 2055 2057
2057 2055 2058
2055 2054 2058
2059 2053 2056
2059 2051 2053
2060 2051 2059
2051 2060 2049
2060 2045 2049
2061 2062 2063
2062 2061 2064
2065 2063 2062
2063 2065 2066
2067 2066 2065
2066 2067 2068
2063 2069 2061
2070 2061 2069
2061 2070 2071
2072 2061 2071
2072 2064 2061
2073 2072 2071
2070 2073 2071
2072 2073 2074
2075 2074 2073
2074 2075 2076
2076 2075 2077
2075 2078 2077
2079 2077 2078
2077 2079 2080
2081 2080 2079
2080 2081 2082
2083 2082 2081
2081 2084 2083
2084 2081 2085
2079 2085 2081
2086 2083 2084
2083 2086 2087
2088 2087 2086
2087 2088 2089
2088 2090 2089
2090 2088 2091
2091 2092 2090
2092 2091 2093
2091 2094 2093
2094 2091 2095
2095 2096 2094
2096 2095 2097
2098 2097 2095
2098 2091 2088
2091 2098 2095
2086 2098 2088
2097 2098 2099
2098 2100 2099
2100 2098 2101
2098 2086 2101
2102 2100 2101
2100 2102 2103
2101 2084 2102
2084 2101 2086
2085 2102 2084
2102 2085 2104
2102 2104 2105
2102 2105 2103
2106 2093 2094
2096 2106 2094
2096 2107 2106
2106 2108 2093
2108 2092 2093
2109 2092 2108
2092 2109 2110
2110 2090 2092
2090 2110 2111
2112 2090 2111
2090 2112 2089
2113 2089 2112
2089 2113 2087
2114 2087 2113
2087 2114 2083
2082 2083 2114
2108 2115 2109
2115 2108 2116
2106 2107 2116
2108 2106 2116
2117 2118 2119
2118 2117 2120
2121 2119 2118
2119 2121 2122
2119 2123 2117
2123 2119 2124
2122 2124 2119
2124 2125 2123
2125 2124 2126
2125 2126 2127
2128 2127 2126
2127 2128 2129
2130 2127 2129
2127 2130 2068
2131 2068 2130
2068 2131 2066
2132 2066 2131
2066 2132 2063
2069 2063 2132
2126 2133 2128
2133 2126 2124
2124 2122 2133
2134 2125 2127
2067 2134 2127
2067 2127 2068
2135 2136 2137
2136 2135 2138
2138 2139 2136
2139 2138 2140
2140 2141 2139
2141 2140 2142
2143 2141 2142
2141 2143 2144
2145 2144 2143
2144 2145 2146
2147 2144 2146
2144 2147 2148
2144 2149 2141
2149 2144 2148
2149 2139 2141
2139 2149 2150
2150 2136 2139
2151 2147 2146
2151 2146 2152
2152 2146 2145
2153 2140 2138
2140 2153 2154
2154 2142 2140
2142 2154 2155
2155 2143 2142
2143 2155 2156
2157 2143 2156
2143 2157 2145
2158 2145 2157
2145 2158 2152
2159 2152 2158
2152 2159 2160
2152 2160 2151
2138 2161 2153
2161 2138 2135
2135 2162 2161
2162 2135 2163
2164 2162 2163
2162 2164 2165
2166 2165 2164
2137 2163 2135
2163 2137 2167
2167 2164 2163
2164 2167 2168
2169 2164 2168
2164 2169 2166
2166 2170 2165
2171 2170 2166
2170 2171 2172
2166 2173 2171
2173 2166 2169
2174 2173 2169
2175 2174 2169
2175 2176 2174
2176 2173 2174
2176 2175 2177
2177 2175 2178
2178 2179 2177
2177 2179 2180
2176 2177 2180
2179 2181 2180
2181 2179 2182
2183 2182 2179
2178 2183 2179
2182 2183 2184
2173 2176 2185
2185 2171 2173
2186 2185 2176
2186 2176 2180
2185 2186 2187
2187 2188 2185
2171 2185 2188
2188 2187 2189
2180 2190 2186
2190 2180 2181
2181 2191 2190
2191 2181 2192
2182 2192 2181
2192 2182 2193
2182 2194 2193
2194 2182 2184
2192 2195 2191
2196 2193 2194
2193 2196 2197
2198 2197 2196
2197 2198 2199
2200 2197 2199
2197 2200 2201
2201 2193 2197
2193 2201 2192
2195 2192 2201
2202 2201 2200
2201 2202 2203
2195 2201 2203
2200 2204 2202
2199 2204 2200
2204 2199 2205
2205 2206 2204
2207 2204 2206
2204 2207 2208
2204 2208 2202
2206 2205 2209
2210 2209 2205
2199 2210 2205
2210 2199 2198
2209 2210 2211
2206 2212 2207
2212 2206 2213
2209 2213 2206
2213 2214 2212
2214 2213 2215
2216 2215 2213
2213 2209 2216
2211 2216 2209
2215 2216 2217
2218 2217 2216
2216 2211 2218
2217 2218 2219
2215 2220 2214
2217 2220 2215
2219 2220 2217
2221 2222 2223
2222 2221 2224
2224 2225 2222
2226 2222 2225
2222 2226 2227
2228 2222 2227
2228 2223 2222
2104 2228 2227
2227 2226 2104
2228 2104 2085
2226 2105 2104
2225 2224 2229
2230 2229 2224
2229 2230 2231
2085 2079 2228
2228 2078 2223
2078 2228 2079
2223 2232 2221
2232 2223 2078
2233 2221 2232
2221 2233 2234
2235 2230 2234
2230 2235 2236
2236 2231 2230
2237 2236 2235
2236 2237 2238
2234 2070 2235
2070 2234 2233
2235 2239 2237
2239 2235 2070
2240 2237 2239
2237 2240 2241
2241 2238 2237
2242 2241 2240
2241 2242 2243
2244 2243 2242
2234 2224 2221
2224 2234 2230
2070 2233 2073
2232 2073 2233
2073 2232 2075
2078 2075 2232
2238 2241 2245
2243 2245 2241
2245 2243 2246
2244 2246 2243
2247 2248 2249
2248 2247 2250
2250 2247 2251
2252 2249 2248
2249 2252 2253
2254 2249 2253
2252 2255 2253
2256 2253 2255
2255 2257 2256
2257 2255 2258
2259 2257 2258
2257 2259 2260
2261 2260 2259
2260 2261 2262
2263 2262 2261
2262 2263 2264
2265 2264 2263
2263 2266 2265
2266 2263 2267
2261 2267 2263
2264 2265 2268
2266 2269 2265
2269 2268 2265
2269 2266 2270
2268 2269 2271
2270 2272 2269
2272 2271 2269
2272 2270 2273
2271 2272 2274
2273 2275 2272
2272 2275 2274
2267 2261 2276
2259 2276 2261
2276 2259 2277
2258 2277 2259
2277 2258 2278
2278 2258 2255
2255 2252 2278
2175 2279 2280
2175 2169 2279
2169 2281 2279
2281 2169 2168
2168 2282 2281
2282 2168 2167
2167 2283 2282
2283 2167 2137
2137 2284 2283
2284 2137 2136
2136 2150 2284
2175 2280 2178
2285 2286 2287
2288 2286 2285
2285 2120 2288
2120 2285 2118
2287 2118 2285
2118 2287 2121
2289 2290 2291
2290 2292 2291
2292 2290 2293
2294 2289 2291
2289 2294 2295
2296 2295 2294
2254 2296 2294
2249 2254 2294
2249 2294 2247
2297 2254 2253
2253 2256 2297
2298 2299 2300
2299 2301 2300
2299 2302 2301
2302 2299 2303
2302 2304 2301
2305 2304 2302
2306 2305 2302
2303 2306 2302
2304 2305 2307
2308 2307 2305
2309 2308 2305
2306 2309 2305
2306 2310 2309
2311 2309 2310
2309 2311 2312
2312 2308 2309
2311 2313 2312
2313 2311 2314
2308 2312 2315
2312 2316 2315
2312 2313 2316
2314 2317 2313
2317 2316 2313
2317 2314 2318
2318 2319 2317
2319 2318 2320
2319 2321 2317
2316 2317 2321
2321 2319 2322
2320 2323 2319
2323 2320 2324
2324 2325 2323
2325 2324 2326
2319 2327 2322
2327 2319 2323
2326 2328 2325
2329 2325 2328
2330 2329 2328
2325 2329 2331
2323 2331 2327
2331 2323 2325
2328 2326 2332
2332 2330 2328
2333 2334 2335
2334 2333 2336
2337 2336 2333
2336 2337 2338
2339 2338 2337
2338 2339 2340
2339 2341 2340
2341 2339 2342
2343 2335 2334
2341 2344 2340
2344 2341 2345
2336 2338 2346
2346 2340 2344
2340 2346 2338
2347 2345 2341
2342 2347 2341
2345 2347 2348
2349 2348 2347
2350 2349 2347
2347 2342 2350
2349 2350 2351
2351 2352 2349
2352 2351 2353
2353 2354 2352
2354 2353 2355
2355 2356 2354
2348 2349 2357
2349 2358 2357
2352 2358 2349
2358 2352 2359
2354 2359 2352
2359 2354 2360
2356 2360 2354
2361 2362 2363
2362 2361 2364
2364 2361 2365
2363 2366 2361
2366 2363 2367
2361 2366 2368
2361 2368 2365
2368 2369 2365
2369 2370 2365
2364 2365 2370
2370 2369 2371
2369 2368 2372
2369 2373 2371
2373 2369 2374
2372 2374 2369
2374 2372 2375
2374 2376 2373
2376 2374 2377
2375 2377 2374
2377 2375 2378
2377 2379 2376
2379 2377 2380
2378 2380 2377
2380 2378 2381
2380 2382 2379
2382 2380 2383
2381 2383 2380
2383 2381 2384
2385 2382 2383
2382 2385 2386
2383 2387 2385
2387 2383 2384
2385 2388 2386
2387 2388 2385
2387 2389 2388
2384 2389 2387
2384 2390 2389
2381 2390 2384
2381 2391 2390
2378 2391 2381
2378 2392 2391
2375 2392 2378
2375 2393 2392
2372 2393 2375
2372 2394 2393
2368 2394 2372
2394 2368 2395
2366 2395 2368
2395 2366 2396
2367 2396 2366
2396 2367 2397
2398 2399 2400
2399 2398 2401
2402 2400 2399
2400 2402 2403
2400 2404 2398
2404 2400 2405
2403 2405 2400
2405 2403 2406
2407 2406 2403
2406 2407 2408
2402 2409 2403
2409 2410 2403
2405 2411 2404
2411 2405 2412
2406 2412 2405
2412 2406 2413
2408 2413 2406
2412 2414 2411
2414 2412 2415
2413 2415 2412
2415 2413 2416
2413 2417 2416
2413 2408 2418
2417 2413 2418
2419 2418 2408
2418 2419 2420
2420 2421 2418
2421 2417 2418
2422 2410 2409
2410 2422 2423
2408 2424 2419
2425 2411 2414
2411 2425 2426
2427 2426 2425
2428 2426 2427
2404 2426 2428
2428 2398 2404
2398 2428 2429
2430 2429 2428
2428 2427 2430
2427 2431 2430
2431 2427 2432
2433 2431 2432
2431 2433 2434
2435 2434 2433
2434 2435 2436
2435 2437 2436
2437 2435 2438
2439 2436 2437
2436 2439 2440
2436 2441 2434
2441 2436 2440
2434 2442 2431
2442 2434 2441
2431 2443 2430
2443 2431 2442
2443 2429 2430
2443 2444 2429
2401 2429 2444
2429 2401 2398
2445 2433 2432
2427 2445 2432
2445 2427 2446
2425 2446 2427
2414 2447 2425
2414 2448 2447
2448 2414 2415
2416 2448 2415
2448 2416 2449
2449 2416 2450
2417 2450 2416
2417 2451 2450
2452 2450 2451
2450 2452 2453
2453 2449 2450
2453 2452 2454
2417 2455 2451
2456 2457 2458
2456 2409 2457
2409 2456 2459
2402 2457 2409
2424 2408 2407
2426 2404 2411
2460 2461 2462
2461 2460 2463
2462 2464 2460
2464 2462 2465
2466 2462 2461
2462 2466 2467
2467 2465 2462
2465 2467 2468
2468 2469 2465
2469 2468 2470
2464 2465 2471
2471 2465 2472
2473 2467 2466
2467 2473 2474
2474 2468 2467
2468 2474 2475
2475 2470 2468
2476 2474 2473
2474 2476 2477
2477 2475 2474
2475 2477 2478
2470 2475 2479
2479 2480 2470
2480 2479 2481
2482 2479 2475
2475 2478 2482
2478 2483 2482
2479 2482 2484
2481 2479 2484
2472 2485 2471
2485 2472 2486
2473 2487 2476
2487 2473 2488
2489 2487 2488
2487 2489 2490
2489 2491 2490
2491 2489 2492
2489 2493 2492
2493 2489 2494
2493 2495 2492
2491 2492 2495
2495 2493 2496
2496 2497 2495
2497 2496 2498
2499 2497 2498
2497 2499 2500
2498 2501 2499
2501 2498 2502
2503 2498 2496
2498 2503 2502
2504 2496 2493
2496 2504 2503
2505 2493 2494
2493 2505 2504
2505 2494 2506
2494 2507 2506
2507 2461 2506
2461 2507 2466
2505 2506 2508
2463 2506 2461
2506 2463 2508
2488 2466 2507
2466 2488 2473
2507 2489 2488
2507 2494 2489
2509 2510 2511
2471 2509 2511
2509 2471 2512
2464 2471 2511
2482 2513 2514
2482 2483 2513
2483 2515 2513
2515 2516 2513
2515 2517 2516
2515 2483 2518
2483 2478 2518
2478 2519 2518
2478 2477 2519
2477 2520 2519
2520 2477 2476
2487 2520 2476
2520 2487 2521
2487 2490 2521
2522 2470 2480
2470 2522 2469
2523 2524 2525
2524 2523 2526
2527 2526 2523
2526 2527 2528
2527 2529 2528
2529 2530 2528
2530 2529 2531
2530 2531 2532
2533 2524 2526
2524 2533 2534
2535 2526 2528
2526 2535 2533
2530 2535 2528
2535 2530 2536
2536 2530 2532
2537 2538 2539
2538 2537 2540
2537 2541 2540
2541 2537 2542
2543 2541 2542
2541 2543 2544
2545 2544 2543
2544 2545 2546
2547 2546 2545
2546 2547 2548
2549 2538 2540
2541 2549 2540
2538 2549 2550
2549 2541 2551
2544 2551 2541
2551 2544 2552
2546 2552 2544
2552 2546 2553
2548 2553 2546
2553 2548 2554
2554 2548 2555
2548 2547 2555
2556 2557 2558
2557 2556 2559
2559 2560 2557
2560 2559 2561
2562 2560 2561
2563 2561 2559
2561 2563 2564
2562 2561 2564
2565 2559 2556
2559 2565 2563
2566 2567 2568
2567 2566 2569
2570 2569 2566
2569 2570 2571
2572 2571 2570
2571 2573 2569
2573 2571 2574
2572 2574 2571
2569 2575 2567
2575 2569 2573
2576 2577 2578
2577 2576 2579
2580 2579 2576
2577 2581 2578
2582 2578 2581
2578 2582 2583
2583 2584 2578
2584 2583 2585
2586 2584 2585
2584 2586 2587
2588 2587 2586
2587 2588 2589
2590 2589 2588
2589 2590 2591
2581 2592 2582
2592 2581 2593
2594 2592 2593
2588 2595 2590
2595 2588 2596
2588 2597 2596
2597 2588 2586
2586 2598 2597
2598 2586 2585
2599 2585 2583
2585 2599 2598
2583 2600 2599
2600 2583 2582
2601 2600 2582
2592 2601 2582
2594 2602 2592
2601 2592 2602
2603 2604 2605
2605 2606 2603
2606 2605 2607
2607 2608 2606
2608 2607 2609
2609 2610 2608
2610 2609 2611
2609 2612 2611
2609 2613 2612
2607 2613 2609
2613 2614 2612
2613 2607 2615
2605 2615 2607
2615 2614 2613
2615 2605 2616
2604 2616 2605
2616 2617 2615
2614 2615 2617
2617 2616 2618
2604 2618 2616
2614 2619 2612
2620 2619 2614
2619 2620 2621
2621 2622 2619
2622 2621 2623
2624 2623 2621
2624 2621 2620
2619 2622 2625
2619 2625 2612
2626 2627 2628
2626 2628 2629
2630 2627 2626
2626 2631 2630
2631 2626 2632
2632 2633 2631
2633 2632 2634
2632 2635 2634
2636 2634 2635
2636 2633 2634
2635 2632 2637
2632 2638 2637
2638 2632 2639
2632 2626 2639
2640 2638 2639
2641 2640 2639
2642 2641 2639
2643 2642 2639
2639 2644 2643
2642 2645 2641
2645 2646 2641
2641 2646 2647
2641 2647 2640
2648 2644 2639
2649 2648 2639
2650 2649 2639
2651 2650 2639
2639 2626 2651
2626 2629 2651
2652 2653 2654
2654 2653 2655
2656 2654 2655
2657 2654 2656
2654 2657 2658
2659 2658 2657
2658 2659 2660
2655 2661 2656
2661 2655 2662
2663 2661 2662
2661 2663 2664
2664 2665 2661
2661 2665 2656
2665 2664 2666
2666 2667 2665
2667 2666 2668
2668 2669 2667
2669 2668 2670
2670 2671 2669
2671 2670 2672
2672 2673 2671
2673 2672 2674
2674 2675 2673
2675 2674 2676
2676 2677 2675
2677 2676 2678
2665 2667 2679
2656 2665 2679
2680 2656 2679
2656 2680 2657
2681 2657 2680
2657 2681 2659
2682 2677 2678
2677 2682 2683
2684 2683 2682
2683 2684 2685
2686 2685 2684
2685 2686 2687
2688 2687 2686
2687 2688 2689
2690 2689 2688
2689 2690 2691
2692 2691 2690
2691 2692 2693
2694 2693 2692
2693 2694 2695
2696 2695 2694
2695 2696 2697
2698 2697 2696
2697 2698 2699
2698 2700 2699
2700 2698 2701
2702 2701 2698
2698 2696 2702
2701 2702 2703
2704 2701 2703
2704 2700 2701
2705 2695 2697
2706 2705 2697
2706 2707 2705
2707 2706 2708
2709 2708 2706
2708 2709 2710
2711 2710 2709
2710 2711 2712
2712 2711 2713
2714 2705 2707
2715 2714 2707
2716 2705 2714
2714 2717 2716
2717 2714 2718
2719 2717 2718
2717 2719 2720
2695 2705 2716
2721 2711 2709
2709 2722 2721
2722 2709 2706
2706 2697 2722
2711 2721 2723
2724 2723 2721
2723 2724 2725
2713 2723 2725
2713 2711 2723
2726 2717 2720
2717 2726 2727
2699 2721 2722
2721 2699 2724
2722 2697 2699
2716 2727 2728
2727 2716 2717
2716 2728 2693
2693 2728 2691
2695 2716 2693
2729 2730 2731
2729 2732 2730
2733 2729 2731
2734 2729 2733
2729 2734 2735
2736 2735 2734
2735 2736 2737
2738 2735 2737
2739 2738 2737
2739 2737 2736
2735 2738 2740
2741 2735 2740
2735 2741 2742
2735 2742 2729
2743 2742 2741
2744 2742 2743
2745 2742 2744
2746 2742 2745
2742 2746 2747
2745 2744 2748
2748 2744 2749
2744 2750 2749
2744 2743 2750
2751 2742 2747
2752 2742 2751
2753 2742 2752
2754 2742 2753
2742 2754 2729
2754 2732 2729
2584 2587 2755
2756 2584 2755
2584 2756 2578
2756 2576 2578
2576 2756 2757
2576 2757 2580
2587 2758 2755
2755 2759 2756
2759 2755 2758
2759 2757 2756
2757 2759 2760
2760 2580 2757
2761 2762 2763
2762 2761 2764
2762 2765 2763
2765 2766 2763
2765 2767 2766
2765 2768 2767
2768 2769 2767
2769 2770 2767
2771 2767 2770
2767 2771 2772
2767 2772 2773
2766 2767 2773
2774 2773 2772
2773 2774 2775
2766 2773 2775
2774 2776 2775
2766 2775 2776
2763 2766 2776
2776 2774 2777
2763 2776 2777
2774 2778 2777
2778 2774 2779
2774 2780 2779
2780 2774 2772
2779 2781 2778
2782 2778 2781
2781 2783 2782
2783 2784 2782
2785 2782 2784
2782 2785 2786
2778 2782 2786
2786 2777 2778
2787 2786 2785
2777 2786 2787
2784 2783 2788
2789 2788 2783
2788 2789 2790
2787 2785 2791
2763 2787 2791
2787 2763 2777
2784 2792 2785
2785 2792 2791
2792 2793 2791
2793 2792 2794
2795 2794 2792
2792 2784 2795
2794 2795 2796
2797 2791 2793
2763 2791 2797
2798 2796 2795
2798 2795 2784
2798 2784 2788
2796 2798 2799
2798 2788 2800
2788 2790 2800
2800 2799 2798
2763 2797 2761
2797 2801 2761
2801 2797 2793
2801 2802 2761
2802 2803 2761
2803 2764 2761
2764 2803 2804
2799 2800 2805
2805 2800 2806
2807 2808 2809
2808 2807 2772
2810 2807 2809
2807 2811 2772
2811 2780 2772
2811 2812 2780
2780 2812 2813
2814 2780 2813
2780 2814 2779
2813 2815 2814
2814 2815 2816
2815 2817 2816
2817 2818 2816
2819 2816 2818
2818 2817 2820
2821 2818 2820
2822 2821 2820
2821 2822 2823
2824 2821 2823
2821 2824 2825
2826 2825 2824
2827 2826 2824
2825 2826 2828
2825 2829 2821
2818 2821 2829
2829 2825 2830
2830 2825 2783
2825 2828 2783
2783 2781 2830
2830 2831 2829
2831 2830 2781
2831 2818 2829
2781 2779 2831
2823 2822 2832
2822 2833 2832
2833 2822 2834
2820 2834 2822
2834 2820 2817
2833 2835 2832
2835 2833 2836
2837 2833 2834
2833 2837 2838
2834 2839 2837
2839 2834 2817
2817 2815 2839
2840 2833 2838
2833 2840 2836
2815 2841 2839
2841 2815 2842
2843 2841 2842
2842 2813 2843
2815 2813 2842
2843 2813 2844
2845 2843 2844
2846 2845 2844
2845 2846 2847
2846 2844 2848
2844 2813 2848
2843 2845 2849
2849 2850 2843
2843 2850 2851
2841 2843 2852
2852 2853 2841
2853 2852 2854
2854 2855 2853
2855 2854 2856
2856 2857 2855
2857 2856 2858
2855 2837 2853
2839 2853 2837
2853 2839 2841
2837 2855 2838
2857 2838 2855
2838 2857 2840
2848 2813 2859
2813 2860 2859
2860 2861 2859
2861 2860 2862
2862 2863 2861
2863 2862 2864
2812 2860 2813
2865 2859 2861
2859 2865 2848
2866 2861 2863
2861 2866 2865
2867 2864 2862
2864 2867 2868
2862 2869 2867
2869 2862 2860
2860 2870 2869
2870 2860 2812
2812 2811 2870
2870 2811 2871
2807 2871 2811
2871 2807 2810
2872 2870 2871
2870 2872 2873
2874 2873 2872
2875 2874 2872
2871 2875 2872
2875 2871 2810
2874 2875 2876
2877 2876 2875
2877 2875 2810
2876 2877 2878
2878 2879 2876
2879 2878 2880
2876 2881 2874
2881 2876 2879
2881 2882 2874
2873 2874 2882
2882 2881 2883
2877 2810 2809
2768 2884 2885
2769 2768 2885
2783 2886 2789
2886 2783 2887
2771 2808 2772
2888 2889 2890
2889 2888 2891
2891 2892 2889
2892 2891 2893
2893 2894 2892
2894 2893 2895
2894 2895 2896
2895 2897 2896
2893 2897 2895
2897 2893 2898
2893 2899 2898
2899 2893 2891
2891 2900 2899
2900 2891 2888
2901 2900 2888
2888 2902 2901
2902 2888 2903
2903 2888 2904
2905 2903 2904
2903 2905 2906
2905 2907 2906
2907 2905 2908
2909 2906 2907
2906 2909 2910
2910 2903 2906
2903 2910 2902
2911 2908 2905
2904 2911 2905
2908 2911 2912
2911 2904 2890
2888 2890 2904
2913 2914 2915
2914 2913 2916
2915 2917 2913
2917 2915 2918
2919 2917 2918
2917 2919 2920
2920 2919 2921
2922 2920 2921
2920 2922 2923
2924 2916 2913
2916 2924 2925
2926 2913 2917
2913 2926 2924
2927 2917 2920
2917 2927 2926
2923 2927 2920
2927 2923 2928
2928 2923 2929
2923 2922 2929
2924 2930 2925
2930 2924 2931
2926 2931 2924
2931 2926 2932
2927 2932 2926
2932 2927 2933
2933 2927 2934
2928 2934 2927
2934 2928 2935
2935 2928 2929
2936 2937 2938
2937 2936 2939
2938 2940 2936
2940 2938 2941
2941 2942 2940
2942 2941 2943
2943 2944 2942
2944 2943 2945
2945 2946 2944
2946 2945 2947
2936 2948 2939
2948 2936 2949
2936 2950 2949
2950 2936 2940
2940 2951 2950
2951 2940 2942
2942 2952 2951
2952 2942 2944
2944 2953 2952
2953 2944 2946
2954 2953 2946
2954 2946 2947
2955 2956 2957
2958 2956 2955
2956 2958 2959
2960 2959 2958
2959 2960 2961
2962 2961 2960
2956 2963 2957
2963 2956 2964
2959 2964 2956
2964 2959 2965
2961 2965 2959
2965 2961 2966
2961 2967 2966
2967 2961 2968
2961 2969 2968
2961 2962 2969
2969 2970 2968
2971 2968 2970
2968 2971 2972
2973 2972 2971
2972 2973 2974
2974 2973 2975
2976 2968 2972
2967 2968 2976
2974 2977 2972
2976 2972 2977
2977 2974 2978
2978 2974 2975
2955 2957 2979
2980 2981 2982
2981 2980 2983
2984 2983 2980
2983 2984 2985
2986 2985 2984
2985 2986 2987
2986 2988 2987
2988 2986 2989
2989 2990 2988
2990 2989 2991
2990 2991 2992
2993 2991 2989
2991 2993 2994
2991 2994 2992
2989 2995 2993
2995 2989 2986
2986 2996 2995
2996 2986 2984
2980 2996 2984
2996 2980 2997
2980 2998 2997
2998 2980 2982
2996 2999 2995
2997 2999 2996
2999 2997 3000
2997 3001 3000
3001 2997 2998
3002 3003 3004
3003 3002 3005
3002 3006 3005
3006 3002 3007
3008 3004 3003
3004 3008 3009
3010 3007 3002
3007 3010 3011
3002 3012 3010
3012 3002 3004
3004 3013 3012
3013 3004 3009
3014 3007 3011
3007 3014 3015
3016 3015 3014
3015 3016 3017
3018 3007 3015
3007 3018 3006
3019 3015 3017
3015 3019 3018
3020 3009 3008
3009 3020 3021
3022 3021 3020
3021 3022 3023
3024 3021 3023
3021 3024 3025
3009 3025 3013
3025 3009 3021
3026 3024 3023
3024 3026 3027
3026 3028 3027
3029 3028 3026
3029 3023 3022
3023 3029 3026
3030 3031 3032
3033 3031 3030
3030 3034 3033
3034 3030 3035
3035 3030 3036
3036 3030 3032
3031 3033 3037
3038 3037 3033
3038 3033 3034
3037 3038 3039
3040 3039 3038
3038 3041 3040
3042 3040 3041
3040 3042 3043
3042 3044 3043
3044 3042 3045
3045 3046 3044
3047 3044 3046
3044 3047 3048
3048 3043 3044
3046 3045 3049
3049 3050 3046
3050 3049 3051
3052 3050 3051
3050 3052 3053
3050 3053 3054
3054 3046 3050
3046 3054 3047
3052 3055 3053
3045 3056 3049
3056 3045 3057
3051 3058 3052
3055 3052 3058
3058 3051 3059
3059 3049 3056
3049 3059 3051
3045 3060 3057
3060 3045 3042
3042 3061 3060
3061 3042 3041
3041 3062 3061
3062 3041 3063
3041 3038 3063
3064 3062 3063
3063 3038 3034
3064 3063 3034
3035 3064 3034
3064 3035 3065
3036 3065 3035
3065 3036 3066
3036 3067 3066
3067 3036 3068
3062 3069 3061
3062 3070 3069
3070 3062 3064
3071 3070 3064
3070 3071 3072
3071 3073 3072
3036 3032 3068
3043 3048 3074
3074 3040 3043
3040 3074 3075
3039 3040 3075
3076 3077 3078
3077 3076 3079
3077 3080 3078
3080 3077 3081
3079 3081 3077
3081 3079 3082
3081 3083 3080
3083 3081 3084
3082 3084 3081
3084 3085 3083
3085 3084 3086
3087 3086 3084
3084 3082 3087
3086 3087 3088
3089 3083 3085
3083 3089 3090
3090 3091 3083
3091 3090 3092
3093 3090 3089
3090 3093 3094
3094 3092 3090
3092 3094 3095
3096 3091 3092
3096 3092 3095
3086 3097 3085
3097 3086 3098
3099 3097 3098
3097 3099 3100
3101 3100 3099
3100 3101 3102
3103 3102 3101
3102 3103 3104
3105 3104 3103
3104 3105 3106
3107 3106 3105
3106 3107 3108
3105 3109 3107
3109 3105 3110
3103 3110 3105
3110 3103 3111
3112 3111 3103
3112 3103 3101
3099 3112 3101
3108 3113 3106
3113 3108 3114
3115 3106 3113
3106 3115 3104
3102 3116 3100
3116 3102 3117
3117 3104 3115
3118 3100 3116
3100 3118 3097
3119 3111 3112
3120 3119 3112
3119 3120 3121
3122 3121 3120
3121 3122 3123
3112 3099 3120
3120 3098 3122
3098 3120 3099
3118 3085 3097
3085 3118 3089
3115 3124 3117
3124 3115 3125
3117 3126 3116
3126 3117 3124
3116 3127 3118
3127 3116 3126
3118 3093 3089
3093 3118 3127
3128 3127 3126
3128 3126 3129
3125 3130 3124
3126 3124 3130
3126 3130 3129
3129 3130 3131
3132 3131 3130
3132 3130 3125
3133 3131 3132
3133 3132 3134
3134 3135 3133
3136 3134 3132
3136 3132 3125
3137 3136 3125
3125 3113 3137
3114 3137 3113
3137 3114 3138
3137 3138 3136
3134 3136 3139
3138 3139 3136
3139 3140 3134
3135 3134 3140
3140 3139 3141
3139 3138 3142
3142 3143 3139
3143 3141 3139
3138 3144 3142
3145 3142 3144
3145 3143 3142
3146 3145 3144
3144 3147 3146
3147 3144 3148
3148 3144 3138
3145 3146 3149
3148 3150 3147
3150 3114 3108
3108 3151 3150
3151 3108 3107
3107 3152 3151
3152 3107 3109
3150 3148 3153
3114 3150 3153
3154 3150 3151
3150 3154 3147
3154 3151 3152
3155 3147 3154
3147 3155 3146
3156 3146 3155
3146 3156 3149
3156 3157 3149
3157 3156 3158
3159 3158 3156
3155 3159 3156
3158 3159 3160
3154 3161 3155
3159 3155 3161
3161 3154 3162
3154 3152 3162
3153 3138 3114
3148 3138 3153
3163 3157 3158
3157 3163 3164
3163 3165 3164
3165 3166 3164
3166 3165 3167
3168 3167 3165
3167 3168 3169
3170 3169 3168
3169 3170 3171
3170 3172 3171
3172 3170 3173
3173 3174 3172
3174 3173 3175
3176 3175 3173
3175 3176 3177
3177 3178 3175
3178 3177 3179
3180 3177 3176
3177 3180 3181
3181 3179 3177
3179 3182 3178
3182 3179 3183
3179 3181 3184
3185 3179 3184
3185 3183 3179
3186 3175 3178
3175 3186 3174
3183 3187 3182
3187 3183 3188
3185 3188 3183
3188 3189 3187
3189 3188 3190
3191 3182 3187
3182 3191 3192
3178 3192 3186
3192 3178 3182
3187 3193 3191
3193 3187 3189
3188 3185 3194
3194 3190 3188
3195 3194 3185
3195 3185 3184
3194 3195 3196
3196 3197 3194
3190 3194 3197
3197 3196 3198
3199 3189 3190
3189 3199 3200
3200 3193 3189
3201 3200 3199
3199 3202 3201
3202 3199 3203
3200 3201 3204
3204 3205 3200
3193 3200 3205
3205 3204 3206
3207 3206 3204
3206 3207 3208
3199 3209 3203
3209 3199 3190
3206 3210 3205
3210 3193 3205
3193 3210 3211
3211 3191 3193
3191 3211 3212
3212 3192 3191
3192 3212 3213
3213 3186 3192
3186 3213 3214
3214 3174 3186
3174 3214 3215
3215 3172 3174
3172 3215 3216
3217 3212 3211
3217 3218 3212
3212 3218 3219
3214 3213 3219
3212 3219 3213
3218 3220 3219
3221 3215 3214
3219 3221 3214
3221 3219 3220
3222 3221 3220
3215 3221 3223
3215 3223 3216
3224 3223 3221
3222 3224 3221
3224 3222 3225
3223 3224 3226
3226 3216 3223
3227 3226 3224
3225 3227 3224
3226 3227 3228
3226 3228 3229
3216 3226 3230
3230 3226 3229
3216 3230 3167
3166 3167 3230
3166 3230 3229
3166 3229 3231
3231 3164 3166
3164 3231 3157
3232 3149 3157
3149 3232 3145
3233 3145 3232
3145 3233 3143
3234 3143 3233
3143 3234 3141
3141 3234 3140
3169 3216 3167
3169 3171 3216
3171 3172 3216
3104 3117 3102
3235 3236 3237
3236 3235 3238
3237 3239 3235
3240 3237 3236
3237 3240 3241
3241 3239 3237
3236 3242 3240
3242 3236 3243
3238 3243 3236
3243 3238 3244
3245 3086 3088
3086 3245 3098
3113 3125 3115
3246 3247 3248
3248 3249 3246
3250 3248 3247
3248 3250 3251
3251 3249 3248
3249 3251 3252
3204 3251 3250
3251 3204 3201
3201 3252 3251
3252 3201 3202
3253 3254 3255
3254 3253 3256
3256 3253 3257
3256 3258 3254
3258 3256 3259
3259 3256 3257
3260 3254 3258
3254 3260 3261
3261 3255 3254
3255 3261 3262
3210 3206 3263
3208 3263 3206
3263 3208 3264
3265 3264 3208
3265 3208 3207
3173 3266 3176
3266 3173 3170
3267 3176 3266
3176 3267 3180
3170 3268 3266
3268 3267 3266
3268 3170 3168
3168 3269 3268
3269 3168 3165
3165 3163 3269
3268 3270 3267
3271 3268 3269
3268 3271 3270
3272 3269 3163
3269 3272 3271
3158 3272 3163
3272 3158 3160
3273 3274 3275
3274 3273 3276
3276 3277 3274
3277 3278 3274
3278 3275 3274
3278 3277 3279
3277 3276 3280
3275 3281 3273
3281 3275 3282
3275 3283 3282
3283 3275 3284
3275 3278 3284
3278 3285 3284
3278 3286 3285
3286 3278 3287
3288 3287 3278
3279 3288 3278
3287 3288 3289
3289 3290 3287
3290 3286 3287
3285 3291 3284
3291 3283 3284
3291 3285 3292
3285 3293 3292
3293 3285 3286
3290 3293 3286
3283 3291 3294
3279 3295 3296
3297 3296 3295
3296 3297 3298
3299 3298 3297
3300 3297 3295
3297 3300 3301
3299 3297 3301
3295 3280 3300
3280 3295 3277
3295 3279 3277
3302 3303 3304
3303 3302 3305
3306 3305 3302
3305 3306 3307
3308 3306 3302
3306 3308 3309
3307 3310 3305
3311 3305 3310
3305 3311 3312
3311 3313 3312
3310 3307 3314
3309 3315 3306
3315 3307 3306
3315 3309 3316
3317 3314 3307
3307 3315 3317
3314 3317 3318
3319 3304 3303
3320 3321 3319
3321 3320 3322
3323 3322 3320
3323 3324 3322
3324 3321 3322
3321 3324 3325
3325 3304 3321
3304 3319 3321
3304 3325 3326
3326 3302 3304
3302 3326 3308
3327 3328 3329
3328 3327 3330
3329 3328 3331
3332 3329 3331
3333 3329 3332
3329 3333 3334
3334 3333 3335
3336 3334 3335
3336 3337 3334
3338 3327 3337
3338 3337 3339
3327 3338 3340
3337 3341 3339
3337 3336 3341
3330 3327 3342
3327 3340 3342
3343 3344 3345
3345 3344 3346
3346 3347 3345
3347 3346 3348
3348 3349 3347
3347 3349 3350
3350 3351 3347
3351 3350 3352
3352 3353 3351
3351 3353 3354
3354 3355 3351
3355 3354 3356
3356 3357 3355
3345 3358 3343
3358 3345 3355
3355 3357 3358
3359 3360 3361
3360 3359 3362
3363 3361 3360
3361 3363 3364
3365 3364 3363
3364 3365 3366
3367 3362 3359
3362 3367 3368
3369 3368 3367
3368 3369 3370
3371 3370 3369
3370 3371 3372
3373 3372 3371
3372 3373 3374
3375 3374 3373
3374 3375 3376
3377 3376 3375
3376 3377 3378
3379 3378 3377
3378 3379 3380
3381 3380 3379
3380 3381 3382
3366 3382 3381
3382 3366 3365
3383 3384 3385
3384 3383 3386
3387 3388 3389
3388 3387 3390
3391 3392 3393
3392 3391 3394
3395 3396 3397
3396 3395 3398
