byte offset: 0
first index: 56658
index count: 4026
topology: trianglelist
format: DXGI_FORMAT_R16_UINT

14549 14550 14551
14550 14549 14552
14550 14553 14551
14554 14551 14553
14549 14551 14554
14553 14555 14554
14556 14549 14554
14553 14550 14557
14557 14555 14553
14558 14552 14549
14549 14556 14558
14556 14559 14558
14552 14558 14560
14559 14560 14558
14555 14557 14561
14560 14559 14562
14563 14562 14559
14559 14556 14563
14556 14564 14563
14564 14565 14563
14566 14563 14565
14563 14566 14567
14562 14563 14567
14565 14568 14566
14568 14565 14569
14564 14569 14565
14570 14568 14569
14568 14570 14571
14569 14572 14570
14572 14569 14564
14573 14571 14570
14570 14572 14573
14571 14573 14574
14575 14574 14573
14575 14573 14572
14574 14575 14576
14572 14577 14575
14577 14576 14575
14577 14572 14578
14579 14577 14578
14578 14580 14579
14581 14580 14578
14580 14581 14582
14582 14583 14580
14583 14579 14580
14583 14582 14584
14585 14584 14582
14582 14581 14585
14581 14586 14585
14586 14587 14585
14584 14585 14587
14587 14586 14588
14579 14583 14589
14589 14577 14579
14577 14589 14590
14576 14577 14590
14586 14591 14588
14591 14586 14592
14581 14592 14586
14592 14593 14591
14593 14592 14594
14594 14595 14593
14595 14594 14596
14597 14596 14594
14597 14594 14592
14592 14581 14597
14581 14598 14597
14599 14597 14598
14597 14599 14600
14596 14597 14600
14596 14600 14601
14595 14596 14601
14602 14601 14600
14600 14599 14602
14601 14602 14603
14604 14603 14602
14604 14602 14599
14603 14604 14605
14606 14605 14604
14605 14606 14607
14606 14604 14608
14604 14599 14608
14598 14581 14609
14581 14578 14609
14572 14609 14578
14609 14572 14610
14572 14564 14610
14611 14599 14598
14609 14612 14598
14612 14609 14613
14610 14613 14609
14613 14610 14614
14614 14610 14615
14598 14616 14611
14616 14598 14612
14608 14599 14611
14564 14556 14610
14610 14556 14615
14556 14617 14615
14556 14554 14617
14618 14617 14554
14618 14554 14555
14617 14618 14619
14618 14620 14619
14618 14621 14620
14621 14618 14622
14623 14621 14622
14621 14623 14624
14622 14625 14623
14625 14622 14626
14622 14618 14626
14627 14625 14626
14627 14626 14618
14627 14618 14555
14625 14627 14628
14555 14628 14627
14629 14621 14624
14621 14629 14630
14620 14621 14630
14630 14631 14620
14629 14631 14630
14631 14629 14632
14628 14555 14561
14633 14620 14631
14620 14633 14634
14633 14635 14634
14636 14634 14635
14637 14634 14636
14634 14637 14638
14639 14637 14636
14637 14639 14640
14638 14637 14641
14641 14642 14638
14643 14642 14641
14643 14637 14640
14637 14643 14641
14642 14643 14644
14645 14636 14635
14636 14645 14639
14633 14645 14635
14645 14633 14646
14642 14647 14638
14647 14642 14648
14644 14648 14642
14648 14649 14647
14650 14647 14649
14649 14651 14650
14651 14652 14650
14650 14652 14647
14652 14651 14653
14652 14654 14647
14654 14652 14655
14653 14655 14652
14655 14653 14656
14656 14657 14655
14654 14655 14657
14657 14656 14658
14651 14649 14659
14649 14660 14659
14660 14649 14648
14661 14654 14657
14658 14662 14657
14662 14661 14657
14661 14662 14663
14664 14661 14663
14664 14665 14661
14665 14664 14666
14667 14666 14664
14663 14667 14664
14666 14667 14668
14667 14663 14669
14662 14669 14663
14665 14666 14670
14668 14670 14666
14670 14671 14665
14672 14671 14670
14670 14668 14672
14671 14672 14673
14669 14662 14674
14675 14665 14671
14673 14675 14671
14662 14658 14674
14675 14673 14676
14677 14675 14676
14675 14677 14678
14679 14678 14677
14678 14679 14680
14679 14681 14680
14681 14679 14682
14683 14680 14681
14680 14683 14684
14680 14684 14678
14675 14678 14684
14683 14681 14685
14682 14685 14681
14685 14686 14683
14687 14686 14685
14685 14682 14687
14686 14687 14688
14686 14689 14683
14689 14686 14690
14688 14690 14686
14690 14691 14689
14692 14689 14691
14692 14693 14689
14693 14692 14694
14691 14695 14692
14695 14696 14692
14696 14694 14692
14695 14691 14697
14690 14697 14691
14693 14694 14698
14696 14698 14694
14698 14699 14693
14700 14699 14698
14698 14696 14700
14699 14700 14701
14697 14690 14702
14690 14688 14702
14701 14703 14699
14703 14701 14704
14699 14705 14693
14699 14703 14705
14693 14705 14706
14693 14706 14707
14689 14693 14707
14708 14707 14706
14707 14708 14709
14709 14710 14707
14683 14707 14710
14683 14689 14707
14684 14683 14710
14710 14709 14711
14665 14684 14710
14665 14710 14712
14711 14712 14710
14713 14703 14704
14703 14713 14714
14714 14705 14703
14715 14714 14713
14714 14715 14716
14716 14717 14714
14717 14716 14718
14719 14717 14718
14719 14718 14720
14720 14716 14715
14716 14720 14718
14717 14719 14721
14719 14722 14721
14723 14722 14719
14723 14719 14720
14722 14723 14724
14724 14725 14722
14725 14721 14722
14725 14724 14726
14727 14721 14725
14721 14727 14728
14729 14728 14727
14727 14730 14729
14730 14727 14731
14725 14731 14727
14731 14725 14726
14728 14729 14732
14733 14728 14732
14732 14734 14733
14734 14732 14735
14735 14729 14730
14729 14735 14732
14728 14733 14736
14734 14737 14733
14733 14737 14736
14737 14734 14738
14738 14739 14737
14739 14736 14737
14739 14738 14740
14739 14741 14736
14742 14739 14740
14739 14742 14743
14739 14743 14741
14744 14743 14742
14743 14744 14745
14745 14741 14743
14741 14745 14746
14747 14741 14746
14741 14747 14748
14746 14749 14747
14749 14746 14750
14750 14745 14744
14745 14750 14746
14749 14751 14747
14747 14751 14748
14748 14751 14752
14751 14749 14753
14753 14752 14751
14752 14753 14754
14752 14755 14748
14752 14756 14755
14756 14752 14754
14757 14755 14756
14755 14757 14758
14759 14758 14757
14758 14759 14760
14761 14760 14759
14760 14761 14762
14762 14763 14760
14764 14758 14760
14764 14755 14758
14763 14764 14760
14761 14765 14762
14762 14765 14763
14765 14761 14766
14767 14765 14766
14765 14767 14768
14768 14763 14765
14769 14763 14768
14763 14769 14770
14771 14770 14769
14769 14772 14771
14772 14769 14773
14768 14773 14769
14773 14768 14767
14770 14771 14774
14772 14774 14771
14774 14775 14770
14775 14774 14776
14774 14777 14776
14777 14774 14778
14774 14772 14778
14779 14776 14777
14776 14779 14780
14776 14780 14775
14779 14781 14780
14781 14775 14780
14781 14779 14782
14781 14783 14775
14783 14781 14784
14782 14784 14781
14785 14783 14784
14784 14786 14785
14786 14784 14787
14784 14782 14787
14786 14788 14785
14783 14785 14788
14788 14789 14783
14789 14788 14790
14788 14791 14790
14791 14788 14792
14788 14786 14792
14793 14790 14791
14790 14793 14794
14790 14794 14789
14793 14795 14794
14795 14789 14794
14795 14793 14796
14795 14797 14789
14796 14797 14795
14797 14796 14798
14799 14797 14798
14797 14799 14800
14800 14801 14797
14797 14801 14789
14801 14800 14802
14801 14802 14803
14804 14803 14802
14804 14800 14799
14800 14804 14802
14803 14804 14805
14805 14806 14803
14806 14805 14807
14803 14806 14808
14808 14801 14803
14808 14806 14809
14807 14809 14806
14809 14807 14810
14809 14811 14808
14810 14811 14809
14811 14810 14812
14813 14811 14812
14811 14813 14814
14815 14814 14813
14814 14815 14816
14815 14817 14816
14817 14815 14818
14819 14816 14817
14816 14819 14820
14820 14814 14816
14820 14811 14814
14811 14820 14808
14818 14821 14817
14817 14821 14819
14821 14818 14822
14822 14823 14821
14823 14819 14821
14823 14822 14824
14825 14819 14823
14824 14825 14823
14819 14825 14826
14827 14826 14825
14826 14827 14828
14828 14829 14826
14829 14828 14830
14831 14830 14828
14827 14831 14828
14830 14831 14832
14832 14833 14830
14830 14833 14829
14829 14833 14834
14835 14834 14833
14833 14832 14835
14834 14835 14836
14831 14827 14837
14825 14837 14827
14837 14825 14838
14825 14824 14838
14839 14834 14836
14834 14839 14840
14840 14829 14834
14841 14840 14839
14840 14841 14842
14843 14842 14841
14842 14843 14844
14843 14845 14844
14846 14842 14844
14846 14840 14842
14844 14847 14846
14845 14847 14844
14845 14848 14847
14848 14845 14849
14847 14848 14850
14847 14850 14846
14849 14851 14848
14851 14850 14848
14851 14849 14852
14852 14606 14851
14606 14852 14607
14606 14608 14851
14851 14608 14850
14829 14840 14846
14850 14853 14846
14853 14829 14846
14829 14853 14854
14829 14854 14826
14854 14819 14826
14819 14854 14855
14819 14855 14820
14611 14853 14850
14608 14611 14850
14856 14854 14853
14854 14856 14857
14857 14855 14854
14855 14857 14858
14853 14616 14856
14616 14853 14611
14820 14855 14808
14855 14859 14808
14858 14859 14855
14858 14860 14859
14859 14861 14808
14860 14861 14859
14808 14861 14801
14861 14789 14801
14789 14861 14862
14789 14862 14783
14862 14775 14783
14775 14862 14863
14775 14863 14770
14863 14763 14770
14763 14863 14864
14763 14864 14764
14862 14865 14863
14865 14862 14866
14861 14866 14862
14866 14861 14860
14863 14867 14864
14867 14863 14865
14764 14864 14748
14755 14764 14748
14748 14864 14868
14868 14864 14867
14748 14868 14741
14869 14868 14867
14868 14870 14741
14869 14870 14868
14871 14870 14869
14870 14871 14872
14728 14870 14872
14736 14870 14728
14741 14870 14736
14708 14872 14871
14872 14708 14706
14717 14872 14706
14721 14872 14717
14728 14872 14721
14717 14706 14705
14714 14717 14705
14648 14644 14660
14631 14646 14633
14646 14631 14632
14619 14634 14873
14634 14619 14620
14634 14638 14873
14647 14873 14638
14873 14647 14874
14647 14654 14874
14875 14619 14873
14619 14875 14876
14877 14873 14874
14873 14877 14875
14877 14874 14712
14876 14617 14619
14617 14876 14878
14654 14661 14874
14661 14712 14874
14615 14617 14878
14614 14615 14878
14661 14665 14712
14711 14877 14712
14675 14684 14665
14879 14880 14881
14880 14879 14882
14883 14881 14880
14881 14883 14884
14885 14884 14883
14884 14885 14886
14887 14886 14885
14886 14887 14888
14889 14882 14879
14882 14889 14890
14891 14880 14882
14891 14882 14890
14880 14891 14892
14893 14880 14892
14880 14893 14883
14894 14883 14893
14883 14894 14885
14895 14885 14894
14885 14895 14887
14896 14881 14884
14881 14896 14897
14898 14884 14886
14884 14898 14896
14899 14886 14888
14886 14899 14898
14900 14897 14896
14897 14900 14901
14901 14902 14897
14879 14897 14902
14897 14879 14881
14903 14879 14902
14879 14903 14889
14902 14901 14904
14902 14904 14903
14896 14905 14900
14905 14896 14898
14898 14906 14905
14906 14898 14899
14899 14907 14906
14907 14899 14908
14908 14909 14907
14909 14908 14910
14911 14910 14908
14910 14911 14912
14911 14913 14912
14913 14911 14914
14914 14915 14913
14915 14914 14916
14908 14888 14911
14888 14914 14911
14888 14908 14899
14914 14888 14887
14887 14916 14914
14916 14887 14895
14917 14918 14919
14918 14917 14920
14921 14920 14917
14920 14921 14922
14923 14922 14921
14922 14923 14924
14925 14924 14923
14924 14925 14926
14927 14926 14925
14926 14927 14928
14925 14929 14927
14929 14925 14930
14923 14930 14925
14930 14923 14931
14923 14932 14931
14932 14923 14921
14921 14933 14932
14933 14921 14917
14917 14934 14933
14934 14917 14919
14929 14935 14927
14935 14936 14927
14927 14936 14904
14904 14928 14927
14935 14937 14936
14936 14938 14904
14937 14938 14936
14938 14939 14904
14904 14939 14903
14940 14903 14939
14939 14941 14940
14941 14939 14938
14941 14938 14942
14937 14942 14938
14937 14943 14942
14903 14940 14944
14944 14889 14903
14889 14944 14945
14889 14945 14946
14947 14946 14945
14946 14947 14948
14944 14949 14945
14947 14945 14949
14940 14950 14944
14940 14941 14950
14944 14950 14949
14948 14951 14946
14951 14948 14952
14953 14952 14948
14952 14953 14954
14955 14946 14951
14946 14955 14890
14889 14946 14890
14951 14956 14955
14955 14956 14891
14891 14890 14955
14956 14951 14957
14952 14957 14951
14957 14958 14956
14958 14957 14959
14959 14957 14952
14954 14959 14952
14958 14960 14956
14956 14960 14891
14961 14891 14960
14962 14961 14960
14960 14958 14962
14961 14962 14963
14963 14964 14961
14965 14961 14964
14964 14966 14965
14966 14964 14967
14967 14968 14966
14968 14967 14969
14969 14970 14968
14970 14969 14971
14971 14972 14970
14972 14971 14973
14961 14965 14974
14964 14963 14975
14975 14967 14964
14967 14975 14976
14967 14977 14969
14977 14967 14976
14969 14978 14971
14978 14969 14977
14979 14971 14978
14971 14979 14973
14961 14974 14891
14980 14962 14981
14962 14980 14963
14958 14981 14962
14981 14958 14982
14959 14982 14958
14982 14959 14983
14984 14963 14980
14963 14984 14985
14984 14986 14985
14980 14987 14984
14988 14984 14987
14988 14986 14984
14989 14986 14988
14987 14980 14990
14981 14990 14980
14990 14981 14991
14982 14991 14981
14991 14982 14992
14983 14992 14982
14992 14983 14993
14994 14993 14983
14993 14994 14995
14989 14996 14986
14986 14996 14997
14986 14997 14985
14996 14989 14998
14999 14996 14998
14996 15000 14997
14996 14999 15000
15001 15000 14999
14999 14998 15002
15003 14999 15002
15001 14999 15003
15004 15001 15003
15003 15002 15005
15006 15004 15003
15006 15003 15007
15003 15005 15007
15008 14995 14994
14995 15008 15009
14994 15010 15008
15011 15009 15008
15009 15011 15012
15008 15013 15011
15013 15008 15010
15014 15013 15010
15014 15015 15013
15015 15014 15016
14953 15016 15014
14953 15014 14954
15014 15010 14954
15010 15017 14954
15017 14959 14954
15017 14983 14959
14994 14983 15017
15010 14994 15017
15016 14953 15018
14953 14948 15018
15018 15019 15016
15019 15018 15020
15021 15016 15019
15016 15021 15015
15019 15022 15021
15022 15019 15023
15020 15023 15019
15023 15024 15022
15024 15023 15025
15026 15024 15025
14947 15018 14948
14947 15020 15018
15020 14947 14949
14950 15020 14949
15020 14950 15027
15023 15020 15027
15027 15025 15023
14942 15026 15025
15028 15026 14942
14943 15028 14942
15025 15027 15029
15025 15029 14942
14941 15029 15027
15029 14941 14942
14941 15027 14950
15030 15031 15032
15031 15030 15033
15032 15034 15030
15034 15032 15035
15035 15036 15034
15036 15035 15037
15037 15038 15036
15038 15037 15039
15033 15040 15031
15040 15033 15041
15030 15042 15033
15042 15041 15033
15042 15030 15043
15030 15044 15043
15044 15030 15034
15034 15045 15044
15045 15034 15036
15036 15046 15045
15046 15036 15038
15031 15047 15032
15048 15032 15047
15032 15048 15035
15049 15035 15048
15035 15049 15037
15050 15037 15049
15037 15050 15039
15047 15051 15048
15051 15047 15052
15053 15052 15047
15047 15031 15053
15054 15031 15040
15031 15054 15053
15052 15053 15055
15053 15054 15055
15056 15048 15051
15048 15056 15049
15057 15049 15056
15049 15057 15050
15058 15050 15057
15050 15058 15059
15060 15059 15058
15059 15060 15061
15061 15062 15059
15062 15061 15063
15064 15062 15063
15062 15064 15065
15066 15065 15064
15065 15066 15067
15039 15059 15062
15065 15039 15062
15059 15039 15050
15039 15065 15038
15067 15038 15065
15038 15067 15046
15068 15069 15070
15069 15068 15071
15070 15072 15068
15072 15070 15073
15073 15074 15072
15074 15073 15075
15075 15076 15074
15076 15075 15077
15077 15078 15076
15078 15077 15079
15080 15076 15078
15076 15080 15081
15081 15074 15076
15074 15081 15082
15074 15083 15072
15083 15074 15082
15072 15084 15068
15084 15072 15083
15085 15068 15084
15068 15085 15071
15080 15078 15086
15086 15078 15087
15078 15055 15087
15055 15078 15079
15086 15087 15088
15087 15055 15089
15088 15087 15089
15089 15055 15090
15091 15089 15090
15091 15092 15089
15088 15089 15092
15090 15093 15091
15088 15092 15094
15054 15093 15090
15054 15090 15055
15093 15054 15095
15040 15095 15054
15095 15040 15096
15095 15096 15097
15093 15095 15098
15093 15098 15091
15095 15097 15098
15091 15098 15099
15100 15099 15098
15098 15097 15100
15101 15092 15091
15091 15099 15101
15102 15097 15096
15102 15100 15097
15103 15102 15096
15040 15103 15096
15040 15041 15103
15102 15103 15104
15105 15104 15103
15104 15105 15106
15106 15107 15104
15107 15106 15108
15103 15109 15105
15109 15103 15041
15042 15109 15041
15110 15105 15109
15109 15042 15110
15042 15111 15110
15111 15112 15110
15112 15113 15110
15105 15110 15113
15106 15105 15113
15113 15112 15114
15114 15106 15113
15108 15106 15114
15112 15111 15115
15116 15115 15111
15116 15111 15042
15116 15042 15117
15118 15116 15117
15116 15118 15119
15120 15119 15118
15119 15120 15121
15122 15121 15120
15121 15122 15123
15124 15123 15122
15123 15124 15125
15126 15125 15124
15125 15126 15127
15115 15116 15128
15119 15128 15116
15128 15119 15129
15121 15129 15119
15129 15121 15130
15121 15131 15130
15131 15121 15123
15123 15132 15131
15132 15123 15125
15125 15133 15132
15133 15125 15127
15134 15115 15128
15115 15134 15135
15135 15112 15115
15112 15135 15136
15136 15114 15112
15114 15136 15137
15128 15138 15134
15138 15128 15139
15138 15139 15140
15141 15134 15138
15142 15141 15138
15142 15138 15140
15143 15142 15140
15134 15141 15144
15144 15135 15134
15135 15144 15145
15145 15136 15135
15136 15145 15146
15146 15137 15136
15137 15146 14993
14993 15147 15137
15147 14993 14995
15143 15140 15148
15140 15149 15148
15140 15139 15149
15148 15150 15143
15151 15150 15148
15148 15149 15152
15148 15152 15151
15153 15151 15152
15151 15154 15150
15155 15154 15151
15153 15155 15151
15156 15155 15153
15155 15157 15154
15158 15155 15156
15158 15159 15155
15155 15159 15157
14995 15160 15147
15160 14995 15009
15161 15147 15160
15147 15161 15162
15147 15162 15137
15162 15114 15137
15162 15108 15114
15161 15108 15162
15009 15163 15160
15163 15009 15012
15160 15164 15161
15164 15160 15163
15165 15161 15164
15165 15108 15161
15107 15108 15165
15166 15107 15165
15107 15166 15167
15107 15167 15104
15168 15167 15166
15167 15168 15100
15165 15169 15166
15169 15165 15164
15166 15170 15168
15170 15166 15169
15171 15168 15170
15168 15171 15172
15172 15100 15168
15173 15172 15171
15172 15173 15174
15175 15174 15173
15102 15104 15167
15100 15102 15167
15092 15174 15175
15176 15092 15175
15094 15092 15176
15100 15172 15099
15174 15099 15172
15099 15174 15101
15174 15092 15101
15177 15178 15179
15178 15177 15180
15180 15181 15178
15181 15180 15182
15179 15183 15177
15183 15179 15184
15184 15185 15183
15186 15178 15181
15181 15187 15186
15187 15181 15188
15188 15181 15189
15188 15190 15187
15190 15188 15191
15191 15192 15190
15192 15191 15193
15178 15186 15194
15179 15194 15195
15184 15195 15196
15195 15184 15179
15194 15179 15178
15196 15197 15184
15184 15197 15185
15197 15196 15198
15199 15197 15198
15197 15199 15200
15200 15201 15197
15201 15200 15202
15203 15202 15200
15202 15203 15204
15200 15205 15203
15205 15200 15199
15206 15203 15205
15203 15206 15207
15203 15207 15208
15209 15196 15195
15195 15210 15209
15211 15209 15210
15209 15211 15212
15212 15213 15209
15213 15212 15214
15214 15215 15213
15215 15214 15216
15217 15215 15216
15215 15217 15218
15219 15218 15217
15218 15219 15220
15221 15220 15219
15220 15221 15222
15223 15211 15210
15211 15223 15224
15225 15224 15223
15224 15225 15226
15227 15226 15225
15226 15227 15228
15229 15228 15227
15228 15229 15230
15230 15231 15228
15231 15230 15232
15232 15233 15231
15233 15232 15234
15234 15235 15233
15236 15233 15235
15233 15236 15237
15237 15231 15233
15238 15237 15236
15237 15238 15239
15240 15239 15238
15239 15240 15241
15240 15242 15241
15242 15240 15243
15243 15244 15242
15244 15243 15245
15245 15246 15244
15246 15245 15247
15248 15246 15247
15246 15248 15249
15250 15249 15248
15249 15250 15251
15239 15252 15237
15231 15237 15252
15252 15239 15253
15253 15241 15254
15241 15253 15239
15255 15242 15244
15242 15255 15256
15256 15241 15242
15241 15256 15254
15257 15246 15249
15246 15257 15258
15258 15244 15246
15244 15258 15255
15252 15228 15231
15228 15252 15226
15253 15226 15252
15226 15253 15224
15254 15224 15253
15224 15254 15211
15212 15254 15256
15254 15212 15211
15214 15256 15255
15256 15214 15212
15216 15255 15258
15255 15216 15214
15217 15258 15257
15258 15217 15216
15257 15219 15217
15219 15257 15259
15249 15259 15257
15259 15249 15251
15260 15219 15259
15219 15260 15221
15260 15261 15221
15262 15221 15261
15221 15262 15222
15261 15263 15262
15263 15261 15264
15264 15265 15263
15265 15264 15266
15267 15265 15266
15265 15267 15268
15269 15268 15267
15268 15269 15270
15271 15270 15269
15270 15271 15272
15271 15273 15272
15273 15271 15274
15274 15275 15273
15275 15274 15276
15276 15277 15275
15277 15276 15278
15278 15229 15277
15229 15278 15230
15279 15230 15278
15230 15279 15232
15280 15232 15279
15232 15280 15234
15281 15234 15280
15280 15282 15281
15282 15280 15283
15279 15283 15280
15283 15284 15282
15284 15283 15285
15285 15286 15284
15286 15285 15287
15288 15286 15287
15286 15288 15289
15290 15289 15288
15289 15290 15291
15292 15291 15290
15291 15292 15293
15292 15294 15293
15294 15292 15295
15295 15296 15294
15296 15295 15297
15298 15285 15283
15283 15279 15298
15285 15298 15299
15299 15287 15285
15287 15299 15300
15301 15287 15300
15287 15301 15288
15302 15288 15301
15288 15302 15290
15303 15290 15302
15290 15303 15292
15304 15292 15303
15292 15304 15295
15305 15295 15304
15295 15305 15297
15278 15298 15279
15298 15278 15276
15276 15299 15298
15299 15276 15274
15274 15300 15299
15300 15274 15271
15269 15300 15271
15300 15269 15301
15267 15301 15269
15301 15267 15302
15266 15302 15267
15302 15266 15303
15264 15303 15266
15303 15264 15304
15261 15304 15264
15304 15261 15305
15261 15260 15305
15306 15305 15260
15259 15306 15260
15306 15259 15251
15305 15306 15297
15251 15250 15306
15297 15306 15296
15250 15307 15306
15307 15296 15306
15307 15250 15308
15248 15308 15250
15308 15248 15309
15309 15310 15308
15308 15310 15311
15308 15311 15307
15247 15309 15248
15309 15247 15312
15245 15312 15247
15312 15245 15313
15243 15313 15245
15313 15243 15314
15240 15314 15243
15314 15240 15315
15238 15315 15240
15315 15238 15316
15236 15316 15238
15316 15236 15317
15235 15317 15236
15317 15235 15318
15319 15318 15235
15235 15234 15319
15234 15281 15319
15318 15319 15320
15321 15319 15281
15319 15321 15320
15281 15322 15321
15322 15281 15282
15282 15323 15322
15323 15282 15284
15284 15324 15323
15324 15284 15286
15286 15325 15324
15325 15286 15289
15289 15326 15325
15326 15289 15291
15291 15327 15326
15327 15291 15293
15293 15328 15327
15328 15293 15294
15294 15329 15328
15328 15329 15330
15311 15330 15329
15329 15294 15296
15296 15307 15329
15307 15311 15329
15331 15332 15333
15333 15332 15334
15191 15331 15333
15331 15191 15188
15331 15188 15189
15333 15193 15191
15193 15333 15335
15335 15333 15334
15336 15193 15335
15193 15336 15337
15337 15192 15193
15192 15337 15338
15339 15338 15337
15338 15339 15340
15341 15340 15339
15339 15342 15341
15340 15341 15343
15344 15343 15341
15341 15345 15344
15346 15344 15345
15344 15346 15347
15345 15341 15348
15349 15347 15346
15347 15349 15350
15343 15344 15351
15347 15351 15344
15351 15347 15352
15350 15352 15347
15352 15350 15353
15354 15353 15350
15353 15354 15355
15354 15356 15355
15356 15354 15357
15358 15357 15354
15357 15358 15359
15359 15360 15357
15360 15359 15361
15362 15357 15360
15357 15362 15356
15360 15206 15362
15206 15360 15207
15360 15363 15207
15352 15272 15351
15273 15351 15272
15351 15273 15343
15275 15343 15273
15343 15275 15340
15277 15340 15275
15340 15277 15338
15229 15338 15277
15338 15229 15192
15229 15190 15192
15190 15229 15227
15227 15187 15190
15187 15227 15225
15225 15186 15187
15186 15225 15223
15223 15194 15186
15194 15223 15210
15210 15195 15194
15196 15209 15213
15213 15198 15196
15198 15213 15215
15218 15198 15215
15198 15218 15199
15220 15199 15218
15199 15220 15205
15222 15205 15220
15205 15222 15206
15222 15362 15206
15362 15222 15262
15262 15356 15362
15356 15262 15263
15263 15355 15356
15355 15263 15265
15268 15355 15265
15355 15268 15353
15270 15353 15268
15353 15270 15352
15272 15352 15270
15364 15202 15204
15202 15364 15365
15366 15202 15365
15202 15366 15201
15203 15367 15204
15203 15368 15367
15203 15369 15368
15203 15208 15369
15208 15207 15370
15363 15370 15207
15360 15371 15363
15360 15372 15371
15360 15373 15372
15360 15361 15373
15359 15374 15361
15374 15359 15375
15359 15376 15375
15376 15359 15358
15377 15358 15354
15378 15377 15354
15379 15378 15354
15350 15379 15354
15350 15349 15379
15346 15380 15349
15346 15381 15380
15382 15381 15346
15382 15346 15345
15383 15382 15345
15384 15383 15345
15348 15384 15345
15385 15348 15341
15342 15385 15341
15386 15342 15339
15337 15386 15339
15386 15337 15336
15336 15387 15386
15388 15387 15336
15388 15336 15335
15389 15388 15335
15389 15335 15334
15390 15180 15177
15390 15177 15391
15392 15180 15390
15180 15392 15393
15177 15394 15391
15177 15183 15394
15182 15180 15393
15181 15182 15395
15189 15181 15395
15197 15396 15185
15197 15397 15396
15197 15201 15397
