byte offset: 0
first index: 0
index count: 11550
topology: trianglelist
format: DXGI_FORMAT_R16_UINT

0 1 2
2 3 0
0 3 4
4 5 0
0 5 6
6 7 0
0 7 8
8 9 0
0 9 10
10 11 0
0 11 12
12 13 0
0 13 14
14 15 0
0 15 16
16 1 0
17 18 19
18 20 19
20 21 19
21 22 19
22 23 19
24 17 19
25 24 19
26 25 19
22 27 23
21 28 22
20 29 21
18 30 20
17 31 18
24 32 17
25 33 24
26 34 25
20 30 35
35 29 20
36 32 24
24 33 36
37 34 26
25 34 38
38 33 25
23 27 39
40 30 18
18 31 40
17 32 41
41 31 17
42 28 21
21 29 42
22 28 43
43 27 22
44 45 46
45 47 46
45 48 47
45 49 48
45 50 49
45 51 50
45 52 51
45 53 52
45 54 53
45 55 54
45 56 55
45 57 56
45 58 57
45 59 58
45 60 59
45 61 60
45 62 61
45 44 62
63 64 65
64 63 66
63 67 66
67 63 68
63 69 68
69 63 70
63 71 70
71 63 72
63 73 72
73 63 74
63 75 74
75 63 76
63 77 76
77 63 78
63 79 78
79 63 65
80 81 82
82 81 83
83 81 84
84 81 85
85 81 86
87 81 80
88 81 87
89 81 88
85 86 90
84 85 91
83 84 92
82 83 93
80 82 94
87 80 95
88 87 96
89 88 97
98 82 93
82 98 94
99 87 95
87 99 96
100 89 97
88 101 97
101 88 96
83 102 93
102 83 92
80 103 95
103 80 94
104 84 91
84 104 92
85 105 91
105 85 90
86 106 90
107 108 109
108 110 109
108 111 110
108 112 111
108 113 112
108 114 113
108 115 114
108 116 115
108 117 116
108 118 117
108 119 118
108 120 119
108 121 120
108 122 121
108 123 122
108 124 123
108 125 124
108 107 125
126 127 128
127 126 129
130 129 126
129 130 131
132 131 130
131 132 133
130 134 132
134 130 135
126 135 130
135 136 134
136 135 137
137 138 136
138 137 139
139 140 138
140 139 141
142 140 141
143 137 135
137 143 144
135 126 143
133 145 131
145 133 146
146 147 145
147 146 148
148 149 147
150 138 140
138 150 151
152 151 150
151 152 153
152 154 153
154 152 155
156 155 152
150 156 152
155 156 157
158 157 156
156 150 159
159 160 156
156 160 158
142 160 159
159 140 142
140 159 150
154 161 153
161 154 162
162 163 161
163 162 164
163 165 161
166 153 161
165 166 161
134 166 165
166 134 136
136 151 166
153 166 151
151 136 138
164 167 163
167 164 168
169 167 168
167 169 170
170 171 167
172 163 167
171 172 167
172 165 163
173 172 171
172 173 174
165 174 134
174 165 172
175 176 177
176 178 177
145 177 178
178 131 145
131 178 129
179 129 178
178 176 179
129 179 127
177 145 180
180 181 177
181 175 177
181 180 182
182 183 181
183 182 184
184 185 183
186 183 185
183 186 187
187 181 183
185 184 188
181 187 175
185 188 189
175 190 191
190 175 192
192 193 190
193 192 194
194 195 193
175 191 176
196 197 198
199 197 196
200 199 196
201 199 200
197 199 202
203 202 199
201 203 199
203 201 204
205 197 202
197 205 206
198 197 206
204 201 207
201 208 207
208 201 200
209 203 204
162 203 209
203 210 202
162 210 203
210 211 202
154 210 162
210 154 212
212 211 210
154 213 212
213 154 155
155 214 213
215 213 214
215 214 216
158 216 214
213 215 217
214 155 157
158 214 157
213 218 212
218 213 217
211 212 218
219 215 216
215 220 217
220 215 221
219 221 215
222 221 219
221 223 220
223 221 222
217 224 218
224 217 220
220 225 224
225 220 223
224 211 218
211 224 226
211 226 202
224 227 226
227 224 225
205 226 227
226 205 202
223 228 225
228 223 229
222 229 223
229 230 228
230 229 231
229 222 232
232 231 229
233 232 222
234 232 233
231 232 234
235 225 228
225 235 236
237 236 235
235 238 237
238 235 239
228 239 235
239 228 230
236 237 240
241 240 237
240 241 242
241 243 242
243 241 244
241 245 244
245 241 246
237 246 241
246 237 238
234 247 231
248 231 247
231 248 230
249 230 248
230 249 239
250 239 249
239 250 251
249 252 250
252 249 253
254 251 250
251 254 255
256 255 254
255 256 257
254 258 256
258 254 259
250 259 254
259 250 252
259 260 258
260 259 261
262 257 256
257 262 263
264 263 262
263 264 265
266 258 260
258 266 267
256 267 262
267 256 258
268 262 267
262 268 269
270 269 268
268 271 270
271 268 272
267 272 268
272 267 266
269 270 273
274 273 270
273 274 275
276 275 274
275 276 277
271 278 270
278 271 279
278 279 280
276 281 277
281 282 277
278 280 283
265 264 284
222 219 233
285 286 287
285 287 288
289 288 287
288 289 290
291 290 289
290 291 292
289 287 293
293 287 286
292 291 294
293 286 295
296 293 295
297 293 296
297 289 293
297 298 289
297 299 298
300 298 299
301 299 297
301 297 296
299 302 300
303 300 302
304 302 299
301 304 299
302 304 305
305 306 302
306 305 307
308 306 307
306 308 309
309 308 310
302 311 303
303 311 312
312 313 303
314 303 313
315 314 313
316 317 318
319 317 316
320 317 319
320 321 317
321 318 317
321 320 322
322 323 321
323 324 321
318 321 324
324 323 325
323 322 326
320 319 327
316 318 328
329 330 331
330 329 332
329 333 332
333 329 334
335 333 334
333 335 336
336 337 333
337 336 338
338 339 337
339 338 340
341 337 339
337 341 342
333 342 332
342 333 337
343 342 341
342 343 344
342 345 332
345 330 332
342 344 345
346 347 348
346 349 347
349 346 350
350 351 349
351 350 352
346 348 353
347 354 348
355 356 357
358 356 355
359 356 358
360 358 355
360 361 358
361 362 358
362 359 358
362 363 359
356 364 357
365 364 356
359 365 356
359 366 365
365 367 364
368 367 365
366 368 365
369 368 366
369 366 370
371 369 370
369 372 368
368 372 367
369 373 372
373 369 374
375 373 374
374 376 375
371 370 377
378 371 377
379 378 377
378 379 380
379 381 380
374 382 376
363 383 384
363 384 359
385 386 387
386 385 388
389 387 386
387 389 390
391 390 389
390 391 392
393 392 391
392 393 394
393 395 394
395 393 396
397 395 396
395 397 398
397 399 398
400 401 402
401 400 403
404 401 403
401 404 405
406 405 404
405 406 407
408 407 406
402 409 400
409 410 400
411 412 413
412 411 414
413 415 411
416 417 418
417 416 419
420 416 418
416 420 421
422 417 419
417 422 423
424 423 422
423 424 425
426 425 424
427 428 429
428 427 430
427 431 430
431 427 432
433 434 435
434 433 436
437 434 436
437 436 438
439 440 441
440 439 442
443 441 440
441 443 444
443 445 444
445 443 446
446 447 445
447 446 448
448 449 447
449 448 450
450 451 449
451 452 449
453 454 455
454 453 456
453 457 456
457 453 458
459 457 458
457 459 460
461 460 459
460 461 462
463 464 465
464 463 466
465 467 463
467 465 468
469 467 468
467 469 470
469 471 470
471 472 470
473 474 475
473 476 474
476 477 474
477 476 478
479 477 478
477 479 480
481 482 483
482 481 484
484 485 482
485 484 486
487 488 489
488 487 490
491 487 489
487 491 492
491 493 492
493 491 494
495 496 497
496 495 498
499 495 497
495 499 500
501 500 499
500 501 502
503 496 498
503 498 504
505 506 507
506 505 508
508 509 506
509 508 510
510 511 509
511 510 512
513 511 512
511 513 514
515 514 513
514 515 516
517 518 519
518 517 520
521 519 518
519 521 522
523 522 521
522 523 524
525 524 523
524 525 526
527 526 525
526 527 528
527 529 528
530 531 532
531 530 533
534 533 530
535 536 537
536 535 538
538 539 536
539 538 540
537 541 535
541 537 542
542 543 541
543 542 544
544 545 543
546 547 548
549 546 548
546 549 550
551 552 553
552 551 554
555 554 551
556 557 558
557 556 559
558 560 556
560 558 561
562 563 564
563 562 565
566 563 565
567 568 569
568 567 570
571 570 567
570 571 572
573 572 571
574 575 576
575 574 577
575 578 576
579 580 581
580 579 582
580 583 581
583 580 584
584 585 583
585 584 586
587 585 586
585 587 588
589 588 587
588 589 590
591 590 589
590 591 592
593 592 591
592 593 594
595 594 593
594 595 596
597 586 584
584 598 597
598 599 597
599 598 600
600 601 599
601 600 602
603 602 600
598 603 600
602 603 604
605 599 601
599 605 606
606 597 599
607 606 605
606 607 608
607 609 608
609 607 610
610 611 609
611 610 612
612 613 611
613 612 614
614 615 613
615 614 616
617 606 608
606 617 618
597 606 618
619 608 609
608 619 617
620 609 611
609 620 619
621 611 613
611 621 620
613 622 621
622 613 615
586 597 618
587 618 617
618 587 586
619 587 617
587 619 589
620 589 619
589 620 591
621 591 620
591 621 593
622 593 621
593 622 595
603 598 623
580 623 598
623 580 582
598 584 580
624 625 626
625 624 627
626 628 624
628 626 629
629 630 628
630 629 631
631 632 630
632 631 633
633 634 632
634 633 635
627 636 625
636 627 637
637 638 636
638 637 639
639 640 638
640 639 641
642 643 644
645 643 642
646 643 645
647 643 646
648 643 647
649 643 648
650 643 649
644 643 650
651 652 653
653 652 654
654 652 655
655 652 656
656 652 657
657 652 658
658 652 659
659 652 651
660 661 662
661 660 663
664 662 661
662 664 665
666 663 660
663 666 667
666 668 667
668 666 669
669 670 668
670 669 671
671 672 670
672 671 673
674 660 662
660 674 675
675 666 660
662 676 674
676 662 665
671 677 673
677 671 678
669 678 671
678 669 679
666 679 669
679 666 680
666 675 680
681 672 673
677 681 673
672 681 682
681 683 682
683 681 684
681 685 684
685 681 686
681 677 686
687 688 689
688 687 690
688 690 691
689 692 687
688 691 693
690 694 691
695 696 697
696 695 698
698 695 699
696 700 697
696 701 700
700 702 697
703 704 705
704 703 706
707 705 704
705 707 708
709 708 707
708 709 710
711 710 709
710 711 712
713 712 711
712 713 714
715 706 703
706 715 716
717 716 715
716 717 718
719 718 717
718 719 720
721 722 723
724 721 723
725 724 723
726 725 723
727 726 723
728 727 723
729 728 723
722 729 723
730 731 732
731 733 732
733 734 732
734 735 732
735 736 732
736 737 732
737 738 732
738 730 732
739 740 741
740 739 742
741 743 739
743 741 744
744 745 743
745 744 746
747 745 746
745 747 748
749 742 739
742 749 750
749 751 750
751 749 752
752 753 751
753 752 754
755 754 752
754 755 756
757 756 755
756 757 758
759 758 757
758 759 760
761 752 749
752 761 755
762 755 761
755 762 757
762 759 757
759 762 763
739 761 749
761 739 743
743 762 761
762 743 745
745 763 762
763 745 748
764 753 765
765 766 764
766 765 767
767 768 766
768 767 769
769 770 768
770 769 771
772 764 766
764 772 773
773 751 764
753 764 751
751 773 750
774 766 768
766 774 772
770 774 768
774 770 775
773 742 750
742 773 776
772 776 773
776 740 742
740 776 777
778 777 776
776 772 778
774 778 772
777 778 779
780 779 778
778 774 780
775 780 774
779 780 781
780 782 781
782 780 783
780 775 783
784 785 786
785 784 787
788 784 786
784 788 789
790 789 788
789 790 791
790 792 791
792 790 793
793 794 792
794 793 795
795 796 794
796 795 797
797 798 796
798 797 799
799 800 798
800 799 801
791 802 789
803 789 802
804 803 802
803 804 805
806 805 804
805 806 807
807 808 805
808 803 805
808 807 809
804 810 806
810 804 811
802 811 804
811 812 810
812 811 813
814 812 813
812 814 815
816 815 814
815 816 817
818 817 816
817 818 819
820 819 818
819 820 821
811 822 813
822 811 823
811 802 823
824 813 822
813 824 814
825 814 824
814 825 816
826 816 825
816 826 818
827 818 826
818 827 820
802 791 823
792 823 791
823 792 822
792 824 822
824 792 794
794 825 824
825 794 796
796 826 825
826 796 798
798 827 826
827 798 800
803 808 828
828 784 803
784 828 787
789 803 784
829 830 831
832 829 831
833 832 831
834 833 831
835 834 831
836 835 831
837 836 831
838 837 831
839 838 831
840 839 831
841 840 831
842 841 831
843 842 831
844 843 831
845 844 831
846 845 831
847 846 831
848 847 831
849 848 831
830 849 831
850 851 852
853 851 850
854 851 853
855 851 854
856 851 855
857 851 856
858 851 857
859 851 858
860 851 859
861 851 860
862 851 861
863 851 862
864 851 863
865 851 864
866 851 865
867 851 866
868 851 867
869 851 868
870 851 869
852 851 870
871 872 873
872 871 874
873 875 871
875 873 876
877 872 874
872 877 878
879 878 877
878 879 880
879 881 880
881 879 882
882 883 881
883 882 884
884 885 883
883 885 886
885 884 887
888 885 887
885 888 889
876 890 875
890 876 891
891 892 890
892 891 893
894 892 893
892 894 895
896 881 883
883 886 896
886 897 896
898 896 897
896 898 899
897 886 900
900 901 897
901 900 902
902 903 901
903 902 904
897 905 898
905 897 901
901 906 905
906 901 907
908 905 906
905 908 909
909 898 905
910 906 907
906 910 911
903 904 912
906 913 908
913 906 911
914 909 908
909 914 915
916 909 915
909 916 917
916 918 917
918 916 919
914 908 920
899 917 918
917 899 898
898 909 917
919 880 918
880 899 918
880 919 878
899 880 881
881 896 899
913 911 921
922 878 919
878 922 872
922 873 872
873 922 923
924 923 922
923 924 925
925 926 923
926 925 927
928 925 924
928 929 925
929 927 925
927 929 930
931 930 929
932 931 929
932 929 928
931 932 933
930 931 934
876 923 926
923 876 873
927 935 926
935 927 936
937 936 927
936 937 938
924 939 928
940 928 939
928 940 941
942 941 940
941 942 943
943 942 944
915 940 939
939 916 915
916 939 945
939 924 945
924 922 945
945 922 919
945 919 916
940 915 946
946 942 940
942 946 947
944 942 947
948 936 938
936 948 949
949 935 936
935 949 950
951 950 949
952 951 949
951 952 953
954 953 952
950 951 955
893 935 950
955 893 950
935 893 891
891 926 935
926 891 876
893 955 894
911 910 921
956 957 958
957 956 959
902 957 959
957 902 960
902 900 960
961 958 957
958 961 962
963 957 960
957 963 961
960 964 963
964 960 965
960 900 965
965 900 886
885 965 886
965 889 964
889 965 885
871 875 966
874 871 966
877 874 966
879 877 966
882 879 966
884 882 966
887 884 966
888 887 966
875 890 966
890 892 966
892 895 966
967 968 969
970 967 969
971 970 969
972 971 969
973 972 969
974 969 968
975 969 974
975 976 969
976 977 969
977 978 969
978 979 969
979 980 969
980 981 969
981 982 969
982 983 969
983 984 969
984 985 969
985 986 969
987 969 986
987 988 969
988 989 969
989 990 969
990 991 969
991 992 969
992 993 969
993 994 969
994 995 969
995 996 969
996 997 969
997 998 969
998 999 969
999 1000 969
1000 1001 969
1001 1002 969
1003 969 1002
973 969 1003
1004 1005 1006
1005 1004 1007
1008 1006 1005
1006 1008 1009
1004 1010 1007
1010 1004 1011
1011 1012 1010
1012 1011 1013
1014 1012 1013
1012 1014 1015
1016 1015 1014
1015 1016 1017
1018 1017 1016
1016 1019 1018
1017 1018 1020
1018 1021 1020
1021 1018 1022
1023 1009 1008
1009 1023 1024
1025 1024 1023
1024 1025 1026
1025 1027 1026
1027 1025 1028
1014 1029 1016
1016 1029 1019
1030 1019 1029
1029 1031 1030
1031 1029 1032
1019 1030 1033
1034 1033 1030
1033 1034 1035
1036 1035 1034
1035 1036 1037
1030 1038 1034
1038 1030 1031
1039 1034 1038
1034 1039 1040
1038 1041 1039
1041 1038 1042
1031 1042 1038
1039 1043 1040
1043 1039 1044
1036 1045 1037
1046 1039 1041
1039 1046 1044
1042 1047 1041
1047 1042 1048
1042 1049 1048
1049 1042 1050
1051 1049 1050
1049 1051 1052
1047 1053 1041
1050 1032 1051
1032 1050 1031
1042 1031 1050
1013 1052 1051
1032 1013 1051
1052 1013 1011
1013 1032 1014
1029 1014 1032
1046 1054 1044
1044 1054 1043
1011 1055 1052
1055 1011 1004
1006 1055 1004
1055 1006 1056
1056 1057 1055
1057 1056 1058
1059 1058 1056
1058 1059 1060
1061 1057 1058
1061 1058 1062
1060 1062 1058
1062 1060 1063
1063 1064 1062
1064 1065 1062
1065 1061 1062
1065 1064 1066
1064 1063 1067
1056 1009 1059
1009 1056 1006
1068 1060 1059
1060 1068 1069
1069 1070 1060
1070 1069 1071
1072 1057 1061
1057 1072 1073
1057 1073 1055
1061 1074 1072
1073 1052 1055
1072 1049 1073
1073 1049 1052
1049 1072 1048
1074 1048 1072
1048 1074 1075
1076 1075 1074
1077 1076 1074
1074 1061 1077
1076 1077 1078
1078 1079 1076
1075 1076 1080
1079 1080 1076
1069 1081 1071
1081 1069 1082
1068 1082 1069
1082 1068 1083
1083 1084 1082
1084 1085 1082
1085 1084 1086
1087 1085 1086
1084 1083 1088
1068 1026 1083
1026 1088 1083
1026 1068 1024
1059 1024 1068
1024 1059 1009
1088 1026 1027
1089 1090 1091
1090 1089 1092
1090 1035 1091
1035 1090 1093
1035 1093 1033
1092 1094 1090
1094 1092 1095
1096 1090 1094
1090 1096 1093
1097 1093 1096
1093 1097 1098
1093 1098 1033
1098 1019 1033
1018 1019 1098
1022 1098 1097
1098 1022 1018
1005 1099 1008
1007 1099 1005
1010 1099 1007
1012 1099 1010
1015 1099 1012
1017 1099 1015
1020 1099 1017
1021 1099 1020
1008 1099 1023
1023 1099 1025
1025 1099 1028
1100 1101 1102
1103 1101 1100
1104 1101 1103
1105 1101 1104
1106 1101 1105
1107 1102 1101
1108 1107 1101
1108 1101 1109
1109 1101 1110
1110 1101 1111
1111 1101 1112
1112 1101 1113
1113 1101 1114
1114 1101 1115
1115 1101 1116
1116 1101 1117
1117 1101 1118
1118 1101 1119
1120 1119 1101
1120 1101 1121
1121 1101 1122
1122 1101 1123
1123 1101 1124
1124 1101 1125
1125 1101 1126
1126 1101 1127
1127 1101 1128
1128 1101 1129
1129 1101 1130
1130 1101 1131
1131 1101 1132
1132 1101 1133
1133 1101 1134
1134 1101 1135
1136 1135 1101
1106 1136 1101
1137 1138 1139
1138 1137 1140
1141 1139 1138
1139 1141 1142
1143 1142 1141
1142 1143 1144
1143 1145 1144
1145 1143 1146
1140 1147 1138
1147 1140 1148
1149 1147 1148
1147 1149 1150
1151 1150 1149
1150 1151 1152
1152 1153 1150
1153 1152 1154
1154 1155 1153
1155 1154 1156
1156 1157 1155
1157 1156 1158
1159 1150 1153
1150 1159 1147
1160 1153 1155
1153 1160 1159
1157 1160 1155
1160 1157 1161
1159 1138 1147
1138 1159 1141
1160 1141 1159
1141 1160 1143
1161 1143 1160
1143 1161 1146
1162 1151 1149
1149 1163 1162
1163 1149 1148
1164 1162 1163
1162 1164 1165
1165 1166 1162
1151 1162 1166
1166 1165 1167
1168 1167 1165
1167 1168 1169
1170 1169 1168
1169 1170 1171
1172 1165 1164
1165 1172 1168
1172 1170 1168
1170 1172 1173
1140 1163 1148
1163 1140 1174
1174 1164 1163
1137 1174 1140
1174 1137 1175
1175 1176 1174
1164 1174 1176
1176 1172 1164
1176 1175 1177
1177 1178 1176
1172 1176 1178
1178 1173 1172
1178 1177 1179
1180 1178 1179
1178 1180 1181
1173 1178 1181
1182 1183 1184
1183 1182 1185
1183 1186 1184
1186 1183 1187
1187 1188 1186
1188 1187 1189
1190 1188 1189
1188 1190 1191
1192 1191 1190
1191 1192 1193
1194 1193 1192
1193 1194 1195
1196 1195 1194
1195 1196 1197
1198 1197 1196
1197 1198 1199
1200 1189 1187
1187 1201 1200
1201 1202 1200
1202 1201 1203
1203 1204 1202
1204 1203 1205
1206 1205 1203
1201 1206 1203
1205 1206 1207
1208 1202 1204
1202 1208 1209
1209 1200 1202
1210 1209 1208
1209 1210 1211
1210 1212 1211
1212 1210 1213
1213 1214 1212
1214 1213 1215
1215 1216 1214
1216 1215 1217
1217 1218 1216
1218 1217 1219
1220 1209 1211
1209 1220 1221
1200 1209 1221
1222 1211 1212
1211 1222 1220
1223 1212 1214
1212 1223 1222
1224 1214 1216
1214 1224 1223
1216 1225 1224
1225 1216 1218
1189 1200 1221
1190 1221 1220
1221 1190 1189
1222 1190 1220
1190 1222 1192
1223 1192 1222
1192 1223 1194
1224 1194 1223
1194 1224 1196
1225 1196 1224
1196 1225 1198
1206 1201 1226
1183 1226 1201
1226 1183 1185
1201 1187 1183
1227 1228 1229
1228 1227 1230
1230 1231 1228
1231 1230 1232
1229 1233 1227
1233 1229 1234
1235 1233 1234
1233 1235 1236
1237 1236 1235
1236 1237 1238
1239 1238 1237
1238 1239 1240
1227 1241 1230
1241 1227 1242
1233 1242 1227
1230 1243 1232
1243 1230 1241
1244 1238 1240
1238 1244 1245
1245 1236 1238
1236 1245 1246
1246 1233 1236
1233 1246 1247
1242 1233 1247
1239 1248 1240
1248 1244 1240
1248 1239 1249
1250 1248 1249
1248 1250 1251
1252 1248 1251
1248 1252 1253
1244 1248 1253
1254 1255 1256
1255 1254 1257
1257 1254 1258
1255 1259 1256
1255 1260 1259
1259 1261 1256
1262 1263 1264
1263 1262 1265
1263 1265 1266
1264 1267 1262
1263 1266 1268
1265 1269 1266
1270 1271 1272
1271 1270 1273
1270 1274 1273
1274 1270 1275
1270 1276 1275
1276 1270 1277
1270 1278 1277
1278 1270 1279
1270 1280 1279
1280 1270 1281
1270 1282 1281
1282 1270 1283
1270 1284 1283
1284 1270 1285
1270 1286 1285
1286 1270 1272
1287 1288 1289
1289 1288 1290
1290 1288 1291
1291 1288 1292
1292 1288 1293
1294 1288 1287
1295 1288 1294
1296 1288 1295
1292 1293 1297
1291 1292 1298
1290 1291 1299
1289 1290 1300
1287 1289 1301
1294 1287 1302
1295 1294 1303
1296 1295 1304
1305 1289 1300
1289 1305 1301
1306 1294 1302
1294 1306 1303
1307 1296 1304
1295 1308 1304
1308 1295 1303
1290 1309 1300
1309 1290 1299
1287 1310 1302
1310 1287 1301
1311 1291 1298
1291 1311 1299
1292 1312 1298
1312 1292 1297
1293 1313 1297
1314 1315 1316
1316 1317 1314
1314 1317 1318
1318 1319 1314
1314 1319 1320
1320 1321 1314
1314 1321 1322
1322 1323 1314
1314 1323 1324
1324 1325 1314
1314 1325 1326
1326 1327 1314
1314 1327 1328
1328 1329 1314
1314 1329 1330
1330 1315 1314
1331 1332 1333
1332 1334 1333
1334 1335 1333
1335 1336 1333
1336 1337 1333
1338 1331 1333
1339 1338 1333
1340 1339 1333
1336 1341 1337
1335 1342 1336
1334 1343 1335
1332 1344 1334
1331 1345 1332
1338 1346 1331
1339 1347 1338
1340 1348 1339
1334 1344 1349
1349 1343 1334
1350 1346 1338
1338 1347 1350
1351 1348 1340
1339 1348 1352
1352 1347 1339
1337 1341 1353
1354 1344 1332
1332 1345 1354
1331 1346 1355
1355 1345 1331
1356 1342 1335
1335 1343 1356
1336 1342 1357
1357 1341 1336
1358 1359 1360
1359 1358 1361
1362 1358 1360
1358 1362 1363
1364 1363 1362
1363 1364 1365
1364 1366 1365
1366 1364 1367
1367 1368 1366
1368 1367 1369
1369 1370 1368
1370 1369 1371
1371 1372 1370
1372 1371 1373
1373 1374 1372
1374 1373 1375
1365 1376 1363
1377 1363 1376
1378 1377 1376
1377 1378 1379
1380 1379 1378
1379 1380 1381
1381 1382 1379
1382 1377 1379
1382 1381 1383
1378 1384 1380
1384 1378 1385
1376 1385 1378
1385 1386 1384
1386 1385 1387
1388 1386 1387
1386 1388 1389
1390 1389 1388
1389 1390 1391
1392 1391 1390
1391 1392 1393
1394 1393 1392
1393 1394 1395
1385 1396 1387
1396 1385 1397
1385 1376 1397
1398 1387 1396
1387 1398 1388
1399 1388 1398
1388 1399 1390
1400 1390 1399
1390 1400 1392
1401 1392 1400
1392 1401 1394
1376 1365 1397
1366 1397 1365
1397 1366 1396
1366 1398 1396
1398 1366 1368
1368 1399 1398
1399 1368 1370
1370 1400 1399
1400 1370 1372
1372 1401 1400
1401 1372 1374
1377 1382 1402
1402 1358 1377
1358 1402 1361
1363 1377 1358
1403 1404 1405
1403 1406 1404
1403 1407 1406
1403 1408 1407
1403 1409 1408
1403 1410 1409
1403 1411 1410
1403 1412 1411
1403 1413 1412
1403 1414 1413
1403 1415 1414
1403 1416 1415
1403 1417 1416
1403 1418 1417
1403 1419 1418
1420 1405 1404
1421 1404 1406
1404 1421 1420
1406 1422 1421
1422 1406 1407
1407 1423 1422
1423 1407 1408
1408 1424 1423
1424 1408 1409
1409 1425 1424
1425 1409 1410
1411 1425 1410
1425 1411 1426
1412 1426 1411
1426 1412 1427
1413 1427 1412
1427 1413 1428
1414 1428 1413
1428 1414 1429
1415 1429 1414
1429 1415 1430
1416 1430 1415
1430 1416 1431
1417 1431 1416
1431 1417 1432
1417 1433 1432
1433 1417 1418
1418 1434 1433
1434 1418 1419
1419 1435 1434
1435 1419 1436
1403 1436 1419
1403 1437 1436
1403 1438 1437
1403 1439 1438
1403 1405 1439
1440 1436 1437
1436 1440 1435
1438 1440 1437
1440 1438 1441
1439 1441 1438
1441 1439 1442
1443 1439 1405
1439 1443 1442
1405 1420 1443
1444 1445 1446
1444 1446 1447
1444 1447 1448
1444 1448 1449
1444 1449 1450
1444 1450 1451
1444 1451 1452
1444 1452 1453
1444 1453 1454
1444 1454 1455
1444 1455 1456
1444 1456 1457
1444 1457 1458
1444 1458 1459
1444 1459 1460
1445 1461 1446
1462 1446 1461
1446 1462 1447
1463 1447 1462
1447 1463 1448
1464 1448 1463
1448 1464 1449
1465 1449 1464
1449 1465 1450
1466 1450 1465
1450 1466 1451
1466 1452 1451
1452 1466 1467
1467 1453 1452
1453 1467 1468
1468 1454 1453
1454 1468 1469
1469 1455 1454
1455 1469 1470
1470 1456 1455
1456 1470 1471
1471 1457 1456
1457 1471 1472
1472 1458 1457
1458 1472 1473
1474 1458 1473
1458 1474 1459
1475 1459 1474
1459 1475 1460
1476 1460 1475
1460 1476 1477
1444 1460 1477
1444 1477 1478
1444 1478 1479
1444 1479 1480
1444 1480 1445
1481 1477 1476
1477 1481 1478
1481 1479 1478
1479 1481 1482
1482 1480 1479
1480 1482 1483
1484 1480 1483
1480 1484 1445
1461 1445 1484
1485 1486 1487
1487 1486 1488
1487 1488 1489
1489 1490 1487
1487 1490 1485
1485 1490 1491
1491 1490 1492
1488 1493 1489
1485 1494 1486
1494 1485 1495
1491 1495 1485
1495 1491 1496
1496 1491 1492
1489 1497 1490
1497 1489 1498
1498 1489 1493
1499 1492 1490
1500 1492 1499
1501 1492 1500
1500 1502 1501
1500 1499 1503
1500 1504 1502
1503 1504 1500
1505 1504 1503
1506 1504 1505
1507 1506 1505
1501 1502 1508
1502 1509 1508
1504 1506 1509
1502 1504 1509
1507 1510 1506
1506 1510 1511
1510 1507 1512
1513 1512 1507
1505 1513 1507
1505 1514 1513
1505 1503 1514
1503 1499 1514
1515 1512 1513
1513 1497 1515
1514 1497 1513
1516 1512 1515
1514 1490 1497
1490 1514 1499
1512 1516 1517
1515 1518 1516
1515 1498 1518
1497 1498 1515
1516 1518 1519
1519 1517 1516
1518 1520 1519
1493 1520 1518
1493 1518 1498
1519 1521 1517
1521 1522 1517
1522 1521 1523
1523 1524 1522
1524 1523 1525
1522 1526 1517
1522 1524 1527
1522 1527 1526
1527 1528 1526
1512 1526 1528
1517 1526 1512
1521 1519 1529
1529 1523 1521
1530 1523 1529
1523 1530 1525
1525 1530 1531
1530 1532 1531
1531 1533 1525
1533 1531 1534
1531 1532 1534
1534 1535 1533
1536 1533 1535
1536 1537 1533
1525 1537 1524
1537 1525 1533
1538 1537 1536
1538 1524 1537
1527 1524 1538
1536 1539 1538
1539 1540 1538
1527 1538 1541
1538 1540 1541
1542 1539 1536
1542 1536 1543
1535 1543 1536
1544 1539 1542
1544 1545 1539
1539 1545 1540
1546 1540 1545
1547 1544 1542
1543 1547 1542
1548 1547 1543
1549 1544 1547
1550 1544 1549
1550 1545 1544
1551 1545 1550
1551 1546 1545
1547 1552 1549
1547 1548 1552
1549 1552 1553
1554 1549 1553
1551 1550 1554
1550 1549 1554
1554 1555 1551
1556 1546 1551
1555 1557 1551
1557 1556 1551
1558 1556 1557
1556 1558 1559
1546 1556 1559
1559 1560 1546
1546 1560 1561
1562 1561 1560
1541 1561 1562
1562 1563 1541
1563 1562 1564
1540 1561 1541
1565 1560 1559
1559 1558 1565
1566 1560 1565
1566 1565 1567
1567 1565 1568
1565 1558 1568
1568 1569 1567
1570 1569 1568
1558 1570 1568
1571 1560 1566
1562 1560 1571
1572 1562 1571
1564 1562 1572
1572 1511 1564
1573 1572 1571
1573 1574 1572
1574 1511 1572
1571 1575 1573
1575 1571 1566
1576 1573 1575
1577 1576 1575
1578 1576 1577
1578 1577 1579
1580 1578 1579
1580 1581 1578
1576 1578 1581
1582 1581 1580
1583 1581 1582
1570 1584 1569
1585 1579 1577
1585 1586 1569
1586 1577 1575
1585 1577 1586
1575 1566 1586
1586 1566 1567
1586 1567 1569
1587 1581 1583
1587 1576 1581
1587 1583 1588
1587 1588 1589
1589 1576 1587
1588 1583 1509
1588 1509 1506
1506 1574 1588
1589 1588 1574
1506 1511 1574
1573 1589 1574
1573 1576 1589
1569 1590 1585
1590 1569 1584
1591 1585 1590
1585 1591 1579
1511 1510 1564
1564 1510 1528
1564 1528 1563
1563 1528 1527
1512 1528 1510
1563 1527 1541
1592 1570 1558
1592 1584 1570
1592 1593 1584
1592 1594 1593
1592 1595 1594
1596 1594 1595
1597 1594 1596
1594 1597 1598
1599 1598 1597
1597 1553 1599
1600 1598 1599
1553 1601 1599
1599 1601 1600
1601 1602 1600
1602 1601 1603
1601 1548 1603
1552 1548 1601
1601 1553 1552
1554 1553 1597
1554 1597 1555
1555 1597 1596
1596 1557 1555
1557 1596 1595
1592 1557 1595
1592 1558 1557
1535 1534 1604
1604 1543 1535
1605 1543 1604
1606 1605 1604
1534 1606 1604
1534 1532 1606
1607 1532 1530
1530 1608 1607
1609 1608 1530
1529 1609 1530
1609 1610 1608
1610 1611 1608
1611 1610 1612
1612 1610 1613
1614 1613 1610
1614 1610 1609
1529 1614 1609
1613 1614 1615
1615 1616 1613
1616 1615 1617
1618 1613 1616
1613 1618 1612
1618 1619 1612
1615 1614 1519
1519 1614 1529
1519 1520 1615
1615 1520 1617
1617 1520 1493
1608 1611 1620
1621 1617 1493
1493 1622 1621
1488 1622 1493
1488 1623 1622
1623 1488 1486
1624 1622 1623
1622 1624 1625
1622 1625 1621
1626 1624 1623
1624 1626 1627
1627 1628 1624
1627 1629 1628
1630 1627 1626
1631 1630 1626
1632 1630 1631
1632 1631 1633
1628 1634 1624
1634 1625 1624
1635 1632 1633
1635 1636 1632
1630 1632 1636
1637 1636 1635
1638 1636 1637
1625 1634 1639
1640 1625 1639
1641 1631 1626
1494 1631 1641
1494 1633 1631
1641 1486 1494
1486 1641 1623
1626 1623 1641
1642 1639 1634
1634 1643 1642
1643 1634 1644
1645 1639 1642
1639 1645 1640
1640 1645 1646
1647 1640 1646
1647 1646 1648
1647 1648 1619
1619 1618 1647
1649 1640 1647
1640 1649 1650
1647 1616 1649
1616 1647 1618
1650 1649 1616
1644 1651 1643
1644 1652 1651
1643 1651 1653
1643 1653 1642
1653 1651 1654
1655 1654 1651
1655 1651 1652
1652 1656 1655
1657 1655 1656
1655 1657 1658
1658 1657 1659
1660 1656 1652
1656 1660 1661
1656 1661 1662
1662 1657 1656
1662 1663 1657
1659 1657 1663
1663 1664 1659
1661 1665 1662
1662 1665 1663
1665 1661 1666
1667 1666 1661
1665 1668 1663
1668 1665 1669
1665 1666 1669
1669 1670 1668
1671 1670 1669
1669 1672 1671
1669 1666 1672
1667 1672 1666
1671 1672 1673
1672 1667 1673
1668 1670 1674
1675 1674 1670
1676 1675 1670
1668 1674 1677
1663 1677 1664
1677 1663 1668
1678 1677 1674
1675 1678 1674
1679 1677 1678
1677 1679 1680
1681 1680 1679
1680 1681 1682
1681 1683 1682
1684 1683 1681
1684 1685 1683
1686 1685 1684
1680 1682 1687
1687 1677 1680
1683 1688 1682
1682 1688 1687
1689 1686 1684
1686 1689 1690
1691 1686 1690
1690 1692 1691
1692 1690 1693
1689 1693 1690
1694 1691 1692
1691 1694 1695
1696 1695 1694
1695 1696 1697
1698 1695 1697
1697 1699 1698
1699 1697 1696
1700 1691 1695
1695 1698 1700
1701 1691 1700
1691 1701 1686
1694 1702 1696
1696 1702 1699
1702 1694 1703
1692 1703 1694
1693 1704 1692
1703 1692 1704
1704 1693 1705
1705 1706 1704
1707 1706 1705
1705 1708 1707
1708 1705 1693
1707 1708 1709
1704 1710 1703
1704 1706 1710
1710 1702 1703
1709 1708 1711
1711 1708 1712
1701 1700 1713
1700 1698 1714
1714 1713 1700
1714 1715 1713
1715 1714 1716
1717 1715 1716
1718 1715 1717
1718 1719 1715
1715 1719 1713
1720 1719 1718
1718 1721 1720
1721 1722 1720
1722 1721 1723
1719 1724 1713
1724 1719 1720
1720 1722 1725
1720 1725 1724
1725 1685 1724
1701 1724 1685
1713 1724 1701
1721 1726 1723
1726 1721 1727
1727 1718 1717
1718 1727 1721
1728 1726 1727
1729 1726 1728
1730 1727 1717
1727 1730 1728
1726 1729 1731
1731 1723 1726
1723 1731 1732
1732 1731 1733
1734 1732 1733
1732 1734 1735
1735 1723 1732
1723 1735 1722
1736 1735 1734
1737 1736 1734
1737 1738 1736
1725 1736 1738
1739 1738 1737
1740 1739 1737
1741 1739 1740
1742 1741 1740
1743 1741 1742
1744 1739 1741
1741 1743 1745
1741 1745 1744
1745 1746 1744
1688 1744 1746
1688 1738 1739
1744 1688 1739
1688 1747 1738
1742 1740 1748
1748 1740 1749
1740 1737 1749
1750 1748 1749
1751 1748 1750
1752 1748 1751
1750 1749 1734
1742 1748 1753
1742 1753 1743
1743 1753 1754
1753 1755 1754
1754 1755 1756
1757 1754 1756
1756 1758 1757
1759 1745 1757
1757 1758 1759
1760 1759 1758
1758 1761 1760
1761 1758 1762
1762 1758 1756
1762 1763 1761
1763 1762 1764
1759 1760 1765
1745 1759 1765
1745 1765 1658
1760 1654 1765
1654 1760 1761
1761 1763 1653
1761 1653 1654
1655 1658 1765
1765 1654 1655
1764 1766 1763
1766 1764 1767
1767 1768 1766
1766 1768 1769
1770 1766 1769
1770 1763 1766
1653 1763 1770
1769 1771 1770
1771 1645 1770
1653 1770 1642
1770 1645 1642
1772 1771 1769
1772 1769 1773
1768 1773 1769
1774 1771 1772
1774 1646 1771
1771 1646 1645
1772 1775 1774
1648 1774 1775
1648 1646 1774
1776 1775 1772
1773 1776 1772
1777 1776 1773
1775 1776 1778
1778 1776 1779
1776 1777 1779
1779 1777 1780
1780 1781 1779
1778 1779 1781
1619 1775 1778
1648 1775 1619
1778 1781 1619
1619 1781 1612
1781 1611 1612
1781 1782 1611
1611 1782 1620
1620 1782 1783
1783 1784 1620
1784 1607 1620
1784 1532 1607
1608 1620 1607
1561 1540 1546
1785 1712 1786
1786 1712 1787
1787 1679 1786
1679 1787 1681
1678 1786 1679
1786 1678 1788
1786 1788 1785
1678 1675 1788
1712 1689 1787
1787 1684 1681
1684 1787 1689
1788 1789 1785
1789 1788 1676
1676 1788 1675
1712 1708 1689
1708 1693 1689
1628 1660 1644
1660 1652 1644
1644 1634 1628
1629 1660 1628
1661 1660 1629
1661 1629 1790
1790 1667 1661
1790 1638 1667
1791 1638 1790
1791 1790 1792
1792 1790 1629
1792 1630 1791
1791 1636 1638
1791 1630 1636
1627 1792 1629
1627 1630 1792
1793 1794 1795
1794 1764 1795
1793 1795 1756
1793 1796 1794
1794 1767 1764
1767 1794 1797
1794 1796 1797
1797 1768 1767
1768 1797 1798
1798 1773 1768
1762 1756 1795
1795 1764 1762
1793 1756 1755
1799 1796 1793
1799 1793 1755
1800 1796 1799
1800 1799 1801
1755 1801 1799
1753 1801 1755
1802 1801 1753
1752 1801 1802
1801 1752 1803
1803 1800 1801
1804 1773 1798
1805 1804 1798
1797 1805 1798
1797 1796 1805
1748 1752 1802
1748 1802 1753
1806 1807 1808
1806 1808 1731
1807 1751 1808
1733 1731 1808
1808 1751 1733
1751 1750 1733
1750 1734 1733
1729 1806 1731
1749 1737 1734
1743 1754 1757
1745 1743 1757
1658 1746 1745
1659 1746 1658
1746 1659 1664
1687 1746 1664
1746 1687 1688
1677 1687 1664
1747 1688 1683
1683 1685 1747
1747 1685 1725
1725 1738 1747
1701 1685 1686
1736 1725 1722
1736 1722 1735
1621 1625 1640
1640 1650 1621
1617 1621 1650
1617 1650 1616
1809 1810 1714
1810 1716 1714
1811 1716 1810
1717 1716 1811
1812 1717 1811
1717 1812 1813
1814 1810 1809
1810 1814 1815
1811 1815 1812
1815 1811 1810
1699 1814 1809
1699 1809 1698
1809 1714 1698
1699 1816 1814
1816 1815 1814
1813 1730 1717
1816 1817 1815
1815 1817 1812
1812 1817 1813
1813 1818 1730
1728 1730 1818
1819 1818 1813
1813 1817 1819
1820 1699 1702
1702 1710 1820
1820 1710 1821
1710 1706 1821
1494 1495 1633
1633 1495 1822
1822 1495 1496
1823 1824 1825
1824 1823 1826
1827 1824 1826
1824 1827 1828
1825 1829 1823
1829 1825 1830
1830 1831 1829
1831 1830 1832
1832 1833 1831
1833 1832 1834
1834 1835 1833
1835 1834 1836
1837 1835 1836
1835 1837 1838
1839 1840 1841
1842 1840 1839
1842 1839 1843
1844 1842 1843
1845 1844 1843
1846 1839 1841
1846 1841 1847
1848 1846 1847
1849 1850 1851
1852 1850 1849
1853 1852 1849
1852 1853 1854
1853 1855 1854
1855 1853 1856
1857 1853 1849
1857 1849 1858
1858 1849 1851
1851 1859 1858
1858 1860 1857
1860 1861 1857
1853 1857 1861
1861 1856 1853
1861 1860 1862
1863 1861 1862
1861 1863 1864
1856 1861 1864
1860 1858 1865
1859 1865 1858
1865 1859 1866
1860 1867 1862
1867 1860 1868
1865 1868 1860
1868 1869 1867
1869 1868 1870
1871 1862 1867
1862 1871 1863
1872 1867 1869
1867 1872 1871
1868 1865 1873
1873 1870 1868
1866 1873 1865
1870 1873 1874
1873 1866 1875
1875 1874 1873
1874 1875 1876
1869 1877 1872
1877 1869 1878
1870 1878 1869
1878 1879 1877
1879 1878 1880
1880 1881 1879
1881 1880 1882
1883 1881 1882
1881 1883 1884
1885 1884 1883
1884 1885 1886
1887 1886 1885
1886 1887 1888
1876 1889 1874
1889 1876 1890
1890 1891 1889
1891 1890 1892
1892 1893 1891
1893 1892 1894
1894 1895 1893
1895 1894 1896
1896 1897 1895
1897 1896 1898
1899 1897 1898
1897 1899 1900
1901 1902 1903
1904 1901 1903
1903 1905 1904
1906 1904 1905
1905 1907 1906
1907 1905 1908
1909 1908 1905
1905 1903 1909
1908 1909 1910
1908 1911 1907
1911 1908 1912
1910 1912 1908
1912 1910 1913
1914 1913 1910
1913 1914 1915
1904 1906 1916
1901 1904 1917
1916 1917 1904
1917 1916 1918
1917 1918 1919
1917 1919 1920
1901 1917 1920
1919 1921 1920
1909 1922 1910
1909 1923 1922
1910 1922 1924
1910 1924 1925
1914 1925 1926
1927 1914 1926
1914 1910 1925
1921 1928 1920
1929 1918 1916
1916 1930 1929
1918 1929 1931
1931 1919 1918
1919 1931 1932
1932 1921 1919
1921 1932 1933
1934 1929 1930
1930 1935 1934
1935 1930 1936
1906 1936 1930
1936 1906 1907
1907 1937 1936
1937 1907 1911
1930 1916 1906
1936 1938 1935
1938 1936 1937
1929 1934 1939
1939 1931 1929
1931 1939 1940
1940 1932 1931
1932 1940 1941
1941 1942 1932
1942 1933 1932
1942 1943 1933
1943 1921 1933
1921 1943 1944
1945 1921 1944
1921 1945 1928
1946 1940 1939
1939 1947 1946
1947 1939 1934
1934 1948 1947
1948 1934 1935
1949 1947 1948
1947 1949 1950
1950 1946 1947
1935 1951 1948
1951 1935 1938
1952 1948 1951
1948 1952 1949
1946 1950 1953
1953 1954 1946
1940 1946 1954
1954 1953 1955
1954 1941 1940
1941 1954 1956
1955 1956 1954
1956 1957 1941
1956 1955 1958
1958 1959 1956
1959 1957 1956
1960 1957 1959
1957 1960 1961
1961 1942 1957
1957 1942 1941
1942 1961 1962
1942 1962 1943
1963 1955 1953
1953 1964 1963
1965 1963 1964
1963 1965 1966
1955 1963 1967
1966 1967 1963
1967 1966 1968
1965 1969 1966
1969 1970 1966
1970 1968 1966
1971 1970 1969
1972 1971 1969
1965 1972 1969
1971 1972 1973
1970 1971 1974
1973 1975 1971
1975 1973 1976
1971 1977 1974
1977 1971 1975
1978 1977 1975
1976 1978 1975
1976 1979 1978
1978 1980 1977
1903 1981 1923
1903 1902 1981
1902 1982 1981
1903 1923 1909
1982 1902 1983
1944 1984 1945
1944 1985 1984
1985 1944 1943
1945 1984 1986
1987 1945 1986
1986 1988 1987
1987 1988 1989
1987 1989 1990
1987 1928 1945
1928 1987 1991
1991 1920 1928
1962 1985 1943
1992 1993 1994
1995 1994 1993
1993 1996 1995
1852 1995 1996
1995 1852 1854
1996 1850 1852
1850 1996 1997
1997 1998 1850
1998 1997 1999
2000 1999 1997
1999 2000 2001
1997 2002 2000
2002 1997 1996
1996 1993 2002
1994 1995 2003
1854 2003 1995
1993 1992 2004
2002 1993 2004
2004 2005 2002
2005 2004 2006
2007 1994 2003
1994 2007 2008
1994 2008 2009
2010 2008 2007
2008 2010 2011
2011 2012 2008
2008 2012 2009
2013 2011 2010
2010 2014 2013
2014 2010 2015
2007 2015 2010
2015 2016 2014
2015 2017 2016
2017 2015 2018
2015 2007 2018
1855 2017 2018
2017 1855 1856
2017 2019 2016
2019 2020 2016
2021 2020 2019
2022 2021 2019
2019 2017 2022
1856 2022 2017
2021 2022 2023
2022 2024 2023
2024 2022 1864
2022 1856 1864
2020 2021 2025
2025 2026 2020
2027 2020 2026
2020 2027 2016
2026 2025 2028
2029 2021 2023
2021 2029 2030
2030 2025 2021
2031 2030 2029
2030 2031 2032
2023 2033 2029
2033 2023 2024
2034 2029 2033
2029 2034 2031
2025 2030 2035
2032 2035 2030
2035 2028 2025
2035 2032 2036
2028 2035 2037
2036 2037 2035
2037 2036 2038
2039 2032 2031
2034 2039 2031
2032 2039 2040
2040 2036 2032
2041 2040 2039
2040 2041 2042
2041 2043 2042
2043 2041 2044
2044 2045 2043
2045 2044 2046
2046 2047 2045
2047 2046 2048
2048 2049 2047
2049 2048 2050
2051 2041 2039
2039 2034 2051
2041 2051 2052
2052 2053 2041
2053 2052 2054
2054 2055 2053
2055 2054 2056
2056 2057 2055
2057 2056 2058
2058 2059 2057
2059 2058 2060
2061 2062 2000
2062 2001 2000
2062 2063 2001
2063 2062 2064
2061 2000 2065
2000 2002 2065
2002 2066 2065
2002 2067 2066
2002 2068 2067
2002 2005 2068
2005 2069 2068
2027 2070 2014
2070 2013 2014
2013 2070 2071
2071 2072 2013
2072 2071 2073
2074 2072 2073
2011 2013 2072
2016 2027 2014
2075 2072 2074
2076 2072 2075
2076 2011 2072
2077 2074 2073
2074 2077 2078
2076 2079 2011
2011 2079 2080
2011 2080 2081
2011 2081 2082
2082 2012 2011
2012 2082 2083
2081 2084 2082
2085 2086 2087
2085 2088 2086
2089 2086 2088
2088 2090 2089
2091 2089 2090
2089 2091 2092
2092 2093 2089
2086 2089 2093
2093 2092 2094
1911 2092 2091
2092 1911 1912
1912 2094 2092
2094 1912 1913
1913 2095 2094
2095 1913 1915
2090 2088 2096
2088 2085 2097
2097 2096 2088
2096 2097 2098
2097 2099 2098
2097 2100 2099
2085 2100 2097
2099 2100 2101
2093 2094 2102
2093 2102 2103
2094 2104 2102
2094 2105 2104
2095 2106 2105
2107 2106 2095
2095 2105 2094
2101 2100 2108
2098 2109 2096
2110 2096 2109
2096 2110 2090
2111 2090 2110
2090 2111 2091
1937 2091 2111
2091 1937 1911
2110 2112 2111
2112 2110 2113
2109 2113 2110
2114 2111 2112
2111 2114 1937
2113 2109 2115
2116 2115 2109
2109 2098 2116
2099 2116 2098
2116 2099 2117
2101 2117 2099
2117 2101 2118
2115 2116 2119
2117 2119 2116
2119 2117 2120
2117 2118 2121
2120 2117 2121
2101 2122 2118
2121 2118 2122
2122 2101 2123
2101 2124 2123
2124 2101 2108
2115 2125 2113
2126 2113 2125
2113 2126 2112
2125 2127 2126
2127 2125 2128
2129 2112 2126
2112 2129 2114
2130 2126 2127
2126 2130 2129
2131 2128 2125
2125 2115 2131
2119 2131 2115
2131 2119 2132
2128 2131 2133
2131 2132 2134
2133 2131 2134
2120 2132 2119
2132 2120 2135
2135 2134 2132
2121 2135 2120
2135 2121 2136
2134 2135 2137
2136 2137 2135
2137 2136 2138
2121 2139 2136
2139 2121 2140
2141 2136 2139
2136 2141 2138
2137 2142 2134
2142 2137 2143
2138 2143 2137
2142 2143 2144
2143 2138 2145
2145 2144 2143
2144 2145 2146
2146 2147 2144
2148 2144 2147
2142 2144 2148
2147 2146 2149
2149 2150 2147
2151 2147 2150
2148 2147 2151
2150 2149 2152
2152 2153 2150
2154 2150 2153
2151 2150 2154
2153 2152 2155
2145 2156 2146
2156 2145 2157
2138 2157 2145
2157 2138 2141
2158 2146 2156
2146 2158 2149
2158 2152 2149
2152 2158 2159
2159 2155 2152
2155 2159 2160
2160 2161 2155
2162 2155 2161
2162 2153 2155
2163 2153 2162
2154 2153 2163
2161 2160 2164
2163 2162 2165
2086 2103 2166
2086 2166 2087
2087 2166 2167
2086 2093 2103
2167 2168 2087
2123 2124 2169
2170 2123 2169
2123 2170 2122
2122 2170 2140
2124 2171 2169
2171 2124 2172
2172 2173 2171
2172 2174 2173
2172 2175 2174
2108 2172 2124
2172 2108 2176
2176 2108 2100
2121 2122 2140
2036 2040 2177
2042 2177 2040
2177 2042 2178
2179 2178 2042
2178 2179 2180
2179 2181 2180
2181 2179 2182
2182 2183 2181
2183 2182 2184
2184 2185 2183
2185 2184 2186
2187 2038 2036
2038 2187 2188
2189 2188 2187
2188 2189 2190
2191 2190 2189
2190 2191 2192
2193 2192 2191
2192 2193 2194
2195 2194 2193
2194 2195 2196
2195 2197 2196
2197 2195 2198
2199 2200 2201
2200 2199 2202
2203 2201 2200
2201 2203 2204
2205 2204 2203
2204 2205 2206
2207 2206 2205
2206 2207 2208
2207 2209 2208
2209 2207 1878
1878 1870 2209
1874 2209 1870
2209 1874 2210
2210 2211 2209
2211 2210 2212
2212 2213 2211
2213 2212 2214
2214 2215 2213
2215 2214 2216
2217 2215 2216
2215 2217 2218
2219 2218 2217
2218 2219 2220
2221 2222 2223
2222 2221 2224
2221 2225 2224
2222 2224 2226
2221 2227 2225
2227 2228 2225
2227 2221 2229
2229 2221 2223
2227 2230 2228
2231 2230 2227
2231 2227 2229
2230 2231 2232
2232 2233 2230
2233 2232 2234
2235 2233 2234
2233 2235 2236
2127 2236 2235
2236 2127 2128
2233 2236 2237
2237 2230 2233
2230 2237 2228
2234 2238 2235
2238 2127 2235
2130 2127 2238
2238 2234 2239
2239 2240 2238
2130 2238 2240
2240 2239 2241
2242 2241 2239
2241 2242 2243
2244 2243 2242
2243 2244 2245
2246 2239 2234
2239 2246 2242
2247 2242 2246
2242 2247 2244
2248 2245 2244
2245 2248 2249
2250 2244 2247
2244 2250 2248
2251 2248 2250
2248 2251 2252
2248 2252 2253
2249 2248 2253
2236 2128 2254
2128 2133 2254
2133 2255 2254
2254 2255 2256
2256 2255 2257
2255 2134 2257
2255 2133 2134
2256 2257 2258
2256 2258 2259
2260 2256 2259
2237 2256 2260
2254 2256 2237
2236 2254 2237
2259 2261 2260
2261 2262 2260
2237 2260 2262
2262 2261 2263
2261 2259 2264
2265 2263 2261
2263 2265 2266
2266 2265 2267
2261 2264 2268
2265 2261 2268
2269 2265 2268
2265 2269 2267
2269 2268 2270
2271 2272 2273
2272 2271 2274
2274 2275 2272
2275 2274 2276
2276 2277 2275
2277 2276 2278
2279 2277 2278
2277 2279 2280
2281 2280 2279
2280 2281 2282
1949 2282 2281
2281 1950 1949
2279 1964 2281
2281 1964 1950
1964 2279 2283
2278 2283 2279
2283 2278 2284
2278 2285 2284
2285 2278 2276
2276 2286 2285
2286 2276 2274
2271 2286 2274
2287 2282 1949
1952 2287 1949
2288 2282 2287
2289 2288 2287
1952 2289 2287
2288 2289 2290
2282 2288 2291
2290 2292 2288
2292 2291 2288
2292 2290 2293
2293 2294 2292
2294 2293 2295
2291 2292 2277
2292 2296 2277
2296 2292 2294
2295 2297 2294
2297 2295 2298
2298 2299 2297
2299 2298 2300
2294 2301 2296
2301 2294 2297
2297 2302 2301
2302 2297 2299
1964 1953 1950
2303 2304 2305
2303 2305 2306
2307 2303 2306
2305 2308 2306
2308 2309 2306
2306 2309 2310
2307 2306 2310
2311 2307 2310
2308 2312 2309
2313 2309 2312
2309 2313 2314
2309 2314 2310
2315 2314 2313
2314 2315 2316
2314 2316 2317
2310 2314 2317
2311 2310 2317
2318 2311 2317
2317 2316 2319
2318 2317 2319
2320 2318 2319
2315 2321 2316
2316 2321 2319
2321 2315 2322
2322 2323 2321
2321 2323 2324
2320 2319 2324
2319 2321 2324
2324 2323 1958
2320 2324 1958
1955 2320 1958
2323 2322 2325
2325 1959 2323
2323 1959 1958
1959 2325 1960
2326 2327 2328
2329 2326 2328
2326 2329 2330
2331 2330 2329
2330 2331 2332
2327 2333 2328
2334 2335 2336
2335 2334 2337
2334 2338 2337
2338 2334 2339
2339 2340 2338
2340 2339 2341
2341 2342 2340
2342 2341 2343
2344 2345 2346
2345 2347 2346
2344 2348 2345
2349 2350 2351
2350 2349 2352
2353 2352 2349
2352 2353 2354
2355 2354 2353
2354 2355 2356
2355 2357 2356
2357 2355 2358
2358 2359 2357
2359 2358 2360
2361 2359 2360
2359 2361 2362
2363 2362 2361
2362 2363 2364
2365 2364 2363
2364 2365 2366
2367 2366 2365
2366 2367 2368
2369 2370 2371
2370 2369 2372
2372 2373 2370
2373 2372 2374
2374 2375 2373
2375 2374 2376
2377 2378 2379
2378 2380 2379
2377 2381 2378
2382 2383 2384
2385 2382 2384
2382 2385 2386
2387 2386 2385
2386 2387 2388
2387 2389 2388
2389 2387 2390
2383 2391 2384
2392 2393 2394
2393 2392 2395
2396 2393 2395
2393 2396 2397
2398 2397 2396
2397 2398 2399
2398 2400 2399
2400 2398 2401
2402 2400 2401
2402 2401 2403
2404 2405 2406
2405 2407 2406
2404 2408 2405
2409 2410 2411
2412 2409 2411
2409 2412 2413
2414 2413 2412
2413 2414 2415
2416 2415 2414
2415 2416 2417
2418 2417 2416
2417 2418 2419
2420 2419 2418
2419 2420 2421
2410 2422 2411
2423 2424 2425
2423 2426 2424
2427 2428 2429
2427 2429 2430
2428 2431 2429
2432 2433 2434
2433 2432 2435
2434 2436 2432
2436 2434 2437
2437 2438 2436
2438 2437 2439
2440 2441 2442
2441 2440 2443
2444 2440 2442
2440 2444 2445
2446 2445 2444
2445 2446 2447
2448 2447 2446
2447 2448 2449
2443 2450 2441
2450 2443 2451
2452 2453 2454
2452 2455 2453
2455 2456 2453
2457 2458 2459
2458 2457 2460
2459 2461 2457
2461 2459 2462
2463 2461 2462
2461 2463 2464
2465 2464 2463
2464 2465 2466
2467 2466 2465
2466 2467 2468
2467 2469 2468
2469 2467 2470
2470 2471 2469
2471 2470 2472
2472 2473 2471
2473 2472 2474
2474 2475 2473
2475 2474 2476
2477 2478 2479
2478 2477 2480
2481 2479 2478
2479 2481 2482
2483 2482 2481
2482 2483 2484
2485 2486 2487
2485 2487 2488
2486 2489 2487
2490 2491 2492
2491 2490 2493
2492 2494 2490
2494 2492 2495
2495 2496 2494
2496 2495 2497
2497 2498 2496
2498 2499 2496
2500 2499 2498
2499 2500 2501
2502 2503 2504
2503 2502 2505
2504 2506 2502
2506 2504 2507
2508 2506 2507
2506 2508 2509
2510 2509 2508
2509 2510 2511
2512 2511 2510
2511 2512 2513
2514 2503 2505
2503 2514 2515
2516 2517 2518
2516 2518 2519
2517 2520 2518
2521 2522 2523
2522 2521 2524
2523 2525 2521
2525 2523 2526
2526 2527 2525
2527 2526 2528
2529 2527 2528
2527 2529 2530
2531 2530 2529
2530 2531 2532
2312 2308 2533
2534 2535 2536
1850 1998 1851
2537 2538 2539
2538 2540 2539
2538 2541 2540
2541 2538 2542
2538 2537 2542
2537 2543 2542
2543 2544 2542
2540 2541 2545
2537 2539 2546
2546 2547 2537
2543 2537 2547
2547 2548 2543
2548 2544 2543
2541 2542 2549
2549 2550 2541
2550 2545 2541
2551 2542 2544
2552 2551 2544
2553 2552 2544
2552 2553 2554
2552 2555 2551
2552 2554 2556
2555 2552 2556
2557 2555 2556
2558 2557 2556
2559 2557 2558
2553 2560 2554
2554 2560 2561
2556 2561 2558
2554 2561 2556
2559 2558 2562
2558 2563 2562
2562 2564 2559
2565 2559 2564
2557 2559 2565
2557 2565 2566
2557 2566 2555
2555 2566 2551
2567 2565 2564
2565 2567 2549
2566 2565 2549
2568 2567 2564
2566 2549 2542
2542 2551 2566
2564 2569 2568
2567 2568 2570
2567 2570 2550
2549 2567 2550
2568 2571 2570
2571 2568 2569
2570 2571 2572
2545 2570 2572
2545 2550 2570
2571 2569 2573
2573 2569 2574
2574 2575 2573
2575 2574 2576
2576 2577 2575
2574 2569 2578
2574 2579 2576
2574 2578 2579
2579 2578 2580
2564 2580 2578
2569 2564 2578
2573 2581 2571
2581 2573 2575
2582 2581 2575
2575 2577 2582
2577 2583 2582
2582 2583 2584
2583 2577 2585
2585 2586 2583
2583 2586 2584
2586 2585 2587
2588 2587 2585
2588 2585 2589
2577 2576 2589
2589 2585 2577
2590 2588 2589
2590 2589 2576
2579 2590 2576
2588 2590 2591
2591 2590 2592
2579 2593 2590
2590 2593 2592
2594 2588 2591
2594 2595 2588
2587 2588 2595
2596 2594 2591
2596 2591 2597
2591 2592 2597
2598 2597 2592
2599 2594 2596
2595 2594 2599
2600 2595 2599
2601 2599 2596
2602 2601 2596
2602 2596 2597
2603 2602 2597
2603 2597 2598
2599 2601 2604
2599 2604 2600
2601 2605 2604
2606 2605 2601
2603 2606 2602
2602 2606 2601
2606 2603 2607
2608 2603 2598
2607 2603 2609
2609 2603 2608
2608 2610 2609
2610 2608 2611
2598 2611 2608
2611 2598 2612
2598 2613 2612
2614 2612 2613
2593 2614 2613
2614 2593 2615
2615 2616 2614
2592 2593 2613
2617 2611 2612
2611 2617 2610
2618 2617 2612
2618 2619 2617
2619 2620 2617
2617 2620 2610
2620 2619 2621
2622 2620 2621
2610 2620 2622
2623 2618 2612
2614 2623 2612
2624 2623 2614
2616 2624 2614
2624 2616 2563
2625 2623 2624
2625 2624 2626
2626 2624 2563
2623 2625 2627
2627 2618 2623
2628 2627 2625
2629 2627 2628
2630 2629 2628
2630 2631 2629
2632 2631 2630
2632 2630 2633
2628 2633 2630
2634 2632 2633
2635 2634 2633
2622 2621 2636
2637 2629 2631
2638 2627 2629
2637 2638 2629
2637 2621 2638
2627 2638 2618
2638 2619 2618
2638 2621 2619
2639 2635 2633
2639 2633 2628
2639 2640 2635
2639 2641 2640
2641 2639 2628
2640 2561 2635
2640 2558 2561
2558 2640 2626
2641 2626 2640
2558 2626 2563
2625 2626 2641
2625 2641 2628
2621 2637 2642
2642 2636 2621
2643 2642 2637
2637 2631 2643
2563 2616 2562
2616 2580 2562
2616 2615 2580
2615 2579 2580
2564 2562 2580
2615 2593 2579
2644 2610 2622
2644 2622 2636
2644 2636 2645
2644 2645 2646
2644 2646 2647
2648 2647 2646
2649 2648 2646
2646 2650 2649
2651 2649 2650
2649 2651 2605
2652 2651 2650
2605 2651 2653
2651 2652 2653
2653 2652 2654
2654 2655 2653
2653 2655 2600
2604 2653 2600
2653 2604 2605
2606 2649 2605
2606 2607 2649
2607 2648 2649
2648 2609 2647
2609 2648 2607
2644 2647 2609
2644 2609 2610
2587 2656 2586
2656 2587 2595
2657 2656 2595
2658 2656 2657
2586 2656 2658
2586 2658 2584
2659 2582 2584
2582 2659 2660
2661 2582 2660
2581 2582 2661
2661 2660 2662
2662 2660 2663
2663 2664 2662
2664 2665 2662
2666 2662 2665
2666 2661 2662
2581 2661 2666
2665 2667 2666
2667 2665 2668
2668 2669 2667
2670 2668 2665
2665 2664 2670
2670 2664 2671
2667 2571 2666
2571 2581 2666
2571 2667 2572
2667 2669 2572
2669 2545 2572
2660 2672 2663
2673 2545 2669
2545 2673 2674
2540 2545 2674
2540 2674 2675
2675 2539 2540
2676 2675 2674
2674 2677 2676
2674 2673 2677
2678 2675 2676
2676 2679 2678
2679 2676 2680
2679 2680 2681
2682 2678 2679
2683 2678 2682
2684 2683 2682
2684 2685 2683
2680 2676 2686
2686 2676 2677
2687 2685 2684
2687 2684 2688
2682 2688 2684
2689 2687 2688
2690 2689 2688
2677 2691 2686
2692 2691 2677
2693 2678 2683
2546 2693 2683
2546 2683 2685
2693 2546 2539
2539 2675 2693
2678 2693 2675
2694 2686 2691
2686 2694 2695
2695 2696 2686
2697 2694 2691
2691 2692 2697
2692 2698 2697
2699 2698 2692
2699 2700 2698
2699 2671 2700
2671 2699 2670
2701 2699 2692
2692 2702 2701
2699 2701 2668
2668 2670 2699
2702 2668 2701
2696 2695 2703
2696 2703 2704
2695 2705 2703
2695 2694 2705
2705 2706 2703
2707 2703 2706
2707 2704 2703
2704 2707 2708
2709 2708 2707
2707 2710 2709
2710 2711 2709
2712 2704 2708
2708 2713 2712
2708 2714 2713
2714 2708 2709
2714 2709 2715
2711 2715 2709
2715 2711 2716
2713 2714 2717
2714 2715 2717
2717 2718 2713
2719 2713 2718
2717 2715 2720
2720 2721 2717
2717 2721 2718
2721 2720 2722
2723 2721 2722
2721 2723 2724
2721 2724 2718
2719 2718 2724
2723 2725 2724
2724 2725 2719
2720 2726 2722
2727 2722 2726
2728 2722 2727
2720 2729 2726
2715 2716 2729
2729 2720 2715
2730 2726 2729
2727 2726 2730
2731 2730 2729
2729 2732 2731
2733 2731 2732
2732 2734 2733
2733 2734 2735
2736 2733 2735
2736 2735 2737
2738 2736 2737
2732 2739 2734
2739 2732 2729
2735 2734 2740
2734 2739 2740
2741 2736 2738
2738 2742 2741
2743 2742 2738
2742 2743 2744
2744 2745 2742
2741 2742 2745
2746 2744 2743
2743 2747 2746
2748 2746 2747
2747 2749 2748
2750 2749 2747
2749 2750 2751
2751 2748 2749
2752 2747 2743
2747 2752 2750
2753 2752 2743
2743 2738 2753
2746 2748 2754
2748 2751 2754
2754 2755 2746
2744 2746 2755
2745 2744 2756
2755 2756 2744
2756 2757 2745
2757 2756 2758
2759 2757 2758
2757 2759 2760
2760 2745 2757
2759 2761 2760
2756 2755 2762
2756 2762 2758
2762 2755 2754
2761 2763 2760
2763 2764 2760
2753 2765 2752
2752 2766 2750
2766 2752 2765
2766 2765 2767
2767 2768 2766
2769 2768 2767
2770 2769 2767
2770 2767 2771
2767 2765 2771
2772 2770 2771
2770 2772 2773
2773 2772 2774
2774 2775 2773
2771 2765 2776
2776 2772 2771
2772 2777 2774
2772 2776 2777
2777 2776 2737
2753 2737 2776
2765 2753 2776
2773 2775 2778
2778 2779 2773
2779 2769 2770
2770 2773 2779
2780 2779 2778
2781 2780 2778
2782 2769 2779
2779 2780 2782
2778 2783 2781
2783 2778 2775
2775 2784 2783
2784 2785 2783
2786 2785 2784
2784 2787 2786
2787 2784 2775
2775 2774 2787
2788 2786 2787
2789 2786 2788
2789 2788 2790
2777 2790 2788
2791 2789 2790
2792 2789 2791
2793 2792 2791
2794 2792 2793
2795 2794 2793
2796 2793 2791
2793 2797 2795
2793 2796 2797
2797 2796 2798
2740 2798 2796
2740 2791 2790
2796 2791 2740
2740 2790 2799
2794 2800 2792
2800 2801 2792
2792 2801 2789
2802 2801 2800
2803 2802 2800
2804 2803 2800
2802 2786 2801
2794 2805 2800
2794 2795 2805
2795 2806 2805
2805 2806 2807
2806 2808 2807
2809 2808 2806
2808 2809 2810
2811 2809 2797
2809 2811 2810
2812 2810 2811
2810 2812 2813
2813 2814 2810
2814 2808 2810
2814 2813 2815
2815 2816 2814
2811 2817 2812
2797 2817 2811
2797 2710 2817
2812 2817 2706
2706 2813 2812
2813 2705 2815
2813 2706 2705
2707 2817 2710
2817 2707 2706
2816 2815 2818
2818 2819 2816
2819 2818 2820
2818 2821 2820
2822 2821 2818
2822 2818 2815
2705 2822 2815
2821 2822 2823
2823 2822 2697
2705 2694 2822
2822 2694 2697
2824 2821 2823
2824 2825 2821
2820 2821 2825
2826 2824 2823
2826 2823 2698
2823 2697 2698
2824 2826 2827
2700 2827 2826
2700 2826 2698
2828 2824 2827
2825 2824 2828
2829 2825 2828
2827 2830 2828
2830 2831 2828
2828 2831 2829
2831 2832 2829
2832 2831 2833
2830 2833 2831
2671 2830 2827
2700 2671 2827
2830 2671 2833
2671 2664 2833
2833 2664 2663
2833 2663 2834
2663 2672 2834
2672 2835 2834
2835 2672 2836
2836 2672 2659
2836 2659 2584
2660 2659 2672
2613 2598 2592
2837 2838 2764
2838 2839 2764
2839 2838 2731
2731 2733 2839
2730 2731 2838
2838 2840 2730
2838 2837 2840
2730 2840 2727
2764 2839 2741
2736 2839 2733
2839 2736 2741
2840 2837 2841
2841 2728 2840
2728 2727 2840
2764 2741 2760
2760 2741 2745
2680 2696 2712
2712 2696 2704
2696 2680 2686
2681 2680 2712
2713 2681 2712
2713 2842 2681
2842 2713 2719
2842 2719 2690
2843 2842 2690
2843 2844 2842
2844 2681 2842
2844 2843 2682
2843 2690 2688
2843 2688 2682
2679 2681 2844
2679 2844 2682
2845 2846 2847
2847 2846 2816
2845 2808 2846
2845 2847 2848
2847 2816 2819
2819 2849 2847
2847 2849 2848
2849 2819 2820
2820 2850 2849
2850 2820 2825
2814 2846 2808
2846 2814 2816
2845 2807 2808
2851 2845 2848
2851 2807 2845
2852 2851 2848
2852 2853 2851
2807 2851 2853
2805 2807 2853
2854 2805 2853
2804 2854 2853
2853 2855 2804
2855 2853 2852
2856 2850 2825
2857 2850 2856
2849 2850 2857
2849 2857 2848
2800 2854 2804
2800 2805 2854
2858 2859 2860
2858 2783 2859
2860 2859 2803
2785 2859 2783
2859 2785 2803
2803 2785 2802
2802 2785 2786
2781 2783 2858
2801 2786 2789
2795 2809 2806
2797 2809 2795
2710 2797 2798
2711 2710 2798
2798 2716 2711
2739 2716 2798
2798 2740 2739
2729 2716 2739
2799 2735 2740
2735 2799 2737
2799 2777 2737
2777 2799 2790
2753 2738 2737
2788 2774 2777
2788 2787 2774
2673 2692 2677
2692 2673 2702
2669 2702 2673
2669 2668 2702
2861 2766 2862
2862 2766 2768
2863 2862 2768
2769 2863 2768
2864 2863 2769
2769 2865 2864
2866 2861 2862
2862 2867 2866
2863 2864 2867
2867 2862 2863
2751 2861 2866
2751 2750 2861
2861 2750 2766
2751 2866 2868
2868 2866 2867
2865 2769 2782
2868 2867 2869
2867 2864 2869
2864 2865 2869
2865 2782 2870
2780 2870 2782
2871 2865 2870
2865 2871 2869
2872 2754 2751
2754 2872 2762
2872 2873 2762
2762 2873 2758
2546 2685 2547
2685 2874 2547
2874 2548 2547
2875 2876 2877
2876 2875 2878
2876 2879 2877
2879 2876 2880
2881 2878 2875
2878 2881 2882
2883 2882 2881
2882 2883 2884
2885 2884 2883
2884 2885 2886
2887 2886 2885
2886 2887 2888
2887 2889 2888
2889 2887 2890
2891 2892 2893
2894 2891 2893
2894 2895 2891
2896 2895 2894
2897 2895 2896
2898 2892 2891
2898 2899 2892
2900 2899 2898
2901 2902 2903
2902 2901 2904
2905 2906 2907
2906 2905 2908
2909 2910 2911
2910 2909 2912
2271 2913 2286
2914 2915 2916
2915 2914 2917
2918 1992 1994
2918 1994 2009
2003 1854 1855
2018 2003 1855
2003 2018 2007
196 198 2919
206 205 227
