byte offset: 0
first index: 37530
index count: 2946
topology: trianglelist
format: DXGI_FORMAT_R16_UINT

10522 10523 10524
10522 10524 10525
10526 10525 10524
10526 10524 10527
10528 10522 10525
10528 10529 10522
10530 10529 10528
10530 10531 10529
10531 10530 10532
10532 10530 10533
10533 10530 10528
10532 10533 10534
10531 10532 10535
10536 10528 10525
10536 10525 10526
10533 10528 10536
10537 10535 10532
10532 10534 10537
10537 10538 10535
10524 10523 10539
10524 10539 10540
10541 10540 10539
10541 10542 10540
10543 10540 10542
10543 10542 10544
10544 10542 10545
10544 10545 10546
10542 10541 10547
10542 10547 10545
10545 10547 10548
10545 10548 10549
10546 10545 10549
10546 10549 10550
10551 10549 10548
10551 10548 10552
10553 10551 10552
10553 10552 10554
10555 10551 10553
10555 10556 10551
10556 10550 10549
10556 10549 10551
10557 10553 10554
10557 10554 10558
10559 10555 10553
10559 10553 10557
10560 10557 10558
10560 10558 10561
10562 10559 10557
10562 10557 10560
10563 10560 10561
10563 10561 10564
10565 10562 10560
10565 10560 10563
10566 10563 10564
10566 10564 10567
10568 10565 10563
10568 10563 10566
10569 10566 10567
10569 10567 10570
10571 10568 10566
10571 10566 10569
10569 10570 10572
10569 10572 10573
10574 10571 10569
10574 10569 10573
10575 10573 10572
10575 10572 10576
10577 10574 10573
10577 10573 10575
10578 10579 10580
10538 10578 10580
10537 10578 10538
10527 10524 10540
10527 10540 10543
10527 10543 10581
10543 10582 10581
10543 10544 10582
10583 10581 10582
10583 10584 10581
10544 10585 10582
10544 10546 10585
10582 10585 10586
10582 10586 10583
10585 10587 10586
10585 10588 10587
10546 10588 10585
10546 10550 10588
10589 10587 10588
10589 10590 10587
10591 10590 10589
10591 10592 10590
10593 10591 10589
10593 10589 10556
10556 10589 10588
10556 10588 10550
10594 10592 10591
10594 10595 10592
10596 10594 10591
10596 10591 10593
10597 10595 10594
10597 10598 10595
10599 10597 10594
10599 10594 10596
10600 10598 10597
10600 10601 10598
10602 10600 10597
10602 10597 10599
10603 10601 10600
10603 10604 10601
10605 10603 10600
10605 10600 10602
10606 10604 10603
10606 10607 10604
10608 10606 10603
10608 10603 10605
10606 10609 10607
10606 10610 10609
10611 10610 10606
10611 10606 10608
10612 10609 10610
10612 10613 10609
10614 10612 10610
10614 10610 10611
10615 10616 10617
10615 10617 10618
10526 10617 10616
10526 10527 10617
10619 10616 10615
10619 10615 10620
10621 10619 10620
10621 10620 10622
10622 10623 10621
10623 10533 10621
10533 10619 10621
10623 10534 10533
10622 10624 10623
10536 10526 10616
10536 10616 10619
10533 10536 10619
10625 10623 10624
10623 10625 10534
10625 10624 10626
10617 10584 10618
10617 10581 10584
10527 10581 10617
10625 10626 10627
10626 10628 10627
10627 10628 10629
10630 10631 10632
10632 10631 10633
10632 10633 10634
10634 10633 10635
10634 10635 10636
10633 10631 10637
10631 10638 10637
10631 10639 10638
10630 10639 10631
10640 10639 10630
10639 10640 10638
10640 10630 10641
10642 10640 10641
10633 10637 10643
10635 10633 10643
10635 10643 10644
10645 10635 10644
10636 10635 10645
10645 10644 10646
10647 10645 10646
10645 10647 10648
10645 10648 10649
10636 10645 10649
10647 10646 10650
10637 10638 10651
10643 10637 10651
10643 10651 10652
10644 10643 10652
10644 10652 10653
10646 10644 10653
10646 10653 10654
10650 10646 10654
10650 10654 10655
10651 10656 10652
10657 10653 10652
10657 10652 10658
10658 10652 10656
10659 10657 10658
10659 10658 10660
10656 10660 10658
10661 10657 10659
10661 10662 10657
10662 10654 10653
10662 10653 10657
10663 10662 10661
10663 10664 10662
10664 10655 10654
10664 10654 10662
10665 10661 10659
10666 10663 10661
10666 10661 10667
10667 10661 10665
10668 10666 10667
10669 10660 10656
10669 10656 10651
10669 10651 10670
10651 10671 10670
10670 10671 10672
10671 10673 10672
10671 10674 10673
10674 10675 10673
10674 10676 10675
10677 10676 10674
10671 10677 10674
10677 10678 10676
10678 10679 10676
10678 10680 10679
10678 10681 10680
10682 10680 10681
10682 10681 10683
10678 10684 10681
10678 10677 10684
10680 10682 10685
10680 10685 10679
10679 10685 10686
10679 10686 10687
10676 10679 10687
10676 10687 10675
10688 10687 10686
10688 10686 10689
10690 10688 10689
10690 10689 10691
10692 10688 10690
10692 10693 10688
10693 10687 10688
10694 10693 10692
10694 10695 10693
10696 10695 10694
10696 10697 10695
10696 10698 10697
10696 10699 10698
10693 10675 10687
10695 10675 10693
10695 10673 10675
10697 10673 10695
10697 10672 10673
10698 10672 10697
10698 10670 10672
10700 10690 10691
10700 10691 10701
10702 10692 10690
10702 10690 10700
10703 10694 10692
10703 10692 10702
10704 10696 10694
10704 10694 10703
10705 10699 10696
10705 10696 10704
10706 10700 10701
10706 10701 10707
10708 10702 10700
10708 10700 10706
10709 10703 10702
10709 10702 10708
10710 10704 10703
10710 10703 10709
10711 10705 10704
10711 10704 10710
10712 10706 10707
10712 10707 10713
10714 10708 10706
10714 10706 10712
10715 10709 10708
10715 10708 10714
10716 10710 10709
10716 10709 10715
10717 10711 10710
10717 10710 10716
10718 10712 10713
10718 10713 10719
10720 10714 10712
10720 10712 10718
10721 10715 10714
10721 10714 10720
10722 10716 10715
10722 10715 10721
10723 10717 10716
10723 10716 10722
10724 10718 10719
10724 10719 10725
10726 10720 10718
10726 10718 10724
10727 10721 10720
10727 10720 10726
10728 10722 10721
10728 10721 10727
10729 10723 10722
10729 10722 10728
10724 10725 10730
10724 10730 10731
10726 10724 10731
10726 10731 10732
10727 10726 10732
10727 10732 10733
10728 10727 10733
10728 10733 10734
10735 10729 10728
10735 10728 10734
10736 10731 10730
10736 10732 10731
10736 10730 10737
10736 10738 10732
10738 10733 10732
10739 10740 10741
10742 10739 10741
10743 10739 10742
10743 10744 10739
10745 10744 10743
10746 10745 10743
10746 10743 10747
10748 10745 10746
10748 10746 10749
10749 10750 10748
10749 10751 10750
10751 10752 10750
10751 10753 10752
10752 10754 10750
10748 10750 10754
10749 10746 10755
10749 10755 10756
10756 10751 10749
10748 10754 10757
10748 10757 10758
10758 10744 10745
10748 10758 10745
10759 10756 10755
10759 10755 10760
10760 10755 10761
10761 10755 10746
10761 10746 10747
10760 10761 10762
10762 10761 10763
10762 10763 10764
10764 10765 10762
10765 10760 10762
10764 10766 10765
10767 10765 10766
10767 10768 10765
10769 10768 10767
10769 10770 10768
10767 10771 10769
10767 10772 10771
10766 10772 10767
10768 10773 10765
10765 10773 10760
10747 10763 10761
10747 10774 10763
10768 10770 10775
10775 10773 10768
10743 10774 10747
10743 10742 10774
10771 10772 10776
10771 10776 10777
10777 10776 10778
10777 10778 10779
10780 10778 10776
10781 10776 10772
10780 10776 10781
10772 10782 10781
10775 10783 10773
10784 10783 10775
10784 10785 10783
10785 10759 10783
10760 10783 10759
10760 10773 10783
10786 10778 10780
10787 10778 10786
10787 10786 10788
10788 10786 10789
10789 10786 10780
10790 10778 10787
10779 10778 10790
10789 10780 10791
10792 10780 10781
10781 10782 10792
10793 10780 10792
10791 10780 10793
10792 10794 10793
10792 10795 10794
10794 10795 10796
10794 10796 10797
10798 10794 10797
10798 10797 10799
10799 10797 10800
10799 10800 10801
10800 10802 10801
10800 10803 10802
10803 10804 10802
10791 10793 10805
10794 10798 10805
10794 10805 10793
10763 10795 10792
10796 10795 10763
10763 10792 10764
10796 10763 10774
10774 10806 10796
10806 10800 10797
10806 10797 10796
10806 10803 10800
10774 10742 10806
10742 10741 10806
10806 10741 10803
10741 10807 10803
10807 10804 10803
10740 10807 10741
10649 10807 10740
10649 10740 10636
10636 10740 10808
10636 10808 10634
10634 10808 10809
10809 10808 10739
10808 10740 10739
10634 10809 10632
10632 10809 10810
10632 10810 10811
10812 10811 10810
10809 10758 10810
10758 10812 10810
10809 10744 10758
10739 10744 10809
10813 10811 10812
10814 10813 10812
10632 10811 10630
10630 10811 10813
10642 10813 10814
10814 10815 10642
10814 10816 10815
10815 10816 10817
10818 10817 10816
10819 10817 10818
10820 10819 10818
10820 10821 10819
10683 10819 10821
10683 10817 10819
10683 10821 10822
10682 10683 10822
10682 10822 10823
10682 10823 10824
10683 10681 10817
10825 10820 10818
10818 10816 10826
10818 10826 10825
10815 10817 10827
10681 10827 10817
10684 10827 10681
10642 10827 10684
10642 10815 10827
10684 10677 10642
10825 10826 10828
10828 10826 10816
10828 10816 10752
10753 10828 10752
10829 10828 10753
10753 10830 10829
10753 10831 10830
10832 10830 10831
10831 10833 10832
10785 10832 10833
10753 10751 10831
10785 10833 10759
10833 10756 10759
10756 10831 10751
10831 10756 10833
10642 10677 10640
10638 10640 10677
10638 10677 10671
10651 10638 10671
10816 10754 10752
10812 10754 10814
10757 10754 10812
10758 10757 10812
10816 10814 10754
10834 10835 10836
10775 10834 10836
10775 10837 10834
10775 10770 10837
10838 10835 10834
10836 10835 10839
10836 10839 10784
10775 10836 10784
10784 10839 10840
10840 10841 10784
10792 10782 10764
10764 10782 10766
10766 10782 10772
10842 10843 10844
10842 10844 10845
10846 10842 10845
10846 10845 10847
10848 10842 10846
10848 10849 10842
10849 10843 10842
10850 10846 10847
10850 10847 10851
10852 10848 10846
10852 10846 10850
10853 10848 10852
10853 10854 10848
10854 10849 10848
10855 10854 10853
10855 10668 10854
10856 10850 10851
10856 10851 10857
10858 10852 10850
10858 10850 10856
10859 10853 10852
10859 10852 10858
10860 10855 10853
10860 10853 10859
10861 10856 10857
10861 10857 10862
10863 10858 10856
10863 10856 10861
10864 10859 10858
10864 10858 10863
10865 10860 10859
10865 10859 10864
10861 10862 10866
10861 10866 10867
10863 10861 10867
10863 10867 10868
10864 10863 10868
10864 10868 10869
10865 10864 10869
10865 10869 10870
10871 10867 10866
10872 10868 10867
10872 10867 10871
10872 10869 10868
10872 10873 10869
10873 10870 10869
10873 10874 10870
10875 10873 10872
10876 10874 10873
10876 10873 10875
10843 10877 10669
10843 10669 10844
10878 10877 10843
10849 10878 10843
10849 10879 10878
10669 10877 10660
10659 10660 10877
10659 10877 10878
10879 10659 10878
10879 10665 10659
10880 10879 10849
10854 10880 10849
10668 10880 10854
10668 10667 10880
10667 10665 10879
10667 10879 10880
10779 10790 10881
10779 10881 10882
10630 10813 10641
10642 10641 10813
10648 10807 10649
10648 10804 10807
10883 10884 10885
10884 10886 10885
10884 10887 10886
10887 10888 10886
10887 10889 10888
10886 10890 10885
10885 10890 10891
10885 10891 10892
10883 10885 10892
10893 10883 10892
10892 10891 10893
10893 10894 10883
10895 10894 10893
10886 10896 10890
10888 10896 10886
10888 10897 10896
10898 10897 10888
10889 10898 10888
10898 10899 10897
10900 10899 10898
10898 10901 10900
10898 10902 10901
10889 10902 10898
10900 10903 10899
10890 10904 10891
10896 10904 10890
10896 10905 10904
10897 10905 10896
10897 10906 10905
10899 10906 10897
10899 10907 10906
10903 10907 10899
10903 10908 10907
10904 10905 10909
10910 10905 10906
10910 10911 10905
10911 10909 10905
10912 10911 10910
10912 10913 10911
10909 10911 10913
10914 10912 10910
10914 10910 10915
10915 10910 10906
10915 10906 10907
10916 10914 10915
10916 10915 10917
10917 10915 10907
10917 10907 10908
10918 10912 10914
10919 10914 10916
10919 10920 10914
10920 10918 10914
10921 10920 10919
10922 10909 10913
10922 10904 10909
10922 10923 10904
10904 10923 10924
10923 10925 10924
10924 10925 10926
10924 10926 10927
10927 10926 10928
10927 10928 10929
10930 10927 10929
10924 10927 10930
10930 10929 10931
10931 10929 10932
10931 10932 10933
10931 10933 10934
10935 10934 10933
10935 10936 10934
10931 10934 10937
10931 10937 10930
10933 10932 10938
10933 10938 10935
10932 10939 10938
10932 10940 10939
10929 10928 10940
10929 10940 10932
10941 10939 10940
10941 10942 10939
10943 10942 10941
10943 10944 10942
10945 10943 10941
10945 10941 10946
10946 10941 10940
10947 10945 10946
10947 10946 10948
10949 10947 10948
10949 10948 10950
10949 10950 10951
10949 10951 10952
10946 10940 10928
10948 10946 10928
10948 10928 10926
10950 10948 10926
10950 10926 10925
10951 10950 10925
10951 10925 10923
10953 10944 10943
10953 10954 10944
10955 10953 10943
10955 10943 10945
10956 10955 10945
10956 10945 10947
10957 10956 10947
10957 10947 10949
10958 10957 10949
10958 10949 10952
10959 10954 10953
10959 10960 10954
10961 10959 10953
10961 10953 10955
10962 10961 10955
10962 10955 10956
10963 10962 10956
10963 10956 10957
10964 10963 10957
10964 10957 10958
10965 10960 10959
10965 10966 10960
10967 10965 10959
10967 10959 10961
10968 10967 10961
10968 10961 10962
10969 10968 10962
10969 10962 10963
10970 10969 10963
10970 10963 10964
10971 10966 10965
10971 10972 10966
10973 10971 10965
10973 10965 10967
10974 10973 10967
10974 10967 10968
10975 10974 10968
10975 10968 10969
10976 10975 10969
10976 10969 10970
10977 10972 10971
10977 10978 10972
10979 10977 10971
10979 10971 10973
10980 10979 10973
10980 10973 10974
10981 10980 10974
10981 10974 10975
10982 10981 10975
10982 10975 10976
10977 10983 10978
10977 10984 10983
10979 10984 10977
10979 10985 10984
10980 10985 10979
10980 10986 10985
10981 10986 10980
10981 10987 10986
10988 10987 10981
10988 10981 10982
10989 10983 10984
10989 10984 10985
10989 10990 10983
10989 10985 10991
10991 10985 10986
10992 10993 10994
10995 10993 10992
10996 10995 10992
10996 10992 10997
10998 10996 10997
10999 10996 10998
10999 11000 10996
11001 10999 10998
11001 11002 10999
11002 11001 11003
11002 11003 11004
11004 11003 11005
11004 11005 11006
11005 11003 11007
11001 11007 11003
11002 11008 10999
11002 11009 11008
11009 11002 11004
11001 11010 11007
11001 11011 11010
11011 10998 10997
11001 10998 11011
11012 11008 11009
11012 11013 11008
11013 11014 11008
11014 11000 10999
11014 10999 11008
11013 11015 11014
11015 11016 11014
11015 11017 11016
11017 11015 11018
11018 11015 11013
11017 11018 11019
11020 11019 11018
11020 11018 11021
11022 11020 11021
11022 11021 11023
11020 11022 11024
11020 11024 11025
11019 11020 11025
11021 11018 11026
11018 11013 11026
11000 11014 11016
11000 11016 11027
11021 11028 11023
11028 11021 11026
10996 11000 11027
10996 11027 10995
11024 11029 11025
11024 11030 11029
11030 11031 11029
11030 11032 11031
11033 11029 11031
11034 11025 11029
11033 11034 11029
11025 11034 11035
11028 11026 11036
11037 11028 11036
11037 11036 11038
11038 11036 11012
11013 11012 11036
11013 11036 11026
11039 11033 11031
11040 11039 11031
11040 11041 11039
11041 11042 11039
11042 11033 11039
11043 11040 11031
11032 11043 11031
11042 11044 11033
11045 11034 11033
11034 11045 11035
11046 11045 11033
11044 11046 11033
11045 11046 11047
11045 11047 11048
11047 11049 11048
11047 11050 11049
11051 11050 11047
11051 11052 11050
11052 11053 11050
11052 11054 11053
11053 11054 11055
11053 11055 11056
11056 11055 11057
11044 11058 11046
11047 11046 11058
11047 11058 11051
11016 11045 11048
11049 11016 11048
11016 11017 11045
11045 11017 11035
11049 11027 11016
11027 11049 11059
11059 11049 11050
11059 11050 11053
11059 11053 11056
11027 11059 10995
10995 11059 10993
11059 11056 10993
10993 11056 11060
11060 11056 11057
10994 10993 11060
10902 10994 11060
10902 10889 10994
10889 11061 10994
10889 10887 11061
10887 11062 11061
11062 10992 11061
11061 10992 10994
10887 10884 11062
10884 11063 11062
10884 11064 11063
11065 11063 11064
11062 11063 11011
11011 11063 11065
11062 11011 10997
10992 11062 10997
11066 11065 11064
11067 11065 11066
10884 10883 11064
10883 11066 11064
10895 11067 11066
11067 10895 11068
11067 11068 11069
11068 11070 11069
11071 11069 11070
11072 11071 11070
11073 11071 11072
11073 11072 11074
10936 11074 11072
10936 11072 11070
10936 11075 11074
10935 11075 10936
10935 11076 11075
10935 11077 11076
10936 11070 10934
11078 11071 11073
11071 11079 11069
11071 11078 11079
11068 11080 11070
10934 11070 11080
10937 10934 11080
10895 10937 11080
10895 11080 11068
10937 10895 10930
11078 11081 11079
11081 11069 11079
11081 11005 11069
11006 11005 11081
11082 11006 11081
11006 11082 11083
11006 11083 11084
11085 11084 11083
11084 11085 11086
11038 11086 11085
11006 11084 11004
11038 11012 11086
11086 11012 11009
11009 11004 11084
11084 11086 11009
10895 10893 10930
10891 10930 10893
10891 10924 10930
10904 10924 10891
11069 11005 11007
11069 11007 11067
11065 11067 11007
11010 11065 11007
11011 11065 11010
11087 11088 11089
11028 11088 11087
11028 11087 11090
11028 11090 11023
11091 11087 11089
11088 11092 11089
11088 11037 11092
11028 11037 11088
11037 11093 11092
11093 11037 11094
11095 11096 11097
11095 11097 11098
11099 11096 11095
11099 11100 11096
11101 11099 11095
11101 11095 11102
11102 11095 11098
11103 11100 11099
11103 11104 11100
11105 11103 11099
11105 11099 11101
11106 11105 11101
11106 11101 11107
11107 11101 11102
11108 11106 11107
11108 11107 10921
11109 11104 11103
11109 11110 11104
11111 11109 11103
11111 11103 11105
11112 11111 11105
11112 11105 11106
11113 11112 11106
11113 11106 11108
11114 11110 11109
11114 11115 11110
11116 11114 11109
11116 11109 11111
11117 11116 11111
11117 11111 11112
11118 11117 11112
11118 11112 11113
11114 11119 11115
11114 11120 11119
11116 11120 11114
11116 11121 11120
11117 11121 11116
11117 11122 11121
11118 11122 11117
11118 11123 11122
11124 11119 11120
11125 11124 11120
11125 11120 11121
11125 11121 11122
11125 11122 11126
11126 11122 11123
11126 11123 11127
11128 11125 11126
11129 11128 11126
11129 11126 11127
11098 11097 10922
11098 10922 11130
11131 11098 11130
11102 11098 11131
11102 11131 11132
10922 10913 11130
10912 11131 11130
10912 11130 10913
11132 11131 10912
11132 10912 10918
11133 11102 11132
11107 11102 11133
10921 11107 11133
10921 11133 10920
10920 11133 11132
10920 11132 10918
11032 11134 11043
11032 11135 11134
10883 10894 11066
10895 11066 10894
10901 10902 11060
10901 11060 11057
11019 11025 11035
11017 11019 11035
