byte offset: 0
first index: 0
index count: 8976
topology: trianglelist
format: DXGI_FORMAT_R16_UINT

0 1 2
1 3 2
3 4 2
4 5 2
5 6 2
6 7 2
7 8 2
8 9 2
9 10 2
10 11 2
11 12 2
12 13 2
13 14 2
14 15 2
15 16 2
16 17 2
17 18 2
18 19 2
19 20 2
20 0 2
15 14 21
14 22 21
14 23 22
23 12 24
23 24 22
15 21 25
16 15 25
16 25 26
27 16 26
27 26 28
18 17 28
18 28 29
19 18 29
19 29 30
20 19 30
20 30 31
0 20 31
0 31 32
1 0 32
1 32 33
3 1 33
3 33 34
35 3 34
35 34 36
5 4 36
5 36 37
6 5 38
6 38 39
7 40 41
7 41 42
43 44 42
43 42 45
46 8 45
46 45 47
48 9 47
48 47 49
50 10 49
50 49 51
52 11 51
52 51 24
53 54 55
53 55 56
56 55 57
56 57 58
59 56 58
59 58 60
61 53 56
61 56 59
62 59 60
62 60 63
64 62 63
65 62 64
66 65 64
65 67 62
67 61 59
67 59 62
68 64 63
68 63 69
70 68 69
55 71 57
54 72 55
73 74 75
75 74 76
77 74 73
77 73 78
79 77 78
79 80 77
81 80 79
81 82 80
83 82 81
83 81 84
83 84 85
83 85 86
87 83 86
87 82 83
87 86 88
87 89 82
80 82 89
80 89 90
77 80 90
77 90 91
92 86 85
92 93 86
93 88 86
94 93 92
94 95 93
93 96 88
95 96 93
95 97 96
74 77 91
74 91 76
98 99 100
98 100 101
101 100 102
101 102 103
99 98 104
99 104 105
103 102 106
106 102 107
108 106 107
109 107 102
105 104 110
105 110 111
112 111 110
113 107 109
114 113 109
115 114 109
115 116 114
113 114 117
113 117 118
117 114 119
117 119 120
120 119 121
120 121 122
122 121 123
124 115 125
124 125 126
127 126 125
127 128 126
128 127 129
128 129 130
130 129 131
130 131 132
133 132 131
133 134 132
134 133 135
136 137 138
136 138 139
139 138 140
138 141 140
138 142 141
142 138 143
143 138 137
139 140 144
142 143 145
141 142 145
146 136 139
146 139 147
147 139 144
147 148 146
149 148 147
147 144 149
150 143 151
152 153 154
152 154 155
156 155 154
156 157 155
153 152 158
153 158 159
159 158 160
159 160 161
161 160 162
161 162 163
163 162 164
163 164 165
165 164 166
165 166 167
167 166 168
167 168 169
170 169 168
171 170 168
166 171 168
166 172 171
164 172 166
164 173 172
162 173 164
162 174 173
160 174 162
160 175 174
158 175 160
158 176 175
152 176 158
152 177 176
177 178 176
178 179 176
178 180 179
180 178 181
180 181 182
178 183 181
178 184 183
177 184 178
183 184 185
185 184 177
183 185 186
186 185 187
186 187 188
180 189 179
180 190 189
190 180 182
190 191 189
191 190 192
190 182 192
185 177 155
193 185 155
157 193 155
193 157 194
157 195 194
157 196 195
196 157 156
177 152 155
197 198 199
200 197 199
200 199 201
201 202 200
203 202 201
203 204 202
204 205 202
202 206 200
202 205 206
204 203 207
204 207 208
208 207 209
208 209 210
210 209 211
210 211 212
212 211 213
214 212 213
214 215 212
214 216 215
214 217 216
218 215 216
218 219 215
215 219 212
212 219 220
221 212 220
221 220 222
223 221 222
224 216 217
224 218 216
225 213 211
225 211 226
225 226 227
226 228 227
229 230 231
229 231 232
232 231 233
232 233 234
235 233 231
235 231 230
205 232 234
205 234 206
236 229 237
236 237 205
204 236 205
238 239 240
238 240 241
242 239 238
241 240 243
241 243 244
244 243 245
244 245 246
245 247 246
246 247 248
246 248 249
245 250 247
250 251 247
252 251 250
253 252 250
254 253 250
254 255 253
256 255 254
256 257 255
258 257 256
259 251 252
259 260 251
246 261 262
263 262 264
263 264 265
265 264 266
265 266 267
246 262 263
266 268 267
259 269 270
271 272 273
271 273 274
272 275 273
272 276 275
277 271 274
276 278 275
276 279 278
280 277 274
273 280 274
273 281 280
275 281 273
275 282 281
278 282 275
282 278 283
284 285 286
286 285 287
288 289 284
289 290 284
284 290 291
290 292 291
289 292 290
284 293 294
295 296 297
297 296 298
297 298 299
298 300 299
301 300 298
302 301 298
302 298 303
300 301 304
301 302 304
300 304 305
303 298 306
304 307 305
304 308 307
302 308 304
307 308 309
307 309 310
308 311 309
309 311 312
309 312 313
310 314 313
310 313 315
308 316 311
302 316 308
315 317 318
317 312 318
319 320 321
319 322 320
319 323 322
323 319 324
319 325 324
323 324 326
327 323 326
327 326 328
329 327 328
327 329 330
329 331 330
331 329 332
329 328 332
327 330 333
323 327 333
323 333 322
334 335 336
334 336 337
335 338 336
335 339 338
339 340 338
336 338 341
338 342 341
336 341 343
337 336 343
337 343 344
345 337 344
345 334 337
346 347 348
349 346 348
350 346 349
347 351 348
347 352 351
352 353 351
352 354 353
354 355 353
356 351 357
356 357 358
356 358 359
351 360 357
351 361 360
361 362 360
363 364 365
363 365 366
366 365 367
366 367 368
365 369 367
365 370 369
364 370 365
364 371 370
372 371 364
372 364 363
373 367 369
368 367 373
373 369 374
375 373 374
375 374 376
368 373 377
377 373 375
375 376 378
377 375 379
380 381 382
383 381 380
384 380 382
384 382 385
386 383 380
386 380 384
387 386 384
387 384 388
388 384 385
389 387 388
389 388 390
388 385 391
392 388 391
392 393 388
394 393 392
395 396 397
396 395 398
399 395 397
399 397 400
395 399 401
395 401 398
402 401 399
402 399 403
404 402 403
404 403 405
405 406 404
405 407 406
407 405 408
407 408 409
407 410 406
410 411 406
405 403 412
405 412 408
403 400 412
403 413 400
414 415 416
417 414 416
417 416 418
419 417 418
419 418 420
421 419 420
421 420 422
423 421 422
424 421 423
424 425 421
426 421 425
425 427 426
425 428 427
424 428 425
424 429 428
423 429 424
423 430 429
431 430 423
431 432 430
433 432 431
433 434 432
435 434 433
426 427 436
426 436 437
426 437 438
426 438 439
421 426 439
440 421 439
441 440 439
438 441 439
438 442 441
443 442 438
443 444 442
443 445 444
446 445 443
447 448 449
450 449 448
450 451 449
447 449 452
451 452 449
447 452 453
453 452 454
451 454 452
453 454 455
454 456 455
454 457 456
456 457 458
456 458 459
458 460 459
458 461 460
461 462 460
461 463 462
458 457 464
464 457 454
464 454 451
458 464 465
461 458 465
463 461 465
464 466 465
464 467 466
463 465 468
465 469 468
465 466 469
469 470 468
470 463 468
471 470 469
463 470 472
473 463 472
474 463 473
475 473 472
476 473 475
477 473 476
477 478 473
478 474 473
479 478 477
480 478 479
480 481 478
478 481 474
482 480 479
482 483 480
482 484 483
482 485 484
486 484 485
479 477 487
488 482 479
488 479 487
488 485 482
488 489 485
486 485 489
472 490 475
490 491 475
492 491 490
493 494 466
493 495 469
496 471 469
496 497 471
497 498 471
497 499 498
499 500 498
499 501 500
501 502 500
501 503 502
503 504 502
503 505 504
505 506 504
505 507 506
507 508 506
507 509 508
509 510 508
510 509 511
512 510 511
511 513 512
512 514 510
513 515 512
513 516 515
517 516 513
517 513 518
519 517 518
519 518 520
518 521 520
518 522 521
513 522 518
523 519 520
523 524 519
525 524 523
525 523 526
527 526 523
520 521 527
520 527 523
527 528 526
513 529 522
528 530 526
528 531 530
532 525 526
532 533 525
533 532 534
534 532 535
536 529 511
537 536 511
537 538 536
539 529 536
539 536 540
539 540 541
539 541 542
542 541 543
542 543 544
536 538 545
536 545 540
546 540 545
546 547 540
548 541 546
548 549 541
511 509 537
550 549 548
550 551 549
552 551 550
543 553 544
553 554 552
543 554 553
511 529 513
529 555 556
555 529 539
510 514 557
558 514 512
515 558 512
559 560 561
559 561 562
563 560 559
563 564 560
565 564 563
565 566 564
567 562 561
565 563 568
569 565 568
570 568 563
570 563 559
570 559 562
570 562 571
567 571 562
566 565 572
573 566 572
574 572 575
572 574 576
572 577 575
577 578 575
579 578 577
579 580 578
581 565 577
581 582 573
583 580 579
583 579 584
585 583 584
585 586 583
587 586 585
576 588 589
588 590 589
588 591 590
591 592 590
591 593 592
593 594 592
593 595 594
595 596 594
595 597 596
597 598 596
597 599 598
600 598 599
467 464 451
467 451 450
601 602 603
604 605 606
607 608 609
607 609 610
611 608 607
611 612 608
613 611 607
613 607 614
614 607 610
614 610 615
616 617 618
618 617 619
620 621 622
622 621 623
622 623 624
624 623 625
624 625 626
622 624 627
628 627 624
628 629 627
630 629 628
630 631 629
622 627 632
622 632 633
629 631 634
629 634 635
627 629 635
627 635 636
632 627 636
632 636 637
620 632 637
635 638 636
635 639 638
640 639 635
640 641 639
636 638 642
636 642 637
637 642 620
643 641 640
643 640 644
645 643 644
646 645 644
646 647 645
648 647 646
648 649 647
649 650 647
649 651 650
651 652 650
651 653 652
650 652 654
654 652 655
655 652 653
650 654 656
647 650 656
647 656 645
655 657 654
649 658 651
649 659 658
648 660 659
648 659 661
651 658 662
651 662 653
653 662 655
654 657 663
654 663 656
656 663 664
656 664 645
645 664 643
628 665 666
628 666 667
667 666 668
667 668 669
669 668 670
669 670 671
672 669 671
672 673 669
673 672 674
673 674 675
673 675 676
673 676 677
673 677 678
669 678 667
673 678 669
679 678 677
679 628 667
679 667 678
679 677 680
676 681 680
682 680 681
683 680 682
683 684 680
684 679 680
682 681 685
676 680 686
675 687 676
681 676 687
675 688 687
674 688 675
674 689 688
690 683 682
691 683 690
691 692 683
683 692 631
631 692 693
690 682 694
694 682 685
694 685 695
681 687 696
696 687 697
697 687 698
699 696 697
695 700 699
699 700 696
695 699 701
701 699 702
702 699 697
702 697 698
701 702 703
631 693 634
704 634 693
705 704 693
692 705 693
692 706 705
706 707 705
707 704 705
708 707 706
708 709 707
709 710 707
707 710 704
709 711 710
706 712 708
706 713 712
714 712 713
714 713 715
716 712 714
716 717 712
717 718 712
712 718 708
718 709 708
718 719 709
718 720 719
718 721 720
717 721 718
717 722 721
720 721 723
722 723 721
720 723 724
725 720 724
726 720 725
720 726 719
727 711 726
727 728 711
725 724 729
730 725 729
731 725 730
726 725 731
731 730 732
730 729 733
734 733 729
734 735 733
736 735 734
736 734 737
738 737 734
738 734 739
740 711 728
740 710 711
710 740 741
710 741 704
640 704 741
738 739 742
740 646 741
741 646 644
640 741 644
740 648 646
743 648 740
744 648 743
744 745 648
745 746 648
745 747 746
743 748 744
743 749 748
743 740 728
727 749 743
727 743 728
750 747 745
750 745 744
750 751 747
752 751 750
753 752 750
753 750 754
750 744 754
752 755 751
754 756 753
754 757 756
744 748 757
744 757 754
753 756 758
758 752 753
758 759 752
760 761 762
762 763 760
764 763 762
763 671 760
763 672 671
672 763 764
670 761 760
670 760 671
672 764 674
764 689 674
764 765 689
766 765 764
767 768 769
767 769 770
770 769 771
770 771 772
772 771 773
772 773 774
774 773 775
776 767 770
776 770 777
778 767 776
778 779 767
772 774 780
772 780 781
770 772 781
770 781 777
782 780 774
783 768 767
783 767 779
784 783 779
784 785 783
786 784 779
786 779 778
787 784 786
787 786 788
789 787 788
790 787 789
790 789 791
789 792 791
789 793 792
792 793 794
792 794 795
795 794 796
795 796 797
796 798 797
796 799 798
798 799 800
798 800 801
801 800 802
801 802 803
804 801 803
804 805 801
806 796 794
806 794 793
806 807 796
807 799 796
802 800 808
802 808 809
810 802 809
809 811 810
809 812 811
800 799 813
800 813 808
799 807 813
807 814 813
807 806 814
806 815 814
808 813 816
816 813 814
808 816 817
817 812 809
817 809 808
816 814 818
819 816 818
819 820 816
820 817 816
821 820 819
822 820 821
821 819 823
823 819 824
823 824 825
820 822 826
820 826 817
822 827 826
827 812 817
827 817 826
822 828 827
828 829 827
828 830 829
831 824 819
831 819 818
832 824 831
832 833 824
833 832 834
833 834 835
836 825 824
836 824 833
837 835 834
837 834 838
837 839 835
837 840 839
837 841 840
841 842 840
841 843 842
843 844 842
843 845 844
837 846 841
847 843 841
847 848 843
848 845 843
848 849 845
837 850 846
849 851 845
849 852 851
845 851 853
845 853 844
851 854 853
855 854 851
856 840 857
835 856 857
835 857 858
833 859 858
833 858 836
860 861 862
860 862 863
861 864 862
865 861 860
865 866 861
864 861 866
866 867 864
866 868 867
869 867 868
869 870 867
868 871 869
868 810 871
866 810 868
866 865 810
867 870 872
864 867 873
867 872 873
872 870 874
875 869 871
875 871 876
830 875 876
830 877 875
875 877 878
875 878 879
879 878 874
869 875 879
869 879 870
870 879 874
880 874 881
880 881 882
882 881 883
882 883 884
884 883 885
884 885 886
887 882 884
887 880 882
887 884 888
888 884 886
889 881 874
890 881 889
890 883 881
890 891 883
874 892 889
883 891 893
883 893 885
891 894 893
891 895 894
891 890 895
896 895 890
889 896 890
892 896 889
892 897 896
887 888 898
888 899 898
888 900 899
888 886 900
899 900 901
899 901 902
903 898 899
898 903 904
898 904 905
906 905 904
906 904 907
904 908 907
904 909 908
904 903 909
909 910 908
909 911 910
903 911 909
907 908 912
907 912 913
906 907 913
913 912 914
913 914 915
906 913 915
908 910 916
908 916 912
912 916 917
912 917 918
916 919 917
916 920 919
910 920 916
915 918 921
915 921 922
918 917 923
921 918 923
924 917 919
923 917 924
924 919 925
919 926 925
926 927 925
924 925 927
926 928 927
919 929 926
930 915 922
906 915 930
906 930 931
930 932 931
932 933 931
906 931 933
934 928 926
934 926 935
935 926 936
929 936 926
929 937 936
905 906 933
887 905 933
933 872 887
887 898 905
938 928 934
938 939 928
940 939 938
941 939 940
928 939 927
927 939 942
939 941 942
943 940 938
943 938 944
944 945 943
944 946 945
945 946 947
947 946 948
944 948 946
947 948 949
949 950 947
949 951 950
951 952 950
951 953 952
953 954 952
953 955 954
955 956 954
945 947 957
950 957 947
950 958 957
952 958 950
952 959 958
954 959 952
954 960 959
956 960 954
961 948 962
963 961 962
963 962 964
964 962 965
964 965 966
948 965 962
948 967 965
968 961 963
968 969 961
968 970 969
968 971 970
972 970 971
972 971 973
970 972 974
970 974 975
970 975 976
970 976 969
972 977 974
972 978 977
978 972 973
979 977 978
978 980 979
978 973 980
944 967 948
967 944 938
967 938 934
969 976 981
976 982 981
981 982 948
961 981 948
969 981 961
965 967 934
965 934 935
966 965 935
966 935 936
937 966 936
937 983 966
983 964 966
983 984 964
984 963 964
984 985 963
985 968 963
983 937 986
937 987 986
937 988 987
989 987 929
989 929 990
929 991 990
929 992 991
991 992 993
991 993 994
993 995 994
993 996 995
995 996 997
995 997 998
999 998 997
999 997 1000
713 999 1000
713 1000 715
901 715 1000
901 714 715
901 1001 714
900 1001 901
900 886 1001
901 1000 902
902 1000 997
902 997 1002
902 1002 1003
1003 1002 1004
1003 1004 911
903 1003 911
903 899 1003
902 1003 899
1002 1005 1004
1002 997 1005
886 1006 1001
886 885 1006
1001 1006 716
1001 716 714
1007 716 1006
1007 1008 716
1008 717 716
1008 722 717
1006 1009 1007
1010 1009 1006
1010 893 1009
1011 1007 1009
1011 1012 1007
894 1009 893
894 1013 1009
894 1014 1013
1012 1011 1014
894 1015 1014
895 1015 894
895 1016 1015
896 1016 895
897 1016 896
1017 1012 1014
1017 1018 1012
1018 1019 1012
1017 1020 1018
1021 1018 1020
1021 1020 1022
1023 1021 1022
1023 1024 1021
1024 1023 1025
1024 1025 1026
1027 1026 1025
1027 1028 1026
1029 1028 1027
1029 1030 1028
1031 1028 1030
1032 1026 1028
1032 1028 1033
1034 1033 1030
1034 1030 1035
1035 1030 1036
1035 1036 1037
1037 1036 1038
1033 1034 1039
1033 1039 1032
1040 1024 1026
1040 1026 1041
1041 1039 1042
1041 1042 1040
1038 1043 1044
1045 1044 1036
1045 1029 1044
1042 739 724
1046 724 739
1046 729 724
1042 724 723
723 1047 1042
722 1047 723
722 1008 1047
1042 1047 1048
1024 1049 1048
1048 1049 1042
1047 1008 1050
1048 1047 1050
1050 1018 1048
1018 1021 1048
1050 1008 1007
1050 1007 1012
739 1051 742
1021 1024 1052
1053 1054 1055
1054 1056 1055
1054 1057 1056
1058 1055 1056
1058 1059 1055
1053 1055 1059
1057 1060 1056
1060 1058 1056
1057 1061 1060
1061 1062 1060
1061 1063 1062
1062 1063 1064
1060 1062 1065
1066 1065 1062
1066 1062 1067
1062 1064 1067
790 1066 1067
790 1067 1068
1068 1067 1064
790 1069 1066
1060 1065 1070
1060 1070 1058
791 1069 790
791 1071 1069
791 1072 1071
791 792 1072
792 1073 1072
792 795 1073
795 1074 1073
795 797 1074
1075 1074 797
1075 797 798
787 790 1068
784 787 1068
1076 784 1068
1076 1068 1064
1063 1076 1064
801 1075 798
801 805 1075
1077 1074 1075
1077 1075 1078
1075 805 1078
1079 1078 805
1080 1079 805
1080 805 1081
805 804 1081
1081 804 1082
1082 804 863
1082 863 862
804 860 863
804 803 860
803 865 860
803 802 865
865 802 810
1079 1083 1078
1083 1077 1078
1083 1084 1077
1077 1084 1085
1086 1079 1080
942 1086 1080
1087 1084 1083
1088 1087 1083
1088 1083 1079
1086 1089 1079
1087 1090 1084
1090 1085 1084
1090 1091 1085
1091 1092 1085
1085 1092 1093
1085 1093 1094
1077 1085 1094
1092 1095 1093
1092 1096 1095
1091 1097 1092
1097 1096 1092
1097 1098 1096
1087 1088 1099
1089 940 1099
1087 1099 1100
1091 1090 1101
1091 1101 1102
1097 1091 1102
1090 1103 1101
1090 1087 1103
1097 1102 1104
1098 1097 1104
1098 1104 1105
1096 1106 1095
1096 1107 1106
1098 1107 1096
1107 1098 1105
1107 1108 1106
1108 1107 1109
1107 1105 1109
1066 1106 1108
1066 1110 1106
1066 1108 1111
1066 1111 1065
1065 1111 1112
1065 1112 1070
1070 1112 1113
1070 1113 1058
1058 1113 1114
1058 1114 1059
1114 1053 1059
1110 1071 1115
1110 1115 1116
1117 1118 1115
1117 1119 1118
1119 1120 1118
1119 1121 1120
1121 1122 1120
1121 1074 1122
1123 786 1124
786 1123 1125
786 1125 788
788 1125 1126
788 1126 1127
789 788 1127
793 789 1127
793 1127 1128
1128 1127 1126
806 793 1128
1128 1126 1129
1129 806 1128
1130 1129 1126
1129 815 806
832 1129 1130
815 1129 832
832 1130 834
831 815 832
814 815 831
834 1130 838
818 814 831
692 1131 706
713 706 1131
713 1131 999
999 1131 690
999 690 998
998 690 694
998 694 995
995 694 695
995 695 994
994 695 701
994 701 991
991 701 703
991 703 990
695 1132 1133
681 1133 1132
681 696 1133
1134 1135 1136
1134 1136 910
910 1136 920
1135 993 1136
1135 996 993
1136 993 992
1136 992 1137
1137 992 929
1137 929 919
1138 1139 1140
1138 1140 1141
1142 1139 1138
1142 1138 1143
687 1142 1143
1141 1140 1144
1141 1144 1145
683 630 684
628 684 630
628 679 684
683 631 630
829 811 812
829 812 827
709 726 711
719 726 709
786 778 1124
1146 1124 778
1146 778 776
1146 776 777
1146 777 1147
781 1147 777
781 1148 1147
780 1148 781
780 1149 1148
782 1149 780
1150 1151 1152
1150 1153 1151
1151 1153 1154
1151 1154 1155
1151 1155 1156
1154 1157 1155
1154 1158 1157
1154 1159 1158
1158 1159 1160
1159 1161 1160
1159 1162 1161
1161 1162 1163
1161 1163 1164
1165 1160 1161
1165 1158 1160
1166 1161 1164
1165 1161 1166
1166 1164 1167
1165 1168 1158
1164 1163 1169
1164 1169 1170
1167 1164 1170
1170 1169 1171
1170 1171 1172
1172 1173 1170
1167 1170 1173
1172 1174 1173
1172 1171 1175
1174 1172 1175
1165 1176 1168
1176 1165 1177
1177 1165 1166
1178 1177 1166
1178 1166 1167
1179 1177 1178
1180 1178 1167
1180 1181 1178
1181 1180 1182
1181 1182 1183
1183 1182 1184
1183 1184 1185
1185 1184 1186
1185 1186 1187
1187 1186 1188
1183 1189 1181
1178 1181 1189
1183 1190 1189
1190 1183 1191
1190 1192 1189
1190 1193 1192
1193 1190 1194
1190 1191 1194
1194 1191 1195
1194 1195 1196
1196 1195 1197
1189 1192 1198
1199 1198 1192
1199 1200 1198
1200 1199 1201
1201 1199 1202
1199 1203 1202
1202 1203 1204
1202 1204 1205
1203 1206 1204
1199 1207 1203
1207 1206 1203
1207 1208 1206
1208 1209 1206
1206 1209 1210
1209 1211 1210
1206 1210 1212
1208 1213 1209
1213 1211 1209
1198 1200 1179
1204 1214 1205
1204 1215 1214
1206 1212 1215
1206 1215 1204
1214 1216 1205
1202 1205 1216
1217 1202 1216
1217 1201 1202
1217 1218 1201
1201 1218 1219
1220 1201 1219
1220 1219 1221
1219 1222 1221
1219 1223 1222
1224 1221 1222
1224 1222 1225
1226 1224 1225
1226 1227 1224
1222 1228 1225
1229 1225 1228
1228 1230 1229
1228 1231 1230
1232 1230 1231
1233 1229 1230
1233 1230 1234
1235 1233 1234
1235 1234 1236
1237 1236 1234
1237 1234 1238
1239 1237 1238
1239 1238 1240
1241 1232 1231
1241 1242 1232
1243 1231 1228
1243 1244 1231
1245 1244 1243
1245 1246 1244
1246 1242 1244
1246 1247 1242
1248 1247 1246
1248 1249 1247
1250 1249 1248
1251 1242 1247
1251 1252 1242
1252 1253 1242
1252 1254 1253
1255 1254 1252
1256 1255 1252
1256 1252 1251
1255 1257 1254
1256 1251 1258
1259 1251 1247
1259 1247 1249
1258 1251 1259
1259 1249 1260
1260 1249 1250
1257 1261 1254
1262 1261 1257
1258 1263 1256
1263 1255 1256
1259 1260 1264
1259 1264 1258
1258 1264 1265
1258 1265 1263
1260 1266 1264
1264 1266 1267
1268 1267 1266
1268 1266 1269
1269 1270 1268
1271 1269 1266
1271 1270 1269
1272 1270 1271
1272 1271 1273
1264 1267 1274
1275 1265 1264
1264 1274 1275
1276 1270 1272
1276 1272 1277
1278 1276 1277
1278 1277 1279
1280 1278 1279
1281 1282 1273
1250 1282 1281
1250 1281 1260
1248 1282 1250
1248 1283 1282
1282 1283 1284
1248 1285 1283
1285 1248 1246
1282 1284 1286
1282 1286 1273
1286 1287 1273
1286 1288 1287
1288 1289 1287
1288 1290 1289
1290 1291 1289
1290 1292 1291
1292 1293 1291
1260 1281 1266
1294 1295 1296
1296 1295 1297
1298 1296 1297
1299 1296 1298
1294 1300 1301
1301 1300 1299
1294 1302 1303
1304 1305 1306
1304 1306 1307
1305 1304 1308
1305 1308 1309
1308 1310 1309
1311 1310 1308
1306 1312 1307
1306 1313 1312
1313 1314 1312
1314 1313 1315
1313 1316 1315
1316 1313 1306
1305 1316 1306
1255 1315 1316
1315 1255 1263
1315 1263 1317
1314 1315 1317
1263 1318 1317
1318 1314 1317
1314 1318 1319
1318 1320 1319
1318 1321 1320
1321 1322 1320
1321 1323 1322
1323 1324 1322
1323 1325 1324
1325 1323 1326
1326 1323 1321
1325 1326 1327
1325 1328 1324
1327 1329 1325
1263 1330 1318
1331 1321 1318
1331 1318 1330
1326 1321 1331
1332 1333 1334
1335 1332 1334
1336 1337 1338
1336 1338 1339
1337 1340 1338
1337 1341 1340
1341 1342 1340
1340 1342 1343
1340 1343 1344
1345 1340 1344
1345 1344 1346
1347 1345 1346
1347 1346 1348
1342 1349 1343
1342 1350 1349
1351 1350 1342
1351 1352 1350
1350 1352 1349
1352 1353 1349
1351 1354 1352
1351 1342 1355
1341 1355 1342
1356 1347 1348
1356 1336 1339
1357 1358 1359
1359 1358 1360
1358 1361 1360
1358 1362 1361
1362 1358 1357
1362 1363 1361
1362 1364 1363
1365 1364 1362
1366 1364 1365
1366 1367 1364
1368 1367 1366
1368 1369 1367
1370 1369 1368
1370 1371 1369
1365 1362 1372
1362 1357 1372
1369 1371 1373
1371 1374 1373
1371 1375 1374
1370 1375 1371
1375 1376 1374
1375 1377 1376
1369 1373 1378
1367 1369 1378
1367 1378 1379
1364 1367 1379
1364 1379 1363
1380 1377 1375
1370 1380 1375
1380 1381 1377
1382 1383 1384
1382 1384 1385
1383 1382 1386
1383 1386 1387
1388 1385 1384
1389 1385 1388
1388 1384 1390
1388 1390 1391
1388 1391 1392
1389 1388 1392
1393 1389 1392
1394 1393 1392
1394 1392 1395
1396 1395 1392
1396 1392 1391
1393 1394 1397
1389 1393 1398
1393 1397 1398
1396 1391 1399
1390 1399 1391
1389 1398 1400
1389 1400 1385
1398 1401 1400
1386 1401 1402
1400 1401 1382
1400 1382 1385
1401 1386 1382
1386 1402 1403
1401 1404 1402
1398 1397 1405
1404 1401 1406
1406 1407 1404
1408 1404 1407
1406 1409 1398
1410 1408 1407
1410 1411 1408
1412 1411 1410
1413 1411 1412
1414 1412 1410
1415 1414 1410
1416 1412 1414
1416 1414 1417
1417 1414 1418
1418 1414 1415
1419 1418 1415
1420 1412 1416
1420 1421 1412
1412 1421 1413
1422 1421 1420
1419 1423 1418
1424 1423 1419
1423 1424 1425
1424 1419 1426
1419 1415 1427
1419 1427 1426
1415 1410 1427
1428 1422 1420
1424 1426 1405
1429 1422 1428
1429 1430 1422
1429 1431 1430
1429 1432 1431
1430 1431 1433
1430 1433 1434
1430 1434 1422
1422 1434 1435
1435 1434 1436
1435 1436 1437
1437 1413 1435
1438 1437 1436
1438 1436 1439
1440 1437 1438
1440 1441 1437
1441 1413 1437
1441 1440 1408
1408 1440 1442
1440 1402 1442
1431 1432 1443
1431 1443 1444
1435 1413 1421
1435 1421 1422
1439 1436 1445
1446 1439 1445
1446 1445 1447
1446 1447 1448
1447 1449 1448
1447 1450 1449
1450 1447 1451
1411 1441 1408
1411 1413 1441
1402 1404 1442
1404 1408 1442
1446 1448 1452
1449 1452 1448
1446 1452 1453
1454 1446 1453
1454 1453 1455
1456 1453 1452
1456 1457 1453
1458 1457 1456
1458 1456 1459
1453 1457 1460
1453 1460 1455
1461 1456 1452
1459 1456 1461
1461 1452 1462
1459 1461 1463
1464 1459 1463
1464 1465 1459
1466 1461 1462
1466 1462 1467
1468 1454 1455
1440 1454 1468
1468 1455 1403
1460 1403 1455
1469 1465 1464
1470 1465 1469
1470 1471 1465
1471 1458 1459
1471 1459 1465
1472 1470 1469
1472 1469 1473
1469 1464 1473
1472 1473 1474
1472 1475 1470
1476 1471 1470
1470 1475 1476
1472 1474 1477
1472 1477 1478
1475 1472 1478
1476 1458 1471
1476 1479 1458
1479 1480 1458
1477 1481 1478
1481 1477 1482
1481 1483 1478
1483 1475 1478
1475 1483 1484
1480 1457 1458
1480 1460 1457
1384 1479 1476
1384 1476 1390
1390 1476 1399
1383 1479 1384
1383 1485 1479
1485 1383 1387
1485 1387 1460
1460 1387 1403
1387 1386 1403
1402 1468 1403
1440 1468 1402
1440 1438 1454
1454 1438 1439
1454 1439 1446
1486 1487 1488
1486 1488 1489
1487 1490 1488
1487 1486 1491
1487 1491 1492
1487 1492 1493
1487 1493 1490
1494 1493 1492
1494 1495 1493
1496 1495 1494
1496 1497 1495
1498 1497 1496
1498 1499 1497
1500 1499 1498
1500 1501 1499
1502 1499 1501
1502 1501 1503
1504 1502 1503
1505 1502 1504
1505 1497 1499
1505 1499 1502
1504 1503 1506
1506 1507 1504
1506 1508 1507
1509 1495 1497
1509 1497 1505
1510 1509 1505
1510 1505 1511
1511 1505 1504
1510 1512 1509
1510 1513 1512
1512 1495 1509
1512 1493 1495
1514 1493 1512
1514 1512 1513
1514 1490 1493
1515 1490 1514
1515 1516 1490
1511 1504 1517
1518 1508 1506
1518 1506 1519
1520 1518 1519
1519 1521 1520
1519 1522 1521
1520 1523 1518
1520 1521 1524
1520 1524 1525
1525 1523 1520
1524 1526 1525
1525 1526 1527
1525 1527 1528
1525 1528 1523
1524 1529 1526
1530 1524 1521
1530 1531 1524
1530 1532 1531
1530 1521 1533
1533 1521 1534
1534 1521 1522
1533 1534 1535
1534 1500 1535
1534 1501 1500
1503 1501 1534
1503 1534 1522
1506 1503 1522
1506 1522 1519
1529 1536 1526
1532 1536 1531
1526 1536 1527
1530 1537 1532
1538 1532 1537
1498 1539 1500
1498 1540 1539
1496 1541 1540
1541 1496 1494
1541 1494 1542
1492 1542 1494
1492 1491 1542
1496 1540 1543
1544 1539 1545
1544 1545 1546
1546 1545 1547
1546 1547 1548
1548 1547 1549
1548 1549 1550
1530 1549 1537
1551 1552 1553
1551 1553 1554
1553 1552 1555
1556 1552 1551
1557 1552 1556
1552 1557 1555
1556 1551 1558
1551 1559 1558
1559 1551 1554
1553 1555 1560
1557 1556 1561
1562 1563 1564
1562 1564 1565
1563 1562 1566
1562 1451 1566
1565 1451 1562
1563 1566 1433
1444 1563 1433
1444 1433 1431
1434 1433 1566
1434 1566 1436
1565 1567 1451
1450 1451 1567
1450 1567 1568
1450 1568 1449
1467 1449 1568
1467 1462 1449
1449 1462 1452
1569 1467 1568
1569 1570 1467
1570 1466 1467
1570 1571 1466
1571 1570 1572
1569 1572 1570
1571 1572 1226
1573 1571 1226
1573 1574 1571
1233 1574 1573
1233 1573 1229
1235 1574 1233
1235 1575 1574
1571 1574 1575
1571 1575 1466
1229 1573 1225
1573 1226 1225
1575 1461 1466
1463 1461 1575
1463 1575 1235
1463 1235 1236
1463 1236 1464
1473 1464 1236
1473 1236 1237
1474 1473 1237
1474 1237 1239
1477 1474 1239
1477 1239 1576
1576 1239 1577
1576 1577 1578
1579 1576 1578
1482 1477 1576
1482 1576 1579
1580 1581 1582
1583 1580 1582
1583 1582 1584
1585 1583 1584
1585 1584 1586
1587 1583 1585
1588 1587 1585
1588 1585 1589
1589 1585 1586
1587 1590 1583
1591 1580 1583
1591 1592 1580
1592 1581 1580
1589 1586 1593
1594 1427 1406
1594 1426 1427
1405 1426 1594
1594 1398 1405
1406 1398 1594
1406 1427 1407
1427 1410 1407
1424 1405 1595
1405 1397 1595
1305 1596 1597
1597 1596 1262
1262 1596 1598
1305 1597 1316
1257 1316 1597
1257 1597 1262
1255 1316 1257
1222 1245 1243
1222 1243 1228
1599 1245 1222
1600 1601 1602
1600 1602 1603
1600 1603 1604
1603 1605 1604
1603 1606 1605
1606 1607 1605
1606 1608 1607
1608 1609 1607
1604 1610 1611
1604 1612 1610
1604 1613 1612
1613 1614 1612
1613 1615 1614
1615 1616 1614
1617 1618 1619
1617 1619 1620
1619 1618 1621
1619 1621 1622
1619 1623 1620
1619 1624 1623
1624 1619 1622
1624 1622 1625
1624 1626 1623
1624 1627 1626
1627 1624 1625
1627 1625 1628
1627 1629 1626
1627 1630 1629
1630 1627 1628
1630 1628 1631
1630 1632 1629
1632 1630 1631
1504 1633 1634
1504 1634 1635
1504 1635 1636
1504 1636 1517
1635 1634 1637
1635 1637 1638
1637 1639 1638
1635 1640 1636
1641 1639 1640
1635 1641 1640
1254 1261 1642
1254 1642 1253
1261 1643 1642
1642 1232 1253
1253 1232 1242
1642 1644 1232
1643 1644 1642
1645 1646 1647
1645 1647 1648
1649 1646 1645
1649 1650 1646
1646 1651 1647
1646 1652 1651
1650 1652 1646
1652 1653 1651
1652 1654 1653
1654 1655 1653
1656 1655 1654
1657 1656 1654
1657 1654 1652
1650 1657 1652
1658 1645 1648
1659 1649 1645
1659 1645 1658
1660 1661 1662
1661 1663 1662
1661 1664 1663
1663 1664 1665
1663 1665 1666
1666 1665 1667
1666 1667 1668
1667 1669 1668
1667 1670 1669
1670 1671 1669
1672 1669 1671
1672 1673 1669
1673 1668 1669
1670 1674 1671
1673 1675 1668
1675 1666 1668
1675 1676 1666
1677 1666 1676
1677 1678 1666
1677 1679 1678
1677 1680 1679
1680 1681 1679
1682 1683 1684
1685 1684 1683
1685 1686 1684
1682 1687 1683
1688 1682 1684
1688 1684 1689
1686 1689 1684
1686 1690 1689
1690 1691 1689
1690 1692 1691
1692 1693 1691
1692 1694 1693
1694 1695 1693
1695 1696 1693
1696 1691 1693
1696 1697 1691
1697 1688 1689
1697 1689 1691
1698 1699 1700
1701 1699 1698
1701 1702 1699
1703 1702 1701
1703 1704 1702
1705 1703 1701
1705 1701 1706
1706 1701 1698
1706 1698 1707
1707 1698 1700
1708 1704 1703
1708 1703 1705
1708 1709 1704
1710 1709 1708
1710 1708 1711
1711 1708 1712
1708 1705 1712
1711 1712 1713
1714 1710 1711
1714 1715 1710
1716 1714 1711
1716 1711 1713
1224 1717 1718
1224 1718 1719
1224 1719 1720
1224 1720 1221
1220 1221 1720
1718 1721 1719
1721 1718 1569
1569 1718 1572
1721 1569 1722
1722 1569 1568
1722 1568 1567
1220 1720 1723
1719 1723 1720
1220 1723 1724
1179 1220 1724
1179 1200 1220
1220 1200 1201
1179 1724 1177
1177 1724 1176
1723 1176 1724
1168 1176 1723
1725 1168 1723
1725 1723 1726
1719 1726 1723
1722 1567 1565
1722 1565 1727
1564 1727 1565
1564 1728 1727
1729 1728 1564
1729 1730 1728
1726 1730 1725
1155 1725 1730
1155 1730 1729
1155 1729 1156
1156 1729 1731
1155 1157 1725
1721 1726 1719
1721 1732 1726
1726 1732 1730
1728 1730 1732
1732 1721 1722
1178 1189 1198
1179 1178 1198
1733 1734 1735
1733 1735 1736
1737 1733 1736
1737 1738 1733
1739 1737 1736
1739 1736 1740
1740 1736 1735
1740 1735 1741
1742 1739 1740
1742 1740 1743
1743 1740 1741
1743 1744 1742
1745 1744 1743
1743 1741 1745
942 941 1086
941 940 1086
1089 1086 940
1746 1747 1748
1749 1747 1746
1749 1746 1750
1751 1749 1750
1751 1752 1749
1749 1752 1753
1754 1753 1752
1754 1752 1755
1749 1753 1756
1749 1756 1757
1758 1757 1748
1749 1757 1758
1748 1757 1759
1760 1759 1757
1760 1757 1756
1753 1760 1756
1753 1761 1760
1754 1761 1753
1762 1755 1752
1762 1752 1751
1754 1763 1761
1764 1754 1755
1764 1755 1762
1764 1765 1754
1766 1765 1764
1766 1764 1767
1768 1766 1767
1768 1769 1766
1768 1770 1769
1771 1770 1768
1771 1772 1770
1773 1772 1771
1770 1772 1774
1771 1775 1773
1773 1775 1776
1771 1777 1775
1768 1777 1771
1769 1770 1778
1770 1774 1778
1773 1776 1779
1772 1773 1779
1772 1779 1780
1779 1781 1780
1780 1781 1782
1780 1782 1783
1784 1781 1779
1776 1784 1779
1784 1776 1785
1784 1786 1781
1786 1782 1781
1784 1787 1786
1787 1788 1786
1787 1789 1788
1790 1789 1787
1784 1790 1787
1784 1785 1790
1786 1791 1782
1788 1791 1786
1792 1780 1783
1792 1772 1780
1774 1772 1792
1774 1792 1793
1774 1793 1794
1795 1794 1793
1774 1794 1778
1778 1794 1796
1796 1794 1795
1778 1796 1797
1797 1796 1798
1797 1798 1799
1799 1798 1800
1800 1798 1801
1801 1798 1796
1801 1796 1802
1796 1795 1802
1803 1797 1799
1803 1799 1804
1804 1799 1800
1805 1806 1797
1805 1797 1807
1808 1806 1805
1808 1809 1806
1769 1778 1809
1769 1809 1810
1810 1809 1811
1810 1811 1765
1811 1754 1765
1811 1763 1754
1809 1808 1812
1809 1812 1811
1813 1763 1811
1813 1811 1812
1763 1813 1814
1763 1814 1761
1761 1814 1815
1761 1815 1760
1816 1760 1815
1816 1759 1760
1759 1817 1748
1818 1819 1820
1819 1821 1820
1819 1822 1821
1822 1823 1821
1822 1824 1823
1825 1823 1824
1825 1824 1826
1827 1825 1826
1827 1826 1828
1828 1768 1827
1828 1777 1768
1827 1768 1829
1827 1829 1830
1831 1825 1827
1831 1827 1830
1832 1823 1825
1832 1825 1831
1823 1832 1833
1823 1833 1821
1820 1821 1833
1820 1833 1834
1835 1824 1822
1835 1822 1836
1837 1826 1824
1837 1824 1835
1838 1837 1835
1838 1839 1837
1840 1838 1835
1840 1835 1841
1839 1842 1837
1839 1843 1842
1844 1842 1843
1844 1845 1842
1846 1845 1844
1846 1847 1845
1846 1785 1847
1846 1848 1785
1836 1849 1840
1836 1850 1849
1849 1850 1818
1842 1826 1837
1842 1828 1826
1845 1828 1842
1845 1777 1828
1847 1777 1845
1847 1775 1777
1776 1775 1847
1785 1776 1847
1785 1848 1790
1818 1820 1834
1851 1819 1818
1836 1819 1851
1836 1822 1819
1852 1767 1853
1852 1853 1854
1853 1767 1764
1853 1764 1855
1764 1762 1855
1856 1857 1858
1857 1859 1858
1858 1859 1860
1858 1860 1861
1862 1860 1859
1861 1860 1862
1862 1859 1863
1857 1863 1859
1861 1862 1864
1856 1865 1857
1857 1865 1863
1856 1866 1865
1866 1867 1865
1866 1868 1867
1868 730 1867
1868 732 730
1867 730 733
1867 733 1869
1865 1867 1869
1865 1869 1863
735 1869 733
735 1870 1869
1870 1862 1863
1870 1863 1869
1871 1870 735
1862 1870 1871
1862 1871 1864
1871 735 736
1872 1873 1874
1874 1873 1875
1875 1873 1876
1876 1873 1877
1877 1873 1878
1878 1873 1879
1879 1873 1880
1880 1873 1881
1881 1873 1882
1882 1873 1883
1883 1873 1884
1884 1873 1885
1885 1873 1886
1886 1873 1887
1887 1873 1888
1888 1873 1889
1889 1873 1890
1890 1873 1872
1891 1892 1893
1894 1892 1891
1894 1895 1892
1896 1895 1894
1896 1897 1895
1898 1897 1896
1898 1899 1897
1900 1899 1898
1900 1901 1899
1899 1901 1902
1901 1903 1902
1901 1904 1903
1899 1902 1905
1897 1899 1905
1897 1905 1906
1895 1897 1906
1895 1906 1907
1892 1895 1907
1892 1907 1908
1909 1901 1900
1909 1904 1901
1909 1910 1904
1911 1910 1909
1909 1912 1911
1913 1912 1909
1904 1910 1914
1904 1914 1903
1915 1913 1909
1915 1909 1916
1917 1915 1916
1917 1918 1915
1917 1919 1918
1917 1920 1919
1921 1919 1920
1921 1920 1922
1923 1921 1922
1923 1922 1924
1925 1923 1924
1926 1892 1908
1927 1928 1929
1930 1928 1927
1930 1931 1928
1932 1931 1930
1932 1933 1931
1934 1933 1932
1934 1932 1935
1934 1935 1936
1934 1936 1937
1938 1937 1936
1938 1939 1937
1940 1939 1938
1940 1941 1939
1942 1943 1944
1944 1943 1945
1945 1943 1946
1946 1943 1947
1947 1943 1948
1948 1943 1949
1949 1943 1950
1950 1943 1951
1951 1943 1952
1952 1943 1953
1953 1943 1954
1954 1943 1955
1955 1943 1956
1956 1943 1957
1957 1943 1958
1958 1943 1959
1959 1943 1960
1960 1943 1942
1961 1962 1963
1963 1962 1964
1964 1962 1965
1965 1962 1966
1966 1962 1967
1967 1962 1968
1968 1962 1969
1969 1962 1970
1970 1962 1971
1971 1962 1972
1972 1962 1973
1973 1962 1974
1974 1962 1975
1975 1962 1976
1976 1962 1977
1977 1962 1978
1964 1979 1963
1963 1979 1980
1963 1980 1961
1970 1981 1969
1970 1982 1981
1971 1983 1970
1971 1984 1983
1972 1985 1971
1974 1986 1973
1976 1987 1975
1975 1987 1988
1974 1988 1986
1975 1988 1989
1961 1980 1990
1961 1990 1991
1991 1962 1961
1992 1962 1991
1993 1962 1992
1978 1962 1993
1993 1994 1978
1993 1995 1994
1992 1995 1993
1992 1996 1995
1991 1990 1996
1991 1996 1992
1973 1997 1998
1973 1998 1972
1972 1999 1985
2000 1994 2001
2000 2001 1977
1977 2001 2002
1977 2002 1976
1976 2002 1987
1964 2003 1979
2004 2003 1964
2004 2005 2003
1966 2006 2005
1966 2005 1965
1967 2007 1966
1967 2008 2007
1968 2009 2010
1968 2010 2011
2012 2013 2009
2012 2009 2014
2015 2016 2017
2015 2017 2018
2019 2016 2015
2019 2020 2016
2020 2021 2016
2017 2016 2021
2020 2022 2021
2017 2021 2023
2024 2017 2023
2024 2023 2025
2026 2018 2017
2026 2017 2024
2022 2020 2027
2022 2027 2028
2020 2019 2029
2020 2029 2027
2027 2029 2030
2027 2030 2031
2027 2031 2032
2027 2032 2028
2033 2024 2025
2033 2025 2034
2035 2033 2034
2035 2034 2036
2037 2035 2036
2038 2035 2037
2038 2033 2035
2038 2037 2039
2037 2036 2040
2038 2041 2033
2037 2042 2039
2037 2043 2042
2043 2037 2040
2044 2042 2043
2043 2040 2045
2043 2045 2046
2041 2024 2033
2041 2026 2024
2047 2048 2049
2048 2047 2050
2048 2050 2051
2051 2050 2052
2051 2052 2053
2054 2053 2052
2054 2055 2053
2056 2055 2054
2056 2057 2055
2058 2057 2056
2058 2059 2057
2060 2059 2058
2060 2058 2061
2060 2061 2062
2060 2062 2063
2063 2062 2064
2063 2064 2065
2064 2066 2065
2064 2067 2066
2068 2069 2070
2068 2070 2071
2072 2069 2068
2072 2073 2069
2072 2074 2073
2072 2075 2074
2074 2075 2076
2074 2076 2077
2070 2078 2071
2070 2079 2078
2077 2076 2080
2077 2080 2081
2081 2080 2082
2081 2082 2083
2084 2083 2082
2084 2085 2083
2086 2085 2084
2086 2087 2085
2087 2086 2088
2089 2090 2091
2089 2092 2090
2093 2094 2095
2093 2095 2096
2094 2097 2095
2094 2098 2097
2099 2100 2101
2099 2101 2102
2100 2103 2101
2100 2104 2103
2105 2106 2107
2105 2107 2108
2109 2110 2111
2109 2111 2112
2113 2114 2115
2113 2115 2116
2117 2118 2119
2117 2119 2120
2121 2122 2123
2124 2125 2126
2127 2128 2129
2130 2131 2132
2133 2134 2135
2135 2134 2136
2134 2137 2136
2134 2138 2137
2133 2138 2134
2133 2139 2138
2138 2139 2140
2138 2140 2137
2137 2140 2141
2137 2141 2142
2136 2137 2142
2143 2142 2141
2143 2144 2142
2144 2145 2142
2136 2142 2145
2144 2146 2145
2144 2143 2147
2144 2147 2148
2146 2144 2148
2148 2147 2149
2148 2149 2150
2151 2148 2150
2146 2148 2151
2151 2150 2152
2152 2150 2153
2152 2153 2154
2154 2153 2155
2153 2156 2155
2153 2157 2156
2150 2149 2157
2150 2157 2153
2155 2156 2158
2155 2158 2159
2159 2158 2160
2159 2160 2161
2162 2159 2161
2162 2161 2163
2164 2155 2159
2164 2159 2162
2154 2155 2164
2162 2165 2164
2161 2160 2166
2161 2166 2167
2163 2161 2167
2167 2166 2168
2167 2168 2169
2170 2167 2169
2163 2167 2170
2170 2169 2171
2172 2171 2169
2172 2173 2171
2174 2172 2169
2174 2169 2168
2175 2173 2172
2175 2176 2173
2177 2175 2172
2177 2172 2174
2175 2177 2178
2175 2178 2179
2176 2175 2179
2180 2179 2178
2180 2181 2179
2181 2182 2179
2176 2179 2182
2181 2183 2182
2181 2180 2184
2181 2184 2185
2183 2181 2185
2185 2184 2186
2185 2186 2187
2188 2185 2187
2183 2185 2188
2188 2187 2189
2190 2189 2187
2190 2191 2189
2192 2190 2187
2192 2187 2186
2190 2192 2193
2190 2193 2194
2191 2190 2194
2194 2193 2195
2194 2195 2196
2197 2194 2196
2191 2194 2197
2197 2196 2198
2199 2197 2198
2199 2198 2200
2201 2191 2197
2201 2197 2199
2189 2191 2201
2189 2201 2202
2203 2188 2189
2203 2189 2202
2204 2188 2203
2204 2183 2188
2182 2183 2204
2182 2204 2205
2206 2182 2205
2206 2176 2182
2173 2176 2206
2173 2206 2207
2171 2173 2207
2171 2207 2208
2209 2171 2208
2209 2170 2171
2210 2170 2209
2210 2163 2170
2211 2163 2210
2211 2162 2163
2211 2165 2162
2211 2212 2165
2213 2214 2215
2216 2214 2213
2215 2214 2217
2215 2217 2218
2219 2218 2217
2219 2220 2218
2221 2219 2217
2221 2217 2214
2221 2214 2216
2221 2222 2219
2220 2219 2223
2220 2223 2224
2224 2223 2225
2226 2225 2223
2226 2223 2227
2227 2223 2219
2227 2219 2222
2224 2225 2228
2228 2225 2229
2228 2229 2230
2231 2229 2225
2231 2225 2226
2231 2232 2229
2229 2232 2233
2229 2233 2230
2230 2233 2234
2235 2236 2237
2235 2237 2238
2235 2238 2239
2236 2240 2237
2236 2241 2240
2240 2241 2242
2240 2242 2243
2243 2242 2244
2245 2244 2242
2245 2242 2246
2247 2245 2246
2248 2245 2247
2248 2247 2249
2249 2247 2250
2250 2247 2251
2247 2246 2251
2250 2251 2252
2253 2250 2252
2254 2250 2253
2249 2250 2254
2254 2253 2255
2255 2253 2256
2256 2253 2257
2257 2253 2258
2257 2258 2259
2260 2257 2259
2261 2257 2260
2256 2257 2261
2261 2260 2262
2261 2262 2263
2263 2262 2264
2263 2264 2265
2265 2264 2266
2265 2266 2267
2267 2266 2268
2267 2268 2269
2269 2268 2270
2269 2270 2271
2271 2270 2272
2271 2272 2273
2273 2272 2274
2273 2274 2275
2275 2274 2276
2275 2276 2277
2277 2276 2278
2277 2278 2279
2279 2278 2280
2279 2280 2281
2281 2280 2200
2281 2200 2282
2283 2284 2285
2283 2285 2286
2287 2284 2283
2287 2288 2284
2286 2285 2289
2286 2289 2290
2290 2289 2291
2290 2291 2292
2292 2291 2293
2292 2293 2294
2294 2293 2295
2296 2288 2287
2296 2287 2297
2239 2298 2299
2298 2300 2299
2298 2301 2300
2300 2301 2302
2300 2302 2303
2304 2303 2302
2304 2302 2305
2304 2305 2306
2306 2307 2304
2306 2308 2307
2309 2307 2308
2309 2310 2307
2310 2309 2311
2310 2311 2312
2312 2311 2313
2312 2313 2314
2314 2313 2315
2314 2315 2316
2316 2315 2317
2316 2317 2318
2318 2317 2319
2318 2319 2320
2320 2319 2321
2320 2321 2322
2323 2322 2321
2323 2321 2324
2325 2323 2324
2325 2324 2326
2325 2326 2327
2325 2327 2328
2329 2328 2327
2329 2327 2330
2329 2330 2331
2329 2331 2332
2332 2331 2333
2332 2333 2334
2335 2334 2333
2335 2333 2336
2335 2336 2337
2335 2337 2338
2338 2337 2339
2338 2339 2340
2195 2341 2340
2195 2193 2341
2193 2342 2341
2193 2192 2342
2342 2192 2186
2342 2186 2343
2186 2344 2343
2186 2184 2344
2184 2345 2344
2184 2180 2345
2345 2180 2178
2345 2178 2346
2178 2347 2346
2178 2177 2347
2347 2177 2174
2347 2174 2348
2348 2174 2168
2348 2168 2349
2168 2350 2349
2168 2166 2350
2166 2351 2350
2166 2160 2351
2160 2352 2351
2160 2158 2352
2158 2353 2352
2158 2156 2353
2156 2354 2353
2156 2157 2354
2157 2355 2354
2157 2149 2355
2149 2356 2355
2149 2147 2356
2147 2357 2356
2147 2143 2357
2357 2143 2141
2357 2141 2358
2141 2359 2358
2141 2140 2359
2139 2359 2140
2139 2360 2359
2133 2360 2139
2361 2362 2363
2361 2363 2364
2365 2362 2361
2365 2366 2362
2367 2366 2365
2367 2368 2366
2369 2368 2367
2370 2371 2369
2372 2371 2370
2372 2373 2371
2374 2373 2372
2374 2372 2375
2375 2376 2374
2375 2377 2376
2378 2379 2380
2381 2378 2380
2382 2378 2381
2382 2383 2378
2383 2379 2378
2384 2383 2382
2384 2385 2383
2386 2385 2384
2384 2387 2386
2385 2388 2383
2383 2388 2379
2385 2389 2388
2385 2390 2389
2391 2389 2390
2392 2154 2164
2393 2154 2392
2393 2152 2154
2394 2152 2393
2394 2151 2152
2395 2151 2394
2395 2146 2151
2145 2146 2395
2145 2395 2396
2397 2145 2396
2397 2136 2145
2135 2136 2397
2311 2309 2398
2311 2398 2399
2313 2311 2399
2313 2399 2400
2315 2313 2400
2309 2401 2398
2309 2308 2401
2402 2403 2404
2403 2405 2404
2406 2407 2408
2407 2409 2408
