byte offset: 0
first index: 0
index count: 9879
topology: trianglelist
format: DXGI_FORMAT_R16_UINT

0 1 2
1 0 3
4 3 0
3 4 5
6 5 4
5 6 7
8 7 6
7 8 9
10 9 8
8 11 10
11 12 10
13 12 11
9 10 14
15 12 13
16 15 13
15 16 17
18 17 16
17 18 19
20 19 18
19 20 21
22 12 15
23 24 25
24 23 26
27 26 23
23 28 27
28 29 27
2 29 28
1 29 2
30 29 1
26 27 31
32 33 34
33 32 35
32 34 36
35 37 33
37 35 38
39 40 41
40 39 42
39 41 43
44 40 42
40 44 45
46 47 48
47 46 49
50 51 52
51 50 53
54 55 56
55 54 57
58 59 60
59 58 61
59 62 60
62 59 63
64 65 66
65 64 67
68 65 67
65 68 69
70 71 72
71 70 73
74 73 70
73 74 75
76 72 71
72 76 77
78 79 80
79 78 81
81 82 79
82 81 83
83 84 82
84 83 85
85 86 84
86 85 87
87 88 86
88 87 89
89 90 88
90 89 91
92 93 94
93 92 95
94 96 92
96 94 97
97 98 96
98 97 99
99 100 98
100 99 101
101 102 100
102 101 103
103 104 102
104 103 105
106 107 108
107 106 109
109 110 107
110 109 111
108 112 106
112 108 113
114 115 116
115 114 117
116 118 114
118 116 119
117 120 115
120 117 121
122 123 124
123 122 125
124 126 122
126 124 127
127 128 126
128 127 129
125 130 123
130 125 131
131 132 130
132 131 133
133 134 132
134 133 135
135 136 134
136 135 137
137 138 136
138 137 139
140 141 142
141 140 143
144 141 143
141 144 145
144 146 145
142 147 140
148 149 150
149 148 151
152 150 149
150 152 153
154 153 152
153 154 155
156 151 148
151 156 157
158 157 156
157 158 159
160 159 158
159 160 161
162 161 160
161 162 163
164 163 162
163 164 165
166 167 168
167 166 169
166 170 169
170 166 171
170 171 172
168 167 173
174 175 176
175 174 177
178 176 175
176 178 179
180 179 178
179 180 181
182 177 174
177 182 183
184 183 182
183 184 185
186 185 184
185 186 187
188 187 186
187 188 189
190 189 188
189 190 191
192 193 194
193 192 195
192 196 195
196 192 197
196 197 198
194 193 199
200 201 202
201 200 203
202 204 200
204 202 205
205 206 204
206 205 207
203 208 201
208 203 209
209 210 208
210 209 211
211 212 210
212 211 213
213 214 212
214 213 215
215 216 214
216 215 217
218 219 220
219 218 221
222 219 221
219 222 223
222 224 223
220 225 218
226 227 228
227 226 229
229 230 227
230 229 231
231 232 230
232 231 233
233 234 232
234 233 235
236 234 235
234 236 237
237 236 238
239 237 238
235 240 236
241 239 238
241 242 239
242 241 243
243 244 242
244 243 245
245 246 244
246 245 247
248 241 238
249 250 251
250 249 252
253 250 252
250 253 254
254 253 255
228 254 255
226 228 255
256 226 255
252 257 253
258 259 260
259 258 261
259 262 260
263 261 258
261 263 264
265 266 267
266 265 268
266 269 267
265 270 268
270 265 271
272 273 274
273 272 275
276 277 278
277 276 279
280 281 282
281 280 283
284 285 286
287 284 286
284 287 288
289 290 291
292 289 291
289 292 293
294 295 296
297 294 296
294 297 298
299 300 301
302 299 301
299 302 303
302 304 303
304 302 305
306 304 305
304 306 307
308 307 306
307 308 309
310 309 308
309 310 311
312 311 310
311 312 313
314 313 312
315 316 317
318 315 317
315 318 319
320 321 322
323 321 320
320 324 323
325 326 327
328 326 325
325 329 328
330 331 332
333 331 330
330 334 333
335 336 337
335 338 336
338 335 339
340 338 339
338 340 341
342 341 340
341 342 343
344 343 342
343 344 345
344 346 345
346 344 347
347 348 346
348 347 349
350 348 349
351 352 353
354 352 351
351 355 354
356 357 358
357 356 359
359 360 357
360 359 361
361 362 360
362 361 363
363 364 362
364 363 365
366 367 368
367 366 369
369 370 367
370 369 371
371 372 370
372 371 373
374 375 376
375 374 377
377 378 375
378 377 379
379 380 378
380 379 381
382 383 384
383 382 385
386 387 388
387 386 389
390 391 392
391 390 393
393 394 391
394 393 395
395 396 394
396 395 397
398 399 400
399 398 401
402 403 404
403 402 405
406 407 408
407 406 409
410 411 412
411 410 413
414 415 416
415 414 417
418 419 420
419 418 421
422 420 419
420 422 423
422 424 423
424 422 425
425 426 424
426 425 427
428 429 430
429 428 431
430 432 428
432 430 433
434 432 433
432 434 435
436 435 434
435 436 437
438 439 440
439 438 441
440 442 438
442 440 443
444 442 443
442 444 445
446 445 444
445 446 447
448 449 450
449 448 451
452 450 449
450 452 453
452 454 453
454 452 455
455 456 454
456 455 457
458 459 460
459 458 461
462 460 459
460 462 463
462 464 463
464 462 465
465 466 464
466 465 467
468 469 470
469 468 471
470 472 468
472 470 473
474 472 473
472 474 475
476 475 474
475 476 477
478 479 480
479 478 481
480 482 478
482 480 483
484 482 483
482 484 485
486 485 484
485 486 487
488 489 490
489 488 491
492 490 489
490 492 493
492 494 493
494 492 495
495 496 494
496 495 497
498 499 500
499 498 501
502 503 504
503 502 505
506 507 508
507 506 509
510 511 512
511 510 513
514 515 516
515 514 517
514 518 517
518 514 519
520 521 522
521 520 523
524 525 526
525 524 527
528 524 526
524 528 529
530 531 532
531 530 533
534 535 536
535 534 537
537 538 535
538 537 539
539 540 538
540 539 541
541 542 540
542 541 543
544 542 543
542 544 545
545 544 546
547 545 546
543 548 544
549 547 546
549 550 547
550 549 551
552 549 546
553 554 555
554 553 556
556 557 554
557 556 558
558 559 557
559 558 560
561 559 560
559 561 562
562 561 563
536 562 563
534 536 563
564 534 563
560 565 561
566 567 568
567 566 569
567 570 568
571 569 566
569 571 572
573 574 575
574 573 576
574 577 575
573 578 576
578 573 579
580 581 582
581 580 583
584 585 586
585 584 587
588 589 590
589 588 591
592 593 594
593 592 595
596 597 598
597 596 599
600 601 602
601 600 603
604 605 606
605 604 607
608 609 610
609 608 611
608 612 611
612 608 613
614 615 616
615 614 617
618 619 620
619 618 621
622 618 620
618 622 623
624 625 626
625 624 627
628 629 630
629 631 630
631 632 630
632 633 630
633 634 630
634 635 630
635 636 630
636 637 630
637 638 630
638 639 630
639 640 630
640 641 630
641 642 630
642 643 630
643 644 630
644 645 630
645 646 630
646 647 630
647 648 630
648 628 630
649 636 635
634 649 635
649 634 650
633 650 634
650 633 651
632 651 633
651 632 652
631 652 632
652 631 653
629 653 631
654 629 628
629 654 655
653 629 655
656 648 647
646 656 647
656 646 657
645 657 646
657 645 658
644 658 645
658 644 659
643 659 644
659 643 660
642 660 643
660 642 661
641 661 642
661 641 662
640 662 641
662 640 663
639 663 640
663 639 664
639 665 664
665 639 638
638 666 665
666 638 637
637 667 666
667 637 636
636 649 667
668 667 649
650 668 649
668 650 669
651 669 650
669 651 670
652 670 651
670 652 671
653 671 652
671 653 672
655 672 653
672 655 673
654 673 655
673 654 674
667 668 675
676 674 654
628 676 654
676 628 648
648 656 676
656 677 676
674 676 677
677 656 678
656 679 678
679 656 657
657 680 679
680 657 658
658 681 680
681 658 659
659 682 681
682 659 660
660 683 682
683 660 661
661 684 683
684 661 662
662 685 684
685 662 663
663 686 685
686 663 664
664 687 686
687 664 665
665 688 687
688 665 666
666 675 688
675 666 667
689 690 691
691 690 692
692 690 693
693 690 694
694 690 695
695 690 696
696 690 697
697 690 698
698 690 699
699 690 700
700 690 701
701 690 702
702 690 703
703 690 704
704 690 705
705 690 706
706 690 707
707 690 689
708 709 710
709 711 710
711 712 710
712 713 710
713 714 710
714 715 710
715 716 710
716 717 710
717 718 710
718 719 710
719 720 710
720 721 710
721 722 710
722 723 710
723 724 710
724 725 710
725 726 710
726 708 710
727 728 729
728 727 730
731 727 729
727 731 732
733 734 735
734 733 736
733 737 736
737 733 738
739 740 741
740 739 742
742 743 740
743 742 744
741 745 739
745 741 746
747 748 749
748 747 750
751 750 747
750 751 752
753 752 751
752 753 754
755 754 753
754 755 756
757 756 755
756 757 758
759 758 757
758 759 760
761 762 763
762 761 764
765 763 762
763 765 766
767 766 765
766 767 768
769 768 767
768 769 770
771 770 769
770 771 772
773 772 771
772 773 774
775 776 777
776 775 778
779 778 775
778 779 780
781 777 776
777 781 782
783 784 785
784 783 786
787 785 784
785 787 788
789 786 783
786 789 790
791 792 793
792 794 793
794 795 793
795 796 793
796 797 793
797 798 793
798 799 793
799 800 793
800 801 793
801 802 793
802 803 793
803 804 793
804 805 793
805 806 793
806 807 793
807 808 793
808 809 793
809 810 793
810 811 793
811 791 793
812 813 814
814 813 815
815 813 816
816 813 817
817 813 818
818 813 819
819 813 820
820 813 821
821 813 822
822 813 823
823 813 824
824 813 825
825 813 826
826 813 827
827 813 828
828 813 829
829 813 830
830 813 831
831 813 832
832 813 812
833 834 835
835 834 836
836 834 837
837 834 838
838 834 839
839 834 840
840 834 841
841 834 842
842 834 843
843 834 844
844 834 845
845 834 846
846 834 847
847 834 848
848 834 849
849 834 850
851 835 836
835 851 852
853 835 852
835 853 833
836 854 851
854 836 837
837 855 854
855 837 838
838 856 855
856 838 839
839 857 856
857 839 840
841 857 840
857 841 858
842 858 841
858 842 859
843 859 842
859 843 860
844 860 843
860 844 861
844 862 861
862 844 845
845 863 862
863 845 846
846 864 863
864 846 847
847 865 864
865 847 848
848 866 865
866 848 849
849 867 866
867 849 850
850 868 867
868 850 869
850 834 869
869 834 870
870 834 871
871 834 833
872 869 870
869 872 868
871 872 870
872 871 873
833 873 871
873 833 853
866 874 865
875 865 874
865 875 864
876 864 875
864 876 863
877 863 876
863 877 862
878 862 877
862 878 861
879 861 878
861 879 860
880 860 879
860 880 859
881 859 880
859 881 858
882 858 881
858 882 857
882 856 857
856 882 883
883 855 856
855 883 884
884 854 855
854 884 885
885 851 854
851 885 886
886 852 851
852 886 887
887 853 852
853 887 888
888 873 853
873 888 889
889 872 873
872 889 890
891 872 890
872 891 868
892 868 891
868 892 867
893 867 892
867 893 866
874 866 893
894 895 896
897 898 896
898 897 899
899 900 898
900 899 901
899 902 901
902 899 903
897 903 899
904 901 902
901 904 905
906 905 904
905 906 907
907 908 905
908 901 905
901 908 900
908 907 909
910 907 906
907 910 911
911 909 907
912 911 910
911 912 913
913 914 911
909 911 914
914 913 915
903 897 916
916 897 917
918 919 920
919 918 921
918 922 921
922 918 923
923 924 922
924 923 925
925 926 924
926 925 927
927 928 926
928 927 929
929 930 928
930 929 931
932 930 931
933 931 929
931 933 934
932 931 934
929 935 933
935 929 927
927 936 935
936 927 925
925 937 936
937 925 923
923 938 937
938 923 918
918 939 938
939 918 920
940 941 942
941 940 943
944 943 940
943 944 945
946 945 944
945 946 947
948 947 946
947 948 949
950 949 948
948 951 950
951 952 950
953 952 951
949 950 954
955 952 953
956 955 953
955 956 957
958 952 955
959 960 961
960 959 962
963 962 959
962 963 964
965 964 963
964 965 966
967 966 965
965 968 967
968 969 967
942 969 968
941 969 942
970 969 941
966 967 971
972 973 974
973 972 975
972 974 976
975 977 973
977 975 978
979 980 981
980 979 982
979 981 983
984 980 982
980 984 985
986 987 988
987 986 989
990 991 992
991 990 993
994 995 996
995 994 997
998 999 1000
1001 999 998
1001 1002 999
1002 1000 999
1002 1001 1003
1003 1004 1002
1004 1005 1002
1000 1002 1005
1005 1004 1006
1004 1003 1007
1008 1004 1007
1004 1008 1009
1009 1006 1004
1008 1010 1009
1010 1011 1009
1006 1009 1011
1011 1010 1012
1010 1008 1013
1013 1014 1010
1014 1013 1015
1016 1014 1015
1014 1016 1017
1014 1017 1018
1018 1010 1014
1010 1018 1012
1017 1019 1018
1020 1021 1022
1021 1020 1023
1024 1023 1020
1023 1024 1025
1024 1026 1025
1026 1024 1027
1027 1028 1026
1028 1027 1029
1029 1030 1028
1030 1029 1031
1032 1022 1021
1033 1030 1031
1034 1031 1029
1031 1034 1035
1033 1031 1035
1029 1036 1034
1036 1029 1027
1027 1037 1036
1037 1027 1024
1024 1038 1037
1038 1024 1020
1022 1038 1020
1038 1022 1039
1032 1039 1022
1040 1041 1042
1041 1040 1043
1040 1044 1043
1044 1040 1045
1045 1046 1044
1046 1045 1047
1048 1046 1047
1046 1048 1049
1050 1046 1049
1044 1050 1043
1050 1041 1043
1046 1050 1044
1051 1047 1045
1052 1045 1040
1042 1052 1040
1045 1052 1053
1045 1053 1051
1054 1055 1056
1055 1054 1057
1058 1054 1056
1054 1058 1059
1060 1059 1058
1059 1060 1061
1060 1062 1061
1062 1060 1063
1064 1063 1060
1058 1056 1064
1064 1056 1055
1060 1058 1064
1059 1061 1065
1059 1066 1054
1057 1054 1066
1066 1059 1067
1065 1067 1059
1068 1069 1070
1071 1068 1070
1072 1071 1070
1069 1072 1070
1071 1072 1073
1072 1069 1074
1072 1074 1075
1075 1073 1072
1076 1073 1075
1077 1076 1075
1078 1076 1077
1075 1074 1079
1080 1071 1073
1073 1081 1080
1081 1076 1078
1081 1073 1076
1082 1068 1071
1071 1080 1082
1081 1078 1083
1078 1084 1083
1085 1086 1087
1088 1085 1087
1089 1088 1087
1088 1089 1090
1091 1090 1089
1090 1091 1092
1093 1092 1091
1092 1093 1094
1095 1093 1091
1089 1095 1091
1095 1089 1096
1087 1096 1089
1096 1087 1086
1094 1097 1092
1097 1094 1098
1092 1099 1090
1099 1092 1097
1090 1100 1088
1100 1090 1099
1100 1085 1088
1093 1101 1094
1094 1102 1098
1094 1101 1102
1103 1098 1102
1103 1102 1104
1105 1102 1101
1102 1105 1104
1105 1101 1106
1106 1101 1093
1093 1095 1107
1107 1106 1093
1095 1108 1107
1095 1096 1108
1086 1108 1096
1108 1086 1109
1109 1110 1108
1110 1109 1111
1112 1107 1108
1108 1110 1112
1113 1109 1086
1109 1113 1114
1114 1111 1109
1115 1114 1113
1114 1115 1116
1116 1117 1114
1111 1114 1117
1117 1116 1118
1119 1118 1116
1116 1115 1119
1106 1120 1105
1120 1121 1105
1105 1121 1104
1104 1121 1122
1122 1123 1104
1123 1103 1104
1124 1125 1126
1127 1126 1125
1128 1126 1127
1128 1127 1129
1129 1130 1128
1131 1128 1130
1132 1131 1130
1131 1132 1133
1134 1131 1133
1133 1135 1134
1135 1133 1132
1131 1134 1136
1137 1131 1136
1138 1137 1136
1134 1138 1136
1137 1138 1139
1137 1139 1140
1135 1141 1134
1138 1134 1141
1135 1142 1141
1141 1143 1138
1143 1141 1142
1143 1139 1138
1143 1144 1139
1140 1145 1137
1145 1131 1137
1146 1145 1140
1147 1146 1140
1148 1135 1132
1130 1148 1132
1148 1130 1149
1129 1149 1130
1147 1150 1146
1145 1126 1128
1131 1145 1128
1151 1152 1153
1154 1151 1153
1153 1155 1154
1155 1153 1156
1152 1156 1153
1156 1157 1155
1157 1156 1158
1156 1159 1158
1152 1159 1156
1160 1157 1158
1151 1161 1152
1151 1162 1161
1163 1161 1162
1161 1163 1164
1164 1152 1161
1159 1152 1164
1163 1165 1164
1166 1160 1158
1158 1159 1166
1166 1167 1160
1159 1168 1166
1164 1168 1159
1169 1166 1168
1167 1166 1169
1157 1160 1170
1171 1172 1173
1172 1171 1174
1173 1175 1171
1175 1173 1176
1177 1171 1175
1171 1177 1178
1178 1174 1171
1174 1178 1179
1174 1179 1180
1174 1180 1172
1181 1177 1175
1177 1181 1182
1175 1183 1181
1183 1175 1176
1184 1183 1176
1183 1184 1185
1186 1185 1184
1185 1186 1187
1187 1188 1185
1188 1187 1189
1189 1190 1188
1190 1189 1191
1192 1188 1190
1188 1192 1193
1193 1185 1188
1185 1193 1183
1186 1184 1194
1184 1176 1194
1182 1181 1195
1195 1183 1193
1183 1195 1181
1196 1193 1192
1193 1196 1195
1197 1195 1196
1182 1195 1197
1198 1199 1200
1198 1200 1201
1202 1198 1201
1202 1203 1198
1203 1202 1204
1204 1205 1203
1205 1204 1206
1207 1206 1204
1206 1207 1208
1209 1205 1206
1208 1209 1206
1205 1209 1210
1209 1208 1211
1212 1208 1207
1208 1212 1213
1214 1213 1212
1213 1214 1215
1216 1213 1215
1213 1216 1217
1208 1217 1211
1217 1208 1213
1214 1218 1215
1215 1218 1216
1219 1210 1209
1220 1210 1219
1210 1220 1221
1209 1222 1219
1209 1223 1222
1223 1209 1224
1225 1223 1224
1226 1222 1223
1226 1223 1225
1227 1226 1225
1227 1228 1226
1222 1226 1228
1219 1222 1228
1228 1227 1229
1228 1229 1230
1219 1228 1230
1231 1232 1229
1232 1231 1233
1234 1233 1231
1221 1235 1205
1235 1203 1205
1198 1203 1236
1221 1205 1210
1237 1238 1239
1240 1239 1238
1239 1240 1241
1240 1242 1241
1242 1243 1241
1244 1241 1243
1241 1244 1245
1239 1245 1237
1245 1239 1241
1245 1246 1237
1245 1247 1246
1247 1245 1244
1248 1247 1244
1249 1248 1244
1243 1249 1244
1250 1248 1249
1251 1250 1249
1243 1251 1249
1243 1252 1251
1253 1254 1255
1256 1254 1253
1256 1257 1254
1257 1256 1258
1258 1259 1257
1259 1258 1260
1260 1261 1259
1261 1260 1262
1263 1259 1261
1263 1257 1259
1257 1263 1264
1264 1254 1257
1254 1264 1255
1265 1262 1260
1262 1265 1266
1267 1260 1258
1260 1267 1265
1268 1258 1256
1258 1268 1267
1268 1256 1253
1261 1262 1269
1262 1266 1270
1262 1270 1269
1271 1270 1266
1270 1272 1269
1272 1273 1269
1273 1261 1269
1272 1270 1274
1274 1270 1271
1275 1274 1271
1276 1274 1275
1261 1277 1263
1277 1261 1273
1263 1277 1278
1278 1255 1264
1255 1278 1279
1280 1279 1278
1280 1278 1277
1279 1280 1281
1279 1282 1255
1282 1279 1283
1281 1283 1279
1283 1284 1282
1284 1283 1285
1286 1285 1283
1283 1281 1286
1285 1286 1287
1288 1285 1287
1285 1288 1284
1263 1278 1264
1289 1273 1290
1273 1272 1290
1290 1272 1291
1272 1274 1291
1274 1276 1291
1292 1293 1294
1295 1294 1293
1296 1295 1293
1296 1297 1295
1297 1296 1298
1299 1298 1296
1299 1300 1298
1300 1299 1301
1299 1302 1301
1301 1302 1303
1303 1300 1301
1302 1299 1304
1305 1304 1299
1306 1304 1305
1305 1307 1306
1304 1306 1308
1308 1302 1304
1303 1302 1309
1302 1308 1309
1303 1309 1310
1311 1309 1308
1309 1311 1310
1311 1308 1306
1311 1306 1312
1313 1305 1299
1314 1305 1313
1305 1314 1307
1315 1314 1313
1316 1314 1315
1317 1316 1315
1318 1300 1303
1318 1298 1300
1298 1318 1319
1297 1298 1319
1313 1296 1293
1299 1296 1313
1320 1321 1322
1321 1320 1323
1324 1322 1321
1322 1324 1325
1323 1320 1326
1323 1326 1327
1323 1327 1328
1327 1329 1328
1330 1328 1329
1331 1329 1327
1332 1329 1331
1331 1327 1333
1327 1326 1333
1334 1330 1329
1332 1334 1329
1335 1334 1332
1335 1330 1334
1326 1336 1333
1337 1333 1336
1333 1337 1338
1337 1336 1339
1333 1338 1340
1340 1338 1341
1335 1342 1330
1342 1335 1343
1335 1344 1343
1344 1335 1332
1336 1326 1345
1346 1326 1320
1347 1348 1349
1349 1348 1350
1350 1351 1349
1348 1352 1350
1353 1350 1352
1350 1354 1351
1354 1350 1353
1355 1354 1353
1355 1356 1354
1351 1354 1356
1356 1355 1357
1358 1357 1355
1357 1358 1359
1359 1358 1360
1360 1358 1361
1361 1355 1353
1361 1358 1355
1357 1362 1356
1360 1363 1359
1357 1363 1362
1363 1357 1359
1360 1361 1364
1365 1364 1361
1365 1353 1352
1353 1365 1361
1366 1367 1368
1367 1366 1369
1370 1369 1366
1369 1370 1371
1366 1372 1370
1372 1366 1373
1368 1373 1366
1373 1368 1374
1368 1375 1374
1368 1367 1375
1372 1376 1370
1376 1372 1377
1378 1370 1376
1370 1378 1371
1378 1379 1371
1379 1378 1380
1380 1381 1379
1381 1380 1382
1383 1382 1380
1382 1383 1384
1385 1384 1383
1384 1385 1386
1383 1387 1385
1387 1383 1388
1388 1380 1378
1380 1388 1383
1376 1388 1378
1381 1389 1379
1379 1389 1371
1377 1390 1376
1388 1376 1390
1390 1387 1388
1390 1377 1391
1391 1392 1390
1387 1390 1392
1393 1394 1395
1394 1393 1396
1396 1397 1394
1397 1396 1398
1397 1399 1394
1399 1395 1394
1202 1398 1396
1398 1202 1201
1204 1396 1393
1396 1204 1202
1400 1401 1402
1401 1400 1403
1404 1402 1401
1402 1404 1405
1405 1406 1402
1406 1400 1402
1401 1323 1404
1323 1401 1321
1403 1321 1401
1321 1403 1324
1325 1407 1322
1408 1409 1410
1409 1408 1411
1412 1410 1409
1410 1412 1413
1412 1414 1413
1414 1412 1415
1416 1414 1415
1414 1416 1417
1411 1418 1409
1418 1411 1419
1419 1420 1418
1418 1420 1421
1421 1409 1418
1409 1421 1412
1421 1415 1412
1421 1420 1422
1415 1421 1422
1422 1420 1423
1423 1415 1422
1415 1423 1416
1424 1425 1426
1424 1426 1427
1428 1424 1427
1429 1428 1427
1430 1428 1429
1430 1431 1428
1425 1432 1426
1432 1433 1426
1431 1430 1434
1434 1435 1431
1436 1437 1438
1436 1438 1439
1439 1438 1440
1439 1440 1441
1441 1440 1442
1443 1444 1445
1444 1443 1446
1445 1447 1443
1447 1445 1448
1448 1449 1447
1449 1448 1450
1450 1451 1449
1451 1450 1452
1446 1453 1444
1453 1446 1454
1455 1456 1457
1456 1455 1458
1458 1459 1456
1459 1458 1460
1461 1459 1460
1459 1461 1462
1461 1463 1462
1463 1461 1464
1457 1465 1455
1465 1457 1466
1467 1468 1469
1468 1467 1470
1471 1467 1469
1467 1471 1472
1473 1474 1475
1474 1473 1476
1477 1476 1473
1476 1477 1478
1479 1478 1477
1478 1479 1480
1481 1482 1483
1481 1483 1484
1485 1484 1483
1484 1485 1486
1487 1486 1485
1488 1482 1481
1489 1488 1481
1489 1490 1488
1491 1490 1489
1491 1492 1490
1492 1491 1493
1487 1494 1486
1495 1496 1497
1498 1496 1495
1498 1499 1496
1499 1498 1500
1500 1501 1499
1501 1500 1502
1502 1503 1501
1503 1502 1504
1504 1505 1503
1505 1504 1506
1506 1507 1505
1507 1506 1508
1509 1505 1507
1507 1510 1509
1510 1507 1511
1511 1507 1508
1512 1511 1508
1513 1511 1512
1511 1514 1510
1514 1511 1513
1505 1509 1515
1515 1503 1505
1516 1501 1503
1503 1515 1516
1501 1516 1517
1518 1514 1513
1514 1518 1519
1519 1518 1520
1521 1518 1513
1521 1513 1512
1518 1521 1522
1520 1518 1522
1509 1510 1523
1523 1515 1509
1515 1523 1524
1524 1516 1515
1516 1524 1525
1525 1517 1516
1517 1525 1526
1526 1527 1517
1527 1526 1528
1499 1517 1527
1517 1499 1501
1496 1499 1527
1528 1496 1527
1496 1528 1497
1529 1530 1531
1532 1530 1529
1533 1530 1532
1530 1533 1534
1535 1534 1533
1534 1535 1536
1537 1536 1535
1536 1537 1538
1539 1536 1538
1536 1539 1540
1540 1534 1536
1537 1541 1538
1539 1538 1541
1541 1537 1542
1541 1543 1539
1534 1540 1544
1544 1530 1534
1530 1544 1531
1545 1541 1542
1545 1546 1541
1543 1541 1546
1546 1547 1543
1547 1546 1548
1549 1548 1546
1549 1546 1545
1548 1549 1550
1548 1551 1547
1552 1553 1554
1553 1552 1555
1556 1552 1554
1552 1556 1557
1558 1557 1556
1557 1558 1559
1559 1558 1560
1556 1561 1558
1558 1561 1560
1561 1556 1562
1554 1562 1556
1562 1554 1563
1553 1563 1554
1564 1553 1555
1553 1565 1563
1566 1565 1553
1566 1567 1565
1568 1567 1566
1568 1566 1569
1569 1570 1568
1571 1568 1570
1570 1572 1571
1573 1571 1572
1571 1573 1574
1575 1574 1573
1574 1575 1576
1572 1570 1577
1568 1571 1578
1574 1578 1571
1578 1574 1579
1576 1579 1574
1579 1576 1580
1581 1580 1576
1581 1576 1575
1582 1577 1570
1570 1569 1582
1577 1582 1583
1583 1582 1584
1585 1582 1569
1585 1584 1582
1586 1587 1588
1589 1590 1591
1592 1593 1594
1595 1593 1592
1595 1596 1593
1596 1595 1597
1597 1598 1596
1597 1599 1598
1600 1599 1597
1601 1600 1597
1597 1602 1601
1602 1597 1603
1602 1604 1601
1604 1602 1605
1605 1606 1604
1606 1605 1607
1607 1608 1606
1608 1607 1609
1610 1606 1608
1606 1610 1611
1612 1611 1610
1611 1612 1613
1614 1613 1612
1613 1614 1615
1615 1616 1613
1616 1611 1613
1616 1615 1617
1611 1616 1618
1618 1606 1611
1606 1618 1604
1619 1604 1618
1604 1619 1601
1600 1601 1619
1620 1609 1607
1607 1621 1620
1609 1620 1622
1623 1622 1620
1622 1623 1624
1625 1624 1623
1624 1625 1626
1623 1627 1625
1620 1627 1623
1627 1620 1621
1627 1628 1625
1628 1627 1629
1621 1629 1627
1629 1630 1628
1630 1629 1631
1632 1628 1630
1625 1632 1626
1632 1625 1628
1629 1621 1633
1633 1631 1629
1605 1633 1621
1621 1607 1605
1633 1605 1602
1603 1633 1602
1633 1603 1634
1631 1633 1634
1635 1636 1637
1638 1635 1637
1638 1637 1639
1640 1638 1639
1640 1639 1641
1640 1641 1642
1642 1643 1640
1643 1644 1640
1640 1644 1645
1646 1645 1644
1645 1646 1647
1643 1648 1644
1648 1646 1644
1646 1648 1649
1648 1650 1649
1651 1647 1646
1647 1651 1652
1653 1652 1651
1652 1653 1654
1655 1646 1649
1646 1655 1651
1647 1656 1645
1656 1647 1657
1652 1657 1647
1656 1658 1645
1658 1656 1659
1654 1660 1652
1657 1652 1660
1660 1654 1661
1656 1662 1659
1662 1656 1663
1657 1663 1656
1663 1664 1662
1664 1663 1665
1666 1665 1663
1663 1657 1666
1660 1666 1657
1665 1666 1667
1667 1666 1668
1666 1660 1668
1661 1668 1660
1669 1667 1668
1668 1661 1669
1667 1669 1670
1671 1667 1670
1671 1665 1667
1665 1671 1664
1640 1645 1658
1672 1673 1674
1675 1673 1672
1653 1673 1675
1673 1653 1676
1676 1674 1673
1677 1676 1653
1676 1677 1678
1679 1678 1677
1678 1679 1680
1674 1676 1681
1678 1681 1676
1680 1682 1678
1681 1678 1682
1682 1683 1681
1683 1682 1684
1682 1680 1684
1680 1685 1684
1685 1680 1686
1679 1686 1680
1687 1685 1686
1685 1687 1688
1655 1679 1677
1679 1655 1689
1689 1655 1690
1690 1691 1689
1691 1679 1689
1679 1691 1692
1686 1692 1687
1686 1679 1692
1693 1688 1687
1655 1649 1690
1690 1649 1650
1677 1651 1655
1651 1677 1653
1650 1648 1694
1694 1648 1643
1695 1696 1697
1698 1696 1695
1698 1699 1696
1699 1698 1700
1700 1701 1699
1702 1699 1701
1701 1703 1702
1703 1701 1704
1705 1704 1701
1701 1700 1705
1704 1705 1706
1707 1704 1706
1704 1707 1708
1709 1708 1707
1710 1704 1708
1704 1710 1703
1710 1708 1709
1699 1702 1711
1711 1696 1699
1696 1711 1697
1712 1707 1706
1706 1713 1712
1713 1706 1714
1715 1712 1713
1712 1715 1716
1717 1716 1715
1716 1717 1718
1719 1718 1717
1717 1720 1719
1720 1721 1719
1721 1720 1722
1722 1723 1721
1723 1722 1724
1725 1721 1723
1721 1725 1726
1726 1719 1721
1727 1726 1725
1726 1727 1728
1728 1729 1726
1719 1726 1729
1718 1719 1729
1729 1728 1730
1731 1728 1727
1728 1731 1732
1732 1730 1728
1730 1732 1733
1734 1729 1730
1729 1734 1718
1730 1733 1735
1734 1730 1735
1736 1724 1722
1722 1737 1736
1724 1736 1738
1739 1738 1736
1738 1739 1740
1740 1739 1741
1741 1739 1742
1736 1742 1739
1742 1736 1737
1741 1742 1743
1741 1743 1744
1745 1742 1737
1742 1745 1743
1737 1746 1745
1747 1745 1746
1745 1747 1748
1748 1743 1745
1743 1748 1744
1746 1737 1720
1720 1717 1746
1737 1722 1720
1715 1746 1717
1746 1715 1747
1713 1747 1715
1747 1713 1749
1714 1749 1713
1749 1714 1750
1749 1751 1747
1751 1749 1752
1750 1752 1749
1751 1752 1753
1753 1752 1754
1752 1750 1754
1732 1755 1756
1732 1757 1755
1758 1755 1757
1757 1732 1731
1755 1758 1759
1756 1755 1759
1756 1759 1760
1732 1756 1733
1756 1735 1733
1734 1735 1761
1762 1734 1761
1762 1718 1734
1718 1762 1716
1763 1762 1761
1762 1763 1764
1764 1716 1762
1716 1764 1712
1764 1763 1707
1707 1712 1764
1763 1709 1707
1616 1617 1765
1765 1618 1616
1618 1765 1619
1600 1619 1765
1766 1767 1768
1767 1766 1769
1770 1768 1767
1768 1770 1771
1772 1766 1768
1766 1772 1773
1768 1774 1772
1774 1768 1771
1775 1774 1771
1775 1771 1770
1776 1769 1766
1773 1776 1766
1769 1776 1777
1778 1777 1776
1777 1778 1779
1776 1773 1780
1780 1778 1776
1778 1780 1781
1782 1783 1784
1783 1785 1784
1785 1783 1786
1786 1787 1785
1787 1786 1788
1789 1790 1791
1789 1792 1790
1792 1789 1793
1793 1794 1792
1794 1793 1795
1796 1794 1795
1794 1796 1797
1798 1799 1794
1800 1794 1799
1799 1801 1800
1802 1800 1801
1803 1802 1801
1804 1802 1803
1805 1806 1807
1808 1806 1805
1806 1808 1809
1810 1809 1808
1809 1810 1811
1812 1813 1814
1813 1815 1814
1815 1813 1816
1817 1815 1816
1815 1817 1818
1817 1819 1818
1819 1817 1820
1821 1820 1817
1821 1817 1822
1821 1822 1823
1823 1822 1824
1823 1824 1825
1826 1825 1824
1821 1827 1820
1828 1829 1830
1831 1829 1828
1829 1831 1832
1833 1832 1831
1832 1833 1834
1835 1836 1837
1836 1838 1837
1838 1836 1839
1840 1841 1842
1843 1841 1840
1841 1843 1844
1843 1845 1844
1845 1843 1846
1846 1847 1845
1847 1846 1848
1849 1847 1848
1847 1849 1850
1851 1852 1853
1852 1851 1854
1854 1855 1852
1855 1854 1856
1857 1855 1856
1855 1857 1858
1857 1859 1858
1859 1857 1860
1861 1859 1860
1862 1863 1864
1865 1863 1862
1863 1865 1866
1865 1867 1866
1867 1865 1868
1868 1869 1867
1869 1868 1870
1871 1869 1870
1869 1871 1872
1873 1874 1875
1874 1873 1876
1877 1874 1876
1874 1877 1878
1879 1878 1877
1878 1879 1880
1879 1881 1880
1881 1879 1882
1883 1881 1882
1884 1885 1886
1887 1885 1884
1885 1887 1888
1889 1890 1891
1890 1889 1892
1893 1890 1892
1890 1893 1894
1893 1895 1894
1895 1893 1896
1897 1895 1896
1898 1899 1900
1898 1901 1899
1901 1898 1902
1903 1901 1902
1901 1903 1904
1905 1904 1903
1904 1905 1906
1907 1908 1909
1908 1910 1909
1910 1908 1911
1911 1912 1910
1913 1914 1915
1914 1913 1916
1917 1916 1913
1916 1917 1918
1919 1918 1917
1918 1919 1920
1921 1915 1914
1922 1923 1924
1925 1926 1927
1926 1925 1928
1929 1926 1928
1927 1930 1925
1930 1927 1931
1932 1925 1930
1925 1932 1933
1934 1925 1933
1925 1934 1935
1936 1935 1934
1935 1936 1937
1938 1937 1936
1937 1938 1939
1940 1939 1938
1939 1940 1941
1940 1942 1941
1943 1944 1945
1944 1943 1946
1947 1945 1944
1948 1946 1943
1946 1948 1949
1950 1949 1948
1949 1950 1951
1952 1953 1954
1953 1952 1955
1954 1956 1952
1956 1954 1957
1957 1958 1956
1958 1957 1959
1959 1960 1958
1960 1959 1961
1962 1960 1961
1963 1964 1965
1966 1964 1963
1964 1966 1967
1968 1967 1966
1968 1969 1967
1970 1969 1968
1970 1971 1969
1972 1971 1970
1972 1973 1971
1974 1973 1972
1974 1975 1973
1976 1975 1974
1976 1977 1975
1978 1979 1980
1980 1981 1978
1981 1980 1982
1982 1983 1981
1983 1982 1984
1984 1985 1983
1985 1984 1986
1986 1987 1985
1987 1986 1988
1988 1989 1987
1989 1988 1990
1990 1991 1989
1991 1990 1992
1993 1994 1995
1996 1994 1993
1994 1996 1997
1998 1997 1996
1997 1998 1999
2000 1999 1998
1999 2000 2001
2002 2001 2000
2001 2002 2003
2004 2003 2002
2003 2004 2005
2006 2005 2004
2005 2006 2007
2008 2009 2010
2009 2011 2010
2011 2009 2012
2012 2013 2011
2013 2012 2014
2014 2015 2013
2015 2014 2016
2017 2015 2016
2015 2017 2018
2019 2018 2017
2018 2019 2020
2019 2021 2020
2021 2019 2022
2023 2024 2025
2024 2026 2025
2026 2024 2027
2027 2028 2026
2028 2027 2029
2029 2030 2028
2030 2029 2031
2031 2032 2030
2032 2031 2033
2034 2028 2030
2028 2034 2035
2035 2026 2028
2026 2035 2036
2037 2026 2036
2026 2037 2025
2025 2037 2023
2038 2034 2030
2030 2032 2038
2039 2038 2032
2032 2040 2039
2032 2033 2040
2040 2041 2039
2038 2039 2042
2042 2039 2041
2041 2043 2042
2043 2044 2042
2045 2044 2043
2045 2046 2044
2043 2047 2045
2043 2041 2047
2048 2044 2046
2048 2046 2049
2049 2050 2048
2048 2050 2051
2050 2052 2051
2050 2053 2052
2054 2052 2053
2052 2054 2055
2055 2051 2052
2056 2055 2054
2055 2056 2057
2058 2057 2056
2057 2058 2059
2056 2060 2058
2060 2056 2061
2054 2061 2056
2062 2060 2061
2060 2062 2063
2062 2064 2063
2064 2062 2065
2062 2066 2065
2066 2062 2067
2061 2067 2062
2067 2068 2066
2068 2067 2069
2070 2068 2069
2068 2070 2071
2072 2066 2068
2068 2071 2072
2073 2072 2071
2072 2073 2074
2075 2072 2074
2072 2075 2076
2066 2072 2076
2076 2065 2066
2077 2064 2065
2065 2076 2077
2075 2077 2076
2064 2077 2078
2079 2078 2077
2077 2075 2079
2078 2079 2080
2080 2081 2078
2081 2080 2082
2083 2078 2081
2078 2083 2064
2083 2063 2064
2063 2083 2084
2085 2084 2083
2081 2085 2083
2084 2085 2086
2085 2081 2087
2082 2087 2081
2087 2082 2088
2089 2086 2085
2087 2089 2085
2086 2089 2090
2091 2086 2090
2092 2091 2090
2089 2092 2090
2091 2092 2093
2094 2093 2092
2092 2095 2094
2092 2089 2095
2088 2096 2087
2089 2087 2096
2096 2088 2097
2094 2095 2098
2089 2098 2095
2098 2089 2096
2094 2098 2099
2096 2099 2098
2099 2096 2097
2099 2100 2094
2097 2100 2099
2100 2097 2101
2088 2101 2097
2102 2084 2086
2084 2102 2103
2103 2063 2084
2063 2103 2060
2103 2058 2060
2058 2103 2104
2102 2104 2103
2104 2059 2058
2059 2104 2105
2106 2105 2104
2104 2102 2106
2105 2106 2107
2108 2102 2086
2109 2106 2102
2108 2109 2102
2106 2109 2110
2106 2110 2111
2107 2106 2111
2107 2112 2105
2113 2112 2107
2107 2111 2113
2111 2114 2113
2114 2115 2113
2113 2115 2116
2116 2112 2113
2117 2116 2115
2115 2114 2118
2114 2111 2119
2118 2120 2115
2120 2118 2121
2121 2122 2120
2122 2121 2123
2124 2111 2110
2111 2124 2125
2126 2125 2124
2124 2127 2126
2127 2124 2128
2128 2129 2127
2129 2128 2130
2130 2131 2129
2131 2130 2132
2125 2126 2133
2134 2125 2133
2125 2134 2135
2136 2127 2129
2133 2126 2136
2136 2126 2127
2136 2134 2133
2129 2131 2136
2110 2128 2124
2128 2110 2109
2109 2130 2128
2130 2109 2108
2130 2137 2132
2137 2130 2108
2086 2137 2108
2135 2111 2125
2111 2135 2138
2119 2111 2139
2140 2119 2139
2140 2141 2119
2142 2119 2141
2141 2143 2142
2143 2141 2144
2145 2144 2141
2141 2140 2145
2144 2145 2146
2147 2142 2143
2142 2147 2148
2149 2148 2147
2148 2149 2150
2149 2151 2150
2151 2149 2152
2153 2144 2146
2147 2143 2153
2153 2143 2144
2153 2149 2147
2153 2152 2149
2118 2142 2148
2142 2118 2114
2119 2142 2114
2123 2150 2151
2150 2123 2121
2121 2148 2150
2148 2121 2118
2154 2155 2156
2155 2154 2157
2158 2156 2155
2156 2158 2159
2154 2160 2157
2160 2154 2161
2160 2161 2162
2163 2159 2158
2164 2165 2166
2166 2167 2164
2167 2166 2168
2168 2169 2167
2169 2168 2170
2170 2171 2169
2171 2170 2172
2173 2174 2175
2176 2174 2173
2174 2176 2177
2178 2177 2176
2177 2178 2179
2071 2179 2178
2179 2071 2180
2181 2180 2071
2071 2049 2181
2070 2049 2071
2070 2050 2049
2053 2050 2070
2053 2070 2069
2182 2053 2069
2067 2182 2069
2067 2061 2182
2061 2054 2182
2053 2182 2054
2049 2183 2181
2183 2049 2184
2184 2049 2046
2185 2186 2187
2188 2185 2187
2185 2188 2189
2188 2190 2189
2190 2188 2191
2192 2190 2191
2190 2192 2193
2194 2195 2196
2197 2196 2195
2196 2197 2198
2199 2198 2197
2198 2199 2200
2201 2200 2199
2200 2201 2202
2201 2203 2202
2204 2205 2206
2206 2207 2204
2207 2208 2204
2209 2204 2208
2209 2205 2204
2208 2207 2210
2211 2210 2207
2212 2211 2207
2207 2206 2212
2211 2212 2213
2210 2211 2214
2215 2214 2211
2213 2215 2211
2214 2215 2216
2215 2217 2216
2217 2215 2218
2219 2218 2215
2215 2213 2219
2218 2219 2220
2221 2218 2220
2218 2221 2217
2205 2222 2206
2223 2222 2205
2205 2224 2223
2224 2225 2223
2205 2226 2224
2224 2227 2225
2224 2226 2227
2227 2228 2225
2205 2209 2226
2229 2228 2227
2230 2231 2232
2233 2232 2231
2232 2233 2234
2235 2234 2233
2234 2235 2236
2237 2236 2235
2236 2237 2238
2239 2238 2237
2238 2239 2240
2241 2240 2239
2230 2242 2231
2243 2230 2232
2230 2244 2242
2245 2246 2247
2245 2247 2248
2247 2249 2248
2249 2247 2250
2246 2250 2247
2250 2251 2249
2251 2250 2252
2252 2253 2251
2254 2252 2250
2250 2246 2254
2252 2254 2255
2253 2252 2256
2257 2258 2259
2258 2257 2260
2261 2258 2260
2258 2261 2262
2263 2257 2259
2264 2265 2266
2267 2266 2265
2266 2267 2268
2269 2268 2267
2268 2269 2270
2269 2271 2270
2269 2272 2271
2270 2271 2273
2273 2271 2274
2275 2276 2277
2276 2275 2278
2279 2278 2275
2275 2280 2279
2281 2277 2276
2277 2281 2282
2281 2283 2282
2277 2284 2275
2284 2280 2275
2284 2277 2285
2282 2285 2277
2283 2286 2282
2285 2282 2286
2279 2287 2278
2288 2278 2287
2289 2288 2287
2278 2288 2290
2291 2290 2288
2291 2288 2292
2289 2292 2288
2290 2291 2293
2294 2293 2291
2291 2295 2294
2291 2292 2295
2296 2280 2284
2287 2297 2289
2287 2298 2297
2287 2279 2298
2279 2299 2298
2279 2280 2299
2298 2300 2297
2299 2300 2298
2300 2299 2301
2299 2302 2301
2302 2303 2301
2300 2301 2304
2305 2306 2307
2308 2305 2307
2308 2309 2305
2308 2310 2309
2309 2310 2311
2309 2312 2305
2311 2313 2309
2312 2309 2313
2313 2314 2312
2313 2311 2315
2315 2316 2313
2314 2313 2316
2316 2317 2314
2317 2316 2318
2318 2316 2319
2316 2315 2319
2318 2320 2317
2318 2321 2320
2322 2323 2324
2324 2325 2322
2325 2324 2326
2326 2327 2325
2327 2326 2328
2329 2330 2331
2330 2329 2332
2333 2332 2329
2332 2333 2334
2335 2334 2333
2336 2331 2330
2337 2338 2339
2338 2337 2340
2340 2341 2338
2339 2342 2337
2343 2344 2345
2343 2346 2344
2347 2344 2346
2344 2347 2348
2348 2345 2344
2349 2348 2347
2348 2349 2350
2350 2349 2351
2350 2352 2348
2345 2348 2352
2352 2350 2353
2354 2350 2351
2355 2356 2357
2356 2355 2358
2355 2359 2358
2359 2355 2360
2361 2357 2356
2362 2363 2364
2363 2365 2364
2365 2363 2366
2366 2367 2365
2367 2366 2368
2367 2368 2369
2367 2369 2370
2368 2371 2369
2371 2372 2369
2372 2371 2373
2374 2375 2376
2377 2374 2376
2374 2377 2378
2377 2379 2378
2379 2377 2380
2380 2381 2379
2381 2380 2382
2381 2382 2383
2384 2380 2377
2384 2377 2376
2380 2384 2385
2385 2382 2380
2376 2386 2384
2383 2382 2387
2382 2385 2387
2376 2388 2386
2375 2374 2389
2390 2389 2374
2374 2391 2390
2392 2389 2390
2391 2393 2390
2394 2390 2393
2393 2395 2394
2395 2393 2396
2393 2397 2396
2397 2393 2398
2393 2391 2398
2399 2396 2397
2396 2399 2395
2390 2394 2400
2390 2400 2392
2401 2375 2389
2402 2403 2404
2405 2402 2404
2406 2403 2402
2406 2402 2407
2406 2407 2408
2407 2409 2408
2407 2410 2409
2410 2411 2409
2412 2413 2414
2412 2415 2413
2415 2412 2416
2417 2414 2413
2414 2417 2418
2419 2418 2417
2418 2419 2420
2419 2421 2420
2421 2419 2422
2413 2423 2417
2423 2413 2415
2419 2424 2422
2424 2419 2425
2417 2425 2419
2425 2417 2423
2425 2426 2424
2426 2425 2427
2428 2425 2423
2425 2428 2427
2422 2429 2421
2429 2422 2430
2431 2424 2426
2424 2431 2432
2422 2432 2430
2432 2422 2424
2430 2433 2429
2433 2430 2434
2432 2434 2430
2435 2433 2434
2436 2435 2434
2434 2432 2436
2435 2436 2437
2436 2438 2437
2438 2436 2439
2439 2432 2431
2432 2439 2436
2433 2435 2440
2441 2437 2438
2435 2441 2440
2441 2435 2437
2423 2442 2428
2442 2423 2415
2415 2443 2442
2415 2416 2443
2444 2416 2412
2444 2412 2445
2445 2446 2444
2414 2445 2412
2445 2414 2447
2447 2448 2445
2446 2445 2448
2448 2447 2449
2447 2450 2449
2450 2451 2449
2450 2447 2452
2414 2452 2447
2452 2414 2418
2453 2451 2450
2452 2453 2450
2451 2453 2454
2455 2454 2453
2454 2455 2456
2453 2457 2455
2457 2453 2458
2453 2452 2458
2418 2458 2452
2420 2457 2458
2458 2418 2420
2457 2420 2459
2460 2456 2455
2456 2460 2461
2461 2462 2456
2456 2462 2454
2462 2461 2463
2463 2464 2462
2465 2464 2463
2463 2461 2465
2459 2466 2457
2455 2466 2460
2466 2455 2457
2466 2459 2467
2466 2468 2460
2461 2460 2468
2461 2468 2465
2465 2468 2469
2469 2470 2465
2465 2470 2464
2469 2468 2471
2468 2466 2471
2469 2471 2472
2466 2472 2471
2472 2466 2467
2472 2473 2469
2472 2474 2473
2474 2472 2467
2459 2474 2467
2469 2473 2475
2474 2475 2473
2475 2474 2476
2477 2478 2479
2478 2477 2480
2478 2117 2479
2117 2478 2481
2481 2482 2117
2482 2481 2483
2484 2482 2483
2482 2484 2485
2486 2485 2484
2485 2486 2487
2486 2488 2487
2484 2489 2486
2489 2484 2490
2483 2490 2484
2490 2483 2491
2481 2491 2483
2491 2481 2492
2478 2492 2481
2492 2478 2480
2493 2485 2487
2488 2493 2487
2482 2485 2494
2493 2494 2485
2495 2494 2493
2495 2493 2496
2493 2488 2496
2488 2051 2496
2051 2488 2497
2488 2498 2497
2486 2498 2488
2499 2498 2486
2499 2486 2489
2051 2055 2496
2496 2055 2495
2495 2500 2494
2501 2494 2500
2501 2500 2502
2500 2503 2502
2500 2059 2503
2495 2059 2500
2495 2057 2059
2055 2057 2495
2502 2503 2112
2502 2112 2116
2502 2116 2117
2117 2482 2502
2503 2105 2112
2059 2105 2503
2501 2482 2494
2042 2498 2499
2042 2504 2498
2044 2504 2042
2504 2044 2497
2498 2504 2497
2044 2048 2497
2048 2051 2497
2117 2115 2505
2506 2505 2115
2507 2506 2115
2506 2507 2508
2508 2509 2506
2509 2510 2506
2505 2506 2510
2510 2509 2511
2509 2508 2512
2509 2512 2513
2511 2509 2513
2514 2515 2516
2515 2514 2517
2514 2518 2517
2518 2514 2519
2520 2517 2518
2517 2520 2515
2516 2521 2514
2519 2514 2521
2521 2516 2522
2521 2523 2519
2524 2525 2526
2525 2524 2527
2528 2527 2524
2527 2528 2529
2526 2525 2530
2531 2532 2533
2534 2532 2531
2532 2534 2535
2536 2535 2534
2535 2536 2537
2537 2538 2535
2538 2537 2539
2540 2537 2536
2540 2539 2537
2541 2535 2538
2535 2541 2532
2542 2543 2544
2543 2542 2545
2545 2542 2546
2542 2547 2546
2548 2545 2546
2545 2548 2549
2550 2545 2549
2543 2545 2550
2551 2549 2548
2549 2551 2552
2553 2552 2551
2554 2552 2553
2555 2549 2552
2550 2549 2555
2555 2552 2554
2551 2556 2553
2548 2556 2551
2547 2557 2546
2558 2548 2546
2557 2558 2546
2548 2558 2559
2556 2548 2559
2558 2560 2559
2560 2558 2561
2558 2557 2561
2560 2561 2562
2563 2559 2560
2559 2563 2556
2556 2563 2553
2553 2563 2564
2564 2563 2560
2564 2560 2562
2561 2565 2562
2565 2561 2566
2566 2567 2565
2568 2569 2570
2569 2571 2570
2571 2569 2572
2573 2574 2575
2574 2573 2576
2575 2577 2573
2577 2575 2578
2579 2577 2578
2577 2579 2580
2580 2579 2581
2582 2583 2584
2583 2582 2585
2586 2583 2585
2584 2587 2582
2587 2584 2588
2589 2590 2591
2589 2592 2590
2593 2592 2589
2594 2592 2593
2594 2590 2592
2590 2594 2595
2595 2591 2590
2596 2595 2594
2596 2594 2597
2597 2594 2593
2595 2596 2598
2599 2598 2596
2598 2599 2600
2600 2601 2598
2601 2600 2602
2603 2600 2599
2603 2599 2604
2604 2599 2605
2605 2596 2597
2599 2596 2605
2600 2603 2606
2606 2602 2600
2607 2606 2603
2607 2603 2608
2608 2603 2604
2606 2607 2609
2607 2610 2609
2610 2611 2609
2611 2610 2612
2610 2607 2613
2613 2614 2610
2612 2610 2614
2614 2613 2615
2613 2616 2615
2615 2617 2614
2617 2615 2618
2619 2617 2618
2617 2619 2620
2609 2621 2606
2621 2609 2611
2602 2606 2621
2619 2618 2622
2618 2623 2622
2616 2623 2615
2618 2615 2623
2613 2624 2616
2613 2607 2624
2607 2608 2624
2625 2620 2619
2598 2626 2595
2626 2598 2601
2591 2595 2626
2627 2628 2629
2627 2630 2628
2630 2627 2631
2632 2630 2631
2633 2634 2635
2633 2636 2634
2633 2635 2637
2635 2638 2637
2421 2459 2420
2639 2640 2641
2640 2639 2642
2639 2643 2642
2643 2639 2644
2645 2641 2640
2644 2646 2643
2647 2648 2649
2650 2648 2647
2648 2650 2651
2652 2651 2650
2653 2652 2650
2652 2654 2651
2651 2655 2648
2648 2655 2649
2655 2651 2656
2656 2651 2654
2657 2658 2659
2658 2657 2660
2660 2661 2658
2661 2660 2662
2663 2661 2662
2664 2665 2666
2667 2668 2669
2668 2667 2670
2671 2667 2669
2671 2669 2672
2669 2668 2672
2667 2671 2673
2667 2674 2670
2675 2676 2677
2678 2679 2680
2679 2678 2681
2682 2678 2680
2678 2682 2683
2679 2684 2680
2684 2682 2680
2685 2681 2678
2685 2678 2683
2686 2685 2683
2683 2687 2686
2687 2683 2688
2687 2689 2686
2686 2689 2685
2689 2687 2690
2691 2687 2688
2691 2690 2687
2692 2691 2688
2685 2693 2681
2685 2694 2693
2689 2694 2685
2694 2689 2690
2695 2696 2697
2696 2695 2698
2699 2698 2695
2698 2699 2700
2701 2700 2699
2700 2701 2702
2703 2702 2701
2702 2703 2704
2705 2704 2703
2704 2705 2706
2707 2706 2705
2706 2707 2708
2709 2697 2696
2697 2709 2710
2709 2711 2710
2711 2709 2712
2712 2713 2711
2713 2712 2714
2714 2715 2713
2715 2714 2716
2716 2717 2715
2717 2716 2718
2718 2719 2717
2719 2718 2720
2720 2721 2719
2721 2720 2722
2722 2723 2721
2723 2722 2724
2709 2725 2726
2727 2726 2725
2726 2727 2728
2727 2729 2728
2729 2727 2730
2730 2731 2729
2731 2730 2732
2733 2731 2732
2732 2734 2733
2734 2732 2735
2735 2736 2734
2736 2735 2737
2737 2738 2736
2738 2737 2739
2739 2740 2738
2740 2739 2741
2741 2742 2740
2742 2741 2743
2743 2744 2742
2744 2743 2745
2731 2733 2746
2747 2731 2746
2731 2747 2748
2749 2748 2747
2748 2749 2750
2751 2750 2749
2750 2751 2752
2753 2752 2751
2752 2753 2754
2755 2754 2753
2754 2755 2756
2757 2756 2755
2756 2757 2758
2759 2758 2757
2758 2759 2760
2761 2762 2763
2762 2761 2764
2765 2762 2764
2762 2765 2766
2767 2766 2765
2766 2767 2768
2769 2768 2767
2768 2769 2770
2771 2761 2763
2761 2771 2772
2773 2772 2771
2772 2773 2774
2775 2776 2777
2775 2777 2778
2779 2776 2775
2776 2779 2780
2779 2781 2780
2779 2782 2781
2779 2783 2782
2783 2784 2782
2785 2778 2777
2778 2785 2786
2787 2786 2785
2786 2787 2788
2788 2787 2789
2788 2789 2790
2789 2791 2790
2789 2792 2791
2792 2793 2791
2792 2794 2793
2795 2794 2792
2795 2796 2794
2795 2797 2796
2795 2798 2797
2799 2797 2798
2799 2798 2800
2801 2799 2800
2801 2800 2802
2803 2801 2802
2803 2802 2804
2805 2803 2804
2806 2805 2804
2806 2807 2805
2805 2807 2808
2805 2808 2809
2809 2808 2810
2802 2811 2804
2812 2813 2814
2815 2814 2813
2816 2813 2812
2817 2816 2812
2818 2816 2817
2819 2818 2817
2820 2818 2819
2821 2820 2819
2822 2820 2821
2823 2822 2821
2824 2822 2823
2824 2825 2822
2824 2826 2825
2824 2827 2826
2827 2828 2826
2826 2828 2829
2826 2829 2825
2828 2827 2830
2827 2824 2831
2823 2831 2824
2832 2829 2828
2828 2833 2832
2833 2828 2830
2833 2834 2832
2832 2834 2835
2829 2832 2835
2836 2835 2834
2835 2836 2837
2838 2837 2836
2837 2838 2839
2840 2839 2838
2839 2840 2841
2842 2841 2840
2841 2842 2843
2842 2844 2843
2843 2844 2845
2844 2846 2845
2834 2833 2847
2836 2834 2847
2845 2846 2848
2846 2849 2848
2846 2850 2849
2851 2850 2846
2852 2850 2851
2853 2854 2855
2854 2853 2856
2855 2857 2853
2857 2855 2858
2858 2859 2857
2859 2858 2860
2856 2861 2854
2861 2856 2862
2862 2863 2861
2863 2862 2864
2864 2865 2863
2865 2864 2866
2866 2867 2865
2867 2866 2868
2868 2869 2867
2869 2868 2870
2870 2871 2869
2871 2870 2872
2873 2874 2875
2874 2873 2876
2875 2877 2873
2877 2875 2878
2878 2879 2877
2879 2878 2880
2880 2881 2879
2881 2880 2882
2882 2883 2881
2883 2882 2884
2885 2886 2887
2886 2885 2888
2887 2889 2885
2889 2887 2890
2890 2891 2889
2891 2890 2892
2892 2893 2891
2893 2892 2894
2894 2895 2893
2895 2894 2896
2896 2897 2895
2897 2896 2898
2898 2899 2897
2899 2898 2900
2900 2901 2899
2901 2900 2902
2888 2903 2886
2904 2905 2903
2905 2904 2906
2906 2907 2905
2907 2906 2908
2908 2909 2907
2909 2908 2910
2910 2911 2909
2911 2910 2912
2912 2913 2911
2913 2912 2914
2903 2888 2904
2915 2916 2917
2916 2915 2918
2917 2919 2915
2919 2917 2920
2920 2921 2919
2921 2920 2922
2922 2923 2921
2923 2922 2924
2924 2925 2923
2925 2924 2926
2926 2927 2925
2927 2926 2928
2928 2929 2927
2929 2928 2930
2930 2931 2929
2931 2930 2932
2918 2933 2916
2934 2935 2933
2935 2934 2936
2936 2937 2935
2937 2936 2938
2938 2939 2937
2939 2938 2940
2940 2941 2939
2941 2940 2942
2942 2943 2941
2943 2942 2944
2933 2918 2934
2945 2946 2947
2946 2945 2948
2947 2949 2945
2949 2947 2950
2950 2951 2949
2951 2950 2952
2952 2953 2951
2953 2952 2954
2955 2953 2954
2953 2955 2956
2957 2958 2959
2958 2957 2960
2958 2961 2959
2961 2958 2962
2962 2963 2961
2963 2962 2964
2964 2965 2963
2965 2964 2966
2966 2967 2965
2967 2966 2968
2969 2970 2971
2970 2969 2972
2973 2974 2975
2974 2973 2976
2725 2709 2696
2977 2814 2978
2814 2979 2978
2980 2977 2978
2815 2979 2814
2981 2982 2983
2984 2982 2981
2982 2984 2985
2986 2985 2984
2985 2986 2987
2988 2989 2990
2989 2988 2991
2989 2992 2990
2992 2989 2993
2993 2994 2992
2994 2993 2995
2996 2994 2995
2994 2996 2997
2998 2997 2996
2997 2998 2999
2998 3000 2999
3000 2998 3001
3002 3003 3004
3003 3002 3005
3002 3006 3005
3006 3002 3007
3007 3008 3006
3008 3007 3009
3009 3010 3008
3010 3009 3011
3003 3012 3004
3012 3003 3013
3013 3014 3012
3014 3013 3015
3016 3017 3018
3017 3016 3019
3020 3018 3017
3018 3020 3021
3022 3021 3020
3021 3022 3023
3024 3019 3016
3019 3024 3025
3026 3025 3024
3025 3026 3027
3028 3027 3026
3027 3028 3029
3030 3029 3028
3029 3030 3031
3032 3031 3030
3031 3032 3033
3034 3033 3032
3033 3034 3035
3036 3037 3038
3037 3036 3039
3040 3038 3037
3038 3040 3041
3042 3041 3040
3041 3042 3043
3044 3043 3042
3043 3044 3045
3046 3045 3044
3045 3046 3047
3048 3049 3050
3049 3048 3051
3052 3050 3049
3050 3052 3053
3054 3053 3052
3053 3054 3055
3056 3055 3054
3055 3056 3057
3058 3057 3056
3057 3058 3059
3060 3059 3058
3059 3060 3061
3062 3061 3060
3061 3062 3063
3064 3063 3062
3063 3064 3065
3066 3051 3048
3067 3068 3066
3068 3067 3069
3070 3069 3067
3069 3070 3071
3072 3071 3070
3071 3072 3073
3074 3073 3072
3073 3074 3075
3076 3075 3074
3075 3076 3077
3051 3066 3068
3078 3079 3080
3079 3078 3081
3082 3080 3079
3080 3082 3083
3084 3083 3082
3083 3084 3085
3086 3085 3084
3085 3086 3087
3088 3087 3086
3087 3088 3089
3090 3089 3088
3089 3090 3091
3092 3091 3090
3091 3092 3093
3094 3093 3092
3093 3094 3095
3096 3081 3078
3097 3098 3096
3098 3097 3099
3100 3099 3097
3099 3100 3101
3102 3101 3100
3101 3102 3103
3104 3103 3102
3103 3104 3105
3106 3105 3104
3105 3106 3107
3081 3096 3098
3108 3109 3110
3109 3108 3111
3112 3110 3109
3110 3112 3113
3114 3113 3112
3113 3114 3115
3116 3115 3114
3115 3116 3117
3116 3118 3117
3118 3116 3119
3120 3121 3122
3121 3120 3123
3124 3121 3123
3121 3124 3125
3126 3125 3124
3125 3126 3127
3128 3127 3126
3127 3128 3129
3130 3129 3128
3129 3130 3131
3132 3133 3134
3133 3132 3135
3136 3137 3138
3137 3136 3139
3140 3141 3142
3141 3140 3143
3144 3143 3140
3143 3144 3145
3146 3145 3144
3145 3146 3147
3146 3148 3147
3148 3146 3149
3149 3150 3148
3150 3149 3151
3152 3150 3151
3150 3152 3153
3141 3154 3142
3155 3156 3157
3156 3155 3158
3156 3159 3157
3159 3156 3160
3160 3161 3159
