byte offset: 0
first index: 43851
index count: 2166
topology: trianglelist
format: DXGI_FORMAT_R16_UINT

12140 12141 12142
12140 12142 12143
12144 12141 12140
12140 12145 12144
12146 12144 12145
12144 12146 12147
12148 12147 12146
12147 12148 12149
12145 12140 12150
12150 12151 12145
12151 12150 12152
12153 12152 12150
12152 12153 12154
12155 12150 12140
12150 12155 12153
12143 12155 12140
12156 12145 12151
12145 12156 12146
12149 12157 12147
12157 12149 12158
12146 12159 12148
12159 12146 12156
12147 12160 12144
12160 12147 12161
12161 12147 12157
12157 12158 12162
12163 12152 12154
12152 12163 12164
12163 12165 12164
12151 12166 12156
12167 12156 12166
12156 12167 12159
12166 12168 12167
12168 12166 12169
12170 12169 12166
12169 12170 12171
12164 12171 12170
12171 12164 12165
12166 12151 12170
12172 12169 12171
12171 12173 12172
12174 12172 12173
12172 12174 12175
12175 12176 12172
12169 12172 12176
12176 12168 12169
12176 12175 12177
12177 12178 12176
12168 12176 12178
12178 12177 12179
12173 12171 12180
12152 12170 12151
12170 12152 12164
12181 12178 12179
12178 12181 12182
12183 12182 12181
12182 12183 12184
12185 12184 12183
12184 12185 12186
12186 12187 12184
12187 12186 12188
12184 12189 12182
12189 12184 12187
12190 12189 12187
12189 12190 12191
12191 12168 12189
12168 12182 12189
12168 12191 12167
12192 12191 12190
12191 12192 12193
12193 12167 12191
12194 12193 12192
12192 12195 12194
12195 12192 12196
12190 12196 12192
12196 12197 12195
12197 12196 12198
12199 12195 12197
12195 12199 12200
12200 12194 12195
12194 12200 12201
12201 12202 12194
12193 12194 12202
12202 12201 12203
12203 12148 12202
12148 12203 12149
12204 12149 12203
12149 12204 12158
12202 12159 12193
12159 12202 12148
12205 12203 12201
12203 12205 12206
12206 12204 12203
12204 12162 12158
12196 12207 12198
12201 12208 12205
12208 12201 12200
12200 12209 12208
12200 12210 12209
12199 12210 12200
12210 12199 12211
12207 12212 12213
12207 12196 12212
12196 12190 12212
12187 12212 12190
12212 12187 12213
12167 12193 12159
12214 12215 12216
12215 12214 12217
12214 12218 12217
12218 12214 12219
12219 12220 12218
12220 12219 12221
12221 12222 12220
12222 12221 12223
12224 12222 12223
12222 12224 12225
12216 12215 12226
12227 12219 12214
12227 12214 12216
12216 12228 12227
12229 12227 12228
12227 12229 12230
12230 12231 12227
12219 12227 12231
12231 12221 12219
12231 12230 12232
12232 12233 12231
12221 12231 12233
12233 12223 12221
12233 12232 12234
12235 12233 12234
12233 12235 12236
12223 12233 12236
12237 12236 12235
12236 12237 12238
12238 12223 12236
12223 12238 12224
12239 12238 12237
12238 12239 12240
12240 12224 12238
12224 12240 12241
12241 12242 12224
12242 12241 12243
12244 12230 12229
12245 12234 12232
12232 12246 12245
12247 12246 12244
12246 12247 12248
12248 12245 12246
12245 12248 12249
12249 12250 12245
12250 12249 12251
12251 12252 12250
12252 12251 12253
12253 12254 12252
12254 12253 12255
12255 12256 12254
12256 12255 12257
12230 12244 12246
12246 12232 12230
12234 12245 12250
12235 12250 12252
12250 12235 12234
12237 12252 12254
12252 12237 12235
12239 12254 12256
12254 12239 12237
12258 12249 12248
12248 12259 12258
12260 12258 12259
12258 12260 12261
12261 12262 12258
12262 12261 12263
12263 12264 12262
12264 12263 12265
12265 12266 12264
12266 12265 12267
12267 12268 12266
12268 12267 12269
12269 12270 12268
12270 12269 12271
12259 12248 12247
12249 12258 12262
12251 12262 12264
12262 12251 12249
12253 12264 12266
12264 12253 12251
12255 12266 12268
12266 12255 12253
12257 12268 12270
12268 12257 12255
12272 12265 12263
12263 12273 12272
12273 12263 12261
12261 12274 12273
12274 12261 12260
12275 12271 12269
12269 12276 12275
12276 12269 12267
12267 12277 12276
12265 12272 12277
12277 12267 12265
12278 12273 12274
12273 12278 12279
12279 12272 12273
12272 12279 12280
12280 12277 12272
12277 12280 12281
12281 12276 12277
12276 12281 12282
12282 12275 12276
12275 12282 12283
12283 12284 12275
12271 12275 12284
12284 12283 12285
12286 12279 12278
12279 12286 12287
12287 12280 12279
12288 12287 12286
12288 12289 12287
12290 12287 12289
12289 12291 12290
12291 12292 12290
12292 12291 12293
12293 12294 12292
12294 12293 12295
12295 12296 12294
12296 12295 12297
12297 12298 12296
12298 12297 12299
12287 12290 12300
12301 12290 12292
12290 12301 12300
12294 12301 12292
12301 12294 12302
12296 12302 12294
12302 12296 12303
12304 12296 12298
12296 12304 12303
12281 12300 12301
12302 12281 12301
12300 12281 12280
12280 12287 12300
12281 12302 12282
12303 12282 12302
12282 12303 12283
12285 12303 12304
12303 12285 12283
12305 12306 12307
12306 12305 12308
12307 12309 12305
12309 12307 12310
12310 12311 12309
12311 12310 12312
12313 12307 12306
12307 12313 12314
12314 12310 12307
12310 12314 12315
12315 12312 12310
12312 12315 12316
12317 12314 12313
12314 12317 12318
12318 12315 12314
12319 12318 12317
12318 12319 12320
12321 12320 12319
12320 12321 12322
12322 12323 12320
12323 12322 12324
12324 12325 12323
12325 12324 12326
12327 12320 12323
12320 12327 12318
12315 12318 12327
12327 12316 12315
12328 12323 12325
12323 12328 12327
12316 12327 12328
12329 12322 12321
12322 12329 12330
12330 12324 12322
12331 12330 12329
12330 12331 12332
12332 12333 12330
12324 12330 12333
12333 12326 12324
12333 12332 12334
12334 12335 12333
12326 12333 12335
12335 12334 12336
12337 12325 12326
12325 12337 12338
12338 12328 12325
12339 12338 12337
12338 12339 12340
12341 12340 12339
12340 12341 12342
12342 12343 12340
12343 12342 12344
12345 12340 12343
12340 12345 12338
12328 12338 12345
12346 12335 12336
12335 12346 12347
12348 12347 12346
12347 12348 12349
12349 12337 12347
12337 12349 12339
12350 12349 12348
12349 12350 12351
12351 12339 12349
12339 12351 12341
12344 12352 12343
12352 12344 12353
12353 12354 12352
12354 12353 12355
12355 12356 12354
12356 12355 12357
12358 12354 12356
12354 12358 12359
12359 12352 12354
12311 12359 12358
12359 12311 12312
12352 12359 12360
12312 12360 12359
12360 12312 12316
12360 12343 12352
12343 12360 12345
12316 12345 12360
12345 12316 12328
12141 12144 12160
12155 12143 12361
12362 12363 12364
12363 12362 12365
12366 12362 12364
12362 12366 12367
12368 12367 12366
12367 12368 12369
12370 12369 12368
12369 12370 12371
12370 12372 12371
12372 12370 12373
12365 12374 12363
12375 12372 12373
12373 12376 12375
12372 12375 12377
12367 12378 12362
12378 12365 12362
12379 12365 12378
12365 12379 12380
12378 12367 12381
12369 12381 12367
12381 12369 12382
12371 12382 12369
12382 12371 12383
12384 12371 12372
12371 12384 12383
12385 12372 12377
12372 12385 12384
12385 12386 12384
12182 12168 12178
12347 12326 12335
12326 12347 12337
12228 12216 12387
12388 12389 12390
12389 12388 12391
12392 12391 12388
12393 12390 12389
12390 12393 12394
12395 12394 12393
12394 12395 12396
12397 12396 12395
12396 12397 12398
12399 12391 12392
12400 12399 12392
12400 12401 12399
12391 12399 12402
12391 12403 12389
12403 12391 12402
12403 12393 12389
12393 12403 12404
12404 12395 12393
12395 12404 12405
12395 12406 12397
12406 12395 12405
12401 12407 12399
12407 12401 12408
12408 12409 12407
12409 12408 12410
12410 12411 12409
12411 12410 12412
12412 12413 12411
12413 12412 12414
12415 12411 12413
12411 12415 12416
12416 12409 12411
12417 12416 12415
12416 12417 12418
12419 12418 12417
12418 12419 12420
12421 12420 12419
12420 12421 12422
12423 12422 12421
12422 12423 12424
12414 12425 12413
12425 12414 12426
12426 12427 12425
12427 12426 12428
12429 12425 12427
12425 12429 12430
12431 12430 12429
12430 12431 12432
12433 12432 12431
12432 12433 12434
12435 12434 12433
12434 12435 12436
12437 12436 12435
12436 12437 12438
12428 12439 12427
12439 12428 12440
12440 12441 12439
12441 12440 12442
12443 12439 12441
12439 12443 12444
12445 12444 12443
12444 12445 12446
12445 12447 12446
12447 12445 12448
12448 12449 12447
12449 12448 12450
12450 12451 12449
12451 12450 12452
12444 12427 12439
12427 12444 12429
12446 12429 12444
12429 12446 12431
12447 12431 12446
12431 12447 12433
12449 12433 12447
12433 12449 12435
12451 12435 12449
12435 12451 12437
12413 12430 12415
12430 12413 12425
12432 12415 12430
12415 12432 12417
12434 12417 12432
12417 12434 12419
12436 12419 12434
12419 12436 12421
12438 12421 12436
12421 12438 12423
12409 12416 12453
12418 12453 12416
12453 12418 12454
12420 12454 12418
12454 12420 12455
12422 12455 12420
12455 12422 12456
12424 12456 12422
12456 12424 12457
12453 12407 12409
12407 12453 12458
12454 12458 12453
12458 12454 12459
12455 12459 12454
12459 12455 12460
12456 12460 12455
12460 12456 12461
12457 12461 12456
12461 12457 12462
12458 12399 12407
12399 12458 12402
12459 12402 12458
12402 12459 12403
12404 12459 12460
12459 12404 12403
12405 12460 12461
12460 12405 12404
12462 12405 12461
12405 12462 12406
12463 12464 12465
12464 12463 12466
12467 12463 12465
12463 12467 12468
12466 12469 12464
12469 12466 12470
12471 12468 12467
12467 12472 12471
12472 12467 12473
12474 12473 12467
12467 12475 12474
12476 12474 12475
12474 12476 12477
12478 12477 12476
12477 12478 12479
12473 12474 12480
12477 12480 12474
12480 12481 12473
12481 12480 12482
12483 12482 12480
12480 12477 12483
12479 12483 12477
12482 12483 12484
12485 12484 12483
12483 12479 12485
12484 12485 12486
12482 12487 12481
12487 12482 12488
12484 12488 12482
12488 12484 12489
12486 12489 12484
12489 12486 12490
12491 12489 12490
12489 12491 12492
12493 12492 12491
12492 12493 12494
12494 12495 12492
12489 12495 12488
12495 12489 12492
12495 12494 12496
12497 12496 12494
12496 12497 12498
12499 12494 12493
12494 12499 12497
12498 12500 12496
12500 12498 12501
12502 12501 12498
12501 12502 12503
12502 12504 12503
12504 12502 12505
12502 12506 12505
12506 12502 12507
12498 12507 12502
12507 12498 12497
12506 12508 12505
12508 12506 12509
12509 12510 12508
12511 12508 12510
12508 12511 12512
12512 12505 12508
12505 12512 12504
12510 12509 12513
12507 12514 12506
12514 12507 12515
12516 12506 12514
12506 12516 12509
12509 12516 12517
12513 12509 12517
12518 12513 12517
12497 12515 12507
12515 12497 12499
12519 12512 12511
12512 12519 12520
12520 12504 12512
12504 12520 12521
12521 12503 12504
12503 12521 12522
12522 12501 12503
12501 12522 12523
12524 12501 12523
12501 12524 12500
12524 12525 12500
12525 12524 12526
12525 12496 12500
12496 12525 12495
12526 12487 12525
12487 12526 12527
12527 12481 12487
12481 12527 12528
12488 12525 12487
12525 12488 12495
12528 12473 12481
12473 12528 12472
12529 12530 12531
12530 12529 12532
12529 12533 12532
12533 12529 12534
12531 12530 12535
12486 12531 12535
12536 12486 12535
12486 12536 12490
12491 12490 12536
12531 12486 12485
12485 12529 12531
12529 12485 12479
12479 12534 12529
12534 12479 12478
12537 12538 12539
12540 12537 12539
12539 12541 12540
12537 12540 12542
12468 12471 12543
12543 12544 12468
12544 12543 12545
12546 12468 12544
12468 12546 12463
12547 12463 12546
12463 12547 12466
12547 12470 12466
12470 12547 12548
12549 12544 12545
12544 12549 12550
12550 12546 12544
12551 12550 12549
12550 12551 12552
12552 12553 12550
12546 12550 12553
12553 12552 12554
12555 12553 12554
12553 12555 12556
12557 12556 12555
12556 12557 12558
12559 12552 12551
12552 12559 12560
12560 12561 12552
12552 12561 12562
12561 12563 12562
12563 12561 12564
12564 12565 12563
12565 12564 12566
12561 12560 12567
12567 12564 12561
12568 12567 12560
12567 12568 12569
12569 12570 12567
12564 12567 12570
12570 12566 12564
12570 12569 12571
12571 12572 12570
12566 12570 12572
12572 12571 12573
12574 12569 12568
12569 12574 12575
12575 12571 12569
12571 12575 12576
12576 12573 12571
12573 12576 12577
12576 12578 12577
12578 12576 12579
12579 12580 12578
12580 12579 12581
12582 12581 12579
12582 12576 12575
12576 12582 12579
12581 12582 12583
12583 12584 12581
12584 12583 12585
12586 12581 12584
12581 12586 12580
12587 12585 12583
12585 12587 12588
12588 12589 12585
12589 12588 12590
12591 12589 12590
12589 12591 12592
12593 12589 12592
12589 12593 12594
12585 12594 12584
12594 12585 12589
12595 12593 12592
12593 12595 12596
12597 12596 12595
12595 12598 12597
12598 12595 12599
12592 12599 12595
12599 12592 12591
12596 12597 12600
12601 12594 12593
12594 12601 12602
12593 12603 12601
12603 12593 12596
12596 12604 12603
12600 12604 12596
12605 12604 12600
12602 12584 12594
12584 12602 12586
12599 12606 12598
12606 12599 12607
12591 12607 12599
12607 12591 12608
12590 12608 12591
12608 12590 12609
12588 12609 12590
12609 12588 12610
12588 12611 12610
12611 12588 12587
12612 12611 12587
12611 12612 12613
12583 12612 12587
12612 12583 12582
12574 12613 12612
12613 12574 12614
12568 12614 12574
12614 12568 12615
12612 12575 12574
12575 12612 12582
12560 12615 12568
12615 12560 12559
12616 12617 12618
12617 12616 12619
12620 12616 12618
12616 12620 12621
12619 12622 12617
12619 12573 12622
12573 12623 12622
12623 12573 12577
12578 12623 12577
12573 12619 12572
12616 12572 12619
12572 12616 12566
12621 12566 12616
12566 12621 12565
12624 12625 12626
12624 12627 12625
12625 12627 12628
12627 12624 12629
12630 12558 12631
12558 12630 12556
12630 12553 12556
12553 12630 12546
