byte offset: 0
first index: 0
index count: 8253
topology: trianglelist
format: DXGI_FORMAT_R16_UINT

0 1 2
1 0 3
1 3 4
4 3 5
2 6 0
6 2 7
8 0 6
0 8 9
9 3 0
3 9 5
9 10 5
9 11 10
11 9 8
10 11 12
13 14 15
16 13 15
13 16 17
18 17 16
17 18 19
20 19 18
19 20 21
18 22 20
22 18 23
16 23 18
23 16 24
15 24 16
24 15 25
14 25 15
21 20 26
27 21 26
28 21 27
21 28 29
30 29 28
29 30 31
32 31 30
31 32 33
34 32 30
28 34 30
32 34 35
34 28 36
27 36 28
31 37 29
31 33 38
38 37 31
39 38 33
38 39 40
39 41 40
42 33 32
35 43 32
43 42 32
43 44 42
44 43 45
45 46 44
43 47 45
47 48 45
47 43 49
43 35 49
50 34 36
51 50 36
36 27 51
50 51 52
34 50 53
53 35 34
35 53 54
54 49 35
55 47 49
49 54 55
47 55 56
47 56 48
26 51 27
51 26 57
58 57 26
57 58 59
60 59 58
26 61 58
61 26 62
62 63 61
63 62 64
63 65 61
58 65 60
65 58 61
65 63 66
66 67 65
60 65 67
60 67 68
67 66 69
20 64 62
20 62 26
64 20 22
70 71 72
72 73 70
73 72 74
74 75 73
75 74 76
76 77 75
77 76 78
79 78 76
78 79 80
81 80 79
80 81 82
79 83 81
83 79 84
76 84 79
84 76 74
84 85 83
85 84 86
87 85 86
85 87 88
89 88 87
88 89 90
89 91 90
81 92 82
93 82 92
82 93 94
95 94 93
94 95 96
97 95 93
95 97 98
93 99 97
99 93 92
92 100 99
101 97 99
97 101 102
102 98 97
98 102 103
104 98 103
105 102 101
102 105 106
106 103 102
103 106 107
107 108 103
109 103 108
103 109 104
108 107 110
111 106 105
106 111 112
112 107 106
113 112 111
112 113 114
112 114 115
107 112 115
115 110 107
114 116 115
110 115 116
116 114 117
113 118 114
118 117 114
118 113 119
119 120 118
118 120 121
117 118 121
108 122 109
123 109 122
109 123 124
123 125 124
125 123 126
126 123 127
122 128 123
128 127 123
129 128 122
128 129 130
131 130 129
130 131 132
131 133 132
127 128 134
130 134 128
134 130 135
132 135 130
135 132 136
133 136 132
126 137 125
137 126 138
139 137 138
137 139 140
141 140 139
140 141 142
143 142 141
142 143 144
145 146 147
146 145 148
148 149 146
149 148 150
145 151 148
151 145 152
150 153 149
153 150 154
154 155 153
155 154 156
154 157 156
158 156 157
156 158 159
159 155 156
157 154 160
150 160 154
159 158 161
155 159 162
162 159 161
148 163 150
163 148 151
160 150 163
164 149 165
165 166 164
166 167 164
167 168 164
149 164 168
168 146 149
146 168 169
170 169 168
168 167 170
169 170 171
169 171 172
147 169 172
169 147 146
172 173 147
174 147 173
175 174 173
174 175 176
176 177 174
177 176 178
173 179 175
179 173 180
173 172 180
147 174 145
177 145 174
145 177 152
175 181 176
181 178 176
181 175 182
182 183 181
183 184 181
178 181 184
184 183 185
183 186 185
186 183 187
188 187 183
183 182 188
187 188 189
182 190 188
190 182 191
175 191 182
191 175 179
192 193 194
194 195 192
195 194 196
196 197 195
197 196 198
100 197 198
199 198 196
194 199 196
198 199 101
198 101 99
100 198 99
199 194 200
193 200 194
81 100 92
100 81 83
83 201 100
201 83 85
85 202 201
202 85 88
88 203 202
203 88 90
91 203 90
122 108 204
110 204 108
204 110 205
116 205 110
205 116 206
117 206 116
207 208 209
208 207 210
211 209 208
209 211 212
213 209 212
214 213 212
209 213 215
215 207 209
207 215 216
216 217 207
217 218 207
218 217 219
217 220 219
220 217 221
222 221 217
217 216 222
223 219 220
219 223 224
225 224 223
224 225 226
219 227 218
227 219 224
224 228 227
228 224 226
226 229 228
229 226 230
225 230 226
230 225 231
230 232 229
231 232 230
98 233 95
233 98 104
109 233 104
233 109 124
37 38 234
40 234 38
234 40 235
41 235 40
42 236 33
42 237 236
237 42 44
46 237 44
74 238 84
238 74 72
71 238 72
212 239 240
239 212 211
214 212 240
241 239 211
211 242 241
243 241 242
244 243 242
243 244 245
246 245 244
245 246 247
241 243 248
248 249 241
239 241 249
249 248 250
245 82 243
82 245 80
243 94 248
94 243 82
248 96 250
96 248 94
244 210 246
210 244 208
242 208 244
208 242 211
247 78 245
78 80 245
77 78 247
251 252 253
251 254 252
251 255 254
251 256 255
251 257 256
251 258 257
251 259 258
251 260 259
251 261 260
251 262 261
251 263 262
251 264 263
251 265 264
251 266 265
251 267 266
268 253 252
269 252 254
252 269 268
254 270 269
270 254 255
255 271 270
271 255 256
256 272 271
272 256 257
257 273 272
273 257 258
258 274 273
274 258 259
260 274 259
274 260 275
261 275 260
275 261 276
262 276 261
276 262 277
263 277 262
277 263 278
264 278 263
278 264 279
265 279 264
279 265 280
266 280 265
280 266 281
267 281 266
281 267 282
283 282 267
251 283 267
251 284 283
251 285 284
251 286 285
251 253 286
282 283 287
284 287 283
287 284 288
285 288 284
288 285 289
286 289 285
289 286 290
291 286 253
286 291 290
253 268 291
292 293 294
295 292 294
296 295 294
297 296 294
298 297 294
299 298 294
300 299 294
301 300 294
302 301 294
303 302 294
304 303 294
305 304 294
306 305 294
307 306 294
308 307 294
309 308 294
310 309 294
311 310 294
312 311 294
293 312 294
313 314 315
314 316 315
314 317 316
314 318 317
314 319 318
314 320 319
314 321 320
314 322 321
314 323 322
314 324 323
314 325 324
314 326 325
314 327 326
314 328 327
314 329 328
314 330 329
314 331 330
314 313 331
332 333 334
334 333 335
334 335 336
334 336 337
334 337 338
334 338 339
334 339 340
334 340 341
334 341 342
334 342 343
334 343 344
334 344 345
334 345 346
334 346 347
334 347 348
334 348 349
334 349 350
334 350 332
351 352 353
351 353 354
351 354 355
351 355 356
351 356 357
351 357 358
351 358 359
351 359 360
351 360 361
351 361 362
351 362 363
351 363 364
351 364 365
351 365 366
351 366 367
352 368 353
369 353 368
353 369 354
370 354 369
354 370 355
371 355 370
355 371 356
372 356 371
356 372 357
373 357 372
357 373 358
374 358 373
358 374 359
374 360 359
360 374 375
375 361 360
361 375 376
376 362 361
362 376 377
377 363 362
363 377 378
378 364 363
364 378 379
379 365 364
365 379 380
380 366 365
366 380 381
381 367 366
367 381 382
382 383 367
351 367 383
351 383 384
351 384 385
351 385 386
351 386 352
383 382 387
387 384 383
384 387 388
388 385 384
385 388 389
389 386 385
386 389 390
391 386 390
386 391 352
368 352 391
392 393 394
395 393 392
396 393 395
397 393 396
398 393 397
399 393 398
400 393 399
401 393 400
402 393 401
403 393 402
404 393 403
405 393 404
406 393 405
407 393 406
408 393 407
409 393 408
410 393 409
411 393 410
412 393 411
394 393 412
413 414 415
414 413 416
417 413 415
413 417 418
419 416 413
418 419 413
416 419 420
419 418 421
422 421 418
418 417 422
421 422 423
416 424 414
424 416 425
422 426 423
427 423 426
427 428 423
428 421 423
429 416 420
416 429 425
427 430 428
427 426 431
431 432 427
432 431 433
432 434 427
434 432 435
436 435 432
435 436 437
432 438 436
438 432 433
438 439 436
439 438 440
440 441 439
441 440 442
443 441 442
441 443 444
443 445 444
446 447 448
447 446 449
449 450 447
449 451 450
452 448 447
448 452 453
454 453 452
453 454 455
453 456 448
456 457 448
457 446 448
453 458 456
458 453 455
459 456 458
460 449 446
449 460 461
461 451 449
462 461 460
461 462 463
462 460 464
458 465 459
465 458 466
467 465 466
466 468 467
468 466 469
458 469 466
469 458 455
469 470 468
455 470 469
470 455 454
463 471 461
451 461 471
462 464 472
473 463 462
473 462 472
463 473 474
475 474 473
475 473 476
473 472 476
477 475 476
475 477 478
478 479 475
474 475 479
479 478 480
481 478 477
478 481 482
482 480 478
483 482 481
484 485 486
485 484 487
488 484 486
484 488 489
490 489 488
489 490 491
490 492 491
492 490 493
494 487 484
489 494 484
487 494 495
496 487 495
496 485 487
494 489 497
498 489 491
489 498 497
492 498 491
498 492 499
492 500 499
501 498 499
502 501 499
500 502 499
501 502 503
504 501 503
498 501 505
504 505 501
506 507 508
507 506 509
510 508 507
508 510 511
510 512 511
512 510 513
514 512 513
515 511 512
514 515 512
511 515 516
516 517 511
517 506 508
517 508 511
517 516 518
518 519 517
506 517 519
519 518 520
520 521 519
521 520 522
522 523 521
523 522 524
525 524 522
524 525 526
524 527 523
528 523 527
523 528 529
529 521 523
528 530 529
530 528 531
527 524 532
526 532 524
533 532 526
534 533 526
533 534 535
536 533 535
533 536 537
538 532 533
537 538 533
539 532 538
532 539 540
540 527 532
538 541 539
541 538 542
538 537 543
543 542 538
544 543 537
543 544 545
546 545 544
542 543 547
545 547 543
547 545 548
546 548 545
549 539 541
539 549 550
550 540 539
551 550 549
540 550 552
551 552 550
552 553 540
527 540 553
554 527 553
527 554 528
555 528 554
528 555 531
553 552 556
556 554 553
557 556 552
552 551 557
556 557 558
558 559 556
554 556 559
559 555 554
559 558 560
561 559 560
559 561 562
555 559 562
563 562 561
562 563 564
565 558 557
557 566 565
567 565 566
565 567 568
567 569 568
569 567 570
568 571 565
558 565 571
571 560 558
571 568 572
568 573 572
573 568 574
574 568 569
572 575 571
560 571 575
575 572 576
577 575 576
575 577 578
579 570 567
580 579 567
579 580 581
567 582 580
582 583 580
583 581 580
583 582 584
584 585 583
585 584 586
572 587 576
572 588 587
587 589 576
576 589 590
590 577 576
577 590 591
591 592 577
592 593 577
593 592 594
581 583 595
585 595 583
595 585 596
577 593 597
577 597 598
598 578 577
578 598 599
594 600 593
594 601 600
599 561 578
560 578 561
578 560 575
561 599 563
596 602 603
602 596 585
585 604 602
604 585 586
604 605 602
602 605 603
606 607 608
607 606 609
610 611 612
611 610 613
614 615 616
617 618 619
618 617 620
621 620 617
620 621 622
621 623 622
623 621 624
623 624 625
626 623 625
623 626 627
625 628 626
628 625 629
630 629 625
624 630 625
629 630 555
630 624 631
621 631 624
631 621 632
617 632 621
632 617 633
619 633 617
633 619 634
619 635 634
623 627 636
627 637 636
637 638 636
638 637 639
640 636 638
636 640 641
642 638 639
642 640 638
641 623 636
618 643 619
644 645 646
644 647 645
647 648 645
648 646 645
648 647 649
649 535 648
535 649 536
535 650 648
646 648 650
650 535 534
651 652 653
654 655 656
657 658 659
658 657 660
661 660 657
660 661 662
663 659 658
661 664 662
664 661 665
665 666 664
666 665 667
668 665 661
661 669 668
669 661 657
657 670 669
670 657 659
663 670 659
671 672 673
672 671 674
673 675 671
675 673 676
676 677 675
677 676 678
679 677 678
680 674 671
674 680 628
681 671 675
671 681 680
677 681 675
681 677 682
679 682 677
628 562 674
629 562 628
555 562 629
564 672 674
564 674 562
582 567 683
570 579 684
685 686 687
573 588 572
688 689 690
689 688 691
691 692 689
692 691 693
690 694 688
694 690 695
695 696 694
696 695 697
697 698 696
698 697 699
699 700 698
700 699 701
698 700 702
693 703 692
703 693 704
704 705 703
705 704 706
707 703 705
703 707 708
707 709 708
709 707 710
710 711 709
712 709 711
709 712 713
713 708 709
714 713 712
713 714 715
716 715 714
715 716 717
718 717 716
717 718 719
718 720 719
720 718 721
715 722 713
708 713 722
722 715 723
724 715 717
715 724 723
719 724 717
724 719 725
726 719 720
719 726 725
720 727 726
727 720 728
721 728 720
721 729 728
729 730 728
730 729 731
728 730 732
727 728 732
733 729 721
734 733 721
733 734 735
735 736 733
736 737 733
729 733 737
737 731 729
737 736 738
731 737 738
736 735 739
740 736 739
741 736 740
740 742 741
742 740 743
739 743 740
743 739 744
744 735 734
735 744 739
745 741 742
712 745 742
743 712 742
745 712 711
744 714 743
743 714 712
714 744 716
734 716 744
716 734 718
718 734 721
746 747 748
747 746 749
750 747 749
747 750 751
752 750 749
746 752 749
750 752 753
752 746 754
755 753 752
754 755 752
753 755 756
755 754 757
757 758 755
759 756 755
755 760 759
758 760 755
758 761 760
761 759 760
761 758 762
759 761 763
762 764 761
764 763 761
764 762 765
765 766 764
766 765 767
767 768 766
768 767 769
770 764 766
764 770 771
763 764 771
766 772 770
772 766 768
773 772 768
769 773 768
773 769 774
775 773 774
776 775 774
771 777 763
778 779 780
779 778 781
780 782 778
782 780 783
778 784 781
784 778 785
786 778 782
778 786 785
783 694 782
781 787 779
787 781 788
788 789 787
789 788 790
791 790 788
781 791 788
791 781 784
790 791 792
782 694 793
793 794 782
794 793 795
793 796 795
796 793 797
694 797 793
797 798 796
798 797 799
798 799 702
799 698 702
799 696 698
696 799 797
797 694 696
800 801 802
803 802 801
804 803 801
460 446 805
446 457 805
460 805 464
806 807 808
809 806 808
806 809 810
811 806 810
812 806 811
812 807 806
810 751 811
751 810 747
748 810 809
810 748 747
813 814 815
814 816 815
816 817 815
817 813 815
816 818 817
819 817 818
817 819 820
820 819 821
822 813 817
823 822 817
822 823 824
825 826 827
826 825 828
828 829 826
829 828 830
830 831 829
831 830 832
833 832 830
832 833 834
835 834 833
834 835 836
835 837 836
837 835 838
839 838 835
839 840 838
840 839 841
842 841 839
841 842 843
843 844 841
844 843 845
845 846 844
846 845 847
847 848 846
848 847 849
849 850 848
850 849 851
851 852 850
852 851 853
841 854 840
854 841 844
844 855 854
855 844 846
846 856 855
856 846 848
850 856 848
856 850 857
852 857 850
857 852 858
859 858 852
853 859 852
860 861 862
861 863 862
861 864 863
861 865 864
866 860 862
860 866 867
831 867 866
866 829 831
829 866 868
862 868 866
868 862 863
864 868 863
868 826 829
826 868 869
868 864 869
865 869 864
870 826 869
869 865 870
826 870 827
867 831 871
832 871 831
871 832 872
834 872 832
872 834 873
836 873 834
873 836 874
836 875 874
875 836 837
876 875 837
877 876 837
878 876 877
838 879 837
838 880 879
880 881 879
881 880 882
882 883 881
883 882 884
884 885 883
885 884 886
886 887 885
887 886 888
888 889 887
881 890 879
890 881 891
881 892 891
892 881 883
883 893 892
893 883 885
887 893 885
893 887 894
889 894 887
879 890 837
895 896 897
896 895 898
897 833 895
896 839 897
839 896 842
830 895 833
895 830 828
828 898 895
898 828 825
839 835 897
897 835 833
899 900 901
900 899 902
901 903 899
903 901 904
904 905 903
905 904 906
902 907 900
907 902 908
908 909 907
909 908 910
906 911 905
911 906 912
913 910 908
902 913 908
910 913 914
913 915 914
915 913 916
917 916 913
913 902 917
916 917 918
919 918 917
918 919 920
921 920 919
920 921 922
923 922 921
922 923 924
923 925 924
925 923 926
917 899 919
899 917 902
903 919 899
919 903 921
903 923 921
923 903 905
905 926 923
926 905 911
926 927 925
927 926 928
911 928 926
928 911 929
912 929 911
929 912 930
928 931 927
931 928 932
929 932 928
932 933 931
933 932 934
935 934 932
932 929 935
930 935 929
934 935 936
937 936 935
935 930 937
936 937 938
934 939 933
939 934 940
936 940 934
940 936 941
936 942 941
942 936 938
940 943 939
943 940 944
944 940 941
941 945 944
945 941 942
942 946 945
946 942 947
948 947 942
947 948 949
949 948 950
949 951 947
951 949 952
952 953 951
954 951 953
951 954 955
947 955 946
955 947 951
953 952 956
956 957 953
957 954 953
957 956 958
959 957 958
957 959 960
960 961 957
954 957 961
961 960 962
963 960 959
960 963 964
964 962 960
965 964 963
964 965 966
966 967 964
962 964 967
967 966 968
969 966 965
966 969 970
970 968 966
969 971 970
971 969 972
972 969 973
965 973 969
973 974 972
975 972 974
975 971 972
975 976 971
974 973 977
973 978 977
978 973 979
973 965 979
980 978 979
978 980 981
982 981 980
981 982 983
984 983 982
983 984 985
984 986 985
986 984 987
987 988 986
988 987 989
979 963 980
963 979 965
980 959 982
959 980 963
982 958 984
958 982 959
984 956 987
956 984 958
956 989 987
989 956 952
952 990 989
990 952 949
949 950 990
989 991 988
991 989 990
950 991 990
992 975 993
993 975 994
994 975 995
914 992 993
992 914 915
910 993 994
993 910 914
995 910 994
910 995 909
996 997 998
997 996 999
999 1000 997
1000 999 1001
999 1002 1001
1002 999 1003
1003 999 996
1003 1004 1002
1004 1003 1005
1000 1006 997
1006 1000 1007
1008 997 1006
997 1008 998
1007 1009 1006
1009 1007 1010
1010 1011 1009
1011 1010 1012
1011 1013 1009
1013 1006 1009
1006 1013 1008
1013 1011 1014
1012 1015 1011
1015 1014 1011
1015 1012 1016
1016 1017 1015
1015 1017 1018
1014 1015 1018
1003 1019 1005
1020 1005 1019
1019 1021 1020
1021 1022 1020
1022 1023 1020
1022 1024 1023
1021 1019 1025
1026 1025 1019
1025 1026 1027
1019 1003 1026
1026 1003 996
996 1028 1026
1028 1027 1026
1005 1020 1023
1023 1004 1005
1004 1023 1024
1027 1028 1029
1030 1029 1028
1030 1028 996
1030 996 1031
1032 1030 1031
1030 1032 1033
1034 1033 1032
1033 1034 1035
1036 1035 1034
1035 1036 1037
1038 1037 1036
1037 1038 1039
1040 1039 1038
1039 1040 1041
1040 1042 1041
1029 1030 1043
1033 1043 1030
1043 1033 1044
1033 1045 1044
1045 1033 1035
1035 1046 1045
1046 1035 1037
1037 1047 1046
1047 1037 1039
1041 1047 1039
1047 1041 1048
1042 1048 1041
1049 1050 1051
1050 1049 1052
1050 1053 1051
1053 1050 1054
1054 1055 1053
1055 1054 1056
1057 1049 1051
1049 1057 1058
1059 1051 1053
1051 1059 1057
1060 1053 1055
1053 1060 1059
1052 1061 1050
1061 1054 1050
1061 1052 1062
1054 1061 1063
1063 1056 1054
1056 1063 1064
1065 1052 1049
1052 1065 1066
1066 1062 1052
1062 1066 1067
1068 1066 1065
1069 1068 1065
1066 1068 1070
1070 1067 1066
1067 1070 1071
1072 1068 1069
1068 1072 1073
1073 1070 1068
1070 1073 1074
1074 1071 1070
1071 1074 1075
1076 1073 1072
1073 1076 1077
1077 1074 1073
1074 1077 1078
1078 1075 1074
1075 1078 1079
1080 1077 1076
1077 1080 1081
1081 1078 1077
1082 1081 1080
1081 1082 1083
1083 1084 1081
1078 1081 1084
1084 1079 1078
1084 1083 1085
1085 1086 1084
1079 1084 1086
1086 1085 1087
1088 1083 1082
1083 1088 1089
1089 1085 1083
1085 1089 1090
1090 1087 1085
1087 1090 1091
1092 1089 1088
1089 1092 1093
1093 1090 1089
1094 1093 1092
1093 1094 1095
1095 1096 1093
1090 1093 1096
1096 1091 1090
1096 1095 1097
1097 1098 1096
1091 1096 1098
1098 1097 1099
1094 1100 1095
1100 1094 1101
1102 1095 1100
1095 1102 1097
1100 1103 1102
1104 1102 1103
1102 1104 1105
1105 1097 1102
1097 1105 1099
1103 1100 1106
1107 1103 1106
1103 1107 1108
1109 1103 1108
1103 1109 1104
1107 1110 1108
1110 1107 1111
1111 1112 1110
1110 1112 1113
1113 1108 1110
1108 1113 1109
1114 1106 1100
1101 1114 1100
1101 1115 1114
1115 1116 1114
1116 1106 1114
1117 1118 1119
1120 1119 1118
1119 1120 1121
1122 1117 1119
1121 1122 1119
1117 1122 1123
1124 1123 1122
1123 1124 1125
1124 1126 1125
1126 1124 1127
1127 1128 1126
1128 1127 1129
1130 1129 1127
1129 1130 1131
1127 1132 1130
1132 1127 1124
1124 1133 1132
1133 1124 1122
1122 1121 1133
1134 1129 1131
1129 1134 1135
1129 1135 1136
1136 1128 1129
1128 1136 1137
1058 1138 1139
1140 1139 1138
1139 1140 1141
1142 1141 1140
1141 1142 1143
1144 1143 1142
1143 1144 1145
1058 1139 1049
1141 1065 1139
1139 1065 1049
1065 1141 1146
1143 1146 1141
1146 1143 1147
1145 1147 1143
1147 1145 1148
1149 1148 1145
1148 1149 1150
1151 1150 1149
1145 1152 1149
1152 1145 1144
1152 1153 1149
1154 1155 1156
1157 1155 1154
1158 1155 1157
1056 1158 1157
1154 1056 1157
1158 1056 1064
1056 1154 1055
1060 1154 1156
1154 1060 1055
967 1159 1160
1159 967 968
1160 962 967
962 1160 1161
968 1162 1159
962 1161 961
1161 1163 961
1163 954 961
954 1163 955
1163 1164 955
1164 946 955
1164 945 946
970 1162 968
971 1162 970
1162 971 976
1165 1166 1167
1166 1165 1168
1169 1167 1166
1167 1169 1170
1171 1166 1168
1166 1171 1172
1168 1173 1171
1173 1174 1171
944 1171 943
1175 1176 1177
1178 1179 1180
1181 1182 1183
1182 1181 1184
1185 1181 1183
1181 1185 1186
1187 1186 1185
1186 1187 1188
1187 1189 1188
1189 1187 1190
1190 1191 1189
1191 1190 1192
1190 1193 1192
1194 1192 1193
1194 1191 1192
1193 1190 1195
1187 1195 1190
1195 1187 1196
1187 1197 1196
1197 1187 1185
1185 1198 1197
1198 1185 1183
1183 1199 1198
1199 1183 1182
1200 1201 1202
1203 1204 1200
1205 1206 1207
1208 1207 1206
1207 1208 1209
1209 1210 1207
1210 1209 1211
1212 1211 1209
1211 1212 1213
1214 1213 1212
1213 1214 1215
1214 1216 1215
1216 1214 1217
1214 1218 1217
1218 1214 1219
1212 1219 1214
1219 1212 1220
1220 1209 1208
1209 1220 1212
1221 1217 1218
1221 1216 1217
1118 1222 1120
1223 1224 1225
1224 1223 1226
1227 1223 1225
1223 1227 1228
1229 1228 1227
1228 1229 1230
1226 1231 1224
1229 1232 1230
1224 1231 1233
1231 1234 1233
1234 1231 1235
1234 1235 1236
1237 1238 1239
1238 1237 1240
1237 1241 1240
1241 1237 1242
1241 1242 1243
1238 1244 1239
1244 1238 1245
1246 1244 1245
1244 1246 1247
1247 1246 1248
1249 1250 1251
1250 1249 1252
1250 1252 1253
1251 1254 1249
1254 1251 1255
1252 1256 1253
1252 1257 1256
1257 1252 1249
1249 1258 1257
1258 1249 1259
1260 1258 1259
1261 1260 1259
1261 1259 1249
1262 1249 1254
1262 1254 1263
1255 1263 1254
1264 1265 1266
1265 1264 1267
1264 1268 1267
1268 1264 1269
1264 1270 1269
1270 1271 1269
1271 1270 1272
1270 1273 1272
1273 1274 1272
1274 1273 1275
1273 1270 1276
1277 1276 1270
1270 1264 1277
1266 1277 1264
1276 1277 1278
1266 1278 1277
1278 1266 1279
1280 1272 1274
1272 1280 1271
1274 1281 1280
1281 1274 1282
1274 1275 1282
1281 1282 1283
1282 1284 1283
1284 1282 1285
1286 1285 1282
1287 1283 1284
1284 1288 1287
1288 1289 1287
1289 1288 1290
1290 1291 1289
1291 1290 1292
1292 1293 1291
1293 1292 1294
1294 1295 1293
1295 1294 1296
1297 1295 1296
1295 1297 1298
1298 1299 1295
1295 1299 1293
1299 1298 1300
1301 1300 1298
1300 1301 1302
1303 1298 1297
1298 1303 1301
1304 1302 1301
1305 1301 1303
1306 1291 1293
1291 1306 1307
1308 1307 1306
1307 1308 1309
1309 1310 1307
1310 1309 1311
1311 1312 1310
1312 1311 1313
1313 1283 1312
1283 1313 1314
1315 1308 1306
1308 1315 1316
1315 1317 1316
1317 1315 1318
1315 1319 1318
1320 1318 1319
1318 1320 1321
1319 1315 1299
1322 1321 1320
1318 1323 1317
1323 1318 1321
1322 1323 1321
1315 1293 1299
1293 1315 1306
1283 1287 1312
1287 1310 1312
1310 1287 1289
1289 1307 1310
1307 1289 1291
1324 1325 1326
1326 1325 1327
1328 1326 1327
1326 1328 1329
1330 1326 1329
1326 1330 1331
1324 1326 1331
1325 1332 1327
1329 1333 1330
1333 1329 1334
1334 1335 1333
1335 1334 1336
1336 1329 1328
1329 1336 1334
1337 1338 1339
1340 1337 1339
1341 1316 1342
1341 1308 1316
1308 1341 1343
1309 1308 1343
1344 1345 1346
1345 1344 1347
1348 1346 1345
1346 1348 1349
1350 1349 1348
1349 1350 1351
1352 1351 1350
1351 1352 1353
1354 1353 1352
1346 1355 1344
1355 1346 1356
1346 1357 1356
1357 1346 1349
1349 1358 1357
1358 1349 1351
1351 1359 1358
1359 1351 1353
1354 1359 1353
1344 1360 1347
1360 1361 1347
1362 1347 1361
1361 1363 1362
1363 1361 1364
1365 1362 1363
1362 1365 1366
1367 1366 1365
1366 1367 1368
1369 1368 1367
1366 1370 1362
1347 1362 1370
1370 1366 1371
1368 1371 1366
1371 1368 1372
1369 1372 1368
1373 1364 1361
1361 1360 1373
1364 1373 1374
1373 1375 1374
1375 1373 1376
1360 1376 1373
1377 1376 1360
1360 1344 1377
1344 1378 1377
1378 1344 1355
1377 1379 1376
1379 1377 1378
1380 1375 1376
1375 1380 1381
1380 1382 1381
1382 1380 1383
1383 1384 1382
1385 1376 1379
1386 1385 1379
1379 1387 1386
1387 1379 1388
1389 1387 1388
1387 1389 1390
1391 1390 1389
1390 1391 1392
1393 1392 1391
1392 1393 1394
1395 1394 1393
1394 1395 1396
1397 756 1398
1397 1398 1399
1400 1397 1399
1400 1399 1401
1398 759 1399
756 759 1398
759 1402 1399
1403 1404 1405
1404 1403 1406
1403 1407 1406
1407 1403 1408
1405 1409 1403
1409 1408 1403
1409 1405 1410
1408 1409 1411
1410 1412 1409
1412 1411 1409
1412 1410 1413
1411 1412 1414
1413 1415 1412
1415 1414 1412
1415 1413 1416
1414 1415 1417
1416 1418 1415
1418 1417 1415
1418 1416 1419
1419 1420 1418
1420 1419 1421
1420 1422 1418
1417 1418 1422
1422 1420 1423
1424 1420 1421
1420 1424 1425
1425 1423 1420
1423 1425 1426
1427 1425 1424
1425 1427 1428
1428 1426 1425
1426 1428 1429
1427 1430 1428
1430 1429 1428
1430 1427 1431
1429 1430 1432
1431 1433 1430
1433 1431 1434
1435 1430 1433
1430 1435 1432
1436 1437 1438
1437 1436 1439
1440 1441 1442
1441 1440 1443
1442 1444 1440
1444 1442 1445
1446 1444 1445
1444 1446 1447
1448 1447 1446
1447 1448 1449
1448 1450 1449
1450 1448 1451
1451 1452 1450
1452 1451 1453
1453 1454 1452
1454 1453 1455
1456 1454 1455
1454 1456 1457
1458 1457 1456
1457 1458 1459
1460 1461 1462
1461 1460 1463
692 708 722
708 692 703
722 689 692
689 722 723
723 690 689
690 723 724
724 695 690
695 724 725
725 697 695
697 725 726
726 699 697
699 726 727
727 701 699
701 727 732
521 529 1464
529 1465 1464
1465 529 530
1464 519 521
519 1464 506
1464 509 506
509 1464 1465
566 557 551
1466 1467 1468
1467 1466 1469
1470 1468 1467
1468 1470 1471
1471 1472 1468
1472 1471 1473
1473 1474 1472
1475 1472 1474
1472 1475 1476
1468 1476 1466
1476 1468 1472
1474 1473 1477
1474 1478 1475
1478 1474 1479
1480 1469 1466
1469 1480 1481
1482 1471 1470
1471 1482 1483
1483 1473 1471
1473 1483 1484
1484 1477 1473
1479 1485 1478
1485 1479 1486
1487 1478 1485
1488 1487 1485
1487 1488 1489
1490 1489 1488
1478 1487 1491
1492 1491 1487
1491 1492 1493
1487 1494 1492
1494 1487 1489
1489 1495 1494
1495 1489 1496
1496 1489 1490
1497 1491 1493
1475 1491 1497
1491 1475 1478
1476 1475 1497
1498 1476 1497
1476 1498 1499
1499 1466 1476
1466 1499 1480
1500 1497 1493
1497 1500 1498
1492 1500 1493
1500 1492 1501
1494 1501 1492
1501 1494 1502
1495 1502 1494
1502 1495 1503
1504 1495 1496
1495 1504 1505
1505 1503 1495
1503 1505 1506
1507 1505 1504
1505 1507 1508
1508 1506 1505
1507 1509 1508
1509 1510 1508
1506 1508 1510
1511 1512 1513
1512 1511 1477
1514 1511 1513
1511 1514 1515
1516 1515 1514
1515 1516 1517
1516 1518 1517
1511 1519 1477
1515 1519 1511
1477 1519 1520
1521 1520 1519
1520 1521 1522
1523 1522 1521
1522 1523 1524
1523 1525 1524
1519 1515 1526
1517 1526 1515
1526 1517 1527
1518 1527 1517
1520 1474 1477
1474 1520 1528
1520 1529 1528
1529 1520 1522
1524 1529 1522
1529 1524 1530
1525 1530 1524
1531 1496 1490
1488 1531 1490
1531 1488 1532
1485 1532 1488
1532 1485 1486
1533 1534 1535
1534 1533 1536
1533 1537 1536
1537 1533 1538
1535 1538 1533
1538 1539 1537
1539 1538 1540
1540 1541 1539
1541 1540 1542
1542 1543 1541
1543 1542 1544
1545 1544 1542
1544 1545 1546
1547 1544 1546
1544 1547 1548
1548 1543 1544
1543 1548 1549
1550 1549 1548
1550 1548 1547
1549 1550 1551
1552 1542 1540
1542 1552 1553
1553 1545 1542
1554 1540 1538
1540 1554 1552
1538 1535 1554
1555 1556 1557
1477 1484 1512
1558 1559 1560
1559 1558 1561
1558 1562 1561
1562 1558 1563
1558 1564 1563
1565 1563 1564
1565 1562 1563
1564 1558 1566
1558 1567 1566
1567 1558 1560
1568 1567 1560
1567 1568 1569
1560 1570 1568
1570 1560 1559
1568 1570 1571
1572 1568 1571
1573 1572 1571
1572 1573 1574
1575 1574 1573
1574 1575 1576
1577 1576 1575
1576 1577 1578
1575 1579 1577
1579 1575 1580
1573 1580 1575
1579 1580 1581
1582 1581 1580
1580 1573 1582
1571 1582 1573
1581 1582 1583
1584 1583 1582
1582 1571 1584
1583 1584 1585
1586 1585 1584
1585 1586 1587
1586 1588 1587
1588 1586 1589
1589 1590 1588
1590 1589 1591
1592 1591 1589
1591 1592 1593
1594 1591 1593
1594 1590 1591
1589 1595 1592
1595 1589 1586
1586 1596 1595
1596 1586 1584
1596 1584 1571
1597 1598 1599
1598 1597 1600
1599 1601 1597
1601 1599 1602
1603 1601 1602
1601 1603 1604
1605 1606 1607
1606 1605 1608
1609 1610 1611
1610 1609 1612
1613 1611 1610
1611 1613 1614
1613 1615 1614
1615 1613 1616
1617 1618 1619
1618 1617 1620
1621 1622 1623
1622 1621 1624
1625 1626 1627
1626 1625 1628
1629 1628 1625
1628 1629 1630
1631 1632 1633
1632 1631 1634
1635 1636 1637
1636 1635 1638
1639 1640 1641
1640 1639 1642
1639 1641 1643
1641 1644 1643
1644 1641 1645
1646 1647 1648
1647 1646 1649
1650 1651 1652
1651 1650 1653
1652 1651 1654
1655 1652 1654
1652 1655 1656
1657 1658 1659
1658 1657 1660
1658 1661 1659
1661 1658 1662
1663 1664 1665
1664 1663 1666
1667 1668 1669
1668 1667 1670
1671 1672 1673
1672 1671 1674
1675 1676 1677
1676 1675 1678
1675 1679 1678
1679 1675 1680
1681 1677 1676
1677 1681 1682
1681 1683 1682
1683 1681 1684
1684 1685 1683
1685 1684 1686
1687 1682 1683
1682 1687 1688
1689 1688 1687
1688 1689 1690
1691 1688 1690
1688 1691 1692
1692 1682 1688
1682 1692 1677
1693 1690 1689
1690 1693 1694
1695 1694 1693
1694 1695 1696
1695 1697 1696
1697 1698 1696
1698 1694 1696
1698 1697 1699
1699 1700 1698
1700 1699 1701
1697 1695 1702
1703 1702 1695
1693 1703 1695
1702 1703 1704
1703 1705 1704
1705 1703 1706
1703 1693 1706
1694 1698 1707
1700 1707 1698
1707 1690 1694
1690 1707 1691
1708 1691 1707
1707 1700 1708
1701 1708 1700
1691 1708 1709
1710 1709 1708
1708 1701 1710
1709 1710 1711
1712 1711 1710
1711 1712 1713
1714 1702 1704
1702 1714 1715
1715 1697 1702
1697 1715 1716
1716 1699 1697
1699 1716 1717
1717 1701 1699
1701 1717 1718
1710 1718 1712
1718 1710 1701
1713 1679 1711
1679 1713 1719
1719 1678 1679
1678 1719 1720
1720 1676 1678
1676 1720 1721
1722 1676 1721
1676 1722 1681
1722 1684 1681
1684 1722 1723
1723 1686 1684
1686 1723 1724
1725 1686 1724
1686 1725 1726
1727 1726 1725
1726 1727 1728
1728 1729 1726
1729 1728 1730
1730 1687 1729
1687 1730 1689
1731 1728 1727
1728 1731 1732
1732 1730 1728
1730 1732 1733
1689 1730 1733
1726 1685 1686
1685 1726 1729
1729 1683 1685
1683 1729 1687
1733 1693 1689
1693 1733 1706
1705 1733 1732
1733 1705 1706
1732 1734 1705
1734 1732 1731
1734 1704 1705
1704 1734 1714
1692 1675 1677
1675 1692 1680
1692 1709 1680
1711 1680 1709
1680 1711 1679
1709 1692 1691
1735 1736 1737
1736 1735 1738
1737 1739 1735
1739 1737 1740
1738 1741 1736
1741 1738 1742
1743 1741 1742
1741 1743 1744
1745 1744 1743
1744 1745 1746
1740 1747 1739
1747 1740 1748
1749 1746 1745
1746 1749 1750
1749 1751 1750
1751 1749 1752
1752 1753 1751
1753 1752 1754
1755 1748 1740
1748 1755 1756
1757 1741 1744
1741 1757 1758
1759 1741 1758
1741 1759 1736
1760 1736 1759
1740 1760 1755
1760 1740 1737
1736 1760 1737
1751 1761 1750
1762 1750 1761
1744 1762 1757
1762 1744 1746
1750 1762 1746
1761 1751 1763
1753 1763 1751
1763 1753 1764
1753 1765 1764
1765 1753 1766
1766 1767 1765
1767 1766 1768
1769 1768 1766
1753 1769 1766
1768 1769 1770
1770 1771 1768
1771 1767 1768
1771 1770 1772
1772 1773 1771
1773 1772 1774
1775 1773 1774
1773 1775 1776
1777 1776 1775
1776 1777 1778
1779 1778 1777
1778 1779 1780
1779 1781 1780
1781 1779 1782
1783 1773 1776
1773 1783 1784
1776 1785 1783
1785 1776 1778
1778 1786 1785
1786 1778 1780
1780 1787 1786
1787 1780 1781
1788 1773 1784
1773 1788 1771
1767 1771 1788
1769 1753 1754
1789 1790 1791
1790 1789 1792
1791 1793 1789
1793 1791 1794
1794 1795 1793
1795 1794 1796
1796 1797 1795
1797 1796 1798
1798 1799 1797
1799 1798 1800
1800 1801 1799
1801 1800 1802
1802 1803 1801
1803 1802 1804
1792 1804 1790
1804 1792 1803
1805 1806 1807
1808 1806 1805
1809 1806 1808
1810 1806 1809
1811 1806 1810
1812 1806 1811
1813 1806 1812
1807 1806 1813
1814 1815 1816
1817 1815 1814
1818 1815 1817
1819 1815 1818
1820 1815 1819
1821 1815 1820
1822 1815 1821
1816 1815 1822
1823 1824 1825
1823 1826 1824
1823 1827 1826
1823 1828 1827
1823 1829 1828
1823 1830 1829
1823 1825 1831
1823 1831 1832
1833 1825 1824
1825 1833 1834
1834 1831 1825
1835 1824 1826
1824 1835 1833
1827 1835 1826
1835 1827 1836
1837 1827 1828
1827 1837 1836
1829 1837 1828
1837 1829 1838
1830 1838 1829
1838 1830 1839
1831 1840 1832
1840 1831 1841
1831 1834 1841
1842 1843 1844
1845 1843 1842
1846 1843 1845
1847 1843 1846
1848 1843 1847
1849 1843 1848
1850 1843 1849
1844 1843 1850
1851 1852 1853
1852 1851 1854
1853 1855 1851
1855 1853 1856
1856 1857 1855
1858 1857 1856
1857 1858 1859
1860 1861 1862
1861 1860 1863
1860 1864 1863
1864 1860 1865
1866 1867 1868
1867 1866 1869
1870 1868 1867
1868 1870 1871
1870 1872 1871
1872 1873 1871
1873 1872 1874
1875 1876 1877
1876 1875 1878
1879 1877 1876
1877 1879 1880
1875 1881 1878
1881 1875 1882
1883 1884 1885
1884 1883 1886
1887 1888 1889
1888 1887 1890
1891 1892 1893
1894 1892 1891
1892 1894 1895
1894 1896 1895
1896 1894 1897
1898 1896 1897
1896 1898 1899
1900 1899 1898
1901 1900 1891
1891 1893 1901
1900 1901 1902
1899 1900 1902
1903 1898 1897
1898 1903 1904
1903 1905 1904
1903 1906 1905
1905 1907 1904
1899 1908 1896
1908 1899 1909
1910 1911 1912
1911 1910 1913
1913 1914 1911
1914 1913 1915
1916 1914 1915
1914 1916 1917
1918 1910 1912
1919 1918 1917
1918 1919 1920
1910 1918 1920
1917 1921 1919
1917 1916 1921
1922 1912 1911
1912 1922 1923
1922 1924 1923
1924 1925 1923
1922 1926 1924
1927 1913 1910
1913 1927 1928
1929 1930 1931
1930 1929 1932
1933 1934 1935
1934 1933 1936
1937 1938 1939
1938 1937 1940
1941 1942 1943
1942 1941 1944
1945 1946 1947
1946 1945 1948
1949 1950 1951
1950 1949 1952
1953 1954 1955
1954 1953 1956
1957 1958 1959
1958 1957 1960
1961 1962 1963
1962 1961 1964
1965 1966 1967
1966 1965 1968
1969 1970 1971
1970 1969 1972
1973 1974 1975
1974 1973 1976
1977 1978 1979
1978 1977 1980
1981 1982 1983
1982 1981 1984
1985 1986 1987
1986 1985 1988
1989 1990 1991
1990 1989 1992
1993 1994 1995
1994 1993 1996
1997 1998 1999
1998 1997 2000
2001 2002 2003
2002 2001 2004
2005 2006 2007
2008 2005 2007
2005 2008 2009
2008 2010 2009
2010 2008 2011
2012 2010 2011
2010 2012 2013
2014 2013 2012
2015 2016 2017
2016 2015 2018
2019 2018 2015
2018 2019 2020
2021 2020 2019
2020 2021 2022
2023 2022 2021
2022 2023 2024
2023 2025 2024
2025 2023 2026
2027 2028 2029
2029 2030 2027
2030 2029 2031
2032 2030 2031
2030 2032 2033
2032 2034 2033
2034 2032 2035
2036 2034 2035
2037 2038 2039
2038 2037 2040
2041 2040 2037
2040 2041 2042
2043 2042 2041
2042 2043 2044
2045 2044 2043
2044 2045 2046
2045 2047 2046
2047 2045 2048
2049 2050 2051
2051 2052 2049
2052 2051 2053
2053 2054 2052
2054 2053 2055
2056 2054 2055
2057 2058 2059
2058 2057 2060
2061 2060 2057
2060 2061 2062
2063 2062 2061
2062 2063 2064
2063 2065 2064
2065 2063 2066
2067 2068 2069
2070 2067 2069
2067 2070 2071
2072 2071 2070
2071 2072 2073
2074 2073 2072
2075 2076 2077
2076 2075 2078
2079 2078 2075
2078 2079 2080
2081 2082 2083
2082 2081 2084
2085 2081 2083
2081 2085 2086
2087 2088 2089
2088 2087 2090
2089 2091 2087
2091 2089 2092
2092 2093 2091
2093 2092 2094
2094 2095 2093
2095 2094 2096
2096 2097 2095
2097 2096 2098
2098 2099 2097
2099 2098 2100
2100 2101 2099
2101 2100 2102
2090 2103 2088
2103 2090 2104
2104 2105 2103
2105 2104 2106
2106 2107 2105
2107 2106 2108
2108 2109 2107
2109 2108 2110
2110 2111 2109
2111 2110 2112
2113 2114 2115
2114 2113 2116
2117 2115 2114
2115 2117 2118
2119 2118 2117
2118 2119 2120
2119 2121 2120
2121 2119 2122
2123 2121 2122
2121 2123 2124
2123 2125 2124
2125 2123 2126
2126 2127 2125
2127 2126 2128
2128 2129 2127
2129 2128 2130
2130 2131 2129
2131 2130 2132
2133 2131 2132
2131 2133 2134
2135 2134 2133
2134 2135 2136
2135 2113 2136
2113 2135 2116
2135 2137 2116
2138 2137 2135
2137 2138 2139
2138 2140 2139
2141 2140 2138
2142 2140 2141
2139 2140 2143
2143 2140 2144
2144 2140 2145
2146 2140 2142
2147 2140 2146
2148 2140 2147
2149 2140 2148
2145 2140 2149
2150 2151 2152
2152 2151 2153
2153 2151 2154
2151 2155 2154
2151 2156 2155
2157 2156 2151
2157 2151 2158
2158 2151 2159
2159 2151 2160
2160 2151 2161
2161 2151 2150
2155 2162 2154
2162 2155 2163
2163 2164 2162
2163 2165 2164
2165 2166 2164
2166 2165 2167
2167 2168 2166
2168 2167 2169
2169 2170 2168
2170 2169 2171
2172 2170 2171
2170 2172 2173
2172 2174 2173
2174 2172 2175
2175 2176 2174
2176 2175 2177
2177 2178 2176
2178 2177 2179
2180 2178 2179
2178 2180 2181
2182 2181 2180
2181 2182 2183
2182 2184 2183
2184 2182 2185
2185 2163 2184
2163 2185 2186
2165 2163 2186
2187 2188 2189
2188 2187 2190
2189 2191 2187
2191 2189 2192
2192 2193 2191
2193 2192 2194
2194 2195 2193
2195 2194 2196
2196 2197 2195
2197 2196 2198
2198 2199 2197
2199 2198 2200
2200 2201 2199
2201 2200 2202
2190 2203 2188
2203 2190 2204
2204 2205 2203
2205 2204 2206
2206 2207 2205
2207 2206 2208
2209 2210 2211
2210 2209 2212
2211 2213 2209
2213 2211 2214
2214 2215 2213
2215 2214 2216
2216 2217 2215
2217 2216 2218
2218 2219 2217
2219 2218 2220
2220 2221 2219
2221 2220 2222
2222 2223 2221
2223 2222 2224
2224 2225 2223
2225 2224 2226
2226 2227 2225
2227 2226 2228
2228 2229 2227
2229 2228 2230
2230 2231 2229
2231 2230 2232
2233 2234 2235
2234 2233 2236
2235 2237 2233
2237 2235 2238
2238 2239 2237
2239 2238 2240
2241 2242 2243
2243 2244 2241
2244 2243 2245
2245 2246 2244
2246 2245 2247
2248 2246 2247
2249 2250 2251
2250 2249 2252
2253 2252 2249
2252 2253 2254
2255 2254 2253
2254 2255 2256
2255 2257 2256
2257 2255 2258
2259 2260 2261
2262 2259 2261
2259 2262 2263
2264 2263 2262
2263 2264 2265
2266 2265 2264
2267 2268 2269
2268 2267 2270
2271 2270 2267
2270 2271 2272
2273 2272 2271
2272 2273 2274
2273 2275 2274
2275 2273 2276
2277 2278 2279
2278 2277 2280
2281 2277 2279
2277 2281 2282
2283 2282 2281
2282 2283 2284
2285 2284 2283
2284 2285 2286
2287 2286 2285
2286 2287 2288
2289 2288 2287
2288 2289 2290
2291 2290 2289
2290 2291 2292
2291 2293 2292
2293 2291 2294
2294 2295 2293
2295 2294 2296
2297 2298 2299
2298 2297 2300
2299 2301 2297
2301 2299 2302
2302 2303 2301
2303 2302 2304
2304 2305 2303
2305 2304 2306
2306 2307 2305
2307 2306 2308
2308 2309 2307
2309 2308 2310
2310 2311 2309
2311 2310 2312
2312 2313 2311
2313 2312 2314
2315 2313 2314
2313 2315 2316
2317 2316 2315
2316 2317 2318
2319 2320 2321
2320 2319 2322
2321 2323 2319
2323 2321 2324
2324 2325 2323
2325 2324 2326
2326 2327 2325
2327 2326 2328
2328 2329 2327
2329 2328 2330
2330 2331 2329
2331 2330 2332
2332 2333 2331
2333 2332 2334
2335 2333 2334
2333 2335 2336
2336 2335 2337
2337 2338 2336
2338 2337 2339
2340 2341 2342
2341 2340 2343
2340 2344 2343
2344 2340 2345
2345 2346 2344
2346 2345 2347
2347 2348 2346
2348 2347 2349
2349 2350 2348
2350 2349 2351
2351 2352 2350
2352 2351 2353
2353 2354 2352
2354 2353 2355
2356 2354 2355
2354 2356 2357
2356 2358 2357
2358 2356 2359
2360 2358 2359
2358 2360 2361
2362 2363 2364
2363 2362 2365
2298 2300 2366
2367 2366 2300
2366 2367 2368
2369 2280 2370
2280 2369 2278
2370 2371 2369
2371 2370 2372
2373 2322 2374
2322 2373 2320
2374 2375 2373
2375 2374 2376
2377 2341 2378
2341 2377 2342
2378 2379 2377
2379 2378 2380
2381 2382 2383
2384 1283 1314
