byte offset: 0
first index: 0
index count: 16815
topology: trianglelist
format: DXGI_FORMAT_R16_UINT

0 1 2
2 3 0
2 4 3
4 5 3
4 6 5
5 6 7
5 7 8
9 8 7
9 7 10
9 10 11
12 9 11
13 14 15
13 15 16
13 16 17
13 17 18
19 18 17
19 17 20
21 19 20
21 20 22
22 23 21
22 24 23
24 25 23
24 26 25
26 27 25
26 28 27
28 29 27
28 30 29
30 31 29
30 32 31
32 33 31
31 33 34
35 36 37
35 37 38
39 35 38
39 38 40
41 39 40
41 40 42
43 41 42
43 42 44
45 43 44
45 44 46
46 47 45
46 48 47
36 49 37
36 50 49
51 52 37
53 54 55
54 53 56
54 56 57
55 54 58
58 59 55
60 59 58
60 58 61
62 63 64
65 66 67
68 69 70
71 72 73
74 75 76
74 76 77
74 78 75
74 79 78
80 78 79
80 81 78
82 81 80
82 83 81
83 82 84
83 84 85
85 84 86
85 86 87
87 86 88
87 88 89
89 88 90
89 90 91
90 92 91
90 93 92
92 93 94
93 95 94
96 97 98
96 98 99
100 97 96
100 101 97
102 101 100
102 103 101
104 103 102
104 105 103
105 104 106
105 106 107
108 99 98
108 109 99
109 108 110
109 110 111
112 108 113
114 115 116
116 117 114
116 118 117
115 119 116
119 115 120
121 119 120
121 122 119
123 124 125
126 127 128
129 130 131
132 133 134
135 136 137
135 137 138
139 138 137
139 137 140
139 140 141
139 141 142
142 141 143
142 143 144
145 144 143
145 146 144
147 146 145
147 148 146
149 148 147
149 150 148
151 150 149
151 152 150
153 152 151
153 154 152
153 155 154
156 155 153
157 158 159
157 159 160
160 159 161
160 161 162
162 161 163
162 163 164
164 163 165
164 165 166
166 165 167
166 167 168
169 168 167
169 170 168
158 157 171
158 171 172
157 173 174
175 176 177
178 177 176
178 176 179
180 176 175
175 181 180
180 181 182
183 180 182
184 185 186
187 188 189
190 191 192
193 194 195
196 197 198
196 198 199
200 198 197
200 201 198
200 202 201
200 203 202
203 204 202
203 205 204
206 204 205
206 205 207
208 206 207
208 207 209
210 208 209
210 209 211
212 210 211
212 211 213
212 213 214
212 214 215
216 215 214
216 217 215
218 219 220
218 220 221
219 222 220
219 223 222
223 224 222
223 225 224
225 226 224
225 227 226
228 226 227
228 227 229
218 221 230
218 230 231
230 232 231
230 233 232
234 231 235
236 237 238
239 236 238
239 240 236
236 241 237
242 237 241
242 241 243
241 244 243
245 246 247
248 249 250
251 252 253
254 255 256
257 258 259
260 261 262
263 264 265
266 267 268
269 270 271
272 273 274
275 276 277
275 277 278
278 279 275
280 281 282
283 284 285
286 287 288
289 290 291
291 292 289
291 293 292
294 295 296
297 295 294
294 298 297
299 300 301
302 300 299
299 303 302
304 305 306
307 308 309
310 311 312
313 314 315
315 316 313
316 317 313
316 315 318
316 318 319
319 320 316
319 321 320
322 314 313
323 320 321
323 321 324
324 325 323
314 322 326
322 327 326
322 313 328
317 328 313
329 322 328
322 329 330
331 330 329
332 330 331
332 322 330
327 322 332
332 331 333
331 334 333
331 335 334
335 331 329
324 321 336
336 321 319
336 319 337
324 336 338
339 324 338
339 338 340
341 339 340
342 339 341
339 342 325
325 324 339
343 325 342
319 318 337
343 344 325
345 344 343
345 346 344
347 346 345
347 348 346
335 348 347
334 335 347
349 350 351
352 349 353
354 352 353
354 353 355
356 354 355
357 356 355
358 357 355
358 355 359
359 355 360
353 361 360
353 350 361
350 362 361
362 363 361
364 353 360
365 359 360
366 359 365
367 366 365
366 368 359
369 365 360
370 369 360
361 370 360
361 363 370
363 371 370
372 369 370
371 372 370
372 373 369
374 367 365
374 365 369
369 373 374
375 367 374
376 375 374
374 377 376
374 373 377
378 379 380
380 379 381
381 379 382
381 382 383
378 384 379
384 378 385
386 387 388
389 387 386
386 390 389
391 392 393
394 392 391
394 395 392
396 397 393
396 398 397
399 400 401
399 401 402
400 403 401
400 404 403
405 404 400
399 405 400
406 405 399
403 404 407
407 404 408
408 404 409
405 409 404
410 399 402
410 411 399
399 411 406
410 412 411
411 412 406
413 414 415
416 413 415
416 415 417
418 416 417
419 418 417
419 417 420
421 419 420
421 420 422
423 421 422
414 424 415
415 424 425
424 426 425
426 427 425
427 423 428
425 427 428
429 430 431
431 430 432
430 433 432
432 433 434
434 435 432
436 430 429
436 433 430
437 431 432
437 432 435
431 437 438
431 438 439
440 431 439
441 431 440
442 438 437
437 443 442
442 443 444
442 444 445
446 445 444
447 445 446
447 446 448
445 447 449
445 449 450
445 450 442
451 448 446
446 452 451
452 453 451
452 454 453
454 455 453
456 452 446
446 444 456
454 452 456
456 457 454
458 455 459
455 458 460
457 461 460
462 463 464
462 464 465
466 462 465
466 465 467
468 466 467
468 467 469
463 470 464
463 471 470
471 472 470
471 473 472
473 474 472
474 475 472
476 475 474
476 474 477
477 478 476
477 479 478
479 480 478
479 481 480
481 482 480
481 483 482
483 484 482
483 485 484
483 486 485
486 487 485
485 487 488
485 488 489
488 487 490
488 490 491
490 492 491
493 494 495
495 494 496
495 496 497
498 497 496
498 499 497
499 498 500
493 501 494
500 498 502
502 498 503
500 502 504
502 505 504
502 506 505
506 507 505
508 506 502
508 502 509
502 503 509
510 505 507
507 511 510
511 512 510
511 513 512
513 514 512
513 515 514
515 513 516
516 513 511
515 516 517
518 515 517
518 519 515
515 519 520
515 520 521
515 521 514
514 521 522
521 520 523
521 523 522
520 524 523
520 525 524
525 520 526
519 526 520
526 493 525
526 501 493
526 519 527
527 519 518
526 527 501
527 528 501
527 529 528
528 529 530
531 435 434
532 506 508
533 534 535
534 536 535
534 537 536
537 538 536
537 539 538
538 539 540
541 533 535
540 542 538
540 543 542
543 544 542
543 545 544
544 545 546
545 547 546
547 548 546
549 546 548
550 549 548
550 548 551
551 552 550
550 553 549
554 553 550
554 550 555
555 556 554
557 555 550
555 558 556
556 558 559
560 561 562
560 562 563
564 565 566
567 568 569
567 569 570
568 567 571
572 573 574
573 575 574
573 576 577
576 573 578
579 578 573
580 579 573
581 580 573
578 582 576
582 583 576
584 585 586
585 584 587
587 588 585
585 588 589
587 590 588
590 591 588
588 591 592
593 588 594
588 593 595
596 597 598
599 596 598
599 600 596
601 602 603
601 603 604
602 601 605
606 607 608
607 606 609
608 607 610
609 606 611
607 612 610
609 612 607
613 612 609
614 615 616
616 617 614
618 617 616
619 618 616
616 615 619
620 618 619
619 615 621
622 623 624
622 624 625
626 625 624
626 627 625
627 628 625
627 629 628
629 630 628
629 631 630
631 632 630
631 633 632
634 632 633
635 626 624
635 624 636
636 624 623
637 635 636
637 636 638
639 628 630
630 632 639
639 640 628
625 628 640
641 638 636
641 642 638
642 643 638
643 644 638
638 644 637
636 623 641
625 640 622
645 646 647
645 647 648
649 650 651
652 653 654
652 654 655
655 656 652
657 658 659
658 660 659
661 659 662
662 659 663
663 659 664
664 659 665
665 666 664
666 665 667
668 665 659
669 670 671
672 673 674
674 675 672
676 674 677
678 674 676
677 674 679
674 680 679
676 681 678
674 678 682
683 684 685
683 686 684
686 683 687
687 683 688
684 686 689
683 685 690
683 691 688
692 693 694
693 692 695
696 697 698
697 699 698
699 700 698
701 698 700
701 702 698
703 699 697
696 698 704
705 706 707
708 709 710
711 712 713
714 715 716
717 718 719
720 721 722
723 724 725
726 724 723
725 727 723
727 728 723
723 728 729
723 729 726
730 724 731
732 724 730
731 733 730
733 734 730
730 734 735
730 735 732
736 737 738
738 739 736
738 737 740
740 741 738
738 742 739
741 742 738
743 737 744
745 737 743
744 746 743
746 747 743
743 747 748
743 748 745
749 750 751
749 751 752
753 750 749
753 749 754
755 756 757
755 757 758
759 757 756
759 756 760
761 762 763
764 762 761
764 761 765
765 766 764
767 766 768
768 769 767
768 770 769
770 771 769
772 773 774
772 774 775
776 773 772
776 772 777
778 779 780
778 780 781
782 780 779
782 779 783
784 785 786
784 786 787
787 788 784
785 789 786
790 788 791
791 792 790
791 793 792
793 794 792
795 796 797
795 797 798
799 796 795
799 795 800
801 802 803
801 803 804
805 803 802
805 802 806
807 808 809
807 809 810
811 808 807
811 807 812
813 814 815
813 815 816
817 815 814
817 814 818
819 820 821
822 819 821
822 821 823
824 825 826
824 826 827
825 828 826
829 830 831
829 831 832
831 833 832
829 834 830
835 836 837
838 835 837
838 837 839
840 841 842
840 842 843
841 844 842
845 846 847
845 847 848
847 849 848
845 850 846
851 852 853
854 851 853
854 853 855
856 857 858
856 858 859
857 860 858
861 862 863
861 863 864
863 865 864
861 866 862
867 868 869
870 867 869
870 869 871
872 873 874
872 874 875
873 876 874
877 878 879
877 879 880
877 880 881
880 882 881
883 884 885
883 885 886
884 887 888
884 888 889
887 890 888
887 891 890
891 892 890
891 893 892
893 894 892
893 895 894
894 895 896
894 896 897
896 898 897
896 899 898
899 900 898
899 901 900
901 902 900
901 903 902
903 904 902
903 905 904
906 907 908
906 908 909
910 911 908
910 912 911
912 913 911
912 914 913
914 915 913
914 916 915
916 917 915
916 918 917
917 918 919
917 919 920
919 921 920
919 922 921
922 923 921
922 924 923
925 923 924
925 926 923
925 927 926
925 928 927
929 930 931
929 931 932
933 934 935
933 935 936
937 938 939
937 939 940
938 941 939
938 942 941
942 943 941
942 944 943
944 945 943
944 946 945
945 946 947
945 947 948
947 949 948
947 950 949
950 951 949
950 952 951
953 951 952
953 954 951
954 953 955
955 956 954
955 957 956
958 959 960
958 960 961
959 962 960
959 963 962
963 964 962
963 965 964
965 966 964
965 967 966
968 966 967
968 969 966
968 970 969
968 971 970
971 972 970
971 973 972
974 972 973
974 973 975
974 975 976
975 977 976
975 978 977
979 980 981
982 983 984
985 986 987
985 988 986
985 989 988
989 990 988
990 991 988
990 992 991
989 993 990
994 995 996
995 997 996
995 998 997
999 997 998
999 1000 997
999 998 1001
1002 999 1001
1003 1004 1005
1003 1005 1006
1006 1005 1007
1006 1007 1008
1009 1008 1007
1009 1010 1008
1009 1011 1010
1009 1012 1011
1013 1014 1015
1013 1015 1016
1016 1015 1017
1016 1017 1018
1017 1019 1018
1017 1020 1019
1020 1021 1019
1020 1022 1021
1023 1024 1025
1023 1025 1026
1027 1028 1029
1027 1029 1030
1031 1028 1027
1031 1027 1032
1033 1034 1035
1036 1037 1038
1037 1036 1039
1040 1041 1042
1040 1042 1043
1044 1045 1046
1044 1046 1047
1048 1049 1050
1048 1050 1051
1052 1053 1054
1052 1054 1055
1056 1057 1058
1056 1058 1059
1060 1061 1062
1060 1062 1063
1061 1064 1065
1061 1065 1066
1064 1067 1065
1064 1068 1067
1068 1069 1067
1068 1070 1069
1070 1071 1069
1070 1072 1071
1071 1072 1073
1071 1073 1074
1073 1075 1074
1073 1076 1075
1076 1077 1075
1076 1078 1077
1078 1079 1077
1078 1080 1079
1080 1081 1079
1080 1082 1081
1083 1084 1085
1083 1085 1086
1087 1088 1085
1087 1089 1088
1089 1090 1088
1089 1091 1090
1091 1092 1090
1091 1093 1092
1093 1094 1092
1093 1095 1094
1094 1095 1096
1094 1096 1097
1096 1098 1097
1096 1099 1098
1099 1100 1098
1099 1101 1100
1102 1100 1101
1102 1103 1100
1102 1104 1103
1102 1105 1104
1106 1107 1108
1106 1108 1109
1110 1111 1112
1110 1112 1113
1114 1115 1116
1114 1116 1117
1115 1118 1116
1115 1119 1118
1119 1120 1118
1119 1121 1120
1121 1122 1120
1121 1123 1122
1122 1123 1124
1122 1124 1125
1124 1126 1125
1124 1127 1126
1127 1128 1126
1127 1129 1128
1130 1128 1129
1130 1131 1128
1132 1131 1130
1132 1133 1131
1132 1134 1133
1135 1136 1137
1135 1137 1138
1136 1139 1137
1136 1140 1139
1140 1141 1139
1140 1142 1141
1142 1143 1141
1142 1144 1143
1145 1143 1144
1145 1146 1143
1145 1147 1146
1145 1148 1147
1148 1149 1147
1148 1150 1149
1151 1149 1150
1151 1150 1152
1153 1151 1152
1152 1154 1153
1152 1155 1154
1156 1157 1158
1159 1160 1161
1162 1163 1164
1162 1165 1163
1162 1166 1165
1166 1167 1165
1166 1168 1167
1167 1169 1165
1167 1170 1169
1171 1172 1173
1172 1174 1173
1172 1175 1174
1176 1174 1175
1176 1177 1174
1176 1175 1178
1179 1176 1178
1180 1181 1182
1180 1182 1183
1183 1182 1184
1183 1184 1185
1186 1185 1184
1186 1187 1185
1186 1188 1187
1186 1189 1188
1190 1191 1192
1190 1192 1193
1193 1192 1194
1193 1194 1195
1194 1196 1195
1194 1197 1196
1197 1198 1196
1197 1199 1198
1200 1201 1202
1200 1202 1203
1204 1205 1206
1204 1206 1207
1208 1205 1204
1208 1204 1209
1210 1211 1212
1213 1214 1215
1214 1213 1216
1217 1218 1219
1217 1219 1220
1221 1222 1223
1221 1223 1224
1225 1226 1227
1225 1227 1228
1229 1230 1231
1229 1231 1232
1233 1234 1235
1233 1235 1236
1237 1238 1239
1237 1239 1240
1241 1242 1243
1241 1243 1244
1245 1246 1247
1245 1247 1248
1249 1250 1251
1249 1251 1252
1250 1253 1254
1250 1254 1255
1253 1256 1254
1253 1257 1256
1257 1258 1256
1257 1259 1258
1259 1260 1258
1259 1261 1260
1260 1261 1262
1260 1262 1263
1262 1264 1263
1262 1265 1264
1265 1266 1264
1265 1267 1266
1267 1268 1266
1267 1269 1268
1269 1270 1268
1269 1271 1270
1272 1273 1274
1272 1274 1275
1276 1277 1274
1276 1278 1277
1278 1279 1277
1278 1280 1279
1280 1281 1279
1280 1282 1281
1282 1283 1281
1282 1284 1283
1283 1284 1285
1283 1285 1286
1285 1287 1286
1285 1288 1287
1288 1289 1287
1288 1290 1289
1291 1289 1290
1291 1292 1289
1291 1293 1292
1291 1294 1293
1295 1296 1297
1295 1297 1298
1299 1300 1301
1299 1301 1302
1303 1304 1305
1303 1305 1306
1304 1307 1305
1304 1308 1307
1308 1309 1307
1308 1310 1309
1310 1311 1309
1310 1312 1311
1311 1312 1313
1311 1313 1314
1313 1315 1314
1313 1316 1315
1316 1317 1315
1316 1318 1317
1319 1317 1318
1319 1320 1317
1320 1319 1321
1321 1322 1320
1321 1323 1322
1324 1325 1326
1324 1326 1327
1325 1328 1326
1325 1329 1328
1329 1330 1328
1329 1331 1330
1331 1332 1330
1331 1333 1332
1334 1332 1333
1334 1335 1332
1334 1336 1335
1334 1337 1336
1337 1338 1336
1337 1339 1338
1340 1338 1339
1340 1339 1341
1340 1341 1342
1341 1343 1342
1341 1344 1343
1345 1346 1347
1348 1349 1350
1351 1352 1353
1351 1354 1352
1351 1355 1354
1356 1354 1355
1356 1357 1354
1357 1358 1354
1357 1359 1358
1360 1361 1362
1361 1363 1362
1361 1364 1363
1365 1363 1364
1365 1366 1363
1365 1364 1367
1368 1365 1367
1369 1370 1371
1369 1371 1372
1372 1371 1373
1372 1373 1374
1375 1374 1373
1375 1376 1374
1375 1377 1376
1375 1378 1377
1379 1380 1381
1379 1381 1382
1382 1381 1383
1382 1383 1384
1383 1385 1384
1383 1386 1385
1386 1387 1385
1386 1388 1387
1389 1390 1391
1389 1391 1392
1393 1394 1395
1393 1395 1396
1397 1394 1393
1397 1393 1398
1399 1400 1401
1399 1401 1402
1403 1404 1405
1406 1407 1408
1407 1406 1409
1410 1411 1412
1410 1412 1413
1414 1415 1416
1414 1416 1417
1418 1419 1420
1418 1420 1421
1422 1423 1424
1422 1424 1425
1426 1427 1428
1426 1428 1429
1430 1431 1432
1430 1432 1433
1431 1434 1435
1431 1435 1436
1434 1437 1435
1434 1438 1437
1438 1439 1437
1438 1440 1439
1440 1441 1439
1440 1442 1441
1441 1442 1443
1441 1443 1444
1443 1445 1444
1443 1446 1445
1446 1447 1445
1446 1448 1447
1448 1449 1447
1448 1450 1449
1450 1451 1449
1450 1452 1451
1453 1454 1455
1453 1455 1456
1457 1458 1455
1457 1459 1458
1459 1460 1458
1459 1461 1460
1461 1462 1460
1461 1463 1462
1463 1464 1462
1463 1465 1464
1464 1465 1466
1464 1466 1467
1466 1468 1467
1466 1469 1468
1469 1470 1468
1469 1471 1470
1472 1470 1471
1472 1473 1470
1472 1474 1473
1472 1475 1474
1476 1477 1478
1476 1478 1479
1480 1481 1482
1480 1482 1483
1484 1485 1486
1484 1486 1487
1485 1488 1486
1485 1489 1488
1489 1490 1488
1489 1491 1490
1491 1492 1490
1491 1493 1492
1492 1493 1494
1492 1494 1495
1494 1496 1495
1494 1497 1496
1497 1498 1496
1497 1499 1498
1500 1498 1499
1500 1501 1498
1501 1500 1502
1502 1503 1501
1502 1504 1503
1505 1506 1507
1505 1507 1508
1506 1509 1507
1506 1510 1509
1510 1511 1509
1510 1512 1511
1512 1513 1511
1512 1514 1513
1515 1513 1514
1515 1516 1513
1515 1517 1516
1515 1518 1517
1518 1519 1517
1518 1520 1519
1521 1519 1520
1521 1520 1522
1521 1522 1523
1522 1524 1523
1522 1525 1524
1526 1527 1528
1529 1530 1531
1529 1532 1530
1529 1533 1532
1533 1534 1532
1534 1535 1532
1534 1536 1535
1533 1537 1534
1538 1539 1540
1539 1541 1540
1539 1542 1541
1543 1541 1542
1543 1544 1541
1543 1542 1545
1546 1543 1545
1547 1548 1549
1547 1549 1550
1550 1549 1551
1550 1551 1552
1553 1552 1551
1553 1554 1552
1553 1555 1554
1553 1556 1555
1557 1558 1559
1557 1559 1560
1560 1559 1561
1560 1561 1562
1561 1563 1562
1561 1564 1563
1564 1565 1563
1564 1566 1565
1567 1568 1569
1567 1569 1570
1571 1572 1573
1571 1573 1574
1575 1572 1571
1575 1571 1576
1577 1578 1579
1580 1581 1582
1581 1580 1583
1584 1585 1586
1584 1586 1587
1588 1589 1590
1588 1590 1591
1592 1593 1594
1592 1594 1595
1596 1597 1598
1596 1598 1599
1600 1601 1602
1600 1602 1603
1604 1605 1606
1604 1606 1607
1608 1609 1610
1608 1610 1611
1612 1613 1614
1612 1614 1615
1616 1617 1618
1616 1618 1619
1620 1621 1622
1620 1622 1623
1624 1625 1626
1624 1626 1627
1628 1629 1630
1628 1630 1631
1632 1633 1634
1632 1634 1635
1636 1637 1638
1636 1638 1639
1640 1641 1642
1643 1644 1645
1646 1644 1647
1648 1649 1650
1651 1649 1652
1653 1654 1655
1656 1657 1658
1659 1660 1661
1659 1661 1662
1661 1663 1662
1663 1661 1664
1664 1665 1666
1665 1667 1666
1667 1661 1668
1669 1665 1660
1661 1670 1668
1671 1665 1669
1672 1673 1674
1675 1676 1677
1678 1679 1680
1681 1678 1680
1679 1682 1680
1683 1681 1680
1682 1684 1685
1686 1687 1688
1687 1689 1688
1689 1690 1688
1691 1686 1692
1693 1691 1692
1694 1695 1696
1694 1697 1695
1694 1698 1697
1694 1699 1698
1694 1700 1699
1694 1701 1700
1702 1696 1695
1702 1703 1696
1704 1702 1695
1704 1695 1697
1705 1704 1697
1705 1697 1698
1706 1705 1698
1706 1698 1699
1707 1706 1699
1707 1699 1700
1708 1707 1700
1708 1700 1701
1705 1709 1704
1704 1709 1710
1710 1711 1704
1710 1712 1711
1711 1712 1713
1713 1703 1711
1713 1714 1703
1715 1709 1705
1716 1715 1705
1716 1705 1706
1706 1717 1716
1718 1717 1706
1718 1706 1719
1720 1718 1719
1708 1720 1719
1721 1720 1708
1694 1722 1723
1694 1724 1722
1694 1725 1724
1694 1726 1725
1694 1727 1726
1694 1728 1727
1729 1723 1722
1729 1730 1723
1731 1729 1722
1731 1722 1724
1732 1731 1724
1732 1724 1725
1733 1732 1725
1733 1725 1726
1734 1733 1726
1734 1726 1727
1735 1734 1727
1735 1727 1728
1732 1736 1731
1731 1736 1737
1737 1738 1731
1737 1739 1738
1739 1740 1738
1740 1730 1738
1740 1741 1730
1742 1736 1732
1743 1742 1732
1743 1732 1733
1733 1744 1743
1745 1744 1733
1745 1733 1746
1746 1747 1745
1735 1747 1746
1748 1747 1735
1749 1750 1751
1750 1752 1751
1752 1753 1751
1753 1754 1751
1754 1755 1751
1755 1756 1751
1749 1757 1750
1749 1758 1757
1750 1757 1759
1750 1759 1752
1752 1759 1760
1752 1760 1753
1753 1760 1761
1753 1761 1754
1754 1761 1762
1754 1762 1755
1755 1762 1763
1755 1763 1756
1759 1764 1760
1764 1759 1765
1766 1765 1759
1766 1767 1765
1767 1766 1768
1758 1768 1766
1758 1769 1768
1760 1764 1770
1760 1770 1771
1760 1771 1761
1772 1761 1771
1761 1772 1773
1761 1773 1774
1775 1774 1773
1774 1775 1763
1763 1775 1776
1777 1778 1751
1778 1779 1751
1779 1780 1751
1780 1781 1751
1781 1782 1751
1782 1783 1751
1777 1784 1778
1777 1785 1784
1778 1784 1786
1778 1786 1779
1779 1786 1787
1779 1787 1780
1780 1787 1788
1780 1788 1781
1781 1788 1789
1781 1789 1782
1782 1789 1790
1782 1790 1783
1786 1791 1787
1791 1786 1792
1793 1792 1786
1793 1794 1792
1794 1793 1795
1785 1795 1793
1785 1796 1795
1787 1791 1797
1787 1797 1798
1787 1798 1788
1799 1788 1798
1788 1799 1800
1788 1800 1801
1802 1801 1800
1801 1802 1790
1790 1802 1803
1804 1805 1806
1804 1806 1807
1808 1805 1804
1808 1809 1805
1810 1809 1808
1810 1811 1809
1812 1811 1810
1812 1813 1811
1814 1815 1813
1814 1813 1816
1817 1818 1815
1817 1815 1819
1820 1806 1821
1820 1821 1822
1823 1824 1825
1823 1825 1826
1827 1825 1828
1827 1828 1829
1830 1831 1824
1832 1831 1830
1832 1833 1831
1834 1833 1832
1834 1835 1833
1830 1824 1836
1837 1838 1835
1839 1838 1837
1839 1840 1838
1837 1835 1841
1842 1843 1844
1842 1844 1845
1846 1847 1848
1846 1848 1849
1850 1851 1852
1850 1852 1853
1852 1851 1854
1852 1854 1855
1852 1855 1856
1855 1857 1856
1858 1856 1857
1858 1859 1856
1859 1860 1856
1852 1856 1860
1852 1860 1853
1859 1861 1860
1861 1859 1862
1861 1862 1863
1864 1861 1863
1860 1861 1864
1864 1863 1865
1859 1858 1866
1859 1866 1862
1867 1862 1866
1867 1868 1862
1868 1863 1862
1868 1869 1863
1865 1863 1869
1865 1869 1870
1871 1869 1868
1870 1869 1871
1871 1868 1872
1873 1871 1872
1873 1874 1871
1874 1870 1871
1875 1873 1872
1872 1876 1875
1868 1867 1876
1868 1876 1872
1877 1873 1875
1877 1875 1878
1878 1879 1877
1878 1880 1879
1881 1874 1873
1881 1873 1877
1874 1881 1882
1874 1882 1883
1874 1883 1870
1884 1883 1882
1884 1882 1885
1881 1885 1882
1884 1885 1886
1885 1887 1886
1886 1887 1888
1886 1888 1889
1885 1890 1887
1890 1891 1887
1892 1887 1891
1892 1891 1893
1890 1894 1891
1895 1894 1890
1885 1895 1890
1895 1896 1894
1894 1897 1891
1897 1894 1896
1896 1898 1897
1895 1899 1896
1898 1896 1899
1895 1900 1899
1897 1898 1901
1902 1897 1901
1891 1897 1902
1893 1891 1902
1901 1903 1902
1902 1903 1904
1893 1902 1904
1905 1903 1901
1905 1906 1903
1903 1907 1904
1906 1907 1903
1908 1905 1901
1908 1901 1898
1899 1908 1898
1906 1909 1907
1908 1910 1905
1895 1879 1900
1899 1900 1911
1908 1899 1912
1912 1899 1911
1912 1913 1908
1910 1908 1913
1914 1910 1913
1915 1914 1913
1913 1916 1915
1916 1913 1912
1917 1914 1915
1916 1912 1918
1912 1911 1918
1918 1911 1880
1918 1880 1919
1880 1911 1900
1880 1900 1879
1878 1919 1880
1878 1920 1919
1875 1920 1878
1875 1921 1920
1917 1922 1914
1922 1917 1923
1923 1924 1922
1925 1922 1924
1914 1922 1925
1925 1924 1926
1926 1924 1927
1924 1928 1927
1928 1929 1927
1928 1930 1929
1931 1930 1928
1928 1924 1931
1924 1923 1931
1931 1932 1930
1933 1932 1931
1933 1931 1934
1923 1934 1931
1929 1935 1927
1926 1927 1935
1929 1936 1935
1937 1935 1936
1937 1926 1935
1937 1936 1938
1938 1939 1937
1937 1939 1907
1907 1939 1940
1939 1938 1941
1939 1941 1942
1943 1942 1941
1943 1944 1942
1940 1939 1945
1945 1939 1942
1944 1945 1942
1944 1946 1945
1946 1940 1945
1944 1947 1946
1947 1948 1946
1947 1949 1948
1948 1904 1946
1904 1907 1940
1946 1904 1940
1948 1893 1904
1948 1892 1893
1950 1944 1943
1950 1943 1951
1952 1950 1951
1952 1951 1953
1954 1950 1952
1954 1955 1950
1955 1947 1944
1955 1944 1950
1956 1955 1954
1956 1957 1955
1957 1949 1947
1957 1947 1955
1958 1957 1956
1958 1959 1957
1959 1949 1957
1953 1960 1952
1952 1960 1954
1954 1960 1956
1956 1960 1958
1959 1961 1949
1949 1961 1962
1961 1963 1964
1961 1965 1963
1961 1966 1965
1966 1967 1965
1966 1968 1967
1969 1966 1961
1969 1961 1970
1971 1969 1970
1971 1970 1972
1973 1969 1971
1973 1974 1969
1974 1968 1966
1974 1966 1969
1972 1975 1971
1971 1976 1973
1977 1968 1974
1978 1977 1974
1978 1974 1979
1979 1976 1978
1980 1977 1978
1978 1976 1980
1980 1981 1977
1981 1982 1977
1977 1982 1968
1981 1983 1982
1982 1983 1984
1982 1984 1985
1985 1986 1982
1984 1987 1985
1984 1988 1987
1988 1989 1987
1988 1990 1989
1990 1853 1989
1990 1850 1853
1853 1991 1989
1853 1860 1991
1860 1864 1991
1992 1987 1989
1992 1989 1991
1992 1991 1993
1991 1864 1993
1994 1992 1993
1987 1992 1995
1985 1987 1995
1985 1995 1986
1994 1995 1992
1995 1967 1986
1967 1995 1996
1996 1997 1967
1997 1996 1998
1998 1994 1993
1993 1865 1998
1993 1864 1865
1998 1865 1870
1998 1999 1997
1883 1999 1998
1998 1870 1883
1999 2000 1997
1999 1884 2000
1884 1999 1883
2000 1884 1886
2000 1886 1889
1997 2000 1965
1965 2000 1889
1967 1997 1965
1965 1889 1963
1963 1889 1888
1963 1888 1964
1986 1967 1968
1986 1968 1982
1948 1962 1888
1949 1962 1948
1885 2001 1895
1895 2001 1879
1881 2001 1885
2001 1881 1877
2001 1877 1879
2002 2003 1855
2002 1855 1854
1855 2003 1857
1914 1925 1910
1905 1910 1925
1905 1925 1906
1926 1906 1925
1926 1909 1906
1937 1909 1926
1907 1909 1937
2004 1921 1875
2004 1875 1876
1867 2004 1876
2005 2006 2007
2005 2007 2008
2008 2007 2009
2008 2009 2010
2010 2009 2011
2010 2011 2012
2012 2011 2013
2012 2013 2014
2015 2006 2005
2015 2016 2006
2017 2016 2015
2017 2018 2016
2019 2018 2017
2019 2020 2018
2021 2020 2019
2021 2022 2020
2023 2022 2021
2023 2024 2022
2025 2024 2023
2025 2026 2024
2027 2026 2025
2027 2028 2026
2029 2028 2027
2029 2030 2028
2031 2032 2030
2031 2030 2033
2034 2035 2036
2034 2036 2037
2037 2036 2038
2037 2038 2039
2039 2038 2040
2039 2040 2041
2041 2040 2042
2041 2042 2043
2044 2045 2046
2044 2046 2047
2047 2046 2048
2047 2048 2049
2049 2048 2050
2049 2050 2051
2052 2053 2054
2052 2054 2055
2055 2054 2056
2055 2056 2057
2057 2056 2058
2057 2058 2059
2059 2058 2060
2059 2060 2061
2061 2060 2062
2061 2062 2063
2063 2062 2064
2063 2064 2065
2065 2064 2066
2065 2066 2067
2067 2066 2068
2067 2068 2069
2069 2068 2070
2069 2070 2071
2071 2070 2072
2071 2072 2073
2073 2072 2074
2073 2074 2075
2075 2074 2076
2075 2076 2077
2077 2076 2078
2077 2078 2079
2079 2078 2080
2079 2080 2081
2082 2083 2084
2082 2084 2085
2085 2084 2086
2085 2086 2087
2087 2086 2088
2087 2088 2089
2090 2091 2092
2090 2092 2093
2094 2095 2096
2094 2096 2097
2097 2096 2098
2097 2098 2099
2099 2098 2100
2099 2100 2101
2102 2103 2104
2102 2104 2105
2105 2104 2106
2105 2106 2107
2108 2109 2110
2108 2110 2111
2112 2113 2114
2115 2112 2114
2114 2116 2115
2116 2114 2117
2114 2118 2117
2118 2114 2119
2117 2120 2116
2121 2120 2117
2121 2117 2118
2120 2122 2116
2122 2120 2123
2115 2124 2112
2119 2114 2125
2113 2125 2114
2120 2121 2126
2126 2127 2120
2128 2120 2127
2120 2128 2123
2124 2115 2129
2130 2124 2129
2129 2131 2130
2131 2129 2132
2133 2131 2132
2133 2132 2134
2134 2135 2133
2134 2136 2135
2135 2136 2137
2133 2135 2137
2136 2138 2137
2136 2139 2138
2139 2140 2138
2140 2139 2141
2141 2142 2140
2133 2137 2143
2133 2143 2144
2144 2131 2133
2145 2131 2144
2145 2130 2131
2146 2142 2141
2146 2141 2147
2147 2141 2148
2141 2149 2148
2150 2149 2136
2149 2150 2148
2147 2148 2151
2152 2147 2151
2152 2151 2153
2154 2152 2153
2153 2155 2154
2156 2155 2153
2157 2155 2156
2156 2158 2157
2158 2156 2159
2159 2160 2158
2160 2159 2161
2161 2162 2160
2161 2163 2162
2164 2162 2163
2165 2164 2163
2163 2166 2165
2167 2165 2166
2167 2168 2165
2168 2167 2169
2157 2170 2155
2155 2170 2171
2172 2157 2158
2172 2173 2157
2173 2170 2157
2166 2174 2167
2175 2167 2174
2174 2122 2175
2165 2176 2164
2164 2176 2177
2176 2165 2178
2178 2165 2168
2179 2169 2167
2175 2179 2167
2180 2179 2175
2122 2123 2175
2123 2181 2175
2175 2181 2182
2181 2123 2183
2183 2123 2128
2158 2184 2172
2185 2184 2158
2186 2185 2158
2186 2158 2160
2160 2162 2186
2162 2187 2186
2177 2187 2162
2177 2162 2164
2152 2188 2189
2152 2189 2190
2191 2188 2152
2191 2152 2154
2154 2192 2191
2154 2155 2192
2192 2155 2171
2190 2147 2152
2147 2190 2193
2146 2147 2193
2124 2194 2195
2196 2194 2124
2196 2124 2130
2145 2196 2130
2197 2124 2195
2197 2112 2124
2197 2198 2112
2113 2112 2198
2134 2150 2136
2199 2200 2201
2201 2200 2202
2203 2200 2199
2204 2200 2203
2205 2200 2204
2206 2200 2205
2207 2200 2206
2208 2200 2207
2202 2200 2209
2209 2200 2210
2210 2200 2211
2211 2200 2212
2212 2200 2213
2213 2200 2214
2214 2200 2215
2215 2200 2208
2216 2217 2218
2219 2217 2216
2217 2219 2220
2220 2221 2217
2217 2221 2222
2222 2223 2217
2221 2220 2224
2225 2221 2224
2225 2222 2221
2224 2220 2226
2226 2227 2224
2219 2216 2228
2223 2229 2217
2218 2217 2229
2224 2230 2225
2230 2224 2231
2232 2231 2224
2224 2227 2232
2228 2233 2219
2234 2233 2228
2233 2234 2235
2235 2236 2233
2237 2236 2235
2237 2238 2236
2238 2237 2239
2238 2239 2240
2239 2241 2240
2237 2241 2239
2240 2241 2242
2240 2242 2243
2243 2242 2244
2245 2240 2243
2238 2240 2245
2243 2246 2245
2247 2246 2243
2244 2247 2243
2247 2244 2248
2249 2246 2247
2249 2250 2246
2251 2250 2249
2251 2252 2250
2253 2252 2251
2252 2253 2254
2255 2252 2254
2256 2255 2254
2255 2256 2257
2257 2258 2255
2258 2257 2259
2259 2260 2258
2260 2259 2261
2260 2261 2262
2263 2262 2261
2263 2264 2262
2264 2263 2265
2265 2266 2264
2256 2254 2267
2254 2268 2267
2269 2268 2254
2270 2257 2256
2270 2256 2271
2271 2256 2267
2257 2270 2272
2265 2273 2266
2266 2273 2274
2275 2274 2273
2274 2226 2266
2273 2265 2276
2273 2276 2275
2265 2263 2277
2263 2278 2277
2277 2279 2265
2279 2276 2265
2275 2280 2274
2274 2280 2281
2274 2281 2282
2282 2227 2274
2226 2274 2227
2282 2283 2227
2283 2284 2227
2278 2263 2261
2278 2261 2285
2261 2286 2285
2259 2286 2261
2286 2259 2257
2286 2257 2287
2287 2257 2272
2251 2288 2289
2251 2290 2288
2291 2251 2289
2291 2253 2251
2253 2291 2269
2253 2269 2254
2290 2251 2249
2249 2292 2290
2293 2292 2249
2293 2249 2247
2293 2247 2248
2237 2294 2295
2237 2295 2241
2294 2237 2235
2296 2294 2235
2296 2235 2234
2296 2234 2297
2297 2234 2228
2297 2228 2298
2228 2299 2298
2300 2299 2228
2300 2228 2216
2300 2216 2301
2218 2301 2216
2302 2303 2304
2305 2306 2307
2308 2309 2310
2308 2311 2309
2309 2311 2312
2312 2313 2309
2313 2314 2315
2315 2314 2316
2316 2317 2309
2318 2310 2315
2309 2317 2319
2320 2318 2315
2321 2322 2323
2324 2325 2326
2327 2328 2329
2330 2328 2327
2329 2328 2331
2332 2328 2330
2331 2333 2334
2335 2336 2337
2337 2336 2338
2338 2336 2339
2340 2341 2335
2342 2341 2340
2343 2344 2345
2343 2345 2346
2346 2347 2343
2347 2348 2343
2345 2349 2346
2343 2350 2344
2343 2348 2350
2351 2352 2353
2353 2354 2351
2355 2356 2357
2357 2356 2358
2358 2356 2359
2360 2359 2356
2360 2356 2361
2355 2361 2356
2362 2357 2358
2363 2364 2365
2363 2365 2366
2367 2364 2363
2367 2368 2364
2366 2369 2363
2366 2370 2369
2363 2369 2371
2363 2371 2367
2372 2373 2370
2372 2374 2373
2374 2371 2373
2374 2372 2375
2374 2375 2376
2377 2374 2376
2377 2376 2378
2374 2379 2371
2380 2381 2379
2380 2382 2381
2383 2381 2382
2383 2382 2384
2377 2385 2386
2377 2386 2387
2385 2383 2388
2385 2388 2386
2389 2387 2390
2389 2390 2391
2391 2390 2388
2391 2388 2392
2393 2389 2394
2393 2394 2395
2392 2395 2394
2392 2396 2395
2397 2398 2399
2398 2400 2399
2398 2401 2400
2402 2401 2398
2402 2398 2397
2403 2402 2397
2397 2399 2404
2405 2406 2407
2406 2408 2407
2408 2406 2409
2410 2409 2406
2411 2406 2405
2412 2411 2405
2405 2407 2413
2414 2415 2416
2416 2415 2417
2416 2417 2418
2419 2416 2418
2419 2414 2416
2420 2414 2419
2414 2421 2415
2422 2423 2424
2424 2423 2425
2425 2426 2424
2427 2424 2426
2428 2422 2424
2429 2422 2428
2422 2430 2423
2431 2432 2433
2434 2432 2431
2434 2431 2435
2436 2437 2438
2436 2438 2439
2439 2440 2436
2441 2442 2443
2443 2444 2441
2442 2445 2443
2444 2446 2441
2443 2445 2447
2444 2443 2447
2448 2444 2447
2449 2450 2451
2450 2449 2452
2453 2450 2452
2454 2450 2453
2450 2454 2451
2455 2454 2453
2454 2456 2451
2457 2458 2459
2459 2458 2460
2460 2458 2461
2461 2458 2462
2462 2458 2463
2463 2458 2464
2464 2458 2465
2465 2458 2457
2466 2467 2468
2469 2470 2471
2469 2471 2472
2471 2473 2472
2471 2474 2473
2473 2475 2472
2473 2476 2475
2477 2476 2473
2474 2477 2473
2469 2478 2470
2472 2475 2479
2472 2479 2469
2469 2479 2480
2475 2481 2479
2481 2482 2479
2483 2480 2479
2483 2479 2484
2482 2484 2479
2483 2484 2485
2483 2486 2480
2487 2486 2483
2487 2488 2486
2489 2488 2487
2489 2487 2490
2490 2487 2483
2490 2483 2485
2480 2491 2469
2492 2493 2494
2495 2496 2497
2498 2499 2500
2501 2502 2503
2504 2505 2506
2506 2507 2504
2506 2508 2507
2507 2508 2509
2507 2509 2510
2509 2508 2511
2509 2511 2512
2513 2509 2512
2510 2509 2513
2508 2514 2511
2508 2506 2514
2506 2515 2514
2511 2514 2516
2516 2514 2517
2518 2514 2515
2518 2519 2514
2517 2514 2519
2518 2520 2519
2518 2515 2521
2522 2518 2521
2522 2521 2523
2524 2522 2523
2524 2525 2522
2525 2520 2518
2525 2518 2522
2515 2506 2526
2527 2528 2529
2530 2531 2532
2533 2534 2535
2536 2537 2538
2536 2538 2539
2537 2540 2538
2537 2541 2540
2542 2543 2541
2542 2541 2544
2545 2542 2544
2545 2544 2546
2547 2548 2549
2547 2549 2550
2547 2550 2551
2547 2551 2552
2547 2552 2553
2547 2553 2554
2547 2554 2555
2547 2555 2556
2547 2556 2557
2547 2557 2558
2547 2558 2559
2547 2559 2560
2547 2560 2561
2547 2561 2562
2547 2562 2563
2564 2549 2548
2550 2565 2551
2551 2565 2566
2552 2566 2567
2553 2567 2568
2553 2568 2554
2557 2569 2558
2557 2570 2569
2558 2569 2571
2558 2571 2559
2559 2571 2572
2559 2572 2560
2560 2572 2573
2560 2573 2561
2561 2573 2574
2561 2574 2562
2562 2574 2575
2562 2575 2576
2577 2568 2578
2577 2578 2555
2579 2578 2580
2579 2580 2556
2581 2580 2570
2581 2570 2557
2563 2575 2582
2563 2582 2583
2547 2563 2584
2547 2583 2585
2547 2585 2586
2547 2586 2587
2547 2587 2548
2584 2582 2588
2584 2588 2585
2585 2588 2589
2585 2589 2586
2586 2589 2590
2586 2590 2587
2587 2590 2564
2587 2564 2548
2564 2591 2549
2549 2591 2592
2549 2592 2550
2550 2593 2565
2551 2566 2594
2552 2567 2595
2596 2597 2598
2596 2599 2597
2596 2600 2599
2596 2601 2600
2596 2602 2601
2596 2603 2602
2596 2604 2603
2596 2605 2604
2596 2606 2605
2596 2607 2606
2596 2608 2607
2596 2609 2608
2596 2610 2609
2596 2611 2610
2596 2612 2611
2613 2598 2597
2613 2597 2614
2597 2615 2614
2597 2599 2615
2602 2603 2616
2606 2607 2617
2606 2617 2618
2619 2606 2618
2619 2618 2620
2607 2608 2621
2607 2621 2617
2609 2610 2622
2610 2611 2623
2610 2623 2622
2596 2624 2612
2596 2625 2626
2596 2627 2625
2596 2628 2627
2596 2598 2628
2612 2626 2629
2612 2629 2630
2611 2630 2623
2611 2631 2630
2624 2625 2632
2624 2632 2629
2625 2627 2633
2625 2633 2632
2627 2628 2634
2627 2634 2633
2628 2598 2613
2628 2613 2634
2599 2600 2635
2599 2635 2636
2600 2637 2635
2600 2638 2637
2601 2639 2637
2601 2640 2639
2602 2616 2639
2641 2642 2616
2641 2604 2642
2643 2620 2642
2643 2605 2620
2608 2609 2644
2608 2644 2621
2609 2622 2644
2645 2646 2647
2645 2647 2648
2649 2646 2645
2649 2645 2650
2651 2648 2647
2651 2647 2652
2651 2652 2653
2651 2653 2654
2653 2655 2654
2656 2657 2658
2656 2658 2659
2660 2656 2659
2660 2659 2661
2661 2662 2660
2661 2663 2662
2664 2663 2661
2664 2661 2665
2663 2666 2662
2661 2659 2667
2661 2667 2665
2659 2658 2667
2658 2668 2667
2669 2666 2663
2663 2664 2670
2663 2670 2669
2671 2672 2673
2671 2673 2674
2672 2675 2673
2672 2676 2675
2677 2671 2674
2677 2674 2678
2679 2677 2678
2679 2678 2680
2679 2680 2681
2682 2683 2684
2682 2684 2685
2686 2682 2685
2686 2685 2687
2687 2688 2686
2687 2685 2689
2685 2684 2689
2684 2690 2689
2687 2689 2691
2692 2687 2691
2687 2693 2688
2692 2694 2687
2694 2695 2688
2694 2696 2695
2696 2694 2697
2694 2692 2697
2698 2699 2700
2701 2699 2698
2701 2702 2699
2703 2702 2701
2703 2704 2702
2703 2705 2704
2705 2706 2704
2705 2707 2706
2708 2706 2707
2708 2707 2709
2709 2710 2708
2708 2710 2711
2712 2703 2701
2712 2701 2713
2712 2713 2714
2713 2715 2714
2715 2713 2716
2710 2717 2711
2711 2717 2718
2711 2718 2719
2719 2720 2711
2711 2720 2708
2718 2721 2719
2720 2722 2708
2722 2720 2719
2723 2715 2716
2724 2723 2716
2724 2725 2723
2726 2725 2724
2727 2724 2716
2719 2721 2728
2722 2719 2728
2728 2721 2729
2729 2730 2728
2729 2731 2730
2732 2730 2731
2727 2732 2724
2732 2726 2724
2731 2733 2732
2732 2733 2726
2734 2727 2716
2698 2734 2716
2716 2735 2698
2701 2698 2735
2736 2737 2738
2737 2736 2739
2739 2740 2737
2739 2741 2740
2741 2739 2742
2741 2742 2743
2744 2736 2738
2745 2743 2742
2745 2746 2743
2746 2745 2747
2738 2748 2744
2744 2748 2749
2744 2750 2736
2751 2750 2744
2744 2752 2751
2753 2751 2752
2754 2753 2752
2754 2752 2744
2749 2754 2744
2754 2755 2753
2753 2755 2756
2751 2753 2756
2757 2741 2743
2746 2757 2743
2757 2758 2741
2746 2759 2757
2760 2759 2746
2747 2760 2746
2760 2747 2761
2762 2761 2747
2760 2763 2759
2764 2763 2760
2761 2764 2760
2741 2758 2740
2762 2747 2765
2766 2762 2765
2766 2765 2767
2768 2766 2767
2768 2767 2769
2768 2769 2756
2769 2751 2756
2770 2771 2772
2773 2771 2770
2774 2771 2773
2774 2775 2771
2776 2775 2774
2777 2775 2776
2778 2775 2777
2778 2779 2775
2780 2779 2778
2780 2781 2779
2782 2781 2780
2772 2771 2783
2783 2771 2784
2775 2785 2771
2779 2785 2775
2781 2785 2779
2786 2785 2781
2787 2785 2786
2784 2787 2788
2789 2787 2786
2788 2787 2789
2771 2785 2787
2771 2787 2784
2789 2786 2790
2790 2786 2791
2792 2781 2782
2792 2786 2781
2792 2791 2786
2792 2793 2791
2794 2792 2782
2793 2792 2794
2795 2796 2797
2796 2798 2797
2798 2799 2797
2800 2797 2799
2798 2801 2799
2801 2800 2799
2801 2802 2800
2802 2803 2800
2797 2800 2804
2795 2797 2804
2800 2805 2804
2806 2805 2795
2800 2803 2807
2800 2807 2805
2798 2808 2801
2803 2802 2809
2802 2810 2809
2801 2810 2802
2801 2811 2810
2808 2811 2801
2808 2812 2811
2808 2813 2812
2811 2812 2814
2811 2814 2810
2810 2814 2815
2815 2809 2810
2815 2816 2809
2817 2803 2809
2818 2813 2808
2818 2808 2819
2818 2819 2796
2819 2798 2796
2808 2798 2819
2820 2821 2822
2823 2821 2820
2824 2821 2823
2824 2825 2821
2826 2825 2824
2827 2825 2826
2827 2828 2825
2829 2828 2827
2830 2827 2826
2831 2827 2830
2831 2829 2827
2832 2829 2831
2833 2829 2832
2833 2834 2829
2835 2834 2833
2834 2835 2836
2822 2837 2836
2834 2836 2838
2822 2821 2837
2839 2840 2841
2840 2842 2841
2839 2843 2840
2843 2844 2840
2840 2844 2845
2841 2842 2846
2842 2847 2846
2848 2839 2841
2848 2841 2846
2840 2845 2849
2840 2849 2850
2840 2850 2842
2851 2847 2842
2851 2842 2850
2852 2849 2845
2845 2853 2852
2852 2853 2854
2855 2852 2854
2854 2856 2855
2856 2854 2857
2856 2857 2858
2856 2858 2859
2858 2860 2859
2856 2859 2861
2860 2861 2859
2860 2862 2861
2861 2862 2863
2861 2863 2864
2865 2861 2864
2865 2864 2866
2861 2865 2867
2867 2855 2856
2864 2863 2868
2864 2868 2866
2869 2867 2865
2865 2870 2869
2867 2856 2871
2866 2872 2873
2865 2874 2875
2875 2874 2873
2876 2877 2878
2876 2878 2879
2879 2878 2880
2879 2880 2881
2881 2880 2882
2880 2883 2882
2882 2883 2884
2885 2884 2883
2884 2885 2886
2886 2885 2887
2888 2887 2885
2888 2889 2887
2889 2888 2890
2889 2890 2891
2891 2890 2892
2891 2892 2893
2894 2893 2892
2891 2893 2895
2895 2893 2894
2896 2894 2892
2896 2897 2894
2897 2896 2898
2898 2896 2899
2898 2899 2900
2901 2902 2903
2903 2902 2904
2905 2903 2904
2906 2901 2903
2906 2907 2901
2908 2909 2910
2911 2912 2913
2912 2914 2913
2914 2912 2915
2914 2915 2916
2916 2915 2917
2917 2915 2918
2917 2918 2919
2920 2919 2918
2920 2921 2919
2921 2920 2922
2920 2923 2922
2922 2923 2924
2923 2925 2924
2924 2925 2926
2926 2925 2927
2928 2927 2925
2925 2929 2928
2930 2928 2929
2928 2930 2931
2931 2932 2928
2933 2928 2932
2934 2928 2933
2928 2934 2927
2930 2935 2931
2931 2935 2936
2937 2936 2935
2935 2938 2937
2939 2940 2941
2942 2940 2939
2943 2944 2945
2946 2947 2948
2947 2946 2949
2950 2946 2948
2950 2948 2951
2950 2952 2946
2952 2950 2953
2953 2954 2952
2955 2954 2953
2956 2955 2953
2956 2953 2950
2951 2956 2950
2956 2957 2955
2955 2957 2958
2955 2958 2959
2959 2954 2955
2959 2958 2960
2960 2961 2959
2949 2962 2963
2964 2965 2962
2965 2964 2966
2965 2967 2962
2965 2966 2968
2969 2968 2966
2968 2969 2970
2969 2971 2970
2972 2970 2971
2973 2965 2968
2974 2973 2968
2970 2974 2968
2974 2970 2975
2975 2970 2972
2972 2976 2975
2974 2977 2973
2978 2977 2974
2975 2978 2974
2960 2976 2972
2973 2979 2965
2972 2980 2981
2982 2983 2984
2983 2982 2985
2985 2982 2986
2982 2987 2986
2988 2987 2982
2988 2989 2987
2984 2990 2982
2988 2982 2990
2991 2990 2984
2991 2984 2992
2993 2990 2991
2993 2994 2990
2988 2990 2994
2993 2995 2994
2988 2995 2989
2995 2988 2994
2987 2989 2996
2989 2995 2996
2996 2995 2997
2996 2997 2998
2997 2999 2998
2997 3000 2999
2997 3001 3000
2996 2998 3002
2987 2996 3002
3000 3001 3003
3004 2999 3000
3004 3000 3003
3005 2998 2999
3005 2999 3006
3006 2999 3007
3007 2999 3008
2999 3004 3008
3004 3009 3008
3010 2998 3005
2998 3010 3011
3011 3012 2998
3011 3013 3002
3002 3013 2987
2987 3013 3014
2987 3014 2986
3015 3016 3017
3016 3018 3017
3018 3019 3017
3018 3020 3019
3015 3017 3021
3021 3022 3015
3023 3024 3025
3026 3023 3025
3023 3026 3027
3023 3028 3024
3023 3029 3028
3030 3029 3023
3029 3030 3031
3032 3029 3031
3033 3032 3031
3034 3023 3027
3034 3035 3023
3034 3031 3035
3034 3036 3031
3036 3033 3031
3036 3037 3033
3038 3037 3036
3038 3036 3034
3038 3039 3037
3039 3038 3040
3041 3038 3034
3038 3041 3040
3042 3043 3044
3043 3042 3045
3043 3046 3044
3047 3044 3046
3048 3044 3047
3048 3049 3044
3050 3051 3049
3052 3051 3050
3052 3053 3051
3054 3053 3052
3054 3055 3053
3056 3055 3054
3056 3057 3055
3050 3049 3058
3045 3057 3059
3051 3060 3049
3053 3060 3051
3060 3053 3055
3057 3061 3055
3062 3061 3057
3045 3062 3057
3063 3064 3065
3063 3066 3064
3067 3063 3065
3068 3067 3065
3063 3067 3069
3069 3070 3063
3063 3070 3071
3066 3063 3071
3072 3066 3071
3073 3072 3071
3073 3071 3074
3074 3075 3073
3076 3074 3071
3076 3071 3070
3077 3074 3076
3077 3078 3074
3079 3077 3076
3077 3079 3080
3067 3081 3069
3080 3082 3077
3080 3083 3082
3083 3080 3084
3084 3085 3083
3086 3085 3084
3084 3080 3087
3080 3088 3087
3089 3086 3084
3089 3084 3087
3088 3080 3090
3079 3090 3080
3088 3090 3091
3092 3093 3094
3094 3095 3092
3096 3092 3095
3097 3092 3096
3097 3098 3092
3092 3098 3093
3099 3098 3097
3099 3100 3098
3101 3100 3099
3102 3100 3101
3103 3100 3102
3103 3104 3100
3104 3103 3105
3105 3106 3104
3105 3107 3106
3108 3107 3105
3109 3107 3108
3109 3110 3107
3110 3106 3107
3111 3110 3109
3112 3110 3111
3111 3113 3112
3114 3115 3116
3114 3116 3117
3115 3118 3116
3119 3115 3114
3116 3118 3120
3116 3120 3121
3117 3116 3121
3121 3120 3122
3122 3123 3121
3124 3121 3123
3123 3125 3124
3125 3126 3124
3125 3127 3126
3125 3128 3127
3129 3127 3128
3129 3128 3130
3130 3131 3129
3129 3131 3132
3127 3129 3133
3132 3133 3129
3134 3133 3132
3134 3135 3119
3135 3134 3132
3135 3136 3119
3132 3137 3135
3114 3133 3134
3114 3134 3119
3132 3138 3137
3131 3138 3132
3119 3139 3115
3140 3141 3142
3140 3142 3143
3141 3140 3144
3141 3144 3145
3146 3145 3144
3145 3146 3147
3143 3142 3148
3143 3148 3149
3150 3145 3147
3150 3147 3151
3150 3151 3152
3150 3152 3153
3152 3154 3153
3154 3155 3153
3156 3155 3154
3157 3155 3156
3158 3155 3157
3157 3159 3158
3160 3159 3157
3150 3161 3145
3153 3162 3150
3149 3148 3163
3163 3164 3149
3165 3164 3160
3149 3164 3165
3160 3164 3166
3166 3159 3160
3167 2991 2992
3168 3169 3094
3168 3094 3093
3124 3170 3121
3117 3121 3170
3171 3172 3173
3173 3174 3171
3175 3172 3171
3175 3176 3172
3177 3176 3175
3177 3175 3178
3175 3179 3178
3180 3178 3179
3180 3177 3178
3175 3181 3179
3182 3181 3175
3182 3175 3171
3182 3171 3174
3174 3173 3183
3183 3184 3174
3183 3185 3184
3185 3186 3184
3185 3187 3186
3188 3186 3187
3185 3183 3189
3185 3189 3190
3191 3187 3185
3191 3185 3190
3188 3187 3191
3173 3192 3183
3193 3194 3195
3193 3195 3196
3193 3196 3197
3193 3197 3198
3194 3199 3195
3194 3200 3199
3198 3197 3201
3202 3194 3193
3202 3203 3194
3203 3204 3194
3204 3205 3199
3204 3206 3205
3207 3205 3206
3208 3206 3204
3203 3208 3204
3208 3209 3206
3209 3207 3206
3210 3198 3201
3210 3202 3193
3210 3193 3198
3211 3212 3213
3211 3213 3214
3211 3215 3212
3211 3216 3215
3216 3217 3215
3218 3211 3214
3218 3214 3219
3220 3216 3211
3220 3211 3218
3221 3217 3216
3214 3213 3222
3214 3222 3223
3219 3214 3223
3224 3223 3222
3224 3222 3225
3226 3224 3225
3227 3223 3224
3227 3224 3226
3227 3228 3223
3219 3223 3228
3229 3230 3231
3229 3231 3232
3233 3229 3232
3233 3232 3234
3235 3233 3234
3235 3234 3236
3237 3236 3234
3238 3235 3236
3238 3236 3239
3235 3240 3233
3233 3240 3241
3233 3241 3242
3235 3243 3240
3238 3243 3235
3244 3231 3230
3244 3230 3245
3244 3245 3246
3247 3239 3236
3237 3248 3236
3248 3247 3236
3242 3241 3249
3242 3249 3250
3251 3250 3249
3251 3252 3250
3251 3253 3252
3254 3255 3256
3254 3256 3257
3258 3254 3259
3260 3261 3262
3260 3262 3263
3261 3264 3265
3266 3267 3268
3266 3268 3269
3270 3266 3271
3272 3273 3274
3272 3274 3275
3273 3276 3277
3278 3279 3280
3278 3280 3281
3282 3278 3283
3284 3285 3286
3284 3286 3287
3285 3288 3289
3290 3291 3292
3290 3292 3293
3294 3290 3295
3296 3297 3298
3296 3298 3299
3297 3300 3301
3302 3303 3304
3305 3306 3307
3308 3309 3310
3311 3312 3313
3314 3315 3316
3317 3318 3319
3320 3321 3322
3323 3324 3325
3326 3327 3328
3327 3329 3330
3331 3330 3329
3332 3333 3334
3333 3332 3335
3336 3334 3337
3338 3339 3340
3341 3340 3339
3342 3338 3343
3344 3345 3346
3345 3344 3347
3348 3346 3349
3350 3351 3352
3353 3352 3354
3354 3355 3353
3356 3357 3358
3359 3360 3356
3359 3361 3360
3362 3363 3364
3364 3365 3362
3366 3367 3365
3368 3369 3370
3371 3372 3368
3371 3373 3372
3374 3375 3376
3375 3377 3376
3375 3378 3377
3375 3379 3378
3375 3380 3379
3375 3381 3380
3375 3382 3381
3375 3383 3382
3375 3384 3383
3375 3385 3384
3375 3386 3385
3375 3387 3386
3375 3388 3387
3375 3389 3388
3375 3390 3389
3375 3391 3390
3375 3392 3391
3375 3374 3392
3393 3394 3395
3394 3396 3395
3394 3397 3396
3394 3398 3397
3394 3399 3398
3394 3400 3399
3394 3401 3400
3394 3402 3401
3394 3403 3402
3394 3404 3403
3394 3405 3404
3394 3406 3405
3394 3407 3406
3394 3408 3407
3394 3409 3408
3394 3410 3409
3394 3411 3410
3394 3393 3411
3412 3413 3414
3415 3412 3414
3416 3415 3414
3417 3416 3414
3418 3417 3414
3419 3418 3414
3420 3419 3414
3421 3420 3414
3422 3421 3414
3423 3422 3414
3424 3423 3414
3425 3424 3414
3426 3425 3414
3427 3426 3414
3428 3427 3414
3429 3428 3414
3430 3429 3414
3431 3430 3414
3432 3431 3414
3413 3432 3414
3433 3434 3435
3436 3433 3435
3437 3436 3435
3438 3437 3435
3439 3438 3435
3440 3439 3435
3441 3440 3435
3442 3441 3435
3443 3442 3435
3444 3443 3435
3445 3444 3435
3446 3445 3435
3447 3446 3435
3448 3447 3435
3449 3448 3435
3450 3449 3435
3451 3450 3435
3452 3451 3435
3453 3452 3435
3434 3453 3435
3454 3455 3456
3454 3456 3457
3458 3454 3457
3458 3459 3454
3454 3460 3455
3454 3461 3460
3458 3462 3459
3458 3463 3462
3463 3464 3462
3459 3462 3465
3464 3465 3462
3459 3465 3466
3466 3461 3454
3466 3467 3461
3466 3465 3468
3466 3468 3467
3469 3468 3465
3464 3469 3465
3469 3470 3468
3460 3461 3471
3471 3461 3467
3460 3471 3472
3473 3460 3472
3473 3472 3474
3468 3475 3467
3475 3471 3467
3476 3468 3470
3476 3475 3468
3472 3471 3477
3475 3477 3471
3472 3477 3478
3478 3474 3472
3475 3479 3477
3476 3479 3475
3476 3480 3479
3481 3470 3469
3481 3482 3470
3482 3480 3476
3482 3476 3470
3482 3481 3483
3484 3481 3469
3483 3481 3484
3484 3485 3483
3486 3485 3484
3487 3480 3482
3487 3482 3483
3488 3478 3477
3479 3489 3477
3477 3489 3488
3479 3490 3489
3480 3490 3479
3480 3491 3490
3491 3480 3492
3491 3492 3493
3492 3494 3493
3494 3492 3495
3494 3495 3496
3496 3497 3494
3493 3498 3491
3491 3498 3490
3493 3499 3498
3490 3498 3500
3490 3500 3489
3488 3489 3500
3501 3499 3493
3501 3494 3497
3493 3494 3501
3500 3502 3488
3500 3503 3502
3500 3498 3504
3504 3503 3500
3504 3498 3499
3501 3497 3505
3499 3505 3504
3499 3501 3505
3504 3506 3503
3505 3507 3504
3504 3507 3508
3504 3508 3506
3509 3510 3511
3509 3511 3512
3473 3509 3512
3456 3512 3511
3456 3455 3512
3455 3460 3512
3460 3473 3512
3513 3456 3511
3510 3513 3511
3514 3513 3510
3514 3515 3513
3513 3515 3516
3513 3516 3517
3513 3517 3456
3457 3456 3517
3457 3517 3518
3457 3518 3519
3457 3519 3458
3458 3519 3520
3458 3520 3463
3463 3520 3521
3463 3521 3522
3523 3518 3517
3523 3517 3516
3521 3520 3524
3525 3524 3520
3525 3518 3523
3519 3518 3525
3520 3519 3525
3526 3523 3516
3515 3526 3516
3464 3463 3522
3464 3522 3484
3484 3522 3527
3469 3464 3484
3515 3528 3526
3528 3515 3529
3528 3529 3530
3514 3529 3515
3454 3531 3466
3532 3533 3534
3535 3533 3532
3536 3534 3533
3537 3534 3536
3538 3537 3536
3538 3536 3539
3540 3538 3539
3541 3538 3540
3541 3542 3538
3541 3543 3542
3541 3544 3543
3543 3544 3545
3535 3546 3533
3546 3547 3533
3546 3548 3547
3548 3546 3549
3548 3549 3550
3551 3550 3549
3548 3552 3547
3553 3548 3550
3553 3554 3548
3548 3554 3552
3554 3555 3552
3550 3551 3556
3556 3553 3550
3554 3557 3555
3553 3557 3554
3553 3558 3557
3559 3558 3553
3553 3556 3559
3560 3557 3558
3560 3561 3557
3561 3555 3557
3560 3558 3562
3562 3558 3559
3562 3559 3563
3562 3564 3560
3560 3564 3565
3560 3565 3561
3566 3565 3564
3562 3567 3564
3567 3562 3563
3555 3568 3552
3561 3569 3555
3569 3568 3555
3569 3561 3570
3570 3561 3565
3570 3565 3566
3566 3571 3570
3566 3572 3571
3563 3573 3567
3568 3574 3552
3552 3574 3547
3574 3575 3547
3576 3567 3573
3573 3577 3576
3576 3578 3567
3577 3579 3576
3580 3578 3576
3581 3576 3579
3576 3581 3580
3533 3547 3575
3566 3578 3580
3580 3582 3566
3564 3578 3566
3578 3564 3567
3566 3582 3583
3566 3583 3572
3580 3581 3584
3584 3581 3585
3585 3581 3579
3586 3580 3584
3583 3582 3587
3587 3582 3586
3583 3587 3588
3589 3588 3587
3589 3587 3590
3589 3590 3591
3589 3591 3592
3593 3592 3591
3593 3594 3592
3594 3593 3595
3594 3595 3596
3594 3597 3592
3594 3598 3597
3594 3599 3598
3594 3600 3599
3589 3601 3588
3589 3602 3601
3602 3589 3592
3602 3592 3597
3602 3603 3601
3601 3603 3604
3601 3604 3605
3602 3606 3603
3606 3602 3597
3606 3607 3603
3595 3593 3608
3591 3608 3593
3591 3609 3608
3591 3610 3609
3608 3609 3611
3608 3611 3612
3612 3611 3613
3612 3613 3614
3615 3612 3614
3615 3614 3616
3617 3613 3611
3608 3612 3618
3608 3618 3619
3609 3610 3620
3609 3620 3611
3620 3617 3611
3621 3617 3620
3595 3608 3619
3619 3615 3622
3623 3615 3616
3623 3622 3615
3624 3623 3616
3622 3623 3625
3625 3623 3626
3621 3620 3627
3628 3621 3627
3627 3620 3629
3627 3629 3630
3630 3631 3627
3627 3631 3632
3632 3628 3627
3630 3586 3631
3586 3584 3631
3631 3584 3632
3585 3632 3584
3587 3586 3633
3633 3590 3587
3610 3590 3633
3591 3590 3610
3634 3635 3636
3634 3636 3637
3638 3635 3639
3478 3640 3641
3478 3488 3640
3478 3641 3474
3642 3643 3644
3644 3645 3642
3646 3644 3643
3646 3647 3644
3647 3645 3644
3646 3648 3647
3646 3649 3648
3648 3649 3650
3648 3650 3651
3649 3652 3650
3649 3653 3652
3646 3653 3649
3650 3652 3654
3650 3654 3655
3656 3650 3655
3648 3656 3657
3648 3657 3658
3656 3659 3657
3659 3660 3657
3659 3661 3660
3662 3661 3659
3662 3663 3661
3664 3663 3662
3664 3662 3665
3666 3652 3653
3667 3666 3653
3646 3667 3653
3667 3668 3666
3666 3668 3669
3670 3664 3665
3670 3665 3671
3671 3672 3670
3671 3673 3672
3674 3672 3673
3673 3671 3675
3675 3671 3665
3675 3676 3673
3674 3673 3676
3675 3677 3676
3675 3665 3678
3665 3679 3678
3680 3677 3675
3675 3678 3680
3678 3679 3680
3677 3681 3676
3682 3681 3677
3681 3682 3683
3684 3681 3683
3684 3685 3681
3685 3686 3674
3684 3686 3685
3683 3687 3684
3683 3682 3688
3689 3688 3682
3689 3682 3677
3680 3654 3677
3677 3654 3689
3652 3689 3654
3666 3689 3652
3689 3666 3690
3690 3688 3689
3680 3655 3654
3655 3680 3679
3655 3679 3691
3669 3690 3666
3690 3692 3688
3683 3693 3687
3683 3694 3693
3692 3694 3688
3693 3694 3695
3693 3695 3696
3697 3693 3696
3697 3696 3698
3698 3696 3699
3698 3699 3700
3696 3695 3701
3696 3701 3699
3699 3701 3702
3699 3702 3703
3700 3699 3703
3700 3703 3704
3700 3704 3705
3700 3705 3706
3698 3700 3706
3705 3707 3706
3705 3708 3707
3709 3707 3708
3709 3708 3710
3698 3706 3711
3698 3711 3697
3712 3709 3710
3712 3710 3713
3714 3712 3713
3714 3713 3715
3716 3712 3714
3716 3717 3712
3718 3714 3715
3718 3716 3714
3718 3715 3719
3718 3719 3720
3718 3720 3721
3718 3722 3716
3723 3716 3722
3723 3724 3716
3724 3725 3716
3716 3725 3717
3717 3725 3726
3727 3725 3724
3727 3724 3723
3725 3727 3728
3729 3722 3718
3729 3718 3721
3720 3730 3721
3720 3731 3730
3721 3730 3732
3721 3732 3729
3729 3732 3733
3729 3733 3734
3734 3723 3722
3734 3722 3729
3734 3735 3723
3727 3723 3735
3728 3727 3735
3734 3736 3735
3735 3736 3737
3738 3737 3736
3728 3735 3739
3735 3737 3739
3734 3733 3740
3734 3740 3736
3741 3738 3736
3741 3736 3740
3731 3742 3730
3731 3743 3742
3742 3743 3744
3745 3742 3744
3745 3732 3730
3745 3730 3742
3745 3744 3746
3747 3745 3746
3747 3748 3745
3740 3733 3748
3749 3748 3747
3750 3749 3747
3750 3747 3751
3751 3747 3746
3751 3752 3750
3751 3753 3752
3754 3753 3751
3751 3746 3754
3754 3746 3744
3754 3755 3753
3756 3755 3754
3754 3744 3756
3756 3757 3755
3758 3757 3756
3758 3759 3757
3750 3752 3760
3750 3760 3761
3761 3749 3750
3761 3760 3762
3761 3762 3763
3763 3762 3764
3763 3764 3765
3757 3766 3755
3757 3767 3766
3767 3757 3759
3768 3767 3759
3768 3759 3758
3768 3769 3767
3770 3769 3768
3770 3771 3769
3760 3772 3762
3760 3773 3772
3752 3773 3760
3752 3774 3773
3753 3774 3752
3753 3775 3774
3755 3766 3775
3755 3775 3753
3776 3771 3770
3771 3777 3769
3771 3778 3777
3769 3777 3779
3769 3779 3767
3767 3779 3780
3775 3781 3774
3775 3782 3781
3766 3780 3782
3766 3782 3775
3767 3780 3766
3774 3781 3783
3774 3783 3773
3773 3783 3784
3778 3785 3777
3778 3786 3785
3777 3785 3787
3777 3787 3779
3779 3787 3788
3779 3788 3780
3780 3788 3789
3780 3789 3782
3782 3789 3790
3782 3790 3781
3781 3790 3791
3781 3791 3783
3783 3791 3792
3783 3792 3784
3784 3792 3793
3784 3793 3794
3772 3784 3794
3773 3784 3772
3772 3794 3795
3762 3772 3795
3762 3795 3764
3764 3795 3796
3764 3796 3797
3795 3794 3798
3795 3798 3796
3794 3793 3799
3794 3799 3798
3788 3800 3789
3789 3800 3801
3789 3801 3790
3790 3801 3802
3790 3802 3791
3791 3802 3803
3791 3803 3792
3792 3803 3804
3792 3804 3793
3793 3804 3805
3793 3805 3806
3801 3807 3802
3802 3807 3803
3808 3807 3801
3800 3808 3801
3803 3807 3809
3803 3809 3804
3804 3809 3810
3804 3810 3805
3808 3811 3807
3812 3811 3808
3807 3811 3813
3807 3813 3809
3805 3814 3806
3805 3815 3814
3814 3815 3816
3814 3816 3817
3814 3817 3818
3814 3818 3819
3820 3805 3810
3820 3810 3821
3809 3821 3810
3811 3821 3813
3821 3809 3813
3811 3822 3821
3811 3823 3822
3820 3821 3824
3822 3824 3821
3820 3824 3825
3824 3826 3825
3824 3827 3826
3822 3827 3824
3823 3827 3822
3820 3825 3828
3829 3820 3828
3829 3828 3816
3830 3826 3827
3823 3830 3827
3830 3831 3826
3832 3831 3830
3832 3830 3823
3832 3833 3831
3834 3833 3832
3834 3835 3833
3820 3829 3805
3832 3823 3836
3836 3823 3837
3836 3838 3832
3839 3835 3838
3839 3840 3835
3841 3839 3838
3839 3841 3842
3842 3841 3786
3842 3786 3778
3843 3842 3778
3843 3778 3771
3841 3844 3786
3786 3844 3845
3844 3837 3845
3786 3845 3785
3785 3845 3846
3785 3846 3787
3841 3847 3844
3841 3838 3847
3847 3837 3844
3837 3812 3845
3845 3812 3846
3839 3842 3848
3848 3842 3843
3839 3848 3840
3848 3843 3849
3850 3849 3843
3850 3851 3849
3851 3852 3849
3851 3853 3852
3852 3853 3854
3855 3849 3852
3855 3848 3849
3853 3856 3854
3854 3856 3857
3856 3858 3857
3856 3859 3858
3854 3857 3860
3861 3851 3850
3861 3859 3856
3861 3856 3853
3861 3853 3851
3861 3850 3862
3861 3862 3863
3861 3863 3864
3859 3861 3864
3863 3865 3864
3863 3866 3865
3867 3866 3863
3867 3868 3866
3869 3868 3867
3869 3867 3870
3871 3870 3867
3872 3870 3871
3872 3873 3870
3873 3869 3870
3871 3867 3874
3874 3867 3863
3874 3863 3862
3873 3875 3869
3865 3876 3864
3865 3877 3876
3878 3875 3873
3878 3873 3879
3880 3878 3879
3880 3879 3744
3756 3744 3879
3756 3879 3758
3873 3872 3758
3873 3758 3879
3768 3758 3872
3871 3768 3872
3871 3770 3768
3776 3770 3871
3776 3871 3874
3850 3776 3874
3850 3874 3862
3843 3776 3850
3776 3843 3771
3881 3875 3878
3875 3881 3882
3882 3881 3883
3884 3883 3881
3885 3883 3884
3885 3884 3886
3885 3886 3887
3885 3888 3883
3889 3883 3888
3882 3883 3889
3882 3889 3890
3882 3890 3891
3889 3888 3892
3892 3890 3889
3887 3893 3885
3887 3894 3893
3894 3895 3893
3894 3896 3895
3897 3893 3895
3897 3898 3893
3898 3888 3885
3898 3885 3893
3892 3888 3898
3897 3899 3898
3892 3898 3899
3897 3900 3899
3899 3900 3901
3899 3901 3902
3902 3892 3899
3903 3900 3897
3903 3897 3904
3902 3905 3892
3892 3905 3890
3900 3903 3906
3900 3906 3901
3896 3907 3895
3896 3908 3907
3908 3909 3907
3910 3904 3897
3910 3897 3895
3903 3911 3906
3911 3912 3906
3903 3913 3911
3913 3903 3904
3914 3905 3902
3914 3890 3905
3914 3915 3890
3916 3915 3914
3916 3917 3915
3607 3917 3916
3918 3917 3607
3918 3915 3917
3918 3607 3606
3911 3919 3912
3911 3920 3919
3919 3920 3921
3922 3921 3920
3922 3923 3921
3923 3924 3921
3923 3925 3924
3925 3926 3924
3925 3927 3926
3928 3927 3925
3928 3925 3929
3921 3930 3919
3921 3924 3930
3924 3931 3930
3926 3931 3924
3926 3932 3931
3933 3931 3932
3933 3932 3934
3922 3920 3935
3922 3935 3913
3936 3925 3923
3936 3923 3937
3927 3938 3926
3927 3939 3938
3931 3933 3940
3931 3940 3930
3940 3919 3930
3940 3941 3919
3941 3912 3919
3941 3942 3912
3943 3942 3941
3943 3941 3940
3940 3944 3943
3940 3933 3944
3942 3945 3912
3912 3945 3906
3944 3946 3943
3944 3947 3946
3944 3948 3947
3944 3949 3948
3934 3948 3949
3934 3950 3948
3951 3950 3934
3952 3951 3934
3952 3934 3953
3951 3954 3950
3926 3952 3953
3926 3955 3952
3955 3956 3952
3956 3951 3952
3955 3957 3956
3958 3957 3955
3958 3959 3957
3956 3960 3951
3951 3960 3961
3951 3961 3954
3957 3962 3956
3959 3962 3957
3962 3960 3956
3962 3961 3960
3934 3949 3933
3944 3933 3949
3963 3964 3965
3964 3549 3546
3679 3966 3659
3691 3679 3659
3656 3691 3659
3656 3655 3691
3665 3662 3679
3967 3968 3969
3970 3969 3968
3970 3968 3971
3971 3972 3970
3971 3973 3972
3973 3974 3972
3973 3975 3974
3974 3975 3976
3974 3976 3977
3976 3978 3977
3976 3979 3978
3979 3980 3978
3979 3981 3980
3981 3982 3980
3981 3983 3982
3983 3984 3982
3983 3985 3984
3984 3985 3986
3986 3987 3984
3988 3987 3986
3985 3989 3986
3989 3990 3986
3989 3991 3990
3991 3992 3990
3992 3993 3990
3990 3993 3987
3992 3994 3993
3995 3994 3992
3995 3992 3996
3997 3996 3992
3991 3997 3992
3997 3998 3996
3998 3999 3996
3998 4000 3999
3996 3999 4001
3996 4001 3995
4000 4002 3999
4000 4003 4002
4004 4002 4003
4002 4004 4005
4005 4004 4006
4007 4001 3999
4007 3999 4002
4007 4002 4005
3787 4008 4009
3787 4009 3788
3788 4009 3800
4008 3812 4009
4009 3808 3800
3808 4009 3812
3837 4010 3812
4010 3837 3823
4010 3811 3812
3811 4010 3823
3847 3836 3837
3836 3847 3838
4011 4012 4013
4014 4013 4012
4012 3796 4014
4012 3797 3796
4014 3796 3798
4014 3798 3819
4015 4014 3819
4013 4014 4015
3798 3814 3819
3798 3799 3814
4016 4011 4013
4016 4013 4017
4018 4017 4013
4018 4013 4015
4018 4019 4017
4018 4015 3818
4015 3819 3818
4020 4016 4017
4021 4016 4020
4021 4022 4016
4022 4023 4016
4022 4024 4023
4024 4022 4025
4024 4025 4026
4024 4012 4023
4024 4027 4012
4012 4027 4028
4027 4029 4028
4030 4024 4026
4031 4029 4030
4031 4030 4032
4030 4026 4032
4031 4033 4029
4031 4034 4033
4028 4029 4035
4022 4021 4036
4022 4036 4025
4025 4037 4026
4025 4038 4037
4039 4038 4025
4039 4025 4036
4038 4039 4040
4038 4040 4041
4042 4038 4041
4042 4043 4038
4044 4043 4042
4045 4044 4042
4046 4044 4045
4046 4047 4044
4045 4042 4048
4048 4042 4049
4048 4049 4050
4051 4046 4045
4051 4045 4052
4052 4053 4051
4052 4054 4053
4055 4053 4054
4055 4054 4056
4054 4052 4057
4057 4058 4050
4052 4045 4058
4052 4058 4057
4057 4050 4059
4054 4057 4060
4060 4057 4059
4061 4047 4046
4061 4062 4047
4053 4063 4051
4053 4064 4063
4053 4055 4065
4053 4065 4064
4066 4065 4055
4066 4067 4065
4068 4066 4055
4068 4055 4056
4069 4066 4068
4067 4066 4069
4069 4068 4070
4069 4070 4071
4069 4071 4072
4069 4072 4073
4069 4073 4074
4067 4069 4074
4072 4071 4075
4072 4075 4076
4072 4076 4077
4072 4077 4073
4078 4077 4076
4078 4079 4077
4080 4079 4078
4080 4081 4079
4082 4081 4080
4082 4083 4081
4084 4083 4082
4070 4085 4071
4086 4071 4085
4071 4086 4075
4087 4086 4085
4087 4085 4088
4087 4089 4086
4089 4090 4086
4091 4089 4087
4091 4087 4092
4093 4091 4092
4093 4092 4094
4093 4094 4095
4093 4096 4091
4096 4097 4091
4097 4089 4091
4096 4098 4097
4092 4087 4099
4092 4099 4094
4094 4099 4100
4094 4100 4101
4102 4094 4101
4102 4103 4094
4097 4104 4089
4089 4104 4090
4104 4105 4090
4096 4106 4098
4096 4107 4106
4108 4100 4099
4096 4093 4109
4109 4107 4096
4110 4101 4100
4111 4101 4110
4111 4112 4101
4110 4100 4113
4102 4114 4103
4112 4111 4114
4114 4115 4103
4115 4109 4093
4093 4095 4115
4116 4110 4113
4116 4117 4110
4118 4110 4117
4118 4119 4110
4119 4118 4120
4119 4120 4114
4116 4113 4121
4113 4122 4121
4122 4123 4121
4113 4100 4122
4120 4124 4114
4120 4125 4124
4126 4124 4125
4127 4124 4126
4127 4128 4124
4127 4129 4128
4114 4128 4129
4124 4128 4114
4114 4129 4130
4127 4131 4129
4132 4129 4131
4132 4133 4129
4130 4129 4133
4130 4133 4134
4132 4135 4133
4134 4133 4135
4132 4136 4135
4135 4136 4137
4135 4137 4138
4138 4137 4139
4138 4139 4140
4141 4140 4139
4142 4143 4134
4143 4142 4144
4143 4144 4145
4145 4144 4146
4145 4146 4147
4148 4149 4146
4150 4145 4151
4152 4153 4154
4155 4153 4152
4152 4156 4155
4156 4157 4155
4156 4158 4157
4156 4159 4158
4159 4156 3599
4159 3599 4160
4156 4152 4161
3599 4156 4161
3599 4161 3876
3599 3876 3598
3597 3598 3876
3597 3876 3877
3606 3597 3877
3918 3606 3877
3918 3877 3865
4162 3918 3865
3918 4162 3915
4162 3890 3915
4162 3891 3890
4162 3865 3866
3868 3891 4162
3868 4162 3866
3869 3891 3868
3869 3882 3891
3875 3882 3869
3864 3876 3859
3859 3876 3858
3761 4163 3749
3763 4163 3761
3763 4164 4163
3763 4165 4164
3763 3765 4165
4163 4166 3749
3749 4166 3748
4163 4167 4166
4168 4164 4165
4168 4167 4163
4168 4163 4164
4168 4165 4169
4170 4169 4165
4170 4165 4171
4172 4171 4165
4172 4165 3765
3764 4172 3765
3764 3797 4172
4173 4170 4171
4173 4174 4170
4173 4175 4174
4176 4174 4175
4176 4175 4177
4177 4178 4176
4178 4179 4176
4179 4174 4176
4178 4180 4179
4177 4181 4178
4182 4178 4181
4182 4181 4183
4184 4180 4178
4184 4178 4182
4183 4185 4182
4185 4184 4182
4183 4186 4185
4187 4180 4184
4187 4188 4180
4184 4189 4187
4185 4189 4184
4190 4188 4187
4190 4191 4188
4185 4192 4189
4185 4193 4192
4186 4193 4185
4188 4191 4194
4188 4194 4195
4180 4188 4195
4194 4196 4195
4194 4197 4196
4195 4196 4198
4195 4198 4179
4180 4195 4179
4179 4198 4174
4186 4199 4193
4189 4192 4200
4201 4200 4192
4201 4192 4202
4193 4202 4192
4202 4193 4203
4204 4203 4193
4199 4204 4193
4202 4205 4201
4202 4206 4205
4206 4202 4203
4203 3697 4206
4203 4207 3697
4208 4207 4203
4203 4204 4208
4206 4209 4205
3711 4209 4206
3711 4206 3697
4207 3693 3697
4207 3687 3693
3687 4207 3684
4207 4208 3684
4204 3686 4208
4208 3686 3684
4204 4210 3686
3706 4211 3711
3706 3707 4211
4211 3707 3709
4211 3709 4212
4211 4212 3726
3726 4212 3717
4212 3712 3717
4212 3709 3712
3725 4213 3726
4213 3725 4214
4214 4215 4213
4215 4214 4187
4214 3725 4216
4216 4217 4214
4216 4218 4217
4219 4217 4218
4219 4220 4217
4220 4219 4221
4220 4221 4222
4197 4222 4221
4197 4221 3741
4189 4215 4187
4214 4190 4187
4197 3741 4167
4167 3741 3740
4167 3740 4166
3740 3748 4166
4197 4167 4168
4196 4197 4168
4196 4168 4169
4198 4196 4169
4198 4169 4170
4170 4174 4198
3732 3745 3748
3732 3748 3733
4223 4224 4225
4223 4225 4226
4226 4225 4227
4226 4227 4228
4229 4224 4223
4230 4227 4225
4230 4231 4227
4232 4231 4230
4232 4230 4233
4227 4234 4228
4227 4235 4234
4231 4235 4227
4234 4235 4236
4235 4237 4236
4238 4236 4237
4239 4238 4237
4239 4237 4240
4241 4239 4240
4241 4240 4242
4238 4243 4236
4244 4236 4243
4245 4244 4243
4245 4243 4246
4244 4247 4236
4234 4236 4247
4248 4245 4246
4248 4246 4249
4249 4246 4250
4249 4250 4251
4252 4249 4251
4125 4252 4251
4125 4251 4253
4125 4253 4254
4125 4254 4255
4256 4254 4253
4256 4253 4257
4251 4250 4257
4251 4257 4253
4126 4125 4255
4120 4252 4125
4252 4258 4249
4248 4249 4258
4118 4258 4252
4120 4118 4252
4259 4258 4118
4258 4259 4260
4256 4257 4239
4256 4239 4241
4118 4117 4259
4261 4259 4117
4261 4117 4262
4262 4263 4261
4264 4259 4261
4261 4265 4264
4264 4265 4266
4248 4258 4260
4266 4267 4264
4268 4263 4116
4269 4263 4268
4269 4268 4270
4268 4271 4270
4271 4068 4270
4271 4268 4121
4268 4116 4121
4070 4068 4271
4070 4271 4123
4271 4121 4123
4070 4123 4085
4085 4123 4108
4272 4269 4270
4068 4272 4270
4269 4272 4273
4274 4273 4272
4274 4272 4060
4272 4054 4060
4272 4056 4054
4068 4056 4272
4274 4060 4059
4108 4088 4085
4275 4276 4277
4275 4277 4278
4275 4278 4279
4280 4275 4279
4280 4279 4281
4280 4281 4282
4283 4282 4281
4283 4284 4282
4284 4283 4285
4285 4286 4284
4285 4287 4286
4284 4286 4288
4289 4284 4288
4289 4290 4284
4291 4290 4289
4291 4292 4290
4293 4292 4291
4293 4291 4294
4295 4293 4294
4295 4296 4293
4297 4296 4295
4297 4295 4298
4298 4299 4297
4298 4300 4299
4301 4299 4300
4302 4303 4304
4302 4304 4097
4305 4097 4304
4305 4306 4097
4306 4305 4307
4306 4307 4105
4303 4302 4106
4303 4106 4308
4309 4307 4305
4304 4309 4305
4309 4310 4308
4309 4304 4310
4307 4309 4311
4307 4311 4312
4105 4312 4313
4105 4313 4314
4314 4313 4076
4307 4312 4315
4105 4314 4090
4314 4076 4075
4086 4090 4314
4086 4314 4075
4106 4316 4317
4318 4319 4320
4318 4321 4319
4321 4322 4323
4321 4323 4324
4325 4326 4323
4318 4327 4328
4329 4330 4331
4329 4331 4332
4333 4331 4330
4334 4329 4332
4334 4332 4335
4335 4336 4334
4335 4337 4336
4338 4339 4340
4338 4340 4341
4342 4340 4339
4341 4276 4338
4341 4277 4276
4343 4061 4046
4343 4046 4051
4344 4345 4266
3604 4346 4347
3603 4346 3604
3603 3607 4346
4346 3607 3916
4346 3916 4348
4347 4346 4348
4349 4348 3916
3916 3914 4349
4349 3914 3902
3901 4349 3902
3945 4349 3901
4349 3945 4348
3901 3906 3945
3945 3942 4348
4347 4348 3942
3946 3604 4347
3605 3604 3946
3605 3946 4350
4351 3605 4350
4351 3583 3605
3583 3601 3605
3583 3588 3601
4351 4350 4352
4352 4350 3947
4350 3946 3947
4351 4352 4353
4352 4354 4353
4355 4354 4352
4356 4354 4355
4356 4357 4354
4355 4352 4358
4358 4352 3947
4356 4359 4357
4357 4359 4360
4356 4361 4359
4357 4360 4362
4354 4357 4362
4359 4361 4363
4362 4364 4354
4354 4364 4353
4365 4359 4363
4365 4360 4359
4366 4367 4368
4366 4369 4367
4369 3922 4367
3913 4367 3922
3913 4370 4367
4367 4370 4368
3910 4368 4370
3913 3904 4370
3904 3910 4370
4369 3923 3922
3884 3881 4371
3886 3884 4371
3886 4371 4372
3881 3878 4371
4371 3878 3880
4371 3880 4372
3580 4373 3582
4374 4375 4376
4374 4376 4377
4377 4378 4374
4375 4379 4376
4375 4380 4379
4379 4380 4381
4379 4381 4382
4381 4383 4382
4381 4384 4383
4384 4385 4383
4384 4386 4385
4386 4387 4385
4386 4388 4387
4388 4389 4387
4388 4390 4389
4390 4391 4389
4391 4392 4389
4393 4392 4391
4394 4393 4391
4393 4394 4395
4393 4395 4396
4395 4397 4396
4391 4398 4394
4390 4398 4391
4399 4400 4401
4399 4401 4402
4402 4401 4403
4402 4403 4404
4404 4403 4405
4404 4405 4406
4406 4405 4407
4406 4407 4408
4408 4407 4409
4408 4409 4410
4410 4409 4411
4410 4411 4412
4412 4411 4413
4412 4413 4414
4414 4413 4415
4414 4415 4416
4416 4415 4417
4416 4417 4418
4417 4419 4418
4420 4421 4422
4420 4422 4423
4423 4422 4424
4421 4420 4400
4421 4400 4399
3694 3683 3688
4425 3695 3694
3692 4426 3694
3690 4427 3692
4428 4429 4430
4428 4430 4431
4431 4430 4432
4431 4432 4433
4429 4434 4430
4432 4430 4434
4429 4435 4434
4432 4434 4436
4437 4432 4436
4433 4432 4437
4433 4437 4438
4438 4437 4439
4438 4439 4440
4440 4439 4441
4440 4441 4442
4437 4436 4443
4439 4437 4443
4439 4443 4444
4441 4439 4444
4441 4444 4445
4446 4441 4445
4446 4442 4441
4446 4445 4447
4440 4442 4448
4440 4448 4449
4440 4449 4450
4440 4450 4438
4446 4451 4442
4452 4451 4446
4452 4446 4453
4447 4453 4446
4442 4451 4454
4442 4454 4448
4449 4455 4450
4449 4456 4455
4455 4456 4457
4455 4457 4458
4455 4458 4459
4455 4459 4460
4458 4457 4461
4458 4461 4462
4458 4462 4463
4458 4463 4459
4455 4460 4464
4455 4464 4465
4438 4465 4464
4438 4464 4433
4464 4431 4433
4464 4466 4431
4466 4464 4467
4466 4467 4468
4466 4428 4431
4466 4469 4428
4470 4469 4466
4470 4466 4468
4470 4468 4471
4471 4468 4467
4471 4472 4470
4471 4473 4472
4471 4474 4473
4473 4474 4475
4473 4475 4476
4476 4475 4477
4475 4478 4477
4475 4479 4478
4474 4479 4475
4476 4477 4480
4477 4478 4481
4477 4481 4482
4480 4477 4482
4480 4482 4483
4482 4481 4484
4483 4482 4484
4474 4485 4479
4474 4471 4486
4474 4486 4485
4471 4467 4486
4487 4488 4489
4490 4487 4489
4490 4491 4487
4490 4492 4491
4493 4492 4490
4493 4490 4489
4493 4494 4492
4487 4491 4495
4487 4495 4496
4496 4488 4487
4493 4489 4497
4489 4498 4497
4489 4499 4498
4488 4499 4489
4488 4500 4499
4488 4501 4500
4499 4500 4502
4499 4502 4498
4494 4493 4503
4494 4503 4504
4494 4505 4492
4491 4492 4505
4491 4505 4506
4495 4491 4506
4505 4507 4506
4505 4508 4507
4508 4509 4507
4508 4510 4509
4511 4510 4508
4511 4512 4510
4512 4513 4510
4512 4514 4513
4510 4513 4515
4510 4515 4509
4509 4516 4507
4509 4517 4516
4515 4517 4509
4515 4518 4517
4519 4518 4515
4513 4519 4515
4519 4520 4518
4513 4521 4519
4521 4522 4519
4522 4520 4519
4521 4523 4522
4524 4523 4521
4513 4514 4524
4513 4524 4521
4524 4525 4523
4525 4526 4523
4525 4527 4526
4523 4526 4528
4523 4528 4522
4527 4529 4526
4526 4529 4528
4522 4530 4520
4531 4530 4522
4531 4522 4528
4532 4531 4528
4533 4453 4534
4535 4533 4534
4535 4536 4533
4533 4536 4537
4535 4538 4536
4534 4453 4447
4453 4533 4539
4539 4533 4537
4540 4539 4537
4540 4537 4541
4540 4541 4542
4540 4542 4543
4542 4544 4543
4540 4452 4539
4453 4539 4452
4540 4545 4452
4543 4545 4540
4451 4452 4545
4451 4545 4454
4545 4546 4454
4545 4547 4546
4546 4547 4544
4543 4547 4545
4544 4547 4543
4546 4544 4548
4549 4546 4548
4549 4454 4546
4549 4548 4550
4549 4448 4454
4551 4548 4544
4461 4550 4548
4461 4548 4551
4549 4449 4448
4549 4456 4449
4457 4456 4549
4457 4549 4550
4461 4457 4550
4551 4552 4461
4461 4552 4553
4554 4553 4552
4553 4554 4555
4556 4555 4554
4556 4554 4557
4553 4555 4558
4559 4556 4557
4559 4557 4560
4554 4552 4561
4557 4554 4561
4559 4560 4562
4562 4560 4563
4463 4553 4558
4463 4462 4553
4461 4553 4462
4561 4552 4564
4551 4564 4552
4565 4564 4551
4565 4566 4564
4567 4566 4565
4567 4565 4568
4566 4567 4569
4566 4569 4570
4570 4569 4571
4570 4571 4572
4567 4568 4573
4568 4574 4573
4568 4575 4574
4576 4574 4575
4577 4575 4568
4565 4577 4568
4565 4544 4577
4551 4544 4565
4567 4573 4578
4578 4569 4567
4578 4579 4569
4571 4569 4579
4566 4570 4580
4566 4580 4564
4571 4579 4581
4570 4572 4582
4570 4582 4580
4583 4571 4581
4572 4571 4583
4572 4583 4584
4572 4584 4582
4583 4581 4585
4586 4582 4584
4586 4584 4563
4561 4564 4580
4587 4586 4561
4587 4561 4580
4560 4586 4563
4560 4557 4586
4557 4561 4586
4562 4563 4584
4584 4588 4589
4589 4588 4590
4495 4506 4591
4507 4591 4506
4507 4516 4591
4508 4592 4511
4511 4593 4594
4593 4504 4594
4593 4494 4504
4508 4505 4593
4494 4593 4505
4595 4596 4597
4595 4597 4598
4599 4595 4598
4596 4600 4597
4596 4601 4600
4601 4602 4600
4601 4603 4602
4603 4604 4602
4603 4605 4604
4605 4606 4604
4605 4607 4606
4498 4608 4609
4498 4609 4497
4502 4608 4498
4502 4610 4608
4609 4493 4497
4609 4503 4493
4610 4502 4611
4502 4500 4611
4612 4611 4500
4500 4501 4612
4613 4501 4488
4496 4613 4488
4614 4615 4616
4617 4614 4616
4617 4616 4618
4617 4618 4619
4617 4619 4620
4620 4619 4621
4622 4623 4624
4624 4623 4625
4622 4626 4623
4622 4050 4626
4049 4626 4050
4049 4040 4626
4020 4017 4627
4628 3852 4629
3854 4629 3852
3852 4628 3855
3848 3855 3840
4436 4434 4630
4434 4435 4631
4631 4630 4632
4436 4633 4634
4635 4630 4633
4443 4633 4636
4443 4636 4444
4444 4636 4637
4444 4637 4445
4445 4637 4638
4445 4638 4447
4447 4639 4640
4447 4640 4534
4534 4641 4642
4534 4642 4535
4538 4535 4642
4643 4644 4645
4643 4645 4646
4647 4644 4643
4647 4648 4644
4649 4648 4647
4649 4650 4648
4651 4650 4649
4651 4652 4650
4653 4652 4651
4653 4651 4654
4655 4653 4654
4655 4656 4653
4657 4658 4656
4657 4656 4659
4660 4661 4662
4660 4662 4663
4044 4664 4043
4665 4664 4044
4665 4666 4664
4062 4666 4665
4062 4667 4666
4667 4031 4666
4667 4034 4031
4668 4664 4666
4668 4666 4031
4037 4664 4668
4037 4668 4026
4669 4670 4242
4669 4242 4240
4671 4669 4240
4671 4240 4237
4235 4671 4237
4231 4671 4235
4232 4669 4671
4232 4671 4231
4672 4670 4669
4672 4669 4232
4672 4232 4233
4673 4246 4243
4673 4243 4238
4674 4673 4238
4674 4238 4239
4675 3658 3657
4675 3657 3660
4676 3658 4675
4675 4677 4676
4677 4678 4676
3658 4679 4680
4679 3647 4680
4679 3645 3647
4681 4159 4160
3946 4347 3943
3943 4347 3942
4682 4683 3545
3543 3545 4683
4684 4685 4686
4684 4686 4687
4684 4688 4685
4684 4689 4688
4689 4690 4688
4689 4691 4690
4688 4692 4685
4688 4693 4692
4691 4694 4690
4694 4695 4690
4695 4693 4688
4695 4688 4690
4694 4696 4695
4697 4696 4694
4698 4697 4694
4691 4698 4694
4698 4699 4697
4699 4700 4697
4699 4701 4700
4701 4702 4700
4701 4703 4702
4703 4704 4702
4703 4705 4704
4705 4706 4704
4705 4707 4706
4706 4708 4704
4700 4709 4697
4697 4709 4696
4700 4710 4709
4710 4700 4702
4704 4711 4702
4710 4702 4711
4704 4708 4711
4711 4708 4712
4711 4712 4710
4710 4712 4713
4710 4713 4709
4712 4714 4713
4712 4715 4714
4715 4712 4708
4713 4714 4716
4713 4716 4717
4709 4713 4717
4718 4717 4716
4718 4716 4719
4718 4719 4720
4718 4720 4721
4721 4720 4722
4721 4722 4723
4723 4722 4724
4723 4724 4725
4721 4695 4718
4695 4717 4718
4721 4693 4695
4693 4721 4723
4695 4696 4717
4693 4723 4692
4692 4723 4725
4692 4725 4726
4709 4717 4696
4726 4725 4727
4724 4727 4725
4726 4727 4728
4726 4728 4729
4726 4729 4686
4720 4730 4722
4722 4730 4731
4722 4731 4724
4724 4731 4727
4686 4729 4732
4687 4686 4732
4720 4733 4730
4719 4733 4720
4719 4734 4733
4716 4734 4719
4716 4735 4734
4714 4735 4716
4714 4736 4735
4715 4736 4714
4715 4737 4736
4738 4737 4715
4738 4739 4737
4738 4740 4739
4715 4708 4738
4708 4706 4738
4706 4741 4742
4742 4743 4744
4742 4744 4745
4745 4744 4746
4745 4746 4747
4747 4746 4748
4747 4748 4749
4749 4748 4750
4749 4750 4751
4750 4752 4751
4750 4753 4752
4752 4753 4754
4752 4754 4755
4706 4756 4743
4756 4744 4743
4755 4754 4757
4755 4757 4758
4757 4759 4758
4757 4760 4759
4760 4761 4759
4760 4762 4761
4763 4761 4762
4763 4762 4764
4763 4764 4765
4766 4753 4750
4754 4753 4766
4766 4750 4767
4766 4767 4768
4768 4767 4769
4769 4767 4750
4766 4768 4770
4766 4770 4771
4766 4771 4772
4772 4771 4773
4772 4773 4774
4773 4775 4774
4773 4776 4775
4777 4775 4776
4777 4778 4775
4779 4778 4777
4779 4777 4780
4779 4780 4765
4757 4772 4774
4757 4754 4772
4754 4766 4772
4774 4775 4760
4774 4760 4757
4778 4760 4775
4778 4762 4760
4764 4762 4778
4764 4778 4779
4765 4764 4779
4781 4782 4783
4783 4782 4784
4784 4782 4785
4784 4785 4786
4787 4784 4786
4787 4786 4788
4789 4787 4788
4789 4788 4790
4791 4789 4790
4792 4789 4791
4791 4793 4792
4791 4794 4793
4793 4795 4792
4795 4796 4792
4792 4796 4789
4796 4787 4789
4795 4797 4796
4798 4797 4795
4798 4783 4797
4798 4795 4799
4799 4795 4800
4793 4800 4795
4799 4800 4801
4802 4800 4793
4801 4800 4802
4802 4793 4803
4804 4802 4803
4805 4802 4804
4801 4802 4805
4805 4804 4806
4806 4804 4807
4806 4807 4808
4808 4807 4809
4808 4809 4810
4810 4809 4811
4810 4811 4812
4812 4811 4706
4812 4706 4813
4811 4756 4706
4811 4814 4756
4807 4804 4815
4804 4803 4815
4807 4815 4816
4816 4809 4807
4811 4809 4817
4816 4817 4809
4817 4816 4818
4817 4818 4819
4811 4817 4819
4816 4815 4820
4816 4820 4818
4815 4821 4820
4815 4803 4821
4793 4821 4803
4793 4794 4821
4819 4818 4822
4819 4822 4823
4824 4819 4823
4814 4825 4756
4756 4825 4744
4825 4746 4744
4825 4826 4746
4826 4825 4827
4826 4827 4828
4769 4826 4828
4769 4828 4829
4830 4769 4829
4830 4829 4831
4832 4830 4831
4832 4833 4830
4834 4830 4833
4832 4835 4833
4835 4832 4836
4837 4836 4832
4832 4831 4837
4837 4838 4836
4835 4836 4839
4839 4836 4840
4839 4840 4841
4836 4838 4842
4836 4842 4840
4840 4843 4841
4840 4844 4843
4842 4844 4840
4844 4845 4843
4844 4846 4845
4846 4847 4845
4848 4846 4844
4842 4848 4844
4848 4849 4846
4847 4846 4849
4850 4838 4837
4850 4837 4831
4850 4831 4851
4851 4831 4829
4851 4829 4852
4852 4853 4851
4853 4850 4851
4852 4829 4828
4852 4828 4854
4855 4852 4854
4855 4853 4852
4855 4854 4856
4856 4854 4857
4856 4857 4822
4854 4828 4827
4854 4827 4857
4857 4827 4814
4858 4849 4848
4858 4848 4859
4860 4858 4859
4860 4861 4858
4861 4847 4858
4862 4860 4859
4862 4859 4863
4864 4862 4863
4864 4865 4862
4842 4864 4863
4842 4838 4864
4850 4864 4838
4866 4859 4848
4866 4848 4842
4847 4849 4858
4867 4865 4864
4867 4864 4850
4867 4868 4865
4867 4869 4868
4853 4867 4850
4870 4867 4853
4870 4853 4871
4871 4853 4855
4872 4862 4865
4872 4865 4868
4872 4860 4862
4791 4790 4873
4791 4873 4874
4791 4874 4794
4874 4821 4794
4874 4875 4821
4875 4820 4821
4875 4856 4820
4856 4818 4820
4856 4822 4818
4823 4822 4857
4823 4857 4814
4811 4823 4814
4814 4827 4825
4685 4692 4876
4685 4876 4686
4796 4877 4787
4877 4796 4797
4877 4797 4783
4783 4784 4877
4877 4784 4787
4798 4781 4783
4748 4746 4826
4748 4826 4769
4769 4750 4748
4878 4879 4880
4878 4880 4881
4881 4880 4882
4881 4882 4883
4883 4882 4884
4883 4884 4885
4885 4884 4886
4885 4886 4887
4886 4888 4887
4886 4889 4888
4890 4878 4881
4890 4881 4891
4892 4891 4881
4892 4881 4883
4893 4892 4883
4893 4883 4885
4893 4885 4887
4893 4887 4894
4888 4894 4887
4888 4895 4894
4896 4895 4888
4889 4896 4888
4890 4897 4898
4890 4898 4878
4878 4898 4899
4878 4899 4879
4897 4900 4898
4897 4901 4900
4898 4900 4902
4898 4902 4899
4901 4903 4900
4901 4904 4903
4900 4903 4905
4900 4905 4902
4906 4879 4899
4879 4906 4907
4879 4907 4908
4908 4907 4909
4908 4909 4910
4911 4910 4909
4911 4912 4910
4911 4913 4912
4906 4899 4914
4914 4899 4902
4914 4902 4915
4915 4902 4905
4904 4916 4903
4917 4918 4919
4917 4919 4920
4921 4918 4917
4921 4917 4922
4923 4921 4922
4923 4922 4924
4925 4923 4924
4919 4926 4920
4919 4927 4926
4920 4926 4928
4920 4928 4929
4930 4920 4929
4930 4931 4920
4931 4930 4932
4931 4932 4933
4932 4934 4933
4932 4935 4934
4935 4936 4934
4935 4937 4936
4937 4938 4936
4927 4939 4926
4939 4928 4926
4927 4940 4939
4940 4941 4939
4940 4942 4941
4942 4943 4941
4939 4944 4928
4941 4944 4939
4941 4945 4944
4946 4947 4948
4946 4948 4949
4947 4950 4948
4947 4951 4950
4949 4948 4952
4949 4952 4953
4948 4950 4954
4948 4954 4952
4955 4946 4949
4955 4956 4946
4950 4957 4954
4950 4958 4957
4951 4958 4950
4958 4959 4957
4958 4960 4959
4961 4960 4958
4951 4961 4958
4961 4962 4960
4960 4962 4963
4960 4963 4964
4959 4960 4964
4964 4963 4965
4964 4965 4966
4965 4967 4966
4968 4964 4966
4959 4964 4968
4968 4966 4969
4966 4970 4969
4956 4955 4971
4956 4971 4972
4971 4973 4972
4971 4974 4973
4973 4974 4975
4973 4975 4976
4976 4975 4977
4976 4977 4978
4974 4971 4979
4974 4979 4980
4975 4974 4980
4981 4980 4979
4981 4982 4980
4983 4980 4982
4975 4980 4983
4983 4982 4984
4978 4977 4985
4985 4977 4986
4986 4977 4975
4986 4975 4983
4984 4986 4983
4985 4986 4987
4988 4985 4987
4989 4985 4988
4978 4985 4989
4989 4988 4990
4990 4988 4991
4990 4991 4992
4992 4991 4993
4992 4993 4994
4994 4993 4995
4994 4995 4996
4996 4995 4997
4996 4997 4998
4997 4995 4999
4997 4999 5000
5000 4999 5001
5000 5001 5002
4999 5003 5001
4999 5004 5003
4995 4993 5004
4995 5004 4999
4993 4991 5005
4993 5005 5004
4991 5006 5005
4991 4988 5006
4988 4987 5006
5007 5006 4987
5008 5007 4987
5007 5008 5009
5007 5009 5010
5011 5007 5010
5007 5011 5006
5011 5005 5006
5011 5010 5012
5013 5011 5012
5011 5013 5005
5013 5003 5004
5013 5004 5005
5003 5013 5014
5013 5012 5014
5003 5014 5015
5009 5008 4984
5009 4984 5016
4984 5017 5016
4984 4982 5017
4984 5008 4986
5008 4987 4986
5018 5017 4982
5018 4982 4981
5019 5018 4981
5019 5020 5018
5021 5019 4981
5022 5019 5021
5022 5023 5019
5020 5019 5023
5022 5024 5023
5021 4981 4979
5023 5024 5025
5024 5026 5025
5024 5027 5026
5028 5027 5024
5022 5028 5024
5027 5029 5026
5027 5030 5029
5030 5031 5029
5030 5032 5031
5033 5032 5030
5033 5034 5032
5032 5034 5035
5031 5032 5035
5036 5033 5030
5036 5030 5027
5028 5036 5027
5023 5025 5037
5020 5023 5037
4971 5038 4979
4971 4955 5038
4949 5038 4955
4949 4953 5038
5038 5039 4979
4953 5039 5038
4953 5040 5039
4952 5040 4953
4952 5041 5040
4952 4954 5042
4952 5042 5043
4957 5042 4954
4957 5044 5042
4959 5044 4957
5002 5001 5045
5002 5045 5046
5001 5015 5045
5001 5003 5015
5047 5046 5048
5047 5048 5049
5050 5047 5049
5050 5049 5051
5051 5049 5052
5051 5052 5053
5054 5053 5052
5052 5055 5054
5052 5056 5055
5049 5048 5056
5049 5056 5052
5054 5055 5057
5054 5057 5058
5058 5057 5059
5058 5059 5060
5060 5059 5061
5060 5061 5062
5061 5063 5062
5061 5064 5063
5063 5064 5065
5063 5065 5066
5067 5063 5066
5067 5066 5068
5068 5066 5069
5068 5069 5070
5069 5071 5070
5072 5070 5071
5072 5073 5070
5069 5074 5071
5075 5068 5070
5075 5070 5073
5076 5067 5068
5076 5068 5075
5077 5067 5076
5063 5067 5077
5063 5077 5062
5077 5076 5078
5079 5077 5078
5079 5080 5077
5081 5080 5079
5066 5082 5069
5069 5082 5074
5062 5077 5080
5062 5080 5060
5060 5080 5081
5060 5081 5058
5058 5081 5083
5058 5083 5054
5054 5083 5053
5074 5082 5084
5085 5074 5084
5086 5085 5084
5086 5087 5085
5086 5088 5087
5088 5089 5087
5088 5090 5089
5089 5090 5091
5089 5091 5092
5091 5093 5092
5091 5094 5093
5087 5095 5085
5074 5085 5095
5087 5096 5095
5089 5096 5087
5097 5095 5096
5097 5096 5098
5098 5099 5097
5098 5100 5099
5089 5101 5096
5101 5089 5092
5101 5092 5102
5093 5102 5092
5093 5103 5102
5104 5103 5093
5094 5104 5093
5095 5097 5071
5097 5099 5072
5097 5072 5071
5098 5096 5105
5098 5105 5106
5106 5100 5098
5106 5105 5107
5106 5107 5108
5108 5109 5106
5106 5109 5100
5108 5110 5109
5108 5107 5111
5108 5111 5112
5112 5110 5108
5112 5111 5113
5112 5113 5114
5115 5112 5114
5115 5116 5112
5112 5116 5110
5114 5117 5115
5113 5117 5114
5095 5071 5074
5118 5073 5072
5119 5073 5118
5120 5119 5118
5121 5119 5120
5121 5122 5119
5120 5118 5123
5124 5123 5118
5118 5072 5124
5124 5125 5123
5122 5075 5119
5119 5075 5073
5122 5076 5075
5076 5122 5126
5076 5126 5078
5127 5078 5126
5127 5079 5078
5128 5079 5127
5129 5128 5127
5129 5127 5126
5129 5130 5128
5130 5131 5128
5130 5132 5131
5132 5133 5131
5132 5134 5133
5134 5135 5133
5134 5136 5135
5136 5137 5135
5136 5138 5137
5137 5051 5135
5137 5050 5051
5135 5051 5053
5135 5053 5133
5133 5053 5083
5133 5083 5131
5131 5083 5081
5131 5081 5128
5128 5081 5079
5129 5126 5139
5139 5126 5122
5139 5122 5121
5140 5141 5142
5141 5140 5143
5144 5141 5143
5144 5145 5141
5146 5144 5143
5147 5148 5149
5147 5149 5150
5151 5148 5147
5151 5147 5152
5150 5149 5153
5150 5153 5154
5153 5155 5154
5153 5156 5155
5155 5156 5157
5155 5157 5158
5158 5157 5159
5158 5159 5160
5159 5161 5160
5159 5162 5161
5162 5163 5161
5162 5164 5163
5163 5164 5165
5152 5166 5151
5152 5167 5166
5168 5169 5170
5168 5170 5171
5172 5170 5169
5172 5169 5173
5174 5172 5173
5174 5175 5172
5176 5168 5171
5176 5171 5177
5178 5176 5177
5178 5179 5176
5178 5180 5179
5178 5181 5180
5181 5182 5180
5181 5183 5182
5183 5184 5182
5175 5174 5185
5175 5185 5186
5187 5186 5185
5187 5188 5186
5066 5065 5082
5189 5190 5191
5192 5189 5191
5193 5189 5192
5190 5189 5193
5193 5192 5194
5190 5193 5195
5196 5197 5191
5198 5197 5196
5198 5199 5197
5200 5199 5198
5200 5201 5199
5202 5201 5200
5202 5203 5201
5204 5203 5202
5204 5205 5203
5205 5204 5206
5205 5206 5207
5206 5208 5207
5206 5209 5208
5210 5208 5209
5210 5211 5208
5212 5211 5210
5212 5213 5211
5214 5213 5212
5215 5210 5209
5215 5216 5210
5124 5072 5217
5124 5217 5218
5124 5218 5219
5219 5218 5220
5219 5220 5221
5221 5220 5222
5221 5222 5223
5222 5224 5223
5222 5225 5224
5224 5225 5226
5224 5226 5227
5227 5226 5228
5227 5228 5229
5228 5194 5229
5228 5230 5194
5218 5217 5231
5218 5231 5220
5220 5231 5232
5220 5232 5222
5233 5225 5222
5233 5222 5232
5225 5233 5234
5225 5234 5226
5226 5234 5235
5226 5235 5228
5236 5230 5228
5236 5228 5235
5124 5219 5125
