byte offset: 0
first index: 45873
index count: 4572
topology: trianglelist
format: DXGI_FORMAT_R16_UINT

12452 12453 12454
12452 12454 12455
12456 12453 12452
12456 12452 12457
12455 12454 12458
12458 12454 12459
12455 12458 12460
12461 12454 12453
12461 12459 12454
12462 12459 12461
12462 12463 12459
12462 12464 12463
12462 12465 12464
12466 12462 12461
12461 12453 12466
12466 12453 12456
12467 12466 12456
12468 12467 12456
12468 12456 12469
12468 12469 12470
12468 12470 12471
12472 12466 12467
12473 12472 12467
12468 12473 12467
12473 12474 12472
12472 12475 12466
12466 12475 12462
12476 12475 12472
12476 12477 12475
12477 12465 12462
12477 12462 12475
12478 12477 12476
12478 12479 12477
12479 12465 12477
12479 12478 12480
12478 12481 12480
12478 12482 12481
12481 12482 12483
12481 12483 12484
12485 12484 12483
12479 12480 12486
12487 12482 12478
12487 12478 12476
12483 12482 12487
12487 12476 12472
12487 12472 12474
12488 12487 12474
12473 12488 12474
12488 12489 12487
12483 12487 12489
12490 12483 12489
12491 12479 12486
12491 12486 12492
12486 12493 12492
12480 12494 12486
12481 12494 12480
12494 12493 12486
12481 12495 12494
12496 12495 12481
12496 12481 12484
12497 12489 12488
12497 12490 12489
12498 12497 12488
12498 12488 12499
12473 12499 12488
12468 12499 12473
12468 12471 12499
12500 12499 12471
12500 12498 12499
12494 12501 12493
12494 12502 12501
12495 12502 12494
12495 12503 12502
12496 12503 12495
12496 12504 12503
12505 12504 12496
12505 12496 12484
12505 12506 12504
12501 12502 12507
12507 12502 12503
12501 12507 12508
12509 12508 12507
12509 12510 12508
12511 12509 12507
12511 12507 12512
12507 12503 12512
12513 12511 12512
12513 12512 12514
12514 12512 12503
12514 12503 12504
12506 12514 12504
12515 12513 12514
12515 12516 12513
12516 12517 12513
12515 12514 12518
12506 12518 12514
12519 12511 12513
12519 12513 12517
12520 12519 12517
12521 12519 12520
12522 12521 12520
12523 12521 12522
12524 12523 12522
12524 12522 12525
12522 12520 12525
12523 12526 12521
12521 12526 12527
12521 12527 12528
12521 12528 12519
12528 12511 12519
12528 12509 12511
12527 12509 12528
12527 12510 12509
12529 12530 12531
12529 12531 12532
12529 12533 12530
12529 12534 12533
12531 12535 12532
12531 12536 12535
12537 12531 12530
12537 12536 12531
12537 12530 12538
12537 12539 12536
12529 12540 12534
12529 12541 12540
12541 12529 12532
12541 12532 12542
12535 12542 12532
12535 12543 12542
12544 12534 12540
12544 12540 12545
12546 12544 12545
12546 12547 12544
12548 12544 12547
12549 12548 12547
12546 12549 12547
12549 12550 12548
12551 12550 12549
12551 12552 12550
12548 12550 12553
12548 12553 12554
12549 12555 12551
12549 12556 12555
12546 12556 12549
12548 12557 12544
12554 12557 12548
12554 12558 12557
12559 12558 12554
12559 12554 12560
12560 12554 12553
12561 12558 12559
12533 12557 12558
12533 12558 12561
12557 12533 12534
12557 12534 12544
12561 12530 12533
12561 12538 12530
12560 12553 12562
12560 12562 12563
12564 12562 12553
12564 12563 12562
12564 12553 12565
12565 12566 12564
12565 12553 12550
12565 12550 12552
12564 12567 12563
12566 12567 12564
12566 12568 12567
12569 12563 12567
12569 12567 12568
12569 12568 12570
12571 12572 12573
12572 12574 12573
12574 12575 12573
12575 12576 12573
12575 12577 12576
12574 12578 12575
12574 12579 12578
12578 12579 12580
12578 12580 12581
12582 12575 12578
12582 12578 12581
12577 12575 12582
12583 12582 12581
12583 12581 12584
12581 12585 12584
12581 12586 12585
12587 12582 12583
12577 12582 12587
12587 12583 12588
12584 12585 12589
12584 12589 12590
12583 12584 12590
12590 12589 12543
12590 12543 12535
12536 12590 12535
12536 12591 12590
12583 12590 12591
12588 12583 12591
12539 12591 12536
12539 12592 12591
12588 12591 12592
12593 12594 12586
12593 12586 12595
12596 12593 12595
12596 12597 12593
12596 12598 12597
12597 12598 12599
12597 12599 12600
12601 12598 12596
12602 12598 12601
12603 12594 12593
12603 12593 12597
12600 12603 12597
12604 12594 12603
12604 12605 12594
12594 12605 12606
12594 12606 12580
12607 12604 12603
12600 12607 12603
12607 12608 12604
12605 12609 12606
12605 12610 12609
12604 12610 12605
12610 12611 12609
12610 12612 12611
12612 12613 12611
12612 12614 12613
12615 12614 12612
12616 12614 12615
12616 12615 12617
12616 12617 12618
12616 12618 12619
12615 12612 12620
12620 12612 12610
12621 12617 12615
12621 12615 12620
12621 12622 12617
12621 12620 12623
12616 12619 12624
12616 12624 12625
12625 12613 12614
12625 12614 12616
12626 12624 12619
12626 12627 12624
12628 12627 12626
12628 12626 12629
12630 12629 12626
12631 12629 12630
12628 12629 12631
12631 12630 12632
12630 12633 12632
12630 12634 12633
12630 12626 12635
12634 12630 12635
12628 12631 12636
12634 12635 12637
12638 12634 12637
12638 12639 12634
12639 12633 12634
12640 12638 12637
12635 12626 12619
12635 12619 12618
12618 12640 12637
12618 12637 12635
12640 12618 12617
12640 12617 12622
12639 12641 12633
12642 12643 12636
12642 12644 12643
12644 12642 12645
12644 12645 12646
12647 12646 12645
12647 12645 12648
12649 12647 12648
12647 12649 12650
12650 12649 12651
12649 12648 12652
12649 12652 12653
12649 12653 12651
12654 12653 12652
12655 12651 12653
12655 12656 12651
12650 12651 12656
12655 12657 12656
12658 12659 12471
12471 12660 12658
12471 12661 12660
12662 12663 12484
12490 12662 12483
12491 12464 12465
12465 12479 12491
12664 12665 12666
12664 12666 12667
12668 12664 12667
12668 12669 12664
12665 12670 12666
12670 12671 12666
12665 12672 12670
12673 12667 12666
12673 12666 12671
12673 12674 12667
12674 12668 12667
12675 12668 12674
12676 12668 12675
12676 12677 12668
12676 12678 12677
12676 12679 12678
12676 12680 12679
12681 12679 12680
12676 12682 12680
12676 12675 12682
12683 12679 12684
12679 12683 12685
12679 12685 12686
12681 12687 12688
12688 12687 12689
12690 12689 12687
12690 12691 12689
12690 12692 12691
12690 12693 12692
12689 12691 12694
12694 12691 12692
12689 12694 12695
12692 12693 12696
12692 12696 12697
12698 12695 12694
12698 12694 12699
12700 12698 12699
12701 12700 12699
12694 12701 12699
12701 12702 12700
12700 12703 12698
12704 12698 12703
12694 12705 12701
12705 12692 12697
12694 12692 12705
12701 12705 12706
12705 12697 12706
12701 12706 12707
12707 12702 12701
12708 12695 12698
12707 12706 12709
12696 12710 12697
12706 12697 12710
12706 12710 12709
12710 12711 12709
12710 12712 12711
12710 12713 12712
12710 12714 12713
12696 12714 12710
12700 12702 12715
12716 12709 12711
12709 12716 12707
12716 12717 12707
12716 12718 12717
12717 12718 12719
12717 12719 12715
12715 12719 12720
12715 12720 12721
12722 12715 12721
12700 12715 12722
12723 12700 12722
12723 12703 12700
12724 12703 12723
12722 12721 12725
12723 12722 12725
12723 12725 12726
12724 12723 12726
12724 12726 12727
12720 12728 12721
12728 12725 12721
12720 12729 12728
12730 12728 12729
12730 12729 12731
12732 12728 12730
12732 12733 12728
12728 12733 12725
12734 12733 12732
12734 12735 12733
12735 12726 12725
12735 12725 12733
12727 12726 12735
12736 12735 12734
12736 12734 12737
12737 12734 12738
12736 12739 12735
12727 12735 12739
12740 12738 12734
12740 12734 12732
12741 12738 12740
12742 12741 12740
12743 12741 12742
12744 12743 12742
12745 12743 12744
12745 12746 12743
12743 12746 12741
12744 12742 12747
12742 12748 12747
12742 12749 12748
12742 12740 12749
12749 12740 12732
12749 12732 12730
12748 12749 12730
12748 12730 12731
12620 12610 12750
12623 12620 12750
12623 12750 12751
12604 12750 12610
12608 12751 12750
12608 12750 12604
12752 12703 12753
12708 12698 12752
12754 12695 12708
12754 12689 12695
12688 12689 12754
12707 12717 12702
12702 12717 12715
12755 12756 12757
12755 12757 12758
12755 12758 12759
12755 12759 12760
12761 12756 12755
12761 12762 12756
12763 12762 12761
12763 12764 12762
12763 12761 12765
12765 12761 12755
12765 12755 12760
12763 12765 12766
12767 12764 12763
12767 12768 12764
12769 12768 12767
12769 12770 12768
12771 12770 12769
12771 12769 12772
12773 12772 12769
12774 12772 12773
12774 12773 12775
12773 12769 12776
12776 12769 12767
12776 12767 12777
12777 12767 12763
12777 12763 12766
12778 12774 12775
12778 12775 12779
12780 12771 12772
12780 12772 12774
12781 12780 12774
12781 12774 12778
12778 12782 12781
12778 12783 12782
12779 12783 12778
12783 12784 12782
12783 12785 12784
12785 12786 12784
12785 12787 12786
12786 12787 12788
12786 12788 12789
12788 12790 12789
12788 12791 12790
12791 12792 12790
12791 12793 12792
12793 12794 12792
12795 12792 12794
12795 12796 12792
12790 12792 12796
12793 12797 12794
12798 12794 12797
12798 12799 12794
12795 12794 12799
12790 12796 12800
12789 12790 12800
12789 12800 12801
12802 12786 12789
12802 12789 12801
12802 12801 12803
12784 12786 12802
12784 12802 12804
12804 12782 12784
12804 12805 12782
12806 12805 12804
12806 12804 12802
12806 12807 12805
12808 12805 12807
12808 12809 12805
12782 12805 12809
12808 12810 12809
12808 12811 12810
12812 12811 12808
12811 12813 12810
12811 12814 12813
12814 12815 12813
12814 12816 12815
12817 12816 12814
12817 12818 12816
12817 12814 12819
12817 12819 12820
12818 12821 12816
12818 12822 12821
12816 12821 12823
12816 12823 12815
12822 12824 12821
12822 12825 12824
12826 12824 12825
12826 12827 12824
12824 12827 12828
12827 12829 12828
12827 12830 12829
12826 12830 12827
12830 12831 12829
12830 12832 12831
12824 12828 12833
12833 12823 12821
12833 12821 12824
12834 12831 12832
12834 12832 12835
12836 12835 12832
12836 12832 12837
12837 12832 12830
12836 12837 12838
12836 12838 12839
12840 12838 12837
12837 12830 12840
12826 12840 12830
12840 12841 12838
12841 12840 12842
12757 12829 12831
12834 12757 12831
12757 12756 12829
12834 12843 12757
12758 12757 12843
12758 12843 12844
12759 12758 12844
12759 12844 12845
12846 12759 12845
12846 12847 12759
12848 12847 12846
12849 12759 12847
12849 12850 12759
12851 12847 12848
12849 12847 12851
12852 12849 12851
12853 12852 12851
12853 12851 12854
12855 12853 12854
12856 12855 12854
12856 12854 12857
12851 12848 12858
12851 12858 12859
12854 12851 12859
12854 12859 12860
12857 12854 12860
12857 12860 12861
12862 12857 12861
12863 12857 12862
12863 12864 12857
12864 12856 12865
12866 12863 12862
12863 12866 12867
12868 12867 12866
12869 12868 12866
12868 12870 12867
12867 12779 12863
12779 12864 12863
12867 12871 12779
12870 12871 12867
12870 12872 12871
12873 12872 12870
12873 12870 12874
12874 12870 12875
12876 12874 12868
12876 12873 12874
12876 12877 12873
12878 12877 12876
12868 12878 12876
12878 12879 12877
12880 12879 12878
12878 12881 12880
12881 12882 12880
12881 12883 12882
12883 12884 12882
12883 12885 12884
12886 12883 12881
12886 12881 12887
12888 12885 12883
12888 12883 12886
12878 12889 12881
12889 12887 12881
12889 12890 12887
12891 12882 12884
12891 12880 12882
12891 12884 12892
12880 12893 12879
12891 12893 12880
12891 12892 12798
12891 12798 12797
12893 12891 12797
12893 12797 12793
12879 12893 12793
12879 12793 12791
12877 12879 12791
12877 12791 12788
12873 12877 12788
12873 12788 12787
12787 12872 12873
12787 12785 12872
12785 12871 12872
12785 12783 12871
12779 12871 12783
12779 12775 12864
12775 12856 12864
12775 12773 12856
12773 12855 12856
12773 12776 12855
12776 12853 12855
12776 12777 12853
12777 12852 12853
12777 12766 12852
12766 12765 12852
12765 12894 12852
12765 12850 12894
12895 12896 12897
12895 12897 12898
12899 12895 12898
12899 12900 12895
12895 12900 12901
12895 12901 12902
12896 12895 12902
12896 12902 12903
12904 12900 12899
12901 12900 12904
12897 12905 12898
12905 12899 12898
12897 12906 12905
12905 12906 12907
12908 12905 12907
12762 12828 12829
12762 12829 12756
12764 12828 12762
12764 12833 12828
12768 12833 12764
12768 12823 12833
12770 12823 12768
12770 12815 12823
12813 12815 12770
12813 12770 12771
12810 12813 12771
12810 12771 12780
12809 12810 12780
12809 12780 12781
12782 12809 12781
12806 12802 12909
12868 12889 12878
12869 12889 12868
12869 12890 12889
12910 12869 12866
12910 12866 12862
12862 12861 12910
12911 12912 12913
12911 12913 12914
12911 12915 12912
12911 12916 12915
12917 12911 12914
12917 12914 12918
12919 12917 12918
12919 12918 12920
12919 12921 12917
12921 12916 12911
12921 12911 12917
12919 12922 12921
12923 12919 12920
12923 12920 12924
12925 12923 12924
12925 12924 12926
12927 12925 12926
12927 12928 12925
12929 12925 12928
12930 12929 12928
12930 12931 12929
12929 12932 12925
12932 12923 12925
12932 12933 12923
12933 12922 12919
12933 12919 12923
12934 12931 12930
12934 12935 12931
12936 12930 12928
12936 12928 12927
12937 12934 12930
12937 12930 12936
12934 12937 12938
12934 12938 12939
12935 12934 12939
12939 12938 12940
12939 12940 12941
12941 12940 12942
12941 12942 12943
12942 12944 12943
12942 12945 12944
12944 12945 12946
12944 12946 12947
12947 12946 12948
12947 12948 12949
12949 12948 12950
12951 12950 12948
12951 12948 12952
12946 12952 12948
12949 12950 12953
12954 12953 12950
12954 12950 12955
12951 12955 12950
12946 12956 12952
12945 12956 12946
12945 12957 12956
12958 12957 12945
12958 12959 12957
12958 12945 12942
12940 12958 12942
12940 12960 12958
12960 12940 12938
12960 12938 12961
12962 12960 12961
12962 12958 12960
12962 12961 12963
12964 12963 12961
12964 12961 12965
12938 12965 12961
12964 12965 12966
12964 12966 12967
12968 12964 12967
12967 12966 12969
12967 12969 12970
12970 12969 12971
12970 12971 12972
12973 12970 12972
12973 12972 12974
12973 12975 12970
12973 12976 12975
12974 12972 12977
12974 12977 12978
12972 12971 12979
12972 12979 12977
12978 12977 12980
12978 12980 12981
12982 12981 12980
12982 12980 12983
12980 12984 12983
12983 12984 12985
12983 12985 12986
12982 12983 12986
12986 12985 12987
12986 12987 12988
12980 12989 12984
12989 12980 12977
12989 12977 12979
12990 12988 12987
12990 12991 12988
12992 12988 12991
12992 12993 12988
12993 12986 12988
12992 12994 12993
12992 12995 12994
12996 12993 12994
12993 12996 12986
12982 12986 12996
12996 12994 12997
12997 12998 12996
12913 12987 12985
12990 12987 12913
12913 12985 12914
12990 12913 12999
12912 12999 12913
12912 13000 12999
12915 13000 12912
12915 13001 13000
13002 13001 12915
13002 12915 13003
13004 13002 13003
13005 13003 12915
13005 12915 13006
13007 13004 13003
13005 13007 13003
13008 13007 13005
13009 13007 13008
13009 13010 13007
13011 13010 13009
13012 13010 13011
13012 13013 13010
13007 13014 13004
13007 13015 13014
13010 13015 13007
13010 13016 13015
13013 13016 13010
13013 13017 13016
13018 13017 13013
13019 13018 13013
13019 13013 13020
13020 13021 13012
13022 13018 13019
13019 13023 13022
13024 13022 13023
13025 13022 13024
13024 13023 13026
13023 13019 12935
12935 13019 13020
13023 12935 13027
13026 13023 13027
13026 13027 13028
13029 13026 13028
13029 13030 13026
13030 13031 13026
13032 13024 13030
13032 13030 13029
13032 13029 13033
13034 13032 13033
13024 13032 13034
13034 13033 13035
13036 13034 13035
13034 13036 13037
13037 13036 13038
13037 13038 13039
13039 13038 13040
13039 13040 13041
13042 13037 13039
13042 13043 13037
13044 13042 13039
13044 13039 13041
13034 13037 13045
13045 13037 13043
13045 13043 13046
13047 13040 13038
13047 13038 13036
13047 13048 13040
13036 13035 13049
13047 13036 13049
13047 12954 13048
13047 12953 12954
13049 12953 13047
13049 12949 12953
13035 12949 13049
13035 12947 12949
13033 12947 13035
13033 12944 12947
13029 12944 13033
13029 12943 12944
12943 13029 13028
12943 13028 12941
12941 13028 13027
12941 13027 12939
12935 12939 13027
12935 13020 12931
12931 13020 13012
12931 13012 12929
12929 13012 13011
12929 13011 12932
12932 13011 13009
12932 13009 12933
12933 13009 13008
12933 13008 12922
12922 13008 12921
12921 13008 13050
12921 13050 13006
13051 13052 13053
13051 13053 13054
13055 13052 13051
13055 13051 13056
13051 13057 13056
13051 13058 13057
13054 13058 13051
13054 13059 13058
13060 13055 13056
13057 13060 13056
13053 13052 13061
13061 13052 13055
13053 13061 13062
13061 13063 13062
13064 13063 13061
12918 12914 12985
12918 12985 12984
12920 12918 12984
12920 12984 12989
12924 12920 12989
12924 12989 12979
12926 12924 12979
12926 12979 12971
12969 12926 12971
12969 12927 12926
12966 12927 12969
12966 12936 12927
12965 12936 12966
12965 12937 12936
12938 12937 12965
12962 13065 12958
13024 13034 13045
13025 13024 13045
13025 13045 13046
13066 13022 13025
13066 13018 13022
13018 13066 13017
13067 13068 13069
13067 13069 13070
13067 13071 13068
13067 13072 13071
13072 13067 13073
13072 13073 13074
13072 13074 13075
13074 13076 13075
13074 13077 13076
13078 13076 13077
13076 13078 13079
13078 13080 13079
13080 13078 13081
13078 13077 13081
13080 13081 13082
13082 13083 13080
13082 13084 13083
13075 13076 13085
13076 13079 13085
13086 13072 13075
13086 13071 13072
13086 13075 13087
13088 13086 13087
13079 13088 13087
13088 13089 13086
13086 13089 13090
13086 13090 13091
13086 13091 13071
13092 13071 13091
13092 13093 13071
13068 13071 13093
13068 13093 13094
13095 13092 13091
13095 13091 13090
13096 13068 13094
13096 13069 13068
13097 13096 13094
13097 13094 13098
13094 13099 13098
13094 13093 13099
13093 13100 13099
13100 13093 13101
13102 13069 13096
13070 13069 13102
13070 13102 13103
13102 13096 13104
13096 13105 13104
13096 13106 13105
13104 13105 13107
13096 13097 13108
13109 13096 13108
13110 13108 13097
13106 13108 13111
13112 13108 13110
13111 13108 13112
13112 13113 13111
13112 13114 13113
13112 13115 13114
13116 13115 13112
13112 13117 13116
13112 13118 13117
13112 13119 13118
13112 13120 13119
13112 13121 13120
13112 13122 13121
13112 13123 13122
13123 13112 13124
13124 13112 13125
13125 13112 13126
13127 13128 13129
13127 13129 13130
13131 13130 13129
13131 13132 13130
13132 13133 13130
13127 13130 13133
13132 13134 13133
13135 13134 13132
13135 13136 13134
13137 13134 13136
13137 13136 13138
13137 13138 13139
13137 13139 13140
13141 13140 13139
13142 13140 13141
13143 13142 13141
13144 13143 13141
13141 13145 13144
13141 13139 13145
13142 13146 13140
13146 13137 13140
13146 13147 13137
13148 13137 13147
13148 13133 13134
13148 13134 13137
13133 13148 13149
13149 13150 13151
13149 13151 13127
13150 13152 13151
13150 13153 13152
13127 13133 13149
13154 13127 13151
13152 13154 13151
13154 13128 13127
13155 13128 13154
13155 13156 13128
13128 13156 13157
13128 13157 13129
13129 13157 13158
13158 13159 13129
13154 13160 13155
13161 13160 13154
13162 13155 13160
13129 13159 13163
13163 13164 13129
13129 13164 13165
13129 13165 13131
13131 13165 13166
13166 13167 13131
13131 13167 13168
13168 13169 13131
13169 13170 13131
13170 13132 13131
13170 13135 13132
13169 13171 13170
13170 13171 13172
13172 13173 13170
13173 13172 13174
13166 13175 13167
13176 13167 13175
13176 13175 13177
13176 13177 13178
13176 13178 13179
13180 13176 13179
13181 13167 13176
13181 13176 13182
13183 13182 13176
13184 13183 13176
13176 13185 13184
13176 13180 13186
13187 13185 13176
13188 13187 13176
13176 13186 13189
13176 13189 13190
13188 13176 13190
13167 13181 13168
13191 13192 13193
13191 13193 13194
13194 13193 13195
13194 13195 13196
13196 13195 13197
13196 13197 13198
13198 13197 13199
13198 13199 13200
13200 13199 13201
13200 13201 13202
13202 13201 13203
13202 13203 13204
13204 13203 13205
13204 13205 13082
13082 13205 13206
13082 13206 13207
13208 13209 13192
13208 13192 13210
13211 13209 13208
13211 13212 13209
13213 13212 13211
13213 13214 13212
13215 13214 13213
13215 13216 13214
13217 13216 13215
13217 13218 13216
13219 13218 13217
13219 13220 13218
13221 13220 13219
13221 13222 13220
13223 13222 13221
13223 13224 13222
13225 13226 13227
13228 13225 13227
13225 13229 13226
13225 13230 13229
13225 13159 13230
13231 13159 13225
13231 13225 13232
13233 13232 13225
13234 13233 13225
13225 13235 13234
13225 13228 13236
13237 13235 13225
13238 13237 13225
13238 13225 13239
13225 13240 13239
13225 13236 13240
13158 13230 13159
13159 13231 13163
13241 13242 13243
13242 13244 13243
13244 13162 13243
13243 13245 13241
13243 13246 13245
13243 13247 13246
13243 13248 13247
13243 13249 13248
13243 13250 13249
13243 13251 13250
13251 13243 13252
13243 13253 13252
13243 13254 13253
13243 13255 13254
13243 13162 13160
13255 13243 13160
13256 13255 13160
13257 13258 13256
13257 13107 13258
13257 13256 13154
13152 13257 13154
13174 13259 13260
13259 13261 13260
13260 13261 13262
13263 13260 13262
13260 13263 13264
13265 13260 13264
13260 13265 13266
13260 13173 13174
13267 13260 13268
13269 13266 13268
13270 13271 13272
13273 13271 13270
13270 13272 13274
13270 13274 13275
13270 13275 13101
13276 13270 13101
13276 13277 13270
13278 13270 13277
13279 13270 13278
13270 13279 13280
13270 13281 13273
13282 13270 13280
13283 13270 13282
13283 13284 13270
13270 13284 13285
13270 13285 13281
13100 13101 13275
13101 13286 13276
13093 13286 13101
13286 13093 13287
13093 13288 13287
13093 13092 13288
13092 13289 13288
13289 13092 13290
13092 13291 13290
13291 13092 13292
13292 13092 13095
13292 13095 13293
13095 13294 13293
13294 13095 13295
13295 13296 13294
13289 13290 13297
13298 13297 13290
13298 13299 13297
13298 13300 13299
13298 13301 13300
13302 13301 13298
13303 13298 13290
13290 13291 13303
13303 13304 13298
13305 13298 13304
13306 13298 13305
13298 13306 13307
13298 13308 13302
13309 13298 13307
13310 13298 13309
13298 13311 13308
13298 13312 13311
13310 13312 13298
13296 13313 13314
13314 13313 13315
13313 13316 13315
13317 13316 13313
13313 13318 13317
13319 13318 13313
13313 13320 13319
13313 13296 13295
13321 13322 13313
13323 13322 13320
13324 13325 13326
13324 13326 13327
13324 13327 13328
13324 13328 13329
13329 13330 13324
13329 13331 13330
13329 13332 13331
13331 13332 13333
13331 13333 13334
13335 13334 13333
13333 13336 13335
13335 13336 13337
13337 13338 13335
13335 13338 13334
13337 13339 13338
13339 13337 13340
13339 13340 13341
13332 13342 13333
13333 13342 13336
13343 13332 13329
13343 13329 13328
13343 13344 13332
13345 13344 13343
13336 13344 13345
13345 13343 13346
13343 13347 13346
13343 13348 13347
13343 13328 13348
13349 13348 13328
13349 13328 13350
13327 13350 13328
13327 13351 13350
13352 13347 13348
13352 13348 13349
13353 13351 13327
13353 13327 13326
13354 13351 13353
13354 13355 13351
13351 13355 13356
13351 13356 13350
13350 13356 13357
13357 13358 13350
13359 13353 13326
13325 13359 13326
13325 13360 13359
13359 13361 13353
13353 13361 13362
13353 13362 13363
13361 13364 13362
13353 13365 13354
13366 13365 13353
13367 13354 13365
13363 13368 13365
13369 13367 13365
13368 13369 13365
13369 13368 13370
13369 13370 13371
13369 13371 13372
13373 13369 13372
13369 13373 13374
13369 13374 13375
13369 13375 13376
13369 13376 13377
13369 13377 13378
13369 13378 13379
13369 13379 13380
13380 13381 13369
13381 13382 13369
13382 13383 13369
13384 13385 13386
13384 13386 13387
13388 13386 13385
13388 13385 13389
13389 13385 13390
13384 13390 13385
13389 13390 13391
13392 13389 13391
13392 13391 13393
13394 13393 13391
13394 13395 13393
13394 13396 13395
13394 13397 13396
13398 13396 13397
13399 13398 13397
13400 13398 13399
13401 13398 13400
13398 13401 13402
13398 13402 13396
13399 13397 13403
13403 13397 13394
13403 13394 13404
13405 13404 13394
13405 13391 13390
13405 13394 13391
13390 13406 13405
13406 13384 13407
13406 13407 13408
13408 13407 13409
13408 13409 13410
13384 13406 13390
13411 13407 13384
13409 13407 13411
13411 13384 13387
13412 13411 13387
13412 13387 13413
13387 13414 13413
13387 13386 13414
13386 13415 13414
13415 13386 13416
13411 13412 13417
13418 13411 13417
13419 13417 13412
13386 13420 13416
13420 13386 13421
13386 13422 13421
13386 13388 13422
13388 13423 13422
13423 13388 13424
13388 13425 13424
13425 13388 13426
13426 13388 13427
13427 13388 13389
13427 13389 13392
13426 13427 13428
13427 13429 13428
13429 13427 13430
13430 13431 13429
13423 13424 13432
13433 13432 13424
13433 13434 13432
13433 13435 13434
13433 13436 13435
13437 13436 13433
13438 13433 13424
13438 13439 13433
13440 13433 13439
13441 13433 13440
13433 13441 13442
13433 13443 13437
13444 13433 13442
13445 13433 13444
13433 13446 13443
13433 13447 13446
13445 13447 13433
13424 13425 13438
13448 13449 13450
13448 13450 13451
13449 13452 13450
13449 13453 13452
13453 13454 13452
13453 13455 13454
13455 13456 13454
13455 13457 13456
13457 13458 13456
13457 13459 13458
13459 13460 13458
13459 13461 13460
13461 13462 13460
13461 13339 13462
13339 13463 13462
13339 13464 13463
13465 13466 13451
13465 13451 13467
13468 13465 13467
13468 13467 13469
13470 13468 13469
13470 13469 13471
13472 13470 13471
13472 13471 13473
13474 13472 13473
13474 13473 13475
13476 13474 13475
13476 13475 13477
13478 13476 13477
13478 13477 13479
13480 13478 13479
13480 13479 13481
13482 13483 13484
13485 13483 13482
13482 13484 13486
13482 13486 13487
13482 13487 13416
13488 13482 13416
13488 13489 13482
13490 13482 13489
13491 13482 13490
13482 13491 13492
13482 13493 13485
13494 13482 13492
13495 13482 13494
13495 13496 13482
13482 13496 13497
13482 13497 13493
13415 13416 13487
13416 13420 13488
13498 13499 13500
13500 13499 13501
13501 13499 13419
13499 13498 13502
13499 13502 13503
13499 13503 13504
13499 13504 13505
13499 13505 13506
13499 13506 13507
13499 13507 13508
13508 13509 13499
13499 13509 13510
13499 13510 13511
13499 13511 13512
13499 13417 13419
13512 13417 13499
13513 13417 13512
13514 13411 13513
13514 13513 13515
13514 13515 13516
13409 13411 13514
13431 13517 13518
13518 13517 13519
13517 13520 13519
13521 13520 13517
13517 13522 13521
13523 13522 13517
13517 13524 13523
13517 13431 13430
13525 13526 13517
13527 13526 13524
13528 13529 13530
13531 13528 13530
13528 13532 13529
13528 13533 13532
13528 13358 13533
13534 13358 13528
13534 13528 13535
13536 13535 13528
13537 13536 13528
13528 13538 13537
13528 13531 13539
13540 13538 13528
13541 13540 13528
13541 13528 13542
13528 13543 13542
13528 13539 13543
13357 13533 13358
13358 13534 13544
13350 13358 13544
13544 13545 13350
13350 13545 13546
13350 13546 13349
13349 13546 13547
13547 13548 13349
13349 13548 13549
13549 13550 13349
13550 13352 13349
13550 13551 13352
13352 13551 13552
13552 13553 13352
13553 13552 13554
13547 13555 13548
13556 13548 13555
13556 13555 13557
13556 13557 13558
13556 13558 13559
13560 13556 13559
13561 13548 13556
13548 13561 13549
13561 13556 13562
13563 13562 13556
13564 13563 13556
13556 13565 13564
13556 13560 13566
13567 13565 13556
13568 13567 13556
13556 13566 13569
13556 13569 13570
13568 13556 13570
13554 13571 13572
13571 13573 13572
13572 13573 13574
13575 13572 13574
13572 13575 13576
13577 13572 13576
13572 13577 13578
13572 13553 13554
13579 13572 13580
13581 13578 13580
13582 13583 13584
13582 13584 13585
13583 13582 13586
13583 13586 13587
13587 13586 13588
13587 13588 13589
13589 13588 13590
13589 13590 13591
13591 13590 13592
13591 13592 13593
13593 13592 13594
13593 13594 13595
13595 13594 13596
13597 13598 13599
13597 13599 13600
13601 13598 13597
13601 13602 13598
13603 13602 13601
13603 13604 13602
13605 13604 13603
13605 13606 13604
13607 13606 13605
13607 13608 13606
13609 13608 13607
13609 13610 13608
13611 13610 13609
13612 13610 13611
13613 13614 13615
13613 13615 13616
13616 13617 13613
13616 13618 13617
13618 13619 13617
13618 13620 13619
13620 13621 13619
13620 13622 13621
13622 13623 13621
13622 13624 13623
13624 13625 13623
13624 13626 13625
13626 13627 13625
13628 13629 13630
13628 13630 13631
13632 13628 13631
13632 13631 13633
13634 13632 13633
13634 13633 13635
13636 13634 13635
13636 13635 13637
13638 13636 13637
13638 13637 13639
13640 13638 13639
13640 13639 13641
13642 13640 13641
13643 13642 13641
