byte offset: 0
first index: 45990
index count: 1380
topology: trianglelist
format: DXGI_FORMAT_R16_UINT

12198 12199 12200
12199 12198 12201
12198 12200 12202
12203 12201 12198
12201 12203 12204
12198 12205 12203
12205 12198 12206
12198 12202 12206
12207 12200 12199
12200 12207 12208
12209 12208 12207
12208 12209 12210
12206 12211 12205
12211 12206 12212
12213 12211 12212
12211 12213 12214
12215 12212 12206
12202 12215 12206
12212 12215 12216
12212 12217 12213
12217 12212 12216
12218 12214 12213
12214 12218 12219
12220 12219 12218
12219 12220 12221
12213 12222 12218
12222 12213 12217
12217 12223 12222
12223 12217 12224
12216 12224 12217
12221 12225 12219
12225 12221 12226
12226 12227 12225
12227 12226 12228
12229 12226 12221
12226 12229 12230
12230 12228 12226
12231 12230 12229
12230 12231 12232
12233 12232 12231
12232 12233 12234
12235 12219 12225
12219 12235 12214
12236 12225 12227
12225 12236 12235
12228 12230 12237
12232 12237 12230
12237 12232 12238
12234 12238 12232
12228 12239 12227
12239 12236 12227
12239 12228 12240
12237 12240 12228
12240 12237 12241
12238 12241 12237
12241 12238 12242
12243 12242 12238
12238 12234 12243
12242 12243 12244
12236 12239 12245
12239 12246 12245
12246 12239 12247
12248 12244 12243
12244 12248 12249
12250 12236 12245
12246 12250 12245
12236 12250 12251
12252 12251 12250
12251 12252 12253
12254 12253 12252
12253 12254 12255
12255 12256 12253
12256 12255 12257
12258 12257 12255
12257 12258 12259
12259 12203 12257
12203 12259 12204
12257 12205 12256
12205 12257 12203
12255 12260 12258
12260 12255 12254
12254 12261 12260
12261 12254 12262
12252 12262 12254
12263 12261 12262
12211 12256 12205
12256 12211 12264
12264 12253 12256
12253 12264 12251
12211 12235 12264
12235 12251 12264
12235 12211 12214
12251 12235 12236
12265 12263 12262
12265 12262 12266
12262 12267 12266
12262 12252 12267
12250 12267 12252
12267 12250 12268
12269 12265 12266
12265 12269 12270
12266 12271 12269
12271 12266 12272
12272 12266 12267
12268 12272 12267
12272 12273 12271
12273 12272 12268
12250 12246 12268
12269 12274 12270
12275 12268 12246
12268 12275 12273
12247 12275 12246
12274 12276 12270
12270 12276 12277
12276 12274 12278
12265 12270 12277
12239 12279 12247
12279 12239 12240
12240 12280 12279
12280 12240 12241
12242 12280 12241
12281 12231 12282
12229 12282 12231
12282 12229 12283
12282 12283 12284
12220 12284 12283
12284 12220 12285
12218 12285 12220
12285 12218 12222
12221 12283 12229
12283 12221 12220
12233 12231 12281
12282 12286 12281
12286 12287 12281
12286 12288 12287
12234 12233 12289
12234 12289 12290
12290 12243 12234
12243 12290 12248
12248 12290 12291
12291 12292 12248
12292 12291 12293
12292 12249 12248
12249 12292 12294
12295 12294 12292
12293 12295 12292
12294 12295 12296
12297 12298 12299
12297 12299 12300
12300 12301 12297
12300 12302 12301
12302 12209 12301
12209 12302 12210
12302 12303 12210
12304 12210 12303
12304 12305 12210
12210 12305 12306
12208 12210 12306
12208 12306 12307
12307 12200 12208
12200 12307 12308
12307 12309 12308
12310 12309 12307
12309 12310 12311
12311 12310 12312
12304 12313 12312
12312 12313 12314
12311 12312 12314
12202 12200 12308
12202 12308 12315
12215 12202 12315
12215 12315 12316
12315 12317 12316
12318 12215 12316
12316 12319 12318
12319 12316 12320
12313 12320 12321
12316 12317 12321
12320 12316 12321
12224 12318 12319
12215 12318 12216
12224 12216 12318
12322 12323 12324
12324 12223 12322
12223 12324 12222
12325 12326 12327
12326 12325 12328
12329 12326 12328
12326 12329 12330
12331 12328 12325
12325 12332 12331
12333 12331 12332
12331 12333 12334
12332 12325 12335
12327 12335 12325
12328 12331 12336
12334 12336 12331
12336 12334 12337
12334 12338 12337
12338 12334 12339
12334 12340 12339
12340 12334 12333
12341 12330 12329
12330 12341 12342
12335 12327 12343
12344 12328 12336
12328 12344 12329
12345 12342 12341
12341 12346 12345
12346 12341 12347
12347 12329 12344
12329 12347 12341
12344 12348 12347
12348 12344 12349
12349 12336 12337
12336 12349 12344
12349 12350 12348
12350 12349 12351
12342 12345 12352
12353 12348 12350
12348 12353 12354
12354 12347 12348
12347 12354 12346
12351 12355 12350
12355 12351 12356
12355 12356 12357
12350 12358 12353
12358 12350 12355
12355 12359 12358
12359 12355 12357
12360 12352 12345
12352 12360 12361
12357 12362 12359
12362 12357 12363
12357 12364 12363
12364 12357 12365
12356 12365 12357
12365 12366 12364
12366 12365 12367
12365 12368 12367
12368 12365 12369
12365 12356 12369
12370 12367 12368
12367 12370 12371
12372 12367 12371
12367 12372 12366
12372 12373 12366
12373 12372 12374
12375 12373 12374
12373 12375 12376
12377 12376 12375
12376 12377 12378
12379 12378 12377
12378 12379 12380
12381 12380 12379
12380 12381 12382
12383 12382 12381
12382 12383 12384
12385 12384 12383
12384 12385 12386
12387 12386 12385
12386 12387 12388
12387 12389 12388
12378 12390 12376
12391 12376 12390
12390 12392 12391
12392 12390 12393
12394 12393 12390
12393 12394 12395
12396 12395 12394
12395 12396 12397
12398 12397 12396
12397 12398 12399
12398 12400 12399
12400 12398 12401
12401 12402 12400
12402 12401 12403
12404 12402 12403
12402 12404 12405
12404 12406 12405
12363 12391 12392
12391 12363 12364
12407 12363 12392
12363 12407 12362
12366 12391 12364
12391 12366 12373
12376 12391 12373
12392 12408 12407
12408 12392 12393
12395 12408 12393
12362 12409 12359
12409 12358 12359
12358 12409 12410
12410 12353 12358
12353 12410 12411
12411 12354 12353
12354 12411 12412
12413 12354 12412
12413 12346 12354
12346 12413 12414
12414 12345 12346
12345 12414 12360
12360 12415 12361
12416 12417 12418
12418 12419 12416
12419 12418 12420
12420 12384 12419
12384 12420 12401
12401 12382 12384
12382 12401 12398
12396 12382 12398
12382 12396 12380
12394 12380 12396
12380 12394 12378
12390 12378 12394
12421 12422 12423
12422 12421 12424
12421 12425 12424
12425 12421 12426
12424 12427 12422
12332 12422 12427
12427 12333 12332
12333 12427 12428
12422 12332 12335
12335 12423 12422
12427 12424 12429
12429 12428 12427
12428 12429 12430
12431 12428 12430
12428 12431 12432
12428 12340 12333
12340 12428 12432
12423 12335 12343
12433 12424 12425
12424 12433 12429
12430 12434 12431
12434 12430 12435
12429 12435 12430
12435 12429 12433
12433 12436 12435
12436 12433 12437
12437 12438 12436
12439 12436 12438
12436 12439 12440
12435 12440 12434
12440 12435 12436
12438 12437 12441
12442 12441 12437
12441 12442 12443
12442 12444 12443
12444 12442 12445
12443 12446 12441
12446 12443 12447
12444 12447 12443
12438 12448 12439
12448 12438 12449
12449 12441 12446
12441 12449 12438
12442 12426 12445
12426 12442 12425
12437 12425 12442
12425 12437 12433
12447 12444 12450
12451 12447 12450
12452 12453 12454
12453 12452 12455
12455 12456 12453
12456 12455 12457
12458 12456 12457
12456 12458 12459
12454 12460 12452
12460 12454 12461
12461 12462 12460
12462 12461 12463
12464 12463 12461
12463 12464 12465
12461 12466 12464
12466 12461 12454
12458 12467 12459
12467 12458 12468
12469 12467 12468
12467 12469 12470
12468 12370 12469
12370 12468 12371
12468 12471 12371
12471 12468 12458
12472 12462 12463
12462 12472 12473
12474 12473 12472
12473 12474 12475
12476 12475 12474
12475 12476 12477
12477 12476 12478
12479 12470 12469
12470 12479 12480
12480 12481 12470
12481 12480 12482
12469 12340 12479
12340 12469 12370
12368 12340 12370
12340 12368 12339
12369 12339 12368
12339 12369 12338
12356 12338 12369
12338 12356 12351
12351 12337 12338
12337 12351 12349
12482 12483 12481
12483 12484 12481
12483 12485 12484
12486 12484 12485
12484 12486 12487
12485 12483 12488
12489 12487 12486
12487 12489 12490
12491 12490 12489
12490 12491 12492
12466 12492 12491
12493 12488 12483
12488 12493 12494
12459 12484 12487
12484 12459 12467
12467 12481 12484
12481 12467 12470
12487 12456 12459
12456 12487 12490
12490 12453 12456
12453 12490 12492
12492 12454 12453
12454 12492 12466
12494 12495 12488
12496 12488 12495
12488 12496 12485
12485 12496 12486
12495 12494 12497
12483 12482 12493
12498 12499 12500
12499 12498 12501
12501 12473 12499
12473 12501 12502
12498 12500 12503
12502 12462 12473
12462 12502 12504
12504 12460 12462
12460 12504 12505
12505 12452 12460
12452 12505 12506
12506 12455 12452
12455 12506 12507
12507 12457 12455
12457 12507 12508
12471 12457 12508
12457 12471 12458
12509 12472 12510
12472 12509 12511
12463 12510 12472
12510 12463 12465
12509 12512 12511
12512 12509 12513
12512 12513 12514
