byte offset: 0
first index: 0
index count: 11139
topology: trianglelist
format: DXGI_FORMAT_R16_UINT

0 1 2
3 1 0
3 4 1
4 3 5
5 6 4
7 4 6
4 7 8
8 1 4
1 8 2
6 5 9
6 10 7
10 6 11
9 11 6
12 10 11
11 13 12
13 11 14
11 9 14
10 12 15
13 16 12
16 15 12
16 13 17
16 17 18
18 19 16
15 16 19
19 18 20
21 20 18
20 21 22
23 22 21
22 23 24
21 25 23
25 21 26
27 23 25
23 27 28
28 24 23
24 28 29
21 18 30
30 26 21
31 30 18
30 31 32
31 33 32
33 34 32
34 33 35
33 36 35
36 33 37
37 38 36
38 37 39
39 40 38
40 39 41
42 41 39
41 42 43
44 39 37
39 44 42
43 45 41
45 43 46
47 41 45
41 47 40
45 48 47
48 45 49
46 49 45
50 48 49
49 46 51
52 49 51
37 53 44
53 37 33
33 31 53
54 55 56
55 54 57
58 56 55
56 58 59
60 59 58
59 60 61
62 61 60
61 62 63
64 63 62
63 64 65
65 64 66
67 57 54
57 67 68
69 70 71
70 69 72
71 73 69
73 71 74
75 73 74
73 75 76
77 76 75
76 77 78
79 78 77
78 79 80
80 79 81
72 82 70
82 72 83
83 84 82
84 83 85
85 86 84
86 85 87
87 88 86
88 87 89
89 90 88
90 89 91
85 83 92
83 93 92
93 83 72
72 94 93
94 72 69
95 94 69
94 95 96
97 96 95
96 97 98
99 98 97
98 99 100
100 99 101
102 32 34
32 102 30
26 30 102
103 104 105
106 104 103
107 104 106
108 104 107
109 104 108
110 104 109
111 104 110
112 104 111
113 104 112
114 104 113
115 104 114
116 104 115
117 104 116
118 104 117
119 104 118
120 104 119
121 104 120
122 104 121
123 104 122
105 104 123
124 125 126
124 126 127
124 127 128
124 128 129
124 129 130
124 130 131
124 131 132
124 132 133
124 133 134
124 134 135
124 135 136
124 136 137
124 137 138
124 138 139
124 139 140
125 141 126
142 126 141
126 142 127
143 127 142
127 143 128
144 128 143
128 144 129
145 129 144
129 145 130
146 130 145
130 146 131
147 131 146
131 147 132
147 133 132
133 147 148
148 134 133
134 148 149
149 135 134
135 149 150
150 136 135
136 150 151
151 137 136
137 151 152
152 138 137
138 152 153
153 139 138
139 153 154
154 140 139
140 154 155
155 156 140
124 140 156
124 156 157
124 157 158
124 158 159
124 159 125
156 155 160
160 157 156
157 160 161
161 158 157
158 161 162
163 158 162
158 163 159
164 159 163
159 164 125
141 125 164
165 166 167
168 167 166
167 168 169
170 169 168
169 170 171
172 171 170
171 172 173
172 174 173
174 172 175
172 176 175
177 175 176
175 177 178
178 179 175
179 174 175
179 178 180
181 178 177
178 181 182
183 182 181
182 183 184
176 172 185
170 185 172
185 170 186
186 187 185
187 186 188
188 189 187
190 187 189
187 190 191
191 185 187
185 191 176
192 191 190
191 192 193
194 192 190
192 194 195
196 190 189
190 196 194
195 197 192
197 193 192
197 195 198
198 199 197
200 197 199
197 200 201
193 197 201
199 198 202
189 188 203
203 196 189
196 203 204
205 204 203
204 205 206
206 207 204
207 206 208
209 208 206
208 209 210
206 211 209
211 206 205
212 209 211
209 212 213
213 210 209
200 181 201
177 201 181
201 177 193
176 193 177
193 176 191
210 213 214
213 215 214
216 214 215
217 216 215
216 217 218
219 218 217
217 220 219
220 217 221
215 221 217
221 222 220
222 221 223
218 219 224
222 225 220
225 219 220
225 222 226
219 227 224
219 225 227
226 228 225
228 226 229
229 230 228
230 229 231
232 229 226
229 232 233
233 231 229
234 222 223
222 234 235
235 226 222
226 235 232
236 224 227
227 237 236
237 227 238
238 225 228
225 238 227
239 238 228
230 239 228
239 230 240
241 238 239
238 241 237
240 241 239
241 240 242
237 243 236
243 237 244
241 244 237
245 236 243
246 245 243
246 247 245
247 246 248
248 249 247
249 248 250
251 248 246
248 251 252
252 250 248
253 252 251
252 253 254
255 253 251
246 255 251
255 246 243
244 255 243
253 255 256
256 257 253
257 256 258
259 258 256
258 259 260
261 260 259
260 261 262
263 256 255
256 263 259
250 252 264
254 264 252
264 265 250
265 264 266
267 266 264
264 254 267
266 267 268
266 269 265
270 265 269
269 271 270
271 269 272
272 273 271
273 272 274
275 274 272
274 275 276
265 270 277
272 278 275
278 272 269
269 266 278
279 275 278
279 266 268
266 279 278
275 279 280
277 250 265
250 277 249
281 271 273
273 282 281
282 283 281
284 281 283
281 284 285
286 285 284
285 286 287
288 287 286
287 288 289
277 287 289
283 282 290
291 290 282
290 291 292
291 293 292
293 291 294
216 289 288
289 216 295
216 296 295
296 216 218
224 296 218
296 224 297
224 236 297
291 298 294
298 291 299
236 245 297
245 296 297
295 277 289
277 295 249
247 295 296
295 247 249
296 245 247
300 298 299
299 301 300
302 300 301
300 302 303
304 300 303
298 300 304
301 299 305
301 276 302
276 301 274
305 274 301
274 305 273
282 273 305
291 305 299
305 291 282
287 277 270
270 285 287
285 270 271
271 281 285
182 306 307
308 306 182
184 308 182
184 309 308
182 307 178
307 180 178
310 311 312
313 312 311
312 313 314
315 314 313
314 315 316
317 316 315
316 317 318
319 318 317
318 319 320
320 321 318
321 320 322
323 322 320
322 323 324
320 325 323
325 320 319
326 318 321
318 326 316
326 314 316
314 326 327
327 312 314
312 327 328
329 324 323
324 329 330
323 331 329
331 323 325
332 330 329
330 332 333
329 334 332
334 329 331
335 333 332
333 335 336
337 336 335
336 337 338
335 339 337
339 335 340
332 340 335
340 332 334
337 341 338
339 341 337
312 328 342
312 342 310
343 344 345
344 346 345
347 346 344
344 348 347
349 347 348
347 349 350
348 344 351
343 351 344
352 350 349
350 352 353
346 347 354
350 354 347
354 350 355
353 355 350
355 353 356
357 356 353
356 357 358
359 358 357
358 359 360
361 360 359
360 361 362
359 363 361
363 359 364
357 364 359
364 357 365
353 365 357
365 353 352
361 366 362
363 366 361
367 368 369
368 367 370
371 368 370
368 371 372
367 166 370
166 367 168
186 168 367
168 186 170
370 165 371
165 370 166
188 367 369
367 188 186
368 373 369
372 373 368
373 372 374
374 375 373
376 375 374
372 376 374
375 376 377
376 223 377
223 376 234
223 378 377
378 223 221
221 215 378
377 212 375
212 377 378
379 234 376
234 379 380
380 235 234
235 380 381
382 381 380
381 382 383
381 384 235
384 381 385
381 386 385
386 381 383
387 385 386
385 387 388
389 385 388
385 389 384
390 389 388
389 390 391
388 392 390
392 388 387
393 391 390
391 393 394
393 395 394
396 395 393
390 396 393
396 390 392
380 397 382
397 380 379
398 397 379
379 371 398
379 372 371
376 372 379
398 371 165
398 165 399
165 400 399
399 400 401
398 399 402
402 403 398
404 402 399
404 405 402
404 406 405
406 404 407
408 406 407
409 404 399
409 410 404
410 409 411
402 412 403
412 413 403
413 412 414
414 415 413
415 416 413
415 417 416
417 415 418
417 419 416
419 417 420
418 421 417
421 420 417
421 418 422
422 423 421
423 422 424
423 425 421
420 421 425
425 423 426
424 427 423
426 423 427
418 415 428
414 428 415
429 430 431
430 432 431
429 433 430
434 435 436
436 437 434
231 437 436
435 231 436
437 231 438
231 233 438
231 435 230
439 230 435
434 439 435
439 440 230
230 441 240
442 240 441
240 442 443
442 444 443
443 444 445
445 444 446
446 444 447
443 242 240
242 443 445
446 242 445
242 446 448
447 448 446
448 241 242
241 448 449
244 241 449
263 244 449
450 263 449
449 448 450
448 451 450
448 447 451
450 259 263
259 450 261
452 261 450
261 452 453
454 261 453
261 454 262
453 455 454
455 453 452
455 452 456
456 452 450
255 244 263
456 450 457
181 200 183
458 459 460
459 458 461
461 462 459
462 461 463
464 459 462
462 465 464
465 462 466
463 466 462
466 467 465
467 466 468
468 469 467
469 468 470
471 469 470
469 471 472
459 464 473
473 460 459
460 473 474
474 475 460
475 474 476
477 476 474
476 477 478
474 479 477
479 474 473
473 480 479
480 473 464
464 481 480
482 480 481
481 483 482
483 481 484
480 482 485
486 483 484
483 486 487
488 487 486
487 488 489
487 490 483
490 487 491
492 487 489
487 492 491
481 464 465
465 484 481
484 465 467
467 486 484
486 467 469
486 472 488
472 486 469
483 490 493
485 494 495
494 496 495
496 494 280
280 497 496
497 280 279
268 497 279
497 268 498
498 478 497
478 496 497
478 498 499
500 499 498
499 500 501
501 502 499
502 478 499
503 501 500
501 503 504
504 505 501
505 504 506
507 506 504
506 507 508
507 509 508
509 507 510
507 511 510
511 507 257
257 504 503
504 257 507
503 253 257
253 503 254
500 254 503
512 510 511
510 512 513
514 510 513
510 514 509
513 515 514
515 513 516
512 516 513
516 512 517
516 518 515
518 516 519
517 519 516
519 520 518
521 520 519
519 517 521
258 522 257
254 500 267
498 267 500
267 498 268
523 524 525
524 523 526
527 525 524
524 528 527
525 527 529
528 530 527
527 530 531
527 531 529
530 532 531
532 533 531
533 532 534
535 534 532
536 535 532
530 536 532
537 536 530
528 537 530
535 536 538
539 538 536
537 539 536
538 539 540
540 541 538
541 540 542
542 543 541
543 542 544
544 545 543
545 544 546
547 543 545
543 547 548
548 541 543
545 549 547
549 545 550
546 550 545
550 551 549
551 550 552
550 553 552
553 550 554
550 546 554
555 551 552
551 555 556
557 552 553
552 557 555
558 556 555
556 558 559
560 559 558
559 560 561
558 562 560
562 558 563
563 555 557
555 563 558
564 561 560
561 564 565
566 565 564
565 566 567
564 568 566
568 564 569
569 560 562
560 569 564
570 566 568
566 570 571
571 567 566
572 571 570
567 571 573
572 573 571
572 574 573
561 575 559
576 559 575
559 576 556
577 556 576
556 577 551
577 549 551
549 577 578
578 547 549
547 578 579
580 573 574
573 580 567
581 567 580
567 581 565
582 565 581
575 561 582
565 582 561
579 548 547
548 579 583
583 584 548
584 583 585
541 548 584
584 538 541
538 584 535
584 586 535
586 584 585
534 535 586
587 588 589
588 590 589
590 588 591
591 592 590
592 591 593
594 593 591
593 594 595
595 596 593
596 595 597
593 598 592
598 593 596
591 599 594
599 591 588
587 599 588
596 600 598
600 596 601
597 601 596
601 597 602
601 603 600
603 601 604
602 604 601
604 602 605
604 606 603
606 604 607
605 607 604
607 608 606
608 607 609
609 610 608
610 609 611
612 611 609
611 612 613
609 614 612
614 609 607
607 605 614
611 615 610
615 611 616
613 616 611
616 613 617
616 618 615
617 618 616
619 620 621
622 621 620
620 623 622
624 622 623
625 624 623
624 625 626
626 627 624
627 628 624
622 624 628
628 627 629
627 626 630
629 627 631
630 631 627
623 632 625
632 623 633
623 620 633
619 634 620
634 633 620
635 634 619
634 635 636
637 636 635
637 638 636
638 637 639
640 639 637
640 637 641
639 640 642
643 640 641
640 643 644
645 644 643
638 639 646
638 646 502
646 476 502
478 502 476
476 646 475
501 638 502
642 640 647
647 648 642
638 501 505
496 478 477
477 495 496
495 477 479
480 495 479
495 480 485
649 650 651
650 649 652
651 653 649
653 651 654
652 655 650
654 656 653
656 654 657
657 658 656
658 657 659
214 216 288
204 660 196
660 204 207
194 196 660
661 662 663
662 661 664
664 665 662
665 664 666
666 667 665
667 666 668
668 669 667
669 668 670
671 669 670
672 673 674
673 672 675
675 676 673
674 677 672
677 674 678
678 679 677
679 678 680
680 681 679
682 681 683
683 684 682
684 683 685
685 686 684
686 685 687
688 686 687
686 688 689
690 689 688
691 692 693
694 691 693
691 694 695
696 695 694
695 696 697
698 697 696
697 698 699
698 700 699
701 700 702
703 701 702
701 703 704
705 704 703
704 705 706
705 707 706
707 705 708
707 708 709
235 710 232
711 712 713
712 711 714
715 713 712
713 715 716
717 716 715
716 717 718
719 718 717
718 719 720
721 720 719
720 721 722
723 722 721
722 723 724
723 725 724
726 727 728
728 727 729
728 730 726
731 732 733
732 734 733
734 735 733
735 734 736
735 736 737
738 739 737
740 739 738
739 740 741
742 741 740
741 742 743
744 745 746
747 748 749
470 750 471
750 751 471
470 752 750
470 753 752
753 470 468
468 754 753
754 468 466
466 463 754
755 756 757
756 755 758
758 755 759
756 760 757
760 756 761
762 760 761
760 763 757
757 763 764
765 766 767
768 767 766
767 768 769
770 771 772
771 770 773
774 771 773
775 770 772
776 775 772
777 776 772
770 775 778
779 778 775
780 781 782
780 783 781
783 780 784
400 165 167
785 786 787
786 785 788
789 788 785
788 789 790
791 790 789
790 791 792
793 792 791
792 793 794
795 794 793
794 795 796
797 796 795
796 797 798
799 798 797
798 799 800
799 801 800
801 799 802
802 803 801
803 802 804
804 805 803
805 804 806
806 807 805
807 806 808
808 809 807
809 808 810
810 811 809
811 810 812
813 811 812
814 815 816
815 814 817
818 817 814
817 818 819
820 816 815
816 820 821
822 821 820
821 822 823
822 824 823
824 822 825
825 826 824
826 825 827
827 828 826
828 827 829
829 830 828
830 829 831
831 832 830
832 831 833
833 834 832
834 833 835
834 835 836
818 837 819
837 818 838
838 839 837
839 838 840
841 839 840
839 841 842
840 843 841
844 845 846
845 844 847
848 845 847
845 848 849
850 845 849
845 850 851
851 846 845
846 851 852
847 853 848
853 847 854
854 855 853
855 854 856
857 856 854
857 847 844
847 857 854
856 857 858
850 859 851
859 852 851
859 850 860
860 861 859
861 862 859
852 859 862
862 861 863
861 860 864
855 856 865
865 856 858
861 866 863
866 861 867
864 867 861
867 868 866
868 867 869
869 870 868
870 869 871
857 872 858
865 858 872
872 857 873
863 874 862
875 862 874
862 875 852
876 852 875
852 876 846
877 846 876
873 844 877
846 877 844
844 873 857
868 878 866
879 866 878
874 863 879
866 879 863
871 880 870
880 881 870
882 870 881
878 868 882
870 882 868
881 880 883
880 871 884
885 884 871
884 885 886
887 884 886
884 887 888
888 887 889
890 889 887
889 890 891
892 891 890
891 892 893
894 893 892
892 890 895
887 895 890
895 887 896
897 896 887
896 897 898
898 899 896
899 898 900
901 900 898
900 901 902
903 898 897
898 903 901
903 904 901
904 902 901
904 903 905
906 904 905
904 906 907
907 908 904
902 904 908
908 907 909
910 909 907
909 910 911
910 912 911
912 910 913
913 914 912
914 913 915
915 916 914
916 915 917
917 918 916
918 917 919
920 918 919
918 920 921
922 921 920
921 922 923
920 924 922
924 920 925
919 925 920
925 919 926
919 927 926
927 919 917
917 928 927
928 917 915
915 929 928
929 915 913
922 924 930
923 922 931
913 932 929
932 913 910
907 932 910
932 907 906
871 933 885
933 871 869
869 934 933
934 869 867
867 864 934
523 525 935
525 529 935
936 937 938
936 939 937
936 940 939
941 940 936
942 940 941
940 942 943
943 939 940
944 943 942
943 944 945
946 945 944
945 946 947
947 948 945
948 947 949
950 948 949
948 950 951
950 952 951
952 950 953
954 945 948
945 954 943
939 943 954
951 954 948
955 951 952
951 955 956
954 951 956
956 939 954
939 956 937
956 938 937
938 956 955
957 947 946
947 957 958
958 949 947
959 958 957
958 959 960
961 960 959
960 961 962
962 963 960
963 962 964
965 962 961
962 965 966
966 964 962
967 966 965
966 967 968
968 969 966
964 966 969
969 968 970
971 970 968
968 967 971
967 972 971
970 971 973
964 974 963
974 964 975
969 975 964
976 974 975
974 976 977
978 963 974
963 978 979
974 980 978
980 974 977
950 979 978
979 950 949
949 958 979
960 979 958
979 960 963
978 953 950
953 978 980
971 981 973
972 981 971
975 969 982
970 982 969
983 984 985
983 986 984
987 986 983
988 986 987
986 988 989
989 984 986
990 989 988
989 990 991
992 991 990
991 992 993
993 994 991
994 993 995
995 996 994
996 995 997
998 991 994
991 998 989
984 989 998
998 985 984
994 999 998
999 994 996
985 998 999
1000 993 992
993 1000 1001
1001 995 993
1002 1001 1000
1001 1002 1003
1003 1004 1001
995 1001 1004
1004 997 995
1004 1003 1005
997 1004 1006
1007 1003 1002
1003 1007 1008
1008 1005 1003
1005 1008 1009
1010 1008 1007
1008 1010 1011
1011 1009 1008
1009 1011 1012
1013 1011 1010
1011 1013 1014
1014 1012 1011
1015 1014 1013
1014 1015 1016
1016 1017 1014
1012 1014 1017
1017 1016 1018
1004 1019 1006
1018 1016 1020
1020 1016 1015
1021 1022 1023
1024 1022 1021
1024 1025 1022
1025 1023 1022
1025 1024 1026
1026 1027 1025
1028 1025 1027
1027 1029 1028
1029 1027 1030
1031 1030 1027
1027 1026 1031
1030 1031 1032
1025 1028 1033
1023 1025 1033
1030 1034 1029
1034 1030 1035
1032 1035 1030
1035 1036 1034
1036 1035 1037
1038 1037 1035
1035 1032 1038
1037 1038 1039
1037 1040 1036
1040 1037 1041
1039 1041 1037
1041 1039 1042
1041 1043 1040
1043 1041 1044
1042 1044 1041
1044 1045 1043
1046 1045 1044
1044 1042 1046
1045 1046 1047
1048 1045 1047
1049 1050 1051
1049 1052 1050
1049 1053 1052
1054 1053 1049
1054 1055 1053
1055 1054 1056
1057 1053 1055
1053 1057 1052
1058 1052 1057
1052 1058 1050
1059 1050 1058
1050 1059 1051
1056 1060 1055
1060 1056 1061
1061 1062 1060
1062 1061 1063
1063 1064 1062
1065 1062 1064
1062 1065 1066
1066 1060 1062
1067 1066 1065
1066 1067 1068
1064 1063 1069
1055 1070 1057
1070 1055 1060
1060 1066 1070
1068 1070 1066
1071 1057 1070
1057 1071 1058
1070 1068 1071
1072 1058 1071
1058 1072 1059
1073 1068 1067
1068 1073 1074
1074 1071 1068
1071 1074 1072
1064 1075 1065
1075 1067 1065
1075 1064 1076
1069 1076 1064
1076 1077 1075
1077 1076 1078
1079 1078 1076
1076 1069 1079
1078 1079 1080
1078 1081 1077
1081 1078 1082
1082 1078 1080
1077 1083 1075
1083 1077 1084
1085 1077 1081
1084 1086 1083
1082 1087 1081
1087 1082 1088
1088 1089 1087
1089 1088 1090
1091 1088 1082
1091 1082 1080
1088 1092 1090
1092 1088 1091
1093 1090 1092
1093 1089 1090
1086 1067 1083
1067 1075 1083
1067 1086 1073
1094 1095 1096
1097 1098 1099
1098 1097 1100
1101 1100 1097
1100 1101 1102
1103 1102 1101
1102 1103 1104
1103 1105 1104
1105 1103 1106
1106 1107 1105
1107 1106 1108
1108 1109 1107
1109 1108 1110
1110 1111 1109
1111 1110 1112
1112 1113 1111
1113 1112 1114
1114 1115 1113
1115 1114 1116
1117 1102 1104
1102 1117 1118
1119 1104 1105
1104 1119 1117
1120 1105 1107
1105 1120 1119
1121 1107 1109
1107 1121 1120
1122 1109 1111
1109 1122 1121
1123 1111 1113
1111 1123 1122
1115 1123 1113
1123 1115 1124
1124 1115 1125
1115 1116 1125
1126 1102 1118
1102 1126 1100
1127 1100 1126
1100 1127 1098
1127 1128 1098
1129 1098 1128
1098 1129 1099
1130 1129 1128
1131 1130 1128
1128 1127 1131
1130 1131 1132
1133 1130 1132
1129 1130 1134
1135 1134 1130
1132 1136 1133
1137 1138 1139
1137 1140 1138
1137 1141 1140
1141 1142 1140
1142 1141 1143
1143 1144 1142
1144 1143 1145
1145 1146 1144
1146 1145 1147
1147 1148 1146
1148 1147 1149
1149 1150 1148
1150 1149 1151
1151 1152 1150
1152 1151 1153
1154 1153 1151
1153 1154 1155
1155 1156 1153
1156 1155 1157
1157 1158 1156
1159 1156 1158
1156 1159 1160
1160 1153 1156
1153 1160 1152
1158 1157 1161
1162 1160 1159
1160 1162 1163
1163 1152 1160
1164 1163 1162
1165 1164 1162
1164 1165 1166
1163 1164 1167
1152 1163 1168
1167 1168 1163
1168 1167 1169
1169 1170 1168
1170 1169 1171
1150 1168 1170
1168 1150 1152
1171 1172 1170
1172 1171 1173
1148 1170 1172
1170 1148 1150
1172 1146 1148
1146 1172 1174
1173 1174 1172
1174 1144 1146
1144 1174 1175
1176 1175 1174
1174 1173 1176
1175 1176 1177
1177 1178 1175
1178 1177 1179
1142 1175 1178
1175 1142 1144
1178 1140 1142
1140 1178 1138
1179 1138 1178
1138 1179 1139
1180 1181 1182
1181 1180 1183
1184 1182 1181
1182 1184 1185
1185 1186 1182
1186 1185 1187
1187 1188 1186
1188 1187 1189
1188 1189 1190
1182 1191 1180
1191 1182 1186
1188 1191 1186
1191 1188 1165
1192 1191 1165
1192 1180 1191
1188 1166 1165
1166 1188 1190
1193 1183 1180
1180 1192 1193
1183 1193 1194
1183 1195 1181
1195 1183 1196
1197 1181 1195
1181 1197 1184
1198 1184 1197
1184 1198 1199
1199 1185 1184
1185 1199 1200
1200 1187 1185
1187 1200 1201
1202 1187 1201
1187 1202 1189
1203 1189 1202
1189 1203 1190
1194 1161 1204
1161 1205 1204
1206 1205 1161
1206 1161 1157
1207 1206 1157
1207 1157 1155
1194 1158 1161
1158 1194 1193
1193 1159 1158
1159 1193 1192
1192 1162 1159
1162 1192 1165
1208 1194 1204
1208 1183 1194
1183 1208 1196
1209 1151 1149
1151 1209 1154
1149 1210 1209
1210 1149 1147
1147 1211 1210
1211 1147 1212
1212 1213 1211
1214 1215 1216
1214 1217 1215
1218 1217 1214
1218 1219 1217
1219 1218 1220
1220 1221 1219
1221 1220 1222
1222 1223 1221
1223 1222 1224
1225 1221 1223
1221 1225 1226
1226 1219 1221
1227 1226 1225
1226 1227 1228
1228 1229 1226
1219 1226 1229
1229 1217 1219
1217 1229 1215
1229 1228 1230
1230 1215 1229
1215 1230 1216
1224 1231 1223
1231 1224 1232
1232 1233 1231
1233 1232 1234
1235 1231 1233
1231 1235 1236
1236 1223 1231
1223 1236 1225
1237 1236 1235
1236 1237 1238
1238 1225 1236
1225 1238 1227
1234 1239 1233
1239 1234 1240
1240 1241 1239
1241 1240 1242
1242 1243 1241
1243 1242 1244
1244 1245 1243
1245 1244 1246
1247 1241 1243
1241 1247 1248
1248 1239 1241
1249 1248 1247
1248 1249 1250
1239 1248 1251
1250 1251 1248
1251 1250 1252
1251 1233 1239
1233 1251 1235
1252 1235 1251
1235 1252 1237
1243 1253 1247
1253 1243 1245
1249 1247 1253
1254 1249 1253
1255 1254 1253
1246 1255 1245
1253 1245 1255
1256 1257 1258
1257 1256 1259
1258 1260 1256
1260 1258 1261
1262 1259 1256
1259 1262 1263
1264 1263 1262
1263 1264 1265
1266 1265 1264
1265 1266 1267
1268 1267 1266
1267 1268 1269
1269 1268 1270
1266 1271 1268
1268 1271 1270
1271 1266 1272
1264 1272 1266
1272 1264 1273
1262 1273 1264
1273 1262 1274
1274 1256 1260
1256 1274 1262
1275 1261 1276
1276 1277 1275
1278 1275 1277
1277 1279 1278
1280 1278 1279
1278 1280 1281
1282 1281 1280
1281 1282 1283
1283 1284 1281
1284 1278 1281
1284 1283 1285
1282 1286 1283
1285 1283 1286
1279 1277 1287
1275 1278 1288
1288 1278 1289
1278 1284 1289
1290 1289 1284
1289 1290 1291
1291 1292 1289
1292 1291 1293
1294 1293 1291
1293 1294 1295
1296 1295 1294
1295 1296 1297
1297 1296 1298
1294 1299 1296
1296 1299 1298
1299 1294 1300
1300 1291 1290
1291 1300 1294
1289 1301 1288
1301 1289 1292
1302 1288 1301
1288 1302 1275
1261 1275 1302
1261 1303 1276
1276 1303 1304
1276 1304 1305
1277 1276 1305
1305 1287 1277
1287 1305 1306
1306 1307 1287
1305 1308 1306
1308 1305 1304
1304 1309 1308
1261 1310 1303
1258 1310 1261
1311 1312 1313
1314 1315 1316
1315 1314 1317
1318 1317 1314
1317 1318 1319
1320 1319 1318
1319 1320 1321
1322 1321 1320
1321 1322 1323
1324 1323 1322
1323 1324 1325
1326 1325 1324
1325 1326 1327
1328 1327 1326
1327 1328 1329
1329 1328 1330
1315 1331 1316
1332 1333 1331
1333 1332 1334
1331 1315 1332
1335 1336 1337
1336 1335 1338
1339 1337 1336
1337 1339 1340
1341 1340 1339
1340 1341 1342
1342 1341 1343
1335 1344 1338
1344 1335 1345
1345 1346 1344
1347 1346 1345
1345 1348 1347
1348 1349 1347
1350 1351 1352
1351 1350 1353
1354 1353 1350
1353 1354 1355
1356 1355 1354
1355 1356 1357
1358 1357 1356
1357 1358 1359
1359 1358 1360
1351 1361 1352
1361 1351 1362
1361 1362 1363
1362 1364 1363
1365 1366 1367
1366 1365 1368
1369 1366 1368
1366 1369 1370
1371 1370 1369
1370 1371 1372
1373 1372 1371
1372 1373 1374
1375 1367 1366
1367 1375 1376
1366 1377 1375
1377 1366 1370
1370 1378 1377
1378 1370 1372
1372 1379 1378
1379 1372 1374
1379 1374 1380
1374 1373 1380
1367 1381 1365
1376 1381 1367
1381 1376 1382
1381 1382 1383
1384 1385 1386
1385 1384 1387
1388 1386 1385
1386 1388 1389
1390 1389 1388
1389 1390 1391
1392 1391 1390
1391 1392 1393
1394 1393 1392
1393 1394 1395
1395 1394 1396
1387 1384 1397
1384 1398 1397
1399 1400 1401
1400 1399 1402
1402 1403 1400
1403 1402 1404
1404 1405 1403
1405 1404 1406
1399 1401 1407
1408 1401 1400
1401 1408 1409
1401 1409 1410
1407 1401 1410
1400 1411 1408
1411 1400 1403
1403 1412 1411
1412 1403 1405
1405 1406 1413
1413 1412 1405
1407 1414 1399
1414 1407 1415
1416 1414 1415
378 213 212
213 378 215
1417 1418 1419
1420 1419 1418
1417 1421 1418
1422 1423 1424
1425 1423 1422
1424 1426 1422
1427 1428 1429
1430 1429 1428
1427 1431 1428
1431 1432 1428
1432 1433 1428
1433 1434 1428
1428 1434 1430
1435 1436 1437
1437 1436 1438
1439 1435 1437
1440 1439 1437
1440 1437 1441
1437 1442 1441
1438 1442 1437
1443 1444 1445
1444 1443 1446
1447 1448 1449
1448 1447 1450
1451 1452 1453
1452 1451 1454
1454 1451 1455
1456 1451 1453
1451 1456 1457
1452 1458 1453
1454 1459 1452
1460 1457 1456
1457 1460 1461
1462 1463 1464
1465 1462 1464
1462 1465 1466
1465 1467 1466
1467 1465 1468
1469 1470 1471
1470 1469 1472
1473 1469 1471
1474 1473 1471
1474 1471 1475
1470 1475 1471
1476 1470 1472
1472 1477 1476
1477 1478 1476
1478 1477 1479
1477 1472 1480
1472 1481 1480
1481 1472 1482
1481 1483 1480
1476 1484 1470
1484 1485 1470
1485 1484 1486
1479 1487 1478
1479 1488 1487
1488 1489 1487
1490 1489 1488
1488 1479 1491
1488 1491 1492
1492 1490 1488
1490 1492 1493
1490 1494 1489
1494 1487 1489
1484 1495 1486
1495 1484 1496
1476 1496 1484
1476 1497 1496
1498 1496 1497
1496 1498 1499
1497 1476 1500
1478 1500 1476
1500 1478 1501
1502 1499 1498
1503 1499 1502
1503 1504 1499
1496 1499 1504
1500 1505 1497
1506 1497 1505
1497 1506 1507
1506 1505 1508
1501 1478 1487
1494 1501 1487
1501 1494 1509
1510 1509 1494
1490 1510 1494
1510 1490 1493
1510 1511 1509
1510 1512 1511
1511 1512 1513
1512 1510 1514
1514 1515 1512
1516 1515 1514
1516 1514 1517
1516 1517 1518
1519 1516 1518
1508 1520 1521
1520 1522 1523
1522 1524 1523
1522 1520 1525
1520 1526 1525
1520 1508 1526
1527 1523 1524
1527 1524 1528
1529 1527 1528
1529 1523 1527
1530 1520 1523
1520 1530 1531
1532 1533 1534
1535 1536 1537
1536 1535 1538
1536 1538 1539
1537 1536 1539
1540 1539 1538
1541 1539 1540
1540 1542 1541
1541 1542 1543
1541 1543 1483
1483 1544 1541
1541 1545 1539
1545 1541 1546
1547 1548 1549
1548 1550 1549
1551 1552 1553
1551 1554 1552
1554 1555 1552
1556 1557 1558
1558 1557 1559
1557 1560 1559
1561 1560 1557
1561 1557 1562
1563 1558 1559
1559 1564 1563
1564 1559 1560
1563 1565 1558
1566 1565 1563
1563 1492 1566
1492 1567 1566
1567 1568 1566
1491 1567 1492
1563 1493 1492
1493 1563 1564
1569 1570 1571
1572 1569 1571
1573 1574 1575
1574 1573 1576
1573 1577 1576
1577 1573 1578
1578 1579 1577
1579 1578 1580
1580 1581 1579
1581 1580 1582
1583 1575 1574
1584 1581 1582
1585 1586 1587
1588 1585 1587
1589 1590 1591
1592 1590 1589
1593 1594 1595
1596 1597 1598
1599 1596 1598
1600 1599 1598
1597 1600 1598
1599 1600 1601
1596 1599 1602
1599 1601 1603
1602 1599 1603
1600 1604 1601
1604 1600 1605
1606 1596 1602
1596 1606 1607
1608 1607 1606
1607 1608 1609
1610 1609 1608
1609 1610 1611
1612 1611 1610
1611 1612 1613
1613 1612 1614
1614 1615 1613
1614 1612 1616
1617 1604 1605
1605 1618 1617
1604 1617 1619
1604 1619 1620
1621 1619 1617
1618 1621 1617
1619 1621 1622
1619 1622 1620
1623 1622 1621
1622 1623 1624
1625 1624 1623
1623 1626 1625
1624 1625 1627
1624 1627 1628
1629 1627 1625
1627 1629 1630
1631 1630 1629
1630 1631 1632
1633 1632 1631
1632 1633 1634
1635 1634 1633
1635 1633 1636
1636 1637 1635
1634 1635 1638
1638 1639 1634
1639 1638 1640
1635 1641 1638
1642 1643 1644
1645 1646 1647
1648 1649 1650
1650 1649 1651
1652 1653 1654
1652 1654 1655
1654 1656 1655
1657 1658 1659
1657 1659 1660
1661 1662 1663
1662 1661 1664
1665 1661 1663
1661 1665 1666
1667 1666 1665
1666 1667 1668
1669 1668 1667
1668 1669 1670
1671 1662 1664
1672 1670 1669
1673 1674 1675
1676 1674 1673
1677 1678 1679
1680 1677 1679
1681 1682 1683
1681 1684 1682
1685 1683 1682
1685 1686 1683
1686 1685 1687
1687 1688 1686
1688 1687 1689
1690 1691 1692
1693 1694 1695
1696 1697 1698
1699 1696 1698
1700 1699 1698
1699 1700 1701
1702 1701 1700
1700 1703 1702
1703 1700 1704
1698 1704 1700
1704 1698 1697
1701 1702 1705
1706 1702 1703
1702 1706 1707
1707 1705 1702
1706 1708 1707
1709 1707 1708
1707 1709 1710
1705 1707 1710
1708 1706 1711
1712 1709 1708
1711 1712 1708
1709 1712 1713
1712 1714 1713
1715 1714 1712
1712 1711 1715
1714 1715 1716
1716 1717 1714
1717 1716 1718
1718 1719 1717
1719 1718 1720
1721 1717 1719
1717 1721 1722
1719 1723 1721
1723 1719 1724
1720 1724 1719
1724 1720 1725
1717 1726 1714
1722 1726 1717
1726 1727 1714
1727 1726 1728
1729 1727 1728
1730 1729 1728
1729 1730 1731
1732 1729 1731
1729 1732 1733
1734 1733 1732
1733 1734 1735
1736 1735 1734
1735 1736 1737
1737 1738 1735
1738 1737 1739
1735 1740 1733
1740 1735 1738
1741 1739 1737
1739 1741 1742
1743 1737 1736
1737 1743 1741
1744 1741 1743
1741 1744 1745
1745 1742 1741
1746 1745 1744
1742 1745 1747
1748 1747 1745
1749 1733 1740
1733 1749 1729
1727 1729 1749
1750 1751 1752
1751 1750 1753
1752 1754 1750
1754 1752 1755
1755 1756 1754
1756 1755 1757
1757 1758 1756
1758 1757 1759
1759 1760 1758
1760 1759 1761
1761 1762 1760
1753 1763 1751
1763 1753 1764
1765 1766 1767
1766 1765 1768
1769 1767 1766
1767 1769 1770
1769 1771 1770
1771 1769 1772
1772 1773 1771
1773 1772 1774
1774 1775 1773
1775 1774 1776
1776 1777 1775
1778 1768 1765
1768 1778 1779
1780 1779 1778
1779 1780 1781
1782 1781 1780
1781 1782 1783
1784 1783 1782
1783 1784 1785
1786 1785 1784
1785 1786 1787
1781 1788 1779
1789 1779 1788
1779 1789 1768
1790 1768 1789
1768 1790 1766
1790 1791 1766
1791 1790 1792
1792 1793 1791
1793 1792 1794
1794 1795 1793
1795 1794 1796
1796 1797 1795
1798 1728 1726
1728 1798 1730
1726 1722 1798
1799 1800 1801
1800 1799 1802
1803 1799 1801
1802 1799 1803
1801 1804 1803
1803 1805 1802
1803 1806 1805
1806 1803 1807
1807 1803 1808
1804 1808 1803
1807 1808 1809
1809 1810 1807
1810 1811 1807
1807 1811 1812
1809 1813 1810
1814 1813 1809
1815 1806 1807
1807 1816 1815
1807 1817 1816
1818 1817 1807
1819 1815 1816
1815 1819 1820
1821 1822 1823
1824 1823 1822
1823 1825 1821
1826 1822 1821
1822 1826 1827
1827 1828 1822
1824 1829 1823
1830 1829 1824
1831 1829 1830
1828 1832 1822
1832 1833 1822
1832 1834 1833
1834 1835 1833
1834 1836 1835
1826 1837 1827
1837 1826 1838
1839 1837 1838
1838 1840 1839
1841 1840 1838
1838 1842 1841
1843 1844 1845
1846 1847 1848
1849 1850 1851
1851 1852 1849
1852 1853 1849
1854 1853 1852
1852 1855 1854
1856 1855 1852
1857 1853 1854
1853 1857 1858
1851 1859 1852
1851 1860 1859
1860 1861 1859
1860 1862 1861
1863 1856 1852
1864 1856 1863
1865 1864 1863
1866 1864 1865
1858 1857 1867
1867 1868 1858
1858 1868 1869
1869 1870 1858
1871 1872 1873
1874 1875 1876
1877 1878 1879
1878 1877 1880
1881 1879 1878
1879 1881 1882
1880 1877 1883
1881 1884 1882
1885 1886 1887
1886 1885 1888
1887 1889 1885
1889 1887 1890
1888 1891 1886
1890 1892 1889
1893 1894 1895
1896 1897 1898
1899 1900 1901
1899 1902 1900
1903 1899 1901
1899 1903 1904
1903 1905 1904
1905 1903 1906
1906 1907 1905
1908 1907 1906
1907 1908 1909
1910 1909 1908
1908 1911 1910
1911 1912 1910
1911 1908 1913
1907 1914 1905
1905 1914 1915
1914 1916 1915
1905 1915 1917
1915 1918 1917
1905 1917 1919
1905 1919 1920
1921 1905 1920
1905 1921 1922
1921 1923 1922
1923 1921 1924
1919 1925 1920
1925 1919 1926
1925 1926 1927
1928 1925 1927
1925 1928 1929
1927 1930 1928
1924 1931 1923
1931 1932 1923
1933 1934 1935
1936 1933 1935
1933 1937 1934
1937 1933 1938
1937 1938 1939
1940 1937 1939
1937 1940 1941
1941 1940 1942
1934 1942 1935
1942 1934 1941
1940 1943 1942
1940 1944 1943
1945 1936 1935
1936 1945 1946
1947 1948 1949
1947 1950 1948
1951 1952 1953
1951 1954 1952
1955 1954 1951
1951 1956 1955
1956 1951 1957
1957 1958 1956
1959 1956 1958
1956 1959 1960
1960 1954 1955
1954 1960 1961
1959 1961 1960
1959 1962 1961
1962 1963 1961
1963 1962 1964
1957 1965 1958
1965 1957 1966
1967 1965 1966
1967 1966 1968
1967 1969 1965
1970 1971 1972
1970 1972 1973
1974 1975 1976
1974 1976 1977
1976 1978 1977
1978 1976 1979
1979 1980 1978
1974 1977 1981
1982 1983 1984
1985 1982 1984
1982 1986 1983
1982 1987 1986
1988 1989 1990
1990 1991 1988
1988 1991 1992
1993 1988 1992
1994 1995 1996
1995 1994 1997
1995 1998 1996
1998 1995 1999
1999 2000 1998
1999 2001 2000
2001 1999 2002
2003 1998 2000
1998 2003 2004
2003 2005 2004
2005 2003 2006
2006 2007 2005
2006 2008 2007
2009 2010 2011
2012 2011 2010
2011 2012 2013
2013 2012 2014
2015 2016 2017
2018 2015 2017
2018 2017 2019
2020 2021 2022
2023 2021 2020
2024 2020 2022
2020 2024 2025
2024 2026 2025
2024 2027 2026
2027 2024 2028
2028 2029 2027
2022 2029 2028
2029 2022 2021
2027 2029 2030
2027 2030 2031
2023 2032 2021
2032 2023 2033
2034 2035 2036
2034 2036 2037
2038 2039 2040
2038 2040 2041
2042 2038 2041
2043 2038 2042
2038 2043 2044
2044 2043 2045
2043 2046 2045
2046 2043 2047
2041 2047 2042
2047 2041 2048
2046 2047 2048
2046 2048 2049
2050 2049 2048
2049 2050 2051
2052 2044 2045
2044 2052 2053
2054 2053 2052
2054 2055 2053
2054 2052 2056
2057 2058 2059
2057 2060 2058
2061 2062 2063
2061 2064 2062
2065 2062 2064
2062 2065 2066
2066 2065 2067
2061 2068 2064
2069 2070 2071
2072 2070 2069
2069 2071 2073
2069 2073 2074
2075 2076 2077
2076 2075 2078
2075 2079 2078
2080 2079 2075
2081 2082 2083
2082 2081 2084
2085 2082 2084
2082 2085 2086
2086 2085 2087
2088 2086 2087
2086 2088 2089
2085 2090 2087
2090 2085 2091
2092 2090 2091
2090 2092 2093
2093 2092 2094
2093 2094 2095
2096 2097 2098
2097 2099 2098
2099 2097 2100
2100 2101 2099
2102 2103 2104
2105 2103 2102
2103 2105 2106
2107 2108 2109
2110 2108 2107
2111 2107 2109
2107 2111 2112
2111 2113 2112
2111 2114 2113
2114 2111 2115
2115 2116 2114
2109 2116 2115
2116 2109 2108
2114 2116 2117
2114 2117 2118
2110 2119 2108
2119 2110 2120
2121 2112 2113
2112 2121 2122
2121 2123 2122
2124 2123 2121
2123 2124 2125
2124 2126 2125
2126 2124 2127
2123 2128 2122
2128 2123 2129
2130 2128 2129
2128 2130 2131
2131 2130 2132
2131 2132 2133
2134 2135 2133
2134 2136 2135
2136 2134 2137
2138 2136 2137
2138 2137 2139
2140 2141 2142
2140 2142 2143
2141 2144 2142
2145 2146 2147
2145 2147 2148
2149 2145 2148
2150 2145 2149
2145 2150 2151
2151 2150 2152
2150 2153 2152
2153 2150 2154
2148 2154 2149
2154 2148 2155
2153 2154 2155
2153 2155 2156
2157 2156 2155
2156 2157 2158
2152 2159 2151
2159 2152 2160
2161 2159 2160
2161 2162 2159
2161 2160 2163
2164 2165 2166
2164 2167 2165
2168 2166 2165
2169 2170 2171
2169 2172 2170
2173 2170 2172
2170 2173 2174
2174 2173 2175
2169 2176 2172
2177 2178 2179
2180 2178 2177
2181 2182 2183
2182 2181 2184
2185 2186 2187
2187 2186 2188
2189 2190 2191
2189 2192 2190
2193 2194 2195
2196 2197 2198
2197 2199 2198
2199 2197 2200
2201 2199 2200
2202 2203 2204
2205 2206 2207
2208 2205 2207
2205 2209 2206
2209 2205 2210
2209 2210 2211
2212 2209 2211
2209 2212 2213
2213 2212 2214
2206 2214 2207
2214 2206 2213
2212 2215 2214
2212 2216 2215
2217 2208 2207
2208 2217 2218
2210 2219 2211
2219 2210 2220
2219 2220 2221
2221 2222 2219
2222 2221 2223
2224 2222 2223
2222 2224 2225
2226 2221 2220
2221 2226 2227
2226 2228 2227
2228 2226 2229
2229 2230 2228
2229 2231 2230
2230 2231 2232
2233 2230 2232
2230 2233 2234
2235 2234 2233
2235 2236 2234
2237 2238 2239
2237 2240 2238
2241 2242 2243
2241 2244 2242
2245 2244 2241
2241 2246 2245
2246 2241 2247
2247 2248 2246
2249 2246 2248
2246 2249 2250
2250 2244 2245
2244 2250 2251
2249 2251 2250
2249 2252 2251
2252 2253 2251
2253 2252 2254
2255 2248 2247
2248 2255 2256
2257 2256 2255
2257 2255 2258
2257 2259 2256
2260 2261 2262
2260 2262 2263
2264 2265 2266
2264 2266 2267
2266 2268 2267
2268 2266 2269
2269 2270 2268
2264 2267 2271
2272 2273 2274
2275 2272 2274
2276 2277 2278
2278 2279 2276
2280 2281 2282
2281 2283 2282
2284 2285 2286
2284 2286 2287
2288 2289 2290
2291 2292 2293
2294 2293 2292
2293 2294 2295
2296 2295 2294
2297 2298 2299
2300 2301 2302
2301 2300 2303
2304 2302 2301
2302 2304 2305
2306 2303 2300
2303 2306 2307
2308 2305 2304
2305 2308 2309
2308 2310 2309
2310 2308 2311
2312 2310 2311
2310 2312 2313
2312 2314 2313
2315 2316 2317
2316 2315 2318
2317 2319 2315
2319 2317 2320
2321 2319 2320
2319 2321 2322
2323 2322 2321
2322 2323 2324
2325 2326 2327
2326 2325 2328
2328 2329 2326
2329 2328 2330
2330 2331 2329
2331 2330 2332
2332 2333 2331
2333 2332 2334
2334 2335 2333
2335 2334 2336
2337 2338 2339
2338 2337 2340
2341 2339 2338
2339 2341 2342
2343 2344 2345
2344 2343 2346
2343 2347 2346
2347 2343 2348
2348 2349 2347
2349 2348 2350
2350 2351 2349
2351 2350 2352
2352 2353 2351
2353 2352 2354
2355 2356 2357
2358 2359 2360
2361 2362 2363
2362 2361 2364
2365 2366 2367
2366 2365 2368
2369 2370 2371
2370 2369 2372
2373 2374 2375
2374 2373 2376
2377 2378 2379
2378 2377 2380
2381 2382 2383
2382 2381 2384
2385 2386 2387
2386 2385 2388
2386 2389 2387
2389 2386 2390
2391 2392 2393
2392 2391 2394
2395 2396 2397
2396 2395 2398
2399 2400 2401
2400 2399 2402
2403 2399 2401
2399 2403 2404
2403 2405 2404
2406 2407 2408
2407 2409 2408
2409 2407 2410
2411 2409 2410
2409 2411 2412
2413 2414 2415
2416 2417 2418
2419 2420 2421
2422 2423 2424
2425 2426 2427
2426 2425 2428
2429 2428 2425
2428 2429 2430
2431 2432 2433
2434 2435 2436
2435 2434 2437
2438 2439 2440
2439 2438 2441
2440 2442 2438
2442 2440 2443
2444 2445 2446
2445 2444 2447
2448 2449 2450
2449 2448 2451
2451 2452 2449
2452 2451 2453
2450 2454 2448
2454 2450 2455
2453 2456 2452
2456 2453 2457
2458 2456 2457
2456 2458 2459
2458 2460 2459
2460 2458 2461
2462 2460 2461
2463 2464 2465
2464 2463 2466
2467 2466 2463
2466 2467 2468
2467 2469 2468
2469 2467 2470
2470 2471 2469
2471 2470 2472
2473 2474 2475
2474 2473 2476
2476 2477 2474
2477 2476 2478
2479 2480 2481
2480 2479 2482
2483 2481 2480
2481 2483 2484
2485 2484 2483
2484 2485 2486
2487 2486 2485
2486 2487 2488
2489 2488 2487
2488 2489 2490
2491 2492 2493
2492 2491 2494
2495 2491 2493
2491 2495 2496
2497 2496 2495
2496 2497 2498
2499 2498 2497
2498 2499 2500
2501 2500 2499
2500 2501 2502
2503 2504 2505
2506 2507 2508
2509 2510 2511
2510 2509 2512
2513 2514 2515
2514 2513 2516
2517 2518 2519
2518 2517 2520
2521 2522 2523
2522 2521 2524
2525 2526 2527
2526 2525 2528
2529 2530 2531
2530 2529 2532
2533 2534 2535
2534 2533 2536
2537 2538 2539
2538 2537 2540
2541 2538 2540
2538 2541 2542
2543 2544 2545
2544 2543 2546
2547 2548 2549
2548 2547 2550
2547 2551 2550
2551 2547 2552
2553 2551 2552
2554 2555 2556
2557 2554 2556
2554 2557 2558
2557 2559 2558
2559 2557 2560
2561 2562 2563
2564 2565 2566
2567 2568 2569
2570 2571 2572
2573 2574 2575
2574 2573 2576
2575 2577 2573
2577 2575 2578
2579 2580 2581
2582 2583 2584
2583 2582 2585
2586 2587 2588
2587 2586 2589
2590 2589 2586
2589 2590 2591
2592 2593 2594
2593 2592 2595
2596 2597 2598
2599 2600 2601
2602 2603 2604
2605 2606 2607
2608 2609 2610
2611 2612 2613
2614 2615 2616
2617 2618 2619
2620 2621 2622
2623 2624 2625
2626 2627 2628
2629 2627 2626
2630 2627 2629
2627 2630 2631
2631 2632 2627
2631 2633 2632
2631 2634 2633
2631 2635 2634
2634 2635 2636
2635 2637 2636
2637 2638 2636
2637 2639 2638
2638 2639 2640
2639 2641 2640
2641 2639 2642
2642 2643 2641
2643 2642 2644
2645 2643 2644
2646 2647 2648
2649 2647 2646
2647 2649 2650
2651 2650 2649
2650 2651 2652
2653 2652 2651
2652 2653 2654
2655 2654 2653
2654 2655 2656
2657 2656 2655
2656 2657 2658
2657 2659 2658
2659 2657 2660
2660 2661 2659
2661 2660 2662
2661 2662 2663
2664 2665 2666
2667 2664 2666
2668 2667 2666
2669 2668 2666
2666 2670 2669
2669 2670 2671
2669 2671 2672
2669 2672 2673
2672 2674 2673
2674 2675 2673
2675 2674 2676
2675 2676 2677
2676 2678 2677
2679 2677 2678
2677 2679 2680
2681 2680 2679
2680 2681 2682
2683 2682 2681
2684 2685 2686
2686 2687 2684
2687 2686 2688
2688 2689 2687
2689 2688 2690
2690 2691 2689
2691 2690 2692
2692 2693 2691
2693 2692 2694
2694 2695 2693
2695 2694 2696
2697 2695 2696
2695 2697 2698
2699 2698 2697
2698 2699 2700
2699 2701 2700
2702 2703 2704
2705 2702 2704
2706 2705 2704
2707 2706 2704
2704 2708 2707
2707 2708 2709
2707 2709 2710
2707 2710 2711
2710 2712 2711
2712 2713 2711
2713 2712 2714
2713 2714 2715
2714 2716 2715
2717 2715 2716
2715 2717 2718
2719 2718 2717
2718 2719 2720
2721 2720 2719
2722 2723 2724
2724 2725 2722
2725 2724 2726
2726 2727 2725
2727 2726 2728
2728 2729 2727
2729 2728 2730
2730 2731 2729
2731 2730 2732
2732 2733 2731
2733 2732 2734
2735 2733 2734
2733 2735 2736
2737 2736 2735
2736 2737 2738
2737 2739 2738
2740 2741 2742
2743 2741 2740
2744 2741 2743
2741 2744 2745
2745 2746 2741
2745 2747 2746
2745 2748 2747
2745 2749 2748
2748 2749 2750
2749 2751 2750
2751 2752 2750
2751 2753 2752
2752 2753 2754
2753 2755 2754
2755 2753 2756
2756 2757 2755
2757 2756 2758
2759 2757 2758
2760 2761 2762
2763 2761 2760
2761 2763 2764
2765 2764 2763
2764 2765 2766
2767 2766 2765
2766 2767 2768
2769 2768 2767
2768 2769 2770
2771 2770 2769
2770 2771 2772
2771 2773 2772
2773 2771 2774
2774 2775 2773
2775 2774 2776
2775 2776 2777
2778 2779 2780
2781 2778 2780
2782 2781 2780
2783 2782 2780
2784 2783 2780
2785 2784 2780
2786 2785 2780
2787 2786 2780
2788 2787 2780
2789 2788 2780
2790 2789 2780
2791 2790 2780
2792 2791 2780
2793 2792 2780
2794 2793 2780
2795 2794 2780
2796 2795 2780
2797 2796 2780
2798 2797 2780
2779 2798 2780
2799 2800 2801
2802 2803 2804
2804 2803 2805
2806 2807 2808
2807 2806 2809
2810 2809 2806
2809 2811 2807
2807 2812 2808
2808 2812 2813
2814 2808 2813
2808 2814 2815
2816 2808 2815
2808 2816 2817
2806 2808 2817
2812 2807 2818
2807 2819 2818
2818 2820 2812
2811 2821 2807
2807 2821 2819
2822 2823 2824
2822 2825 2823
2826 2827 2828
2827 2829 2828
2829 2827 2830
2831 2829 2830
2830 2832 2831
2832 2833 2831
2834 2835 2836
2836 2837 2834
2837 2836 2838
2837 2838 2839
2839 2840 2837
2839 2841 2840
2842 2843 2844
2845 2846 2847
2848 2849 2850
2851 2852 2853
2852 2851 2854
2855 2854 2851
2854 2855 2856
2857 2858 2859
2858 2857 2860
2860 2861 2858
2861 2860 2862
2863 2864 2865
2865 2866 2863
2866 2865 2867
2868 2866 2867
2866 2868 2869
2870 2869 2868
2868 2871 2870
2869 2870 2872
2873 2872 2870
2872 2873 2874
2873 2875 2874
2875 2873 2876
2872 2877 2869
2869 2878 2866
2867 2879 2868
2880 2881 2882
2883 2884 2885
2886 2887 2888
2889 2890 2891
2890 2889 2892
2893 2889 2891
2889 2893 2894
2893 2895 2894
2896 2890 2892
2897 2896 2892
2892 2898 2897
2897 2898 2899
2898 2900 2899
2895 2901 2894
2902 2903 2904
2903 2902 2905
2906 2907 2908
2907 2906 2909
2908 2910 2906
2910 2908 2911
2912 2910 2911
2910 2912 2913
2914 2915 2916
2917 2914 2916
2918 2914 2917
2919 2918 2917
2920 2918 2919
2918 2920 2921
2922 2921 2920
2923 2916 2915
2917 2916 2923
2924 2917 2923
2925 2917 2924
2924 2926 2925
2926 2924 2927
2928 2926 2927
2929 2930 2931
2930 2929 2932
2933 2931 2930
2934 2932 2929
2932 2934 2935
2935 2934 2936
2937 2938 2939
2937 2940 2938
2940 2941 2938
2940 2942 2941
2943 2938 2941
2938 2943 2944
2937 2939 2945
2946 2947 2948
2949 2946 2948
2946 2949 2950
2946 2950 2951
2950 2952 2951
2952 2950 2953
2948 2954 2949
2955 2956 2957
2958 2957 2956
2957 2958 2959
2960 2959 2958
2959 2960 2961
2961 2960 2962
2960 2963 2962
2962 2963 2964
2964 2965 2962
2966 2967 2968
2967 2966 2969
2969 2970 2967
2970 2969 2971
2972 2970 2971
2970 2972 2973
2974 2973 2972
2975 2976 2977
2976 2975 2978
2979 2975 2977
2975 2979 2980
2981 2982 2983
2981 2983 2984
2985 2986 2987
2988 2987 2986
2988 2986 2989
2985 2989 2986
2989 2985 2990
2991 2989 2990
2990 2992 2991
2992 2990 2993
2993 2994 2992
2994 2993 2995
2995 2996 2994
2996 2997 2994
2997 2996 2998
2999 2997 2998
2997 2999 3000
2996 2995 3001
3002 3000 2999
3003 3002 2999
3003 3004 3002
3002 3005 3000
3002 3006 3005
3006 3002 3007
3008 3006 3007
3006 3008 3009
3008 3010 3009
3008 3011 3010
3011 3012 3010
3012 3011 3013
3014 3012 3013
3012 3014 3015
3014 3016 3015
3017 3015 3016
3015 3017 3018
3019 3018 3017
3018 3019 3020
3020 3019 2989
3016 3014 3021
3022 3011 3008
3022 3008 3023
3019 2988 2989
3024 3025 3026
3025 3024 3027
3024 3028 3027
3028 3024 3029
3028 3029 3030
3031 3026 3025
3032 3026 3031
3026 3032 3033
3032 3034 3033
3033 3034 3035
3030 3029 3036
3037 3038 3039
3038 3037 3040
3041 3042 3043
3042 3041 3044
3045 3043 3042
3043 3045 3046
3045 3047 3046
3047 3045 3048
3049 3050 3051
3050 3049 3052
3053 3050 3052
3051 3054 3049
3054 3051 3055
3055 3056 3054
3057 3058 3059
3057 3059 3060
3060 3059 3061
3060 3061 3062
3059 3063 3061
3063 3059 3064
3057 3065 3058
3066 3067 3068
3066 3069 3067
3069 3066 3070
3066 3071 3070
3072 3070 3071
3070 3072 3073
3067 3069 3074
3075 3076 3077
3076 3078 3077
3078 3076 3079
3079 3080 3078
3080 3079 3081
3081 3082 3080
3080 3082 3083
3082 3084 3083
3084 3082 3085
3086 3087 3088
3087 3086 3089
3090 3088 3087
3088 3090 3091
3090 3092 3091
3092 3090 3093
3094 3092 3093
3095 3096 3097
3095 3097 3098
3098 3099 3095
3095 3100 3096
3096 3100 3101
3102 3101 3100
3101 3102 3103
3104 3103 3102
3103 3104 3105
3106 3105 3104
3105 3106 3107
3108 3107 3106
3107 3108 3109
3110 3109 3108
3109 3110 3111
3108 3112 3110
3112 3113 3110
3111 3114 3109
3111 3115 3114
3110 3116 3111
3116 3110 3117
3117 3118 3116
3118 3117 3119
3120 3118 3119
3121 3120 3119
3122 3120 3121
3121 3123 3122
3118 3120 3124
3122 3124 3120
3125 3124 3122
3125 3122 3126
3127 3122 3123
3128 3127 3129
3128 3129 3130
3131 3126 3132
3131 3132 3133
3134 3135 3136
3134 3136 3096
3137 3135 3134
3101 3134 3096
3138 3139 3140
3138 3140 3141
3140 3142 3141
3139 3143 3140
3143 3139 3144
3144 3145 3143
3145 3144 3146
3146 3147 3145
3147 3146 3148
3148 3149 3147
3149 3148 3150
3150 3151 3149
3151 3150 3152
3152 3153 3151
3153 3152 3154
3151 3153 3155
3155 3153 3156
3154 3152 3157
3154 3157 3158
3159 3153 3154
3153 3159 3160
3161 3160 3159
3160 3161 3162
3163 3162 3161
3164 3162 3163
3165 3164 3163
3164 3165 3166
3161 3167 3163
3165 3163 3167
3168 3165 3167
3166 3165 3169
3168 3170 3165
3171 3172 3173
3174 3173 3172
3139 3174 3172
3139 3172 3144
3175 3176 3177
3175 3177 3178
3179 3180 3181
3179 3182 3180
3183 3184 3185
3184 3183 3186
3186 3187 3184
3187 3186 3188
3188 3189 3187
3189 3188 3190
3190 3191 3189
3191 3190 3192
3192 3193 3191
3193 3192 3194
3195 3193 3194
3185 3196 3183
3196 3185 3197
3198 3199 3200
3199 3198 3201
3198 3202 3201
3202 3198 3203
3203 3204 3202
3204 3203 3205
3206 3204 3205
3204 3206 3207
3208 3207 3206
3207 3208 3209
3208 3210 3209
3210 3208 3211
3210 3211 3212
3213 3214 3215
3214 3213 3216
3214 3217 3215
3217 3214 3218
3218 3219 3217
3219 3218 3220
3221 3219 3220
3213 3222 3216
3222 3213 3223
3224 3225 3226
3225 3224 3227
3228 3227 3224
3227 3228 3229
3230 3229 3228
3229 3230 3231
3231 3230 3232
3233 3226 3225
3226 3233 3234
3235 3236 3237
3238 3239 3240
3239 3238 3241
3242 3243 3244
3245 3246 3247
3248 3249 3250
3251 3252 3253
3252 3251 3254
3255 3256 3257
3256 3255 3258
3259 3258 3255
3258 3259 3260
3259 3261 3260
3261 3259 3262
3263 3261 3262
3261 3263 3264
3265 3264 3263
3264 3265 3266
3267 3266 3265
3266 3267 3268
3269 3268 3267
3268 3269 3270
3271 3270 3269
3270 3271 3272
3273 3272 3271
3272 3273 3274
3273 3275 3274
3275 3273 3276
3277 3275 3276
3275 3277 3278
3279 3278 3277
3278 3279 3280
3279 3281 3280
3281 3279 3282
3282 3283 3281
3283 3282 3284
3284 3285 3283
3285 3284 3286
3286 3287 3285
3287 3286 3288
3288 3289 3287
3289 3288 3290
3291 3289 3290
3289 3291 3292
3291 3293 3292
3293 3291 3294
3294 3256 3293
3256 3294 3257
3295 3296 3297
3296 3295 3298
3299 3298 3295
3298 3299 3300
3301 3300 3299
3300 3301 3302
3303 3302 3301
3302 3303 3304
3305 3304 3303
3304 3305 3306
3305 3307 3306
3307 3305 3308
3309 3307 3308
3310 3309 3308
3311 3310 3308
3310 3311 3312
3312 3311 3313
3312 3313 3314
3313 3311 3315
3315 3316 3313
3317 3316 3315
3313 3316 3318
3317 3315 3319
3320 3321 3322
3321 3320 3323
3323 3324 3321
3324 3323 3325
3325 3326 3324
3326 3325 3327
3327 3328 3326
3328 3327 3329
3330 3328 3329
3328 3330 3331
3332 3331 3330
3322 3333 3320
3333 3322 3334
3335 3333 3334
3333 3335 3336
3337 3338 3339
3337 3340 3338
3339 3341 3337
3341 3339 3342
3341 3342 3343
3338 3344 3339
3344 3338 3345
3346 3344 3345
3338 3347 3345
3346 3348 3344
3349 3350 3351
3350 3349 3352
3351 3353 3349
3353 3351 3354
3355 3353 3354
3353 3355 3356
3355 3357 3356
3357 3355 3358
3358 3359 3357
3359 3358 3360
3360 3361 3359
3361 3360 3362
3362 3363 3361
3363 3362 3364
3364 3365 3363
3365 3364 3366
3366 3367 3365
3367 3366 3368
3368 3369 3367
3367 3369 3370
3371 3369 3368
3369 3371 3372
3369 3372 3373
3372 3374 3373
3374 3372 3375
3376 3374 3375
3374 3376 3377
3378 3377 3376
3377 3378 3379
3380 3379 3378
3379 3380 3381
3382 3381 3380
3381 3382 3383
3384 3383 3382
3383 3384 3385
3384 3386 3385
3386 3384 3387
3388 3386 3387
3386 3388 3389
3350 3389 3388
3389 3350 3352
3390 3391 3392
3391 3390 3393
3392 3394 3390
3394 3392 3395
3395 3396 3394
3396 3395 3397
3397 3398 3396
3398 3397 3399
3399 3400 3398
3400 3399 3401
3402 3400 3401
3400 3402 3403
3403 3402 3404
3403 3404 3405
3405 3406 3403
3406 3405 3407
3408 3406 3407
3409 3408 3407
3410 3406 3408
3408 3411 3410
3410 3411 3412
3413 3411 3408
3414 3410 3412
3415 3416 3417
3416 3415 3418
3419 3417 3416
3417 3419 3420
3421 3420 3419
3420 3421 3422
3423 3422 3421
3422 3423 3424
3423 3425 3424
3425 3423 3426
3425 3426 3427
3427 3426 3428
3429 3428 3426
3428 3429 3430
3429 3431 3430
3431 3432 3430
3429 3433 3431
3434 3431 3433
3434 3433 3435
3434 3436 3431
3433 3437 3435
3438 3439 3440
3441 3442 3443
3444 3445 3446
3447 3448 3449
3450 3415 3451
3415 3450 3418
3451 3452 3450
3452 3451 3453
3454 3277 3276
3455 3276 3273
3369 3373 3456
3457 3391 3393
3391 3457 3458
3459 3296 3460
3296 3459 3297
3461 3462 3463
3464 3462 3465
3466 3467 3468
3466 3468 3469
3469 3470 3466
3471 3472 3473
3473 3472 3474
3475 3476 3477
3478 3479 3480
3480 3481 3478
3480 3482 3481
3483 3484 3485
3486 3484 3483
3483 3487 3486
3488 3489 3490
3491 3489 3488
3488 3492 3491
3493 3494 3495
3496 3497 3498
3499 3500 3501
3502 3503 3504
3505 3506 3507
3506 3505 3508
3509 3510 3511
3510 3509 3512
3510 3512 3513
3514 3515 3516
3515 3514 3517
3516 3515 3518
3517 3514 3519
3515 3520 3518
3517 3520 3515
3521 3520 3517
3522 3523 3524
3524 3525 3522
3526 3525 3524
3527 3526 3524
3524 3523 3527
3528 3526 3527
3527 3523 3529
3530 3531 3532
3530 3533 3531
3533 3530 3534
3534 3530 3535
3531 3533 3536
3530 3532 3537
3530 3537 3535
3538 3539 3540
3539 3538 3541
3542 3543 3544
3543 3545 3544
3545 3546 3544
3547 3544 3546
3547 3548 3544
3542 3544 3548
3549 3545 3543
3550 3551 3552
3551 3550 3553
3554 3555 3556
3557 3558 3559
3558 3557 3560
3557 3561 3560
3562 3563 3564
3563 3565 3564
3565 3563 3566
3562 3564 3567
3567 3564 3568
3568 3564 3569
3569 3564 3570
3570 3564 3565
3570 3565 3571
3572 3573 3574
3574 3575 3572
3574 3576 3575
3576 3577 3575
3576 3574 3578
3575 3577 3579
3580 3575 3579
3581 3575 3580
3572 3575 3581
3582 3583 3584
3582 3584 3585
3585 3586 3582
3586 3587 3582
3584 3588 3585
3582 3589 3583
3582 3587 3589
3590 3591 3592
3592 3593 3590
3594 3595 3596
3596 3595 3597
3597 3595 3598
3599 3598 3595
3599 3595 3600
3594 3600 3595
3601 3596 3597
3602 3603 3604
3605 3606 3607
3606 3605 3608
3609 3610 3611
3610 3609 3612
3609 3613 3612
3614 3615 3616
3616 3617 3614
3615 3618 3616
3617 3619 3614
3616 3618 3620
3617 3616 3620
3621 3617 3620
3622 3623 3624
3623 3622 3625
3626 3623 3625
3627 3623 3626
3623 3627 3624
3628 3627 3626
3627 3629 3624
3630 3631 3632
3631 3630 3633
3634 3635 3636
3637 3638 3639
3638 3637 3640
3638 3640 3641
3642 3643 3644
3645 3644 3643
3644 3645 3646
3642 3647 3643
3647 3648 3643
3648 3649 3643
3649 3650 3643
3650 3645 3643
3650 3651 3645
3652 3653 3654
3653 3652 3655
3656 3653 3655
3656 3655 3657
3653 3656 3658
3655 3659 3657
3660 3659 3655
3661 3660 3655
3652 3661 3655
3662 3663 3664
3662 3665 3663
3662 3666 3665
3662 3667 3666
3662 3668 3667
3662 3669 3668
3662 3670 3669
3662 3671 3670
3662 3672 3671
3662 3673 3672
3662 3674 3673
3662 3675 3674
3662 3676 3675
3662 3677 3676
3662 3678 3677
3679 3664 3663
3680 3663 3665
3663 3680 3679
3665 3681 3680
3681 3665 3666
3666 3682 3681
3682 3666 3667
3667 3683 3682
3683 3667 3668
3668 3684 3683
3684 3668 3669
3669 3685 3684
3685 3669 3670
3671 3685 3670
3685 3671 3686
3672 3686 3671
3686 3672 3687
3673 3687 3672
3687 3673 3688
3674 3688 3673
3688 3674 3689
3675 3689 3674
3689 3675 3690
3676 3690 3675
3690 3676 3691
3677 3691 3676
3691 3677 3692
3678 3692 3677
3692 3678 3693
3694 3693 3678
3662 3694 3678
3662 3695 3694
3662 3696 3695
3662 3697 3696
3662 3664 3697
3693 3694 3698
3695 3698 3694
3698 3695 3699
3696 3699 3695
3699 3696 3700
3701 3696 3697
3696 3701 3700
3702 3697 3664
3697 3702 3701
3664 3679 3702
3703 3704 3705
3704 3703 3706
3707 3706 3703
3706 3707 3708
3709 3705 3704
3705 3709 3710
3711 3710 3709
3710 3711 3712
3710 3713 3705
3713 3710 3714
3712 3714 3710
3714 3712 3715
3715 3712 3716
3716 3717 3715
3716 3718 3717
3718 3719 3717
3719 3718 3720
3718 3716 3721
3721 3712 3711
3712 3721 3716
3722 3719 3720
3719 3722 3723
3724 3723 3722
3725 3705 3713
3705 3725 3703
3726 3703 3725
3703 3726 3707
3727 3707 3726
3707 3727 3728
3729 3707 3728
3729 3728 3730
3707 3729 3708
3727 3731 3728
3731 3727 3732
3732 3733 3731
3734 3731 3733
3733 3735 3734
3735 3733 3736
3731 3734 3737
3736 3738 3735
3738 3736 3739
3739 3740 3738
3740 3739 3741
3742 3739 3736
3739 3742 3743
3743 3741 3739
3741 3743 3744
3744 3745 3741
3745 3744 3746
3747 3745 3746
3748 3747 3746
3747 3748 3749
3745 3747 3750
3741 3750 3740
3750 3741 3745
3748 3751 3749
3751 3748 3752
3753 3751 3752
3736 3754 3742
3754 3736 3733
3733 3732 3754
3755 3730 3728
3731 3755 3728
3755 3731 3737
