byte offset: 0
first index: 0
index count: 8874
topology: trianglelist
format: DXGI_FORMAT_R16_UINT

0 1 2
1 3 2
3 4 2
4 5 2
5 6 2
6 7 2
7 8 2
8 9 2
9 10 2
10 11 2
11 12 2
12 13 2
13 14 2
14 15 2
15 16 2
16 17 2
17 18 2
18 0 2
19 20 21
20 22 21
22 23 21
23 24 21
24 25 21
25 26 21
26 27 21
27 28 21
28 29 21
29 30 21
30 31 21
31 32 21
32 33 21
33 34 21
34 35 21
35 36 21
36 37 21
37 19 21
38 39 40
39 41 40
41 42 40
42 43 40
43 44 40
44 45 40
45 46 40
46 47 40
47 48 40
48 49 40
49 50 40
50 51 40
51 52 40
52 53 40
53 54 40
54 55 40
55 56 40
56 38 40
57 58 59
59 58 60
60 58 61
61 58 62
62 58 63
63 58 64
64 58 65
65 58 66
66 58 67
67 58 68
68 58 69
69 58 70
70 58 71
71 58 72
72 58 73
73 58 74
74 58 75
75 58 76
76 58 77
77 58 57
78 79 80
80 79 81
81 79 82
82 79 83
83 79 84
84 79 85
85 79 86
86 79 87
87 79 88
88 79 89
89 79 90
90 79 91
91 79 92
92 79 93
93 79 94
94 79 95
81 96 80
96 78 80
78 96 97
98 84 85
84 98 99
99 83 84
83 99 100
101 83 100
83 101 82
102 82 101
96 81 102
82 102 81
85 103 98
103 85 86
86 104 103
104 86 87
87 105 104
105 87 88
88 106 105
106 88 89
89 107 106
107 89 90
90 108 107
108 90 91
92 108 91
108 92 109
93 109 92
109 93 110
94 110 93
110 94 111
95 111 94
111 95 112
95 113 112
113 95 114
95 79 114
114 79 115
115 79 116
116 79 78
117 114 115
114 117 113
118 115 116
115 118 117
97 116 78
116 97 118
110 119 109
120 109 119
109 120 108
121 108 120
108 121 107
122 107 121
107 122 106
123 106 122
106 123 105
124 105 123
105 124 104
125 104 124
104 125 103
125 98 103
98 125 126
126 99 98
99 126 127
127 100 99
100 127 128
128 101 100
101 128 129
129 102 101
102 129 130
130 96 102
96 130 131
131 97 96
97 131 132
132 118 97
118 132 133
133 117 118
117 133 134
135 117 134
117 135 113
136 113 135
113 136 112
137 112 136
112 137 111
138 111 137
111 138 110
119 110 138
139 140 141
140 142 141
142 143 141
143 144 141
144 145 141
145 146 141
146 147 141
147 148 141
148 149 141
149 150 141
150 151 141
151 152 141
152 153 141
153 154 141
154 155 141
155 156 141
156 157 141
157 139 141
158 159 160
159 161 160
161 162 160
162 163 160
163 164 160
164 165 160
165 166 160
166 167 160
167 168 160
168 169 160
169 170 160
170 171 160
171 172 160
172 173 160
173 174 160
174 175 160
175 176 160
176 177 160
177 178 160
178 158 160
179 180 181
180 182 181
182 183 181
183 184 181
184 185 181
185 186 181
186 187 181
187 188 181
188 189 181
189 190 181
190 191 181
191 192 181
192 193 181
193 194 181
194 195 181
195 196 181
196 197 181
197 198 181
198 199 181
199 179 181
186 200 187
201 187 200
187 201 188
202 188 201
188 202 189
203 189 202
189 203 190
204 190 203
190 204 191
205 191 204
191 205 192
205 193 192
193 205 206
206 194 193
194 206 207
207 195 194
195 207 208
208 196 195
196 208 209
210 196 209
196 210 197
211 197 210
197 211 198
212 198 211
198 212 199
213 199 212
199 213 179
214 179 213
179 214 180
214 182 180
182 214 215
215 183 182
183 215 216
216 184 183
184 216 217
218 184 217
184 218 185
219 185 218
185 219 186
200 186 219
213 220 214
220 213 221
214 222 215
222 214 220
215 223 216
223 215 222
216 224 217
224 216 223
217 225 218
225 217 224
218 226 219
226 218 225
219 227 200
227 219 226
227 201 200
201 227 228
228 202 201
202 228 229
229 203 202
203 229 230
230 204 203
204 230 231
231 205 204
205 231 232
232 206 205
206 232 233
233 207 206
207 233 234
234 208 207
208 234 235
235 209 208
209 235 236
236 210 209
210 236 237
237 211 210
211 237 238
239 211 238
211 239 212
221 212 239
212 221 213
240 241 242
241 240 243
241 243 244
245 242 241
245 241 244
242 245 246
246 247 242
242 247 248
240 242 248
247 246 249
248 247 250
249 251 247
250 247 252
253 254 255
256 254 253
254 256 257
258 257 256
257 258 259
260 259 258
261 260 258
262 261 258
263 261 262
261 263 264
265 264 263
264 265 266
266 267 264
267 266 268
269 264 267
264 269 261
260 261 269
260 269 270
271 260 270
260 271 272
273 272 271
272 273 274
275 274 273
265 276 266
276 265 277
278 266 276
266 278 268
279 280 281
282 281 280
281 282 283
284 283 282
283 284 285
286 287 288
287 286 289
288 290 286
290 288 291
292 290 291
290 292 293
292 294 293
295 296 297
296 295 298
297 299 295
299 297 300
300 301 299
301 300 302
303 301 302
301 303 304
303 305 304
306 296 298
307 308 309
308 307 310
307 311 310
311 307 312
312 313 311
313 312 314
314 315 313
315 314 316
317 309 308
315 316 318
319 320 321
320 319 322
322 323 320
323 322 324
324 325 323
325 324 326
326 327 325
328 327 326
327 328 329
328 330 329
321 331 319
332 333 334
333 335 334
335 333 336
336 337 335
337 336 338
338 339 337
340 339 338
338 341 340
341 338 342
342 343 341
343 342 344
339 340 345
346 339 345
339 346 347
348 347 346
347 348 349
344 350 343
350 344 351
351 352 350
352 351 353
354 352 353
345 355 346
356 345 340
345 356 355
357 343 350
343 357 358
359 350 352
350 359 357
354 359 352
355 360 346
361 356 340
340 362 361
362 340 341
341 358 362
358 341 343
363 364 349
364 347 349
364 339 347
339 364 337
365 366 367
366 365 368
367 369 365
369 367 370
371 366 368
366 371 372
373 372 371
372 373 374
375 374 373
376 377 378
378 379 376
379 378 380
381 382 383
384 383 382
383 384 385
386 385 384
385 386 387
388 389 390
389 388 391
392 390 389
390 392 393
392 394 393
394 392 395
395 396 394
396 395 397
397 398 396
399 400 401
402 403 404
403 402 405
404 406 402
406 404 407
407 408 406
408 407 409
409 410 408
410 409 411
411 412 410
412 411 413
413 414 412
414 413 415
415 416 414
416 415 417
418 419 420
420 421 418
421 422 418
423 422 421
423 421 424
422 423 425
426 423 424
423 426 427
427 425 423
428 427 426
427 428 429
429 430 427
425 427 430
430 429 431
432 429 428
429 432 433
433 431 429
432 434 433
434 435 433
431 433 435
436 437 438
437 436 439
440 439 436
439 440 441
442 441 440
441 442 443
440 444 442
436 445 440
440 445 444
445 436 446
438 446 436
446 438 447
448 438 437
448 447 438
442 444 449
443 442 450
451 452 453
452 451 454
454 455 452
455 454 456
456 457 455
457 456 458
453 459 451
459 453 460
460 461 459
461 460 462
462 463 461
455 457 464
465 453 452
465 452 455
453 465 466
466 460 453
460 466 467
467 462 460
462 467 468
468 463 462
469 457 458
470 469 458
471 470 458
471 472 470
472 471 473
474 473 471
473 474 475
475 476 473
476 475 477
477 478 476
478 479 476
479 478 480
478 477 481
481 482 478
482 480 478
482 481 483
484 482 483
482 484 485
486 482 485
482 486 487
480 482 487
488 486 485
484 488 485
489 476 479
476 489 473
472 473 489
490 491 465
492 491 490
493 492 490
493 490 494
491 495 465
491 496 495
496 491 497
497 498 496
498 497 499
499 500 498
501 497 491
492 501 491
497 501 502
502 499 497
499 502 503
503 500 499
490 464 494
464 490 455
490 465 455
504 505 506
506 507 504
507 506 508
508 509 507
509 508 510
510 511 509
511 510 512
512 513 511
513 512 514
515 516 517
518 517 516
517 518 519
520 519 518
519 520 521
520 522 521
522 520 523
523 524 522
524 523 525
526 527 528
527 526 529
530 527 529
474 471 458
531 532 533
534 533 532
533 534 535
536 535 534
535 536 537
538 537 536
537 538 539
540 538 536
538 540 541
536 542 540
542 536 534
534 543 542
543 534 532
532 544 543
544 532 545
531 545 532
538 546 539
538 541 546
531 547 545
548 545 547
549 548 547
550 548 549
551 552 553
552 551 554
553 555 551
555 553 556
557 556 553
556 557 558
553 559 557
559 553 552
556 560 555
560 556 561
558 561 556
561 562 560
561 558 563
552 554 564
559 552 564
565 566 567
568 565 567
569 568 567
566 569 567
568 569 570
571 568 570
568 571 572
573 572 571
572 573 574
565 568 575
572 575 568
575 572 576
574 576 572
576 574 577
574 573 578
579 574 578
577 574 579
580 577 579
579 578 581
582 579 581
580 579 582
583 580 582
583 582 584
584 582 585
582 581 585
586 583 584
586 584 587
587 584 588
584 585 588
589 586 587
589 590 586
591 586 590
591 583 586
583 591 592
589 593 590
589 594 593
593 594 595
596 590 593
596 593 595
596 597 590
597 591 590
597 598 591
598 592 591
599 592 598
592 599 600
601 600 599
600 601 602
602 603 600
604 592 600
603 604 600
605 602 601
602 605 606
606 607 602
602 607 603
605 608 606
608 605 609
609 610 608
610 611 608
611 606 608
606 611 612
612 607 606
604 583 592
613 614 615
615 616 613
613 616 617
616 618 617
619 617 618
617 619 620
621 617 620
617 621 622
622 613 617
623 613 622
613 623 624
625 624 623
623 626 625
626 623 627
627 622 621
622 627 623
624 625 628
629 628 625
628 629 630
630 629 631
631 629 632
625 632 629
632 625 626
618 633 619
633 618 634
635 633 634
635 634 636
633 635 637
638 637 635
639 638 635
636 639 635
640 638 639
638 640 641
642 641 640
641 642 643
644 643 642
643 644 645
637 638 646
641 646 638
642 647 644
647 642 648
640 648 642
643 649 641
646 641 649
649 643 650
648 640 651
639 651 640
636 652 639
651 639 652
652 653 651
653 652 654
655 654 652
652 636 655
656 655 636
655 656 657
657 656 616
654 655 658
657 658 655
658 657 659
659 657 615
657 616 615
658 660 654
660 658 661
659 661 658
662 654 660
654 662 653
663 653 662
653 663 664
665 664 663
664 665 666
661 659 667
615 667 659
667 615 614
665 668 666
618 616 656
634 618 656
634 656 636
669 670 671
669 672 670
672 669 673
674 673 669
673 674 675
669 676 674
676 669 677
669 671 677
678 672 673
675 678 673
672 678 679
678 675 680
681 675 674
675 681 682
682 680 675
683 682 681
682 683 684
685 684 683
684 685 686
684 687 682
680 682 687
687 684 688
686 688 684
688 686 689
674 690 681
681 690 691
690 674 676
692 681 691
681 692 693
693 692 694
695 686 685
686 695 696
696 689 686
697 696 695
696 697 698
699 696 698
696 699 700
689 696 700
701 698 697
698 701 699
702 703 704
703 702 705
706 705 702
705 706 707
708 707 706
707 708 709
710 709 708
709 710 711
712 711 710
711 712 713
714 713 712
715 704 703
704 715 716
717 716 715
716 717 718
719 718 717
718 719 720
721 720 719
722 723 724
725 723 722
723 725 726
727 726 725
726 727 728
729 728 727
728 729 730
730 729 731
732 731 729
727 733 729
733 727 734
725 734 727
734 725 735
722 735 725
735 722 736
736 722 724
737 729 733
737 732 729
738 739 740
741 738 740
739 742 740
738 743 739
743 738 744
745 744 738
744 745 746
738 747 745
747 738 741
748 746 745
748 749 746
749 748 750
751 750 748
750 751 752
752 753 750
753 752 754
754 755 753
755 754 756
756 757 755
757 756 758
758 759 757
759 758 760
759 760 761
751 748 762
759 761 763
759 763 764
765 755 757
766 765 757
759 764 766
759 766 757
755 765 767
767 753 755
753 767 768
768 750 753
750 768 749
767 769 768
769 749 768
749 769 770
770 746 749
746 770 744
761 771 763
679 762 747
679 747 672
741 672 747
672 741 670
762 745 747
748 745 762
743 744 772
773 774 775
774 773 776
776 777 774
777 776 778
778 779 777
780 777 779
777 780 781
781 774 777
779 778 782
783 775 774
774 781 783
775 783 784
775 785 773
784 786 775
786 787 775
775 787 785
784 788 786
782 789 779
779 790 780
789 790 779
789 791 790
790 792 780
793 792 790
791 793 790
791 794 793
794 795 793
794 796 795
795 797 793
793 797 792
795 798 797
799 798 795
796 799 795
796 800 799
800 796 801
801 802 800
802 801 803
803 804 802
804 803 805
805 806 804
806 805 807
807 808 806
800 809 799
799 809 798
802 810 800
800 810 809
804 811 802
802 811 810
806 812 804
804 812 811
812 806 813
808 813 806
645 814 815
815 643 645
643 815 650
645 816 814
761 814 816
817 818 819
818 817 820
821 820 817
820 821 822
823 822 821
822 823 824
823 825 824
825 826 824
827 824 826
828 827 826
829 819 818
826 825 830
831 832 833
834 831 833
833 835 834
835 833 836
832 836 833
836 837 835
837 836 838
839 838 836
836 832 839
838 839 840
840 841 838
838 841 842
842 841 843
843 844 842
844 843 845
846 842 844
842 846 847
838 847 837
847 838 842
844 848 846
848 844 849
845 849 844
849 845 850
851 850 845
850 851 852
853 843 841
843 853 854
854 845 843
845 854 851
841 855 853
855 841 856
856 857 855
857 856 858
858 859 857
860 852 851
852 860 861
851 862 860
862 851 854
854 863 862
863 854 853
853 864 863
864 853 855
855 865 864
865 855 857
859 865 857
861 866 852
866 867 852
866 861 868
866 868 869
849 850 867
867 850 852
849 870 848
871 872 873
873 874 871
874 873 875
876 875 873
872 876 873
875 876 877
877 878 875
878 877 879
879 880 878
880 879 881
881 882 880
882 881 883
883 884 882
884 883 885
886 884 885
884 886 887
875 888 874
888 875 878
878 889 888
889 878 880
880 890 889
890 880 882
882 891 890
891 882 884
887 891 884
891 887 892
893 887 886
894 893 886
893 895 887
895 892 887
896 893 894
895 897 892
898 897 895
899 900 901
900 899 902
903 901 900
901 903 904
899 905 902
905 899 906
906 907 905
907 906 908
908 909 907
909 908 910
911 909 910
912 904 903
904 912 913
914 915 916
917 916 915
916 917 918
919 918 917
918 919 920
921 920 919
920 921 922
923 922 921
922 923 924
925 924 923
924 925 926
927 928 929
928 930 929
930 928 931
932 930 931
930 932 933
934 933 932
933 934 935
936 935 934
935 936 937
938 937 936
937 938 939
938 940 939
941 942 943
942 941 944
943 945 941
945 943 946
946 947 945
947 946 948
948 949 947
949 948 950
950 951 949
952 953 776
776 953 954
953 955 954
954 955 956
956 955 957
958 956 957
956 958 789
958 957 959
789 958 960
960 958 959
778 776 954
954 782 778
782 954 956
782 956 789
952 776 773
785 952 773
785 961 952
953 962 955
955 963 957
962 963 955
964 789 960
964 960 965
960 966 965
966 960 967
967 960 959
968 965 966
965 968 969
970 969 968
969 970 971
972 971 970
971 972 973
973 972 974
975 973 974
975 976 973
976 971 973
976 977 971
977 969 971
977 978 969
978 965 969
978 979 965
979 964 965
970 980 972
972 980 974
980 970 981
982 968 966
968 982 983
970 983 981
966 984 982
984 966 967
984 967 959
985 984 959
957 985 959
963 985 957
983 970 968
952 962 953
952 961 962
986 987 988
989 986 988
988 990 989
990 991 989
991 990 992
992 993 991
993 992 994
994 995 993
995 994 996
997 995 996
995 997 998
999 998 997
998 999 1000
1001 1000 999
1000 1001 1002
1003 1002 1001
1002 1003 1004
991 1005 989
986 989 1005
1006 993 995
993 1006 1007
995 1008 1006
1008 995 998
998 1009 1008
1009 998 1000
1000 1010 1009
1010 1000 1002
1002 1011 1010
1011 1002 1004
1012 1004 1003
1011 1004 1012
1012 1003 1013
1014 1011 1012
1015 1013 1003
1016 1015 1003
1013 1015 1017
1015 1016 1018
1017 1015 1018
1019 1018 1016
1016 1001 1019
1019 1020 1018
1001 1021 1019
1020 1019 1021
1022 1020 1021
1023 1022 1021
1024 1023 1021
1001 1024 1021
1024 1025 1023
1026 1022 1023
1027 1026 1023
1025 1027 1023
1028 1027 1025
1027 1028 1029
1030 1029 1028
1029 1030 1031
1030 1032 1031
1032 1030 1033
1033 1034 1032
1034 1033 1035
1035 1036 1034
1036 1035 1037
1037 1038 1036
1038 1037 1039
1039 1040 1038
1040 1039 1041
1041 1042 1040
1031 1043 1029
1043 1031 1044
1032 1044 1031
1043 1027 1029
1027 1043 1026
1034 1045 1032
1044 1032 1045
1045 1034 1046
1046 1036 1047
1038 1047 1036
1036 1046 1034
1047 1038 1048
1038 1049 1048
1040 1042 1049
1049 1038 1040
990 988 1050
987 1050 988
1005 991 1051
993 1051 991
1051 993 1007
1052 1053 1054
1055 1053 1052
1056 1053 1055
1056 1054 1053
1057 1054 1056
1056 1058 1057
1059 1057 1058
1060 1059 1058
1056 1060 1058
1059 1060 1061
1061 1062 1059
1062 1061 1063
1063 1064 1062
1064 1063 1065
1065 1066 1064
1066 1065 1067
1068 1061 1060
1056 1068 1060
1056 1069 1068
1056 1055 1069
1069 1070 1068
1061 1068 1070
1070 1069 1071
1071 1072 1070
1072 1061 1070
1061 1072 1063
1072 1071 1073
1073 1074 1072
1074 1063 1072
1063 1074 1065
1074 1073 1075
1075 1076 1074
1076 1065 1074
1065 1076 1067
1076 1075 1077
1078 1071 1069
1071 1078 1079
1078 1080 1079
1080 1078 1081
1082 1079 1080
1079 1082 1083
1083 1071 1079
1071 1083 1073
1075 1084 1077
1084 1075 1085
1085 1073 1083
1073 1085 1075
1082 1085 1083
1086 1084 1085
1085 1082 1086
1084 1086 1087
1088 1087 1086
1087 1088 1089
1090 1082 1080
1081 1090 1080
1082 1090 1091
1086 1091 1088
1091 1086 1082
1081 1078 1055
1055 1078 1069
1081 1055 1052
1087 1092 1084
1092 1087 1093
1089 1093 1087
1092 1077 1084
1077 1092 1094
1095 1094 1092
1093 1095 1092
1094 1095 1096
1097 1096 1095
1098 1097 1095
1095 1093 1098
1097 1098 1099
1096 1097 1100
1099 1101 1097
1101 1100 1097
1101 1099 1102
1100 1101 1103
1104 1098 1093
1098 1104 1105
1093 1089 1104
1105 1106 1098
1106 1105 1107
1107 1108 1106
1108 1107 1109
1109 1110 1108
1110 1109 1111
1110 1111 1112
1113 1103 1101
1102 1113 1101
1103 1113 1114
1115 1114 1113
1114 1115 1116
1117 1115 1113
1115 1117 1118
1119 1115 1118
1115 1119 1116
1113 1102 1117
1057 1059 1120
1059 1121 1120
1121 1059 1062
1062 1122 1121
1122 1062 1064
1064 1123 1122
1123 1064 1066
1124 1120 1121
1125 1124 1121
1125 1122 1123
1121 1122 1125
1124 1125 1126
1125 1127 1126
1127 1125 1128
1125 1123 1128
1128 1129 1127
1129 1128 1130
1130 1131 1129
1131 1130 1132
1132 1133 1131
1133 1132 1134
1135 1134 1132
1134 1135 1136
1134 1136 1137
1133 1134 1137
1132 1138 1135
1138 1132 1130
1130 1139 1138
1139 1130 1128
1123 1139 1128
1066 1140 1123
1140 1066 1141
1067 1141 1066
1141 1067 1142
1142 1143 1141
1143 1142 1144
1145 1143 1144
1143 1145 1146
1147 1146 1145
1146 1147 1148
1149 1148 1147
1148 1149 1150
1151 1150 1149
1150 1151 1152
1151 1153 1152
1067 1154 1142
1154 1067 1076
1076 1155 1154
1155 1076 1077
1156 1154 1155
1154 1156 1157
1158 1157 1156
1157 1158 1159
1160 1159 1158
1159 1160 1161
1162 1161 1160
1161 1162 1163
1164 1163 1162
1163 1164 1165
1157 1142 1154
1142 1157 1144
1159 1144 1157
1144 1159 1166
1161 1166 1159
1166 1161 1167
1163 1167 1161
1167 1163 1168
1165 1168 1163
1168 1165 1169
1170 1169 1165
1164 1170 1165
1171 1172 1173
1174 1172 1171
1175 1174 1171
1175 1176 1174
1177 1174 1176
1174 1177 1178
1176 1179 1177
1179 1176 1180
1181 1179 1180
1179 1181 1182
1183 1182 1181
1182 1183 1184
1181 1185 1183
1185 1181 1186
1180 1186 1181
1186 1180 1187
1176 1187 1180
1187 1176 1188
1176 1175 1188
1189 1183 1185
1189 1184 1183
1190 1191 1192
1191 1190 1193
1192 1194 1190
1194 1192 1195
1195 1196 1194
1196 1195 1197
1198 1197 1195
1197 1198 1199
1195 1200 1198
1200 1195 1192
1191 1200 1192
1200 1191 1201
1193 1202 1191
1202 1201 1191
1202 1193 1203
1201 1202 1204
1197 1199 1205
1197 1205 1196
1016 1003 1001
1206 1141 1143
1141 1206 1140
1146 1206 1143
1206 1146 1207
1148 1207 1146
1207 1148 1208
1150 1208 1148
1208 1150 1209
1152 1209 1150
1209 1152 1210
1153 1210 1152
1211 1212 1213
1212 1211 1214
1212 1215 1213
1215 1212 1216
1217 1215 1216
1215 1217 1218
1219 1214 1211
1214 1219 1220
1221 1220 1219
1220 1221 1222
1221 1223 1222
1223 1221 1224
1225 1223 1224
1226 1227 1228
1227 1226 1229
1230 1228 1227
1228 1230 1231
1232 1231 1230
1231 1232 1233
1234 1233 1232
1233 1234 1235
1234 1236 1235
1236 1234 1237
1237 1238 1236
1238 1237 1239
1239 1240 1238
1241 1242 1243
1244 1245 1246
1247 1245 1244
1248 1247 1244
1247 1248 1249
1250 1249 1248
1249 1250 1251
1252 1249 1251
1249 1252 1253
1254 1251 1250
1251 1254 1255
1255 1254 1256
1257 1255 1256
1257 1251 1255
1251 1257 1252
1258 1249 1253
1258 1247 1249
1258 1259 1247
1247 1259 1260
1260 1245 1247
1260 1259 1261
1262 1263 1264
1262 1265 1263
1265 1262 1266
1266 1267 1265
1267 1266 1268
1268 1269 1267
1269 1268 1270
1271 1269 1270
1269 1271 1272
1273 1272 1271
1274 1275 1276
1277 1275 1274
1275 1277 1278
1277 1279 1278
1279 1277 1280
1280 1281 1279
1281 1280 1282
1283 1281 1282
1284 1285 1286
1287 1284 1286
1288 1287 1286
1287 1288 1289
1290 1289 1288
1289 1290 1291
1292 1291 1290
1291 1292 1293
1294 1293 1292
1295 1296 1297
1296 1295 1298
1299 1297 1296
1297 1299 1300
1297 1301 1295
1300 1301 1297
1298 1302 1296
1302 1298 1303
1296 1304 1299
1304 1296 1302
1304 1302 1305
1302 1303 1306
1307 1302 1306
1302 1307 1305
1307 1308 1305
1303 1309 1306
1310 1311 1312
1311 1310 1313
1311 1314 1312
1314 1311 1315
1316 1313 1310
1315 1317 1314
1318 1319 1320
1319 1321 1320
1321 1319 1322
1323 1319 1318
1324 1322 1319
1323 1324 1319
1322 1324 1325
1326 1323 1318
1318 1320 1327
1328 1318 1327
1328 1327 1329
1328 1329 1330
1331 1330 1329
1332 1331 1329
1332 1333 1331
1322 1334 1321
1334 1322 1335
1335 1336 1334
1336 1335 1337
1335 1338 1337
1338 1335 1339
1337 1340 1336
1338 1340 1337
1322 1339 1335
1339 1322 1325
1341 1342 1343
1344 1342 1341
1344 1345 1342
1345 1344 1346
1347 1342 1345
1342 1347 1343
1346 1348 1345
1348 1346 1349
1349 1350 1348
1350 1349 1351
1352 1348 1350
1350 1353 1352
1353 1350 1354
1351 1354 1350
1351 1355 1354
1355 1356 1354
1354 1356 1357
1354 1357 1353
1348 1352 1358
1358 1345 1348
1345 1358 1347
1359 1357 1356
1360 1359 1356
1359 1360 1361
1362 1359 1361
1359 1362 1363
1361 1364 1362
1364 1361 1365
1365 1366 1364
1366 1365 1367
1365 1368 1367
1368 1365 1369
1361 1369 1365
1369 1361 1360
1370 1367 1368
1367 1370 1371
1372 1371 1370
1371 1372 1373
1374 1373 1372
1367 1371 1375
1371 1373 1375
1366 1367 1375
1376 1369 1360
1377 1364 1366
1364 1377 1378
1378 1362 1364
1362 1378 1379
1380 1379 1378
1380 1378 1377
1381 1380 1377
1381 1377 1382
1379 1380 1383
1384 1379 1383
1385 1362 1379
1384 1385 1379
1384 1386 1385
1362 1385 1363
1387 1363 1385
1386 1387 1385
1363 1387 1388
1389 1363 1388
1353 1389 1388
1363 1389 1359
1357 1359 1389
1357 1389 1353
1387 1390 1388
1381 1382 1391
1386 1384 1392
1392 1384 1383
1390 1393 1388
1393 1353 1388
1390 1394 1393
1395 1387 1386
1387 1395 1390
1386 1396 1395
1397 1390 1395
1390 1397 1394
1395 1398 1397
1396 1398 1395
1399 1394 1397
1394 1399 1400
1399 1401 1400
1401 1399 1402
1399 1403 1402
1402 1403 1404
1401 1402 1404
1403 1399 1405
1397 1405 1399
1397 1406 1405
1398 1406 1397
1406 1398 1407
1398 1396 1408
1407 1398 1408
1396 1409 1408
1396 1386 1409
1386 1392 1409
1410 1406 1407
1411 1406 1410
1412 1406 1411
1412 1413 1406
1414 1413 1412
1414 1415 1413
1410 1407 1416
1416 1407 1417
1418 1419 1420
1421 1420 1419
1420 1421 1422
1423 1422 1421
1422 1423 1424
1421 1425 1423
1425 1421 1426
1419 1426 1421
1419 1427 1426
1428 1427 1419
1418 1428 1419
1428 1429 1427
1430 1423 1425
1430 1424 1423
1431 1432 1433
1434 1432 1431
1435 1434 1431
1431 1436 1435
1436 1431 1437
1431 1433 1437
1436 1438 1435
1438 1436 1437
1438 1439 1435
1440 1439 1438
1438 1441 1440
1441 1438 1442
1442 1438 1437
1439 1440 1443
1444 1443 1440
1443 1444 1445
1444 1446 1445
1446 1444 1447
1444 1448 1447
1448 1444 1449
1449 1440 1441
1440 1449 1444
1450 1447 1448
1447 1450 1446
1451 1442 1437
1452 1451 1437
1437 1453 1452
1454 1451 1452
1451 1454 1455
1456 1451 1455
1457 1456 1455
1456 1457 1458
1458 1459 1456
1459 1458 1460
1460 1461 1459
1461 1460 1462
1462 1463 1461
1464 1461 1463
1463 1465 1464
1465 1463 1466
1461 1464 1467
1459 1461 1467
1459 1467 1468
1459 1468 1456
1466 1469 1465
1469 1466 1470
1470 1471 1469
1463 1462 1472
1472 1466 1463
1466 1472 1473
1473 1470 1466
1470 1473 1474
1474 1471 1470
1468 1451 1456
1475 1476 1477
1432 1475 1477
1475 1432 1478
1475 1478 1479
1432 1434 1478
1433 1432 1477
1475 1480 1476
1480 1475 1479
1476 1480 1481
1479 1481 1480
1482 1433 1477
1433 1482 1453
1477 1483 1482
1483 1477 1476
1476 1484 1483
1484 1476 1485
1481 1485 1476
1485 1486 1484
1486 1485 1487
1481 1488 1485
1487 1485 1488
1487 1489 1486
1490 1488 1481
1479 1490 1481
1488 1490 1491
1491 1487 1488
1490 1492 1491
1492 1490 1493
1494 1493 1490
1490 1479 1494
1478 1494 1479
1494 1478 1495
1495 1496 1494
1493 1494 1496
1496 1495 1497
1498 1497 1495
1497 1498 1499
1495 1500 1498
1500 1495 1478
1501 1498 1500
1498 1501 1502
1502 1499 1498
1503 1502 1501
1502 1503 1504
1504 1505 1502
1499 1502 1505
1505 1504 1506
1504 1507 1506
1507 1504 1508
1503 1508 1504
1508 1503 1509
1509 1510 1508
1510 1509 1511
1508 1512 1507
1512 1508 1510
1510 1513 1512
1513 1510 1514
1511 1514 1510
1515 1513 1514
1514 1516 1515
1514 1511 1516
1517 1518 1519
1518 1517 1520
1521 1520 1517
1520 1521 1522
1522 1521 1523
1524 1521 1517
1521 1524 1525
1521 1525 1526
1517 1527 1524
1527 1517 1519
1519 1518 1528
1527 1519 1528
1529 1530 1531
1530 1529 1532
1533 1531 1530
1531 1533 1534
1535 1534 1533
1534 1535 1536
1530 1537 1533
1535 1533 1537
1538 1535 1537
1535 1538 1539
1539 1536 1535
1537 1530 1540
1532 1540 1530
1540 1532 1541
1540 1542 1537
1537 1542 1543
1537 1543 1538
1542 1540 1544
1540 1541 1544
1541 1532 1545
1532 1546 1545
1546 1532 1529
1547 1545 1546
1545 1547 1548
1547 1549 1548
1536 1539 1550
1551 1536 1550
1536 1551 1534
1529 1552 1546
1546 1552 1547
1552 1529 1553
1553 1554 1552
1554 1553 1555
1556 1555 1553
1556 1534 1551
1555 1556 1557
1551 1557 1556
1558 1554 1555
1554 1558 1559
1560 1555 1557
1555 1560 1558
1553 1531 1556
1534 1556 1531
1531 1553 1529
1557 1551 1561
1557 1561 1560
1561 1551 1550
1559 1562 1554
1562 1563 1554
1563 1552 1554
1552 1563 1547
1562 1564 1563
1564 1549 1563
1549 1547 1563
1561 1565 1560
1566 1565 1561
1550 1566 1561
1566 1550 1539
1549 1567 1568
1567 1569 1568
1569 1567 1570
1571 1570 1567
1567 1549 1572
1570 1573 1569
1573 1570 1574
1571 1574 1570
1574 1575 1573
1575 1574 1576
1577 1573 1575
1573 1577 1578
1578 1569 1573
1579 1578 1577
1578 1579 1541
1577 1580 1579
1580 1577 1581
1575 1581 1577
1581 1575 1582
1576 1582 1575
1582 1576 1583
1581 1582 1584
1582 1583 1584
1585 1583 1576
1583 1585 1586
1587 1576 1574
1576 1587 1585
1588 1585 1587
1585 1588 1589
1586 1585 1589
1588 1590 1589
1545 1578 1541
1587 1571 1588
1574 1571 1587
1586 1591 1583
1591 1584 1583
1591 1586 1592
1589 1593 1586
1593 1592 1586
1593 1589 1594
1594 1589 1590
1595 1593 1594
1590 1595 1594
1593 1595 1596
1595 1590 1597
1597 1598 1595
1598 1599 1595
1599 1596 1595
1598 1597 1600
1596 1601 1593
1592 1593 1601
1601 1596 1602
1596 1599 1603
1602 1596 1603
1603 1604 1602
1604 1601 1602
1604 1605 1601
1601 1605 1592
1605 1606 1592
1592 1606 1591
1606 1607 1591
1604 1603 1608
1609 1604 1608
1604 1609 1605
1609 1610 1605
1605 1610 1606
1610 1611 1606
1607 1606 1611
1612 1607 1611
1613 1611 1610
1610 1609 1613
1611 1613 1614
1611 1614 1615
1611 1615 1612
1616 1608 1603
1608 1616 1617
1616 1618 1617
1608 1619 1609
1619 1613 1609
1619 1608 1620
1621 1617 1618
1621 1622 1617
1622 1608 1617
1621 1623 1622
1623 1621 1624
1624 1621 1625
1621 1618 1625
1623 1626 1622
1626 1623 1627
1613 1628 1614
1615 1614 1628
1629 1615 1628
1630 1624 1625
1631 1615 1629
1631 1629 1632
1629 1633 1632
1633 1629 1634
1634 1635 1633
1635 1634 1636
1636 1637 1635
1637 1636 1638
1639 1634 1629
1628 1639 1629
1639 1628 1640
1636 1634 1641
1634 1639 1641
1642 1636 1641
1636 1642 1638
1643 1641 1639
1640 1643 1639
1644 1643 1640
1645 1643 1644
1641 1645 1642
1641 1643 1645
1632 1646 1631
1646 1632 1633
1647 1646 1633
1635 1647 1633
1638 1648 1637
1648 1649 1637
1649 1650 1637
1651 1650 1649
1650 1651 1652
1652 1647 1650
1652 1651 1653
1654 1651 1649
1649 1648 1654
1655 1654 1648
1656 1655 1648
1655 1656 1657
1656 1658 1657
1658 1656 1659
1658 1659 1660
1660 1659 1661
1660 1662 1658
1662 1663 1658
1658 1663 1657
1663 1662 1664
1665 1664 1662
1664 1665 1666
1667 1665 1662
1662 1660 1667
1667 1660 1668
1660 1661 1668
1668 1661 1669
1670 1668 1669
1668 1670 1671
1671 1667 1668
1671 1672 1667
1665 1667 1672
1664 1673 1663
1673 1664 1666
1674 1673 1666
1670 1669 1675
1675 1669 1676
1661 1676 1669
1676 1661 1677
1678 1665 1672
1665 1678 1679
1679 1666 1665
1679 1680 1666
1666 1680 1674
1680 1681 1674
1682 1678 1672
1671 1682 1672
1671 1683 1682
1683 1671 1670
1684 1682 1683
1682 1684 1685
1682 1685 1678
1685 1686 1678
1678 1686 1679
1687 1685 1684
1685 1687 1688
1686 1685 1688
1689 1686 1688
1689 1688 1690
1690 1688 1687
1686 1691 1679
1686 1689 1691
1680 1679 1691
1692 1680 1691
1680 1692 1681
1692 1693 1681
1689 1694 1691
1694 1689 1690
1692 1691 1694
1695 1692 1694
1693 1692 1695
1696 1694 1690
1695 1694 1696
1690 1687 1697
1698 1684 1683
1684 1698 1699
1699 1687 1684
1687 1699 1697
1699 1700 1697
1700 1699 1698
1698 1701 1700
1701 1698 1702
1683 1702 1698
1702 1683 1703
1683 1670 1703
1704 1703 1670
1704 1670 1675
1675 1705 1704
1703 1704 1706
1706 1702 1703
1706 1704 1705
1706 1705 1707
1707 1708 1706
1702 1706 1708
1708 1707 1709
1709 1710 1708
1710 1702 1708
1702 1710 1701
1710 1709 1711
1707 1705 1712
1712 1709 1707
1709 1712 1713
1713 1711 1709
1711 1713 1714
1715 1713 1712
1712 1716 1715
1716 1717 1715
1717 1716 1718
1718 1719 1717
1719 1718 1720
1720 1721 1719
1721 1720 1722
1723 1722 1720
1722 1723 1724
1725 1724 1723
1724 1725 1726
1723 1727 1725
1727 1723 1728
1728 1720 1718
1720 1728 1723
1728 1718 1716
1729 1717 1719
1717 1729 1730
1730 1715 1717
1731 1719 1721
1719 1731 1729
1732 1729 1731
1729 1732 1733
1733 1730 1729
1730 1733 1734
1735 1724 1726
1735 1722 1724
1726 1736 1735
1726 1737 1736
1736 1737 1738
1737 1726 1739
1736 1626 1735
1736 1738 1626
1739 1726 1740
1741 1732 1731
1731 1742 1741
1743 1741 1742
1742 1744 1743
1744 1742 1745
1741 1743 1746
1747 1746 1743
1746 1747 1748
1746 1748 1749
1750 1743 1744
1743 1750 1747
1721 1745 1742
1745 1721 1722
1742 1731 1721
1744 1751 1750
1744 1745 1751
1752 1750 1751
1751 1627 1752
1627 1751 1735
1745 1735 1751
1722 1735 1745
1753 1746 1749
1746 1753 1741
1732 1741 1753
1750 1752 1754
1755 1754 1752
1627 1755 1752
1756 1750 1754
1757 1756 1754
1757 1754 1758
1754 1755 1758
1758 1755 1624
1759 1757 1758
1630 1759 1758
1624 1630 1758
1755 1623 1624
1623 1755 1627
1626 1627 1735
1753 1760 1732
1749 1760 1753
1749 1761 1760
1761 1762 1760
1763 1761 1749
1748 1763 1749
1626 1738 1622
1608 1622 1738
1608 1738 1620
1738 1737 1620
1737 1764 1620
1620 1764 1619
1764 1765 1619
1613 1619 1765
1613 1765 1640
1765 1644 1640
1644 1765 1766
1765 1764 1766
1739 1766 1764
1737 1739 1764
1766 1767 1644
1767 1766 1740
1766 1739 1740
1740 1768 1767
1768 1740 1769
1740 1725 1769
1676 1768 1769
1767 1645 1644
1767 1768 1645
1768 1677 1645
1768 1676 1677
1645 1677 1659
1645 1659 1642
1659 1638 1642
1638 1659 1656
1648 1638 1656
1659 1677 1661
1725 1727 1769
1675 1769 1727
1769 1675 1676
1770 1675 1727
1728 1770 1727
1675 1770 1705
1705 1770 1771
1716 1771 1770
1770 1728 1716
1716 1712 1771
1705 1771 1712
1580 1772 1773
1774 1772 1580
1772 1775 1773
1775 1776 1773
1775 1772 1777
1777 1772 1774
1777 1778 1775
1775 1778 1779
1776 1775 1779
1779 1543 1776
1778 1777 1780
1781 1778 1780
1780 1782 1781
1782 1780 1783
1777 1783 1780
1778 1781 1784
1784 1785 1778
1785 1779 1778
1783 1777 1786
1777 1774 1786
1787 1785 1784
1785 1787 1788
1785 1788 1789
1789 1779 1785
1789 1543 1779
1790 1781 1782
1781 1790 1791
1784 1791 1787
1791 1784 1781
1792 1791 1790
1791 1792 1793
1792 1794 1793
1794 1792 1795
1791 1796 1787
1796 1791 1793
1793 1794 1796
1797 1795 1792
1795 1797 1798
1792 1799 1797
1799 1792 1790
1782 1799 1790
1799 1782 1800
1800 1801 1799
1802 1801 1800
1801 1802 1803
1804 1803 1802
1803 1805 1801
1805 1803 1806
1805 1806 1807
1808 1805 1807
1805 1808 1809
1797 1799 1809
1801 1805 1809
1801 1809 1799
1810 1797 1809
1810 1809 1808
1797 1810 1798
1810 1811 1798
1811 1810 1812
1812 1810 1808
1812 1808 1813
1813 1808 1807
1800 1783 1802
1783 1800 1782
1802 1786 1804
1786 1802 1783
1814 1803 1804
1803 1814 1815
1816 1815 1814
1815 1816 1817
1817 1818 1815
1818 1817 1819
1819 1820 1818
1820 1819 1821
1822 1817 1816
1823 1817 1822
1817 1823 1819
1823 1821 1819
1821 1823 1824
1822 1825 1823
1825 1822 1826
1612 1825 1826
1631 1825 1612
1823 1631 1824
1823 1825 1631
1774 1816 1814
1814 1804 1774
1827 1818 1820
1818 1827 1828
1829 1828 1827
1828 1829 1806
1829 1807 1806
1807 1829 1830
1806 1803 1828
1831 1830 1829
1830 1831 1832
1833 1832 1831
1831 1834 1833
1834 1831 1835
1829 1835 1831
1835 1829 1827
1832 1833 1836
1835 1837 1834
1837 1835 1838
1827 1838 1835
1839 1837 1838
1837 1839 1647
1646 1647 1839
1647 1840 1837
1837 1840 1834
1840 1647 1652
1840 1841 1834
1833 1834 1841
1842 1833 1841
1836 1833 1842
1841 1840 1653
1840 1652 1653
1842 1841 1843
1843 1841 1653
1838 1821 1839
1821 1838 1820
1838 1827 1820
1839 1824 1646
1824 1839 1821
1631 1646 1824
1844 1845 1653
1844 1846 1845
1846 1844 1847
1846 1848 1845
1848 1846 1849
1849 1846 1850
1846 1847 1850
1851 1850 1847
1850 1851 1673
1851 1663 1673
1851 1657 1663
1657 1851 1655
1655 1851 1847
1654 1655 1847
1844 1654 1847
1849 1850 1852
1852 1850 1673
1651 1654 1844
1651 1844 1653
1581 1853 1854
1581 1854 1580
1854 1774 1580
1854 1853 1855
1816 1854 1855
1774 1854 1816
1584 1855 1853
1853 1581 1584
1855 1584 1826
1584 1607 1826
1584 1591 1607
1607 1612 1826
1855 1822 1816
1822 1855 1826
1786 1774 1804
1615 1631 1612
1579 1580 1773
1544 1579 1773
1544 1541 1579
1776 1544 1773
1544 1776 1542
1543 1542 1776
1543 1789 1538
1856 1538 1789
1856 1789 1857
1539 1538 1856
1788 1857 1789
1857 1788 1858
1787 1858 1788
1859 1858 1787
1858 1859 1860
1860 1857 1858
1857 1861 1856
1539 1856 1861
1861 1857 1862
1857 1860 1862
1539 1861 1863
1863 1861 1862
1859 1787 1796
1864 1862 1860
1862 1864 1863
1860 1859 1864
1859 1796 1865
1794 1865 1796
1866 1859 1865
1859 1866 1864
1867 1571 1868
1869 1867 1868
1870 1869 1868
1869 1871 1867
1871 1590 1867
1872 1870 1868
1567 1872 1868
1868 1571 1567
1567 1572 1872
1571 1867 1588
1590 1588 1867
1568 1569 1548
1568 1548 1549
1569 1545 1548
1569 1578 1545
1873 1874 1598
1600 1873 1598
1873 1875 1874
1875 1618 1874
1618 1616 1874
1599 1874 1616
1874 1599 1598
1603 1599 1616
1715 1730 1876
1734 1876 1730
1876 1734 1877
1713 1715 1876
1877 1713 1876
1877 1714 1713
1878 1879 1734
1733 1878 1734
1878 1733 1880
1732 1880 1733
1714 1881 1882
1714 1882 1711
1711 1882 1710
1882 1883 1710
1884 1710 1883
1710 1884 1701
1884 1700 1701
1700 1884 1885
1700 1885 1697
1885 1886 1697
1697 1886 1690
1635 1650 1647
1650 1635 1637
1815 1828 1803
1828 1815 1818
1740 1726 1725
1628 1613 1640
1887 1888 1889
1890 1888 1887
1891 1892 1893
1891 1894 1892
1894 1895 1892
1896 1891 1893
1896 1893 1897
1895 1898 1892
1895 1899 1898
1898 1899 1900
1901 1892 1898
1902 1892 1901
1902 1903 1892
1904 1902 1901
1905 1902 1904
1905 1904 1906
1907 1905 1906
1906 1908 1907
1908 1909 1907
1909 1908 1910
1909 1910 1376
1911 1910 1908
1910 1911 1912
1910 1912 1376
1911 1913 1912
1913 1911 1914
1914 1915 1913
1915 1914 1916
1917 1915 1916
1915 1917 1918
1919 1918 1917
1918 1919 1920
1921 1920 1919
1920 1921 1922
1917 1923 1919
1923 1917 1924
1916 1924 1917
1924 1925 1923
1925 1924 1926
1927 1926 1924
1924 1916 1927
1914 1927 1916
1926 1927 1928
1929 1926 1928
1926 1930 1925
1930 1926 1929
1931 1925 1930
1925 1931 1932
1925 1932 1923
1927 1933 1928
1933 1927 1934
1934 1935 1933
1935 1934 1936
1937 1935 1936
1935 1937 1938
1938 1937 1939
1927 1914 1934
1911 1934 1914
1934 1911 1936
1911 1937 1936
1937 1911 1908
1908 1906 1937
1937 1906 1939
1940 1932 1931
1932 1940 1941
1940 1942 1941
1943 1938 1939
1939 1904 1943
1904 1939 1906
1904 1944 1943
1904 1901 1944
1901 1945 1944
1945 1901 1898
1946 1947 1948
1947 1921 1948
1947 1922 1921
1947 1949 1922
1948 1921 1919
1923 1948 1919
1923 1950 1948
1932 1950 1923
1951 1947 1946
1951 1952 1947
1952 1949 1947
1951 1953 1952
1355 1909 1356
1954 1909 1355
1909 1954 1907
1905 1907 1954
1955 1905 1954
1909 1376 1356
1376 1360 1356
1905 1955 1902
1955 1903 1902
1955 1956 1903
1957 1903 1956
1903 1957 1958
1959 1903 1958
1903 1959 1960
1958 1961 1959
1961 1958 1962
1957 1962 1958
1962 1963 1961
1962 1957 1964
1964 1963 1962
1903 1960 1892
1965 1966 1967
1968 1969 1970
1971 1969 1968
1969 1971 1972
1973 1972 1971
1972 1973 1974
1975 1974 1973
1974 1975 1976
1977 1976 1975
1976 1977 1978
1975 1979 1977
1979 1975 1980
1973 1980 1975
1980 1973 1981
1971 1981 1973
1981 1971 1982
1983 1971 1968
1971 1983 1982
1983 1968 1970
1984 1978 1977
1984 1985 1978
1985 1984 1986
1987 1984 1977
1987 1977 1979
1988 1985 1986
1989 1984 1987
1989 1986 1984
1990 1991 1992
1991 1990 1993
1992 1994 1990
1994 1992 1995
1995 1996 1994
1996 1995 1997
1998 1997 1995
1997 1998 1999
1995 2000 1998
2000 1995 1992
1992 2001 2000
2001 1992 1991
2002 2001 1991
2002 1991 1993
2003 2004 2005
1489 2005 2004
1489 2004 2006
2005 1492 2003
1492 2005 1491
1487 1491 2005
1489 1487 2005
2007 2008 2009
2010 2011 2012
2013 2012 2011
2012 2013 2014
2010 2015 2011
2015 2013 2011
2016 2014 2013
2017 2016 2013
2013 2015 2017
2016 2017 2018
2014 2016 2019
1453 1437 1433
2020 2021 2022
2021 2020 2023
2024 2020 2022
2020 2024 2025
2026 2025 2024
2025 2026 2027
2027 2028 2025
2028 2027 2029
2030 2025 2028
2025 2030 2020
2031 2020 2030
2020 2031 2023
2032 2023 2031
2032 2021 2023
2033 2034 2035
2034 2033 2036
2033 2035 2037
2034 2036 2038
2039 2040 2041
2040 2039 2042
2043 2042 2039
2040 2044 2041
2045 2046 2047
2045 2048 2046
2048 2045 2049
2049 2050 2048
2050 2049 2051
2051 2052 2050
2052 2051 2053
2054 2053 2051
2053 2054 2055
2056 2051 2049
2051 2056 2054
2057 2049 2045
2049 2057 2056
2057 2045 2047
2058 2053 2055
2059 2058 2055
2060 2061 2062
2061 2060 2063
2064 2063 2060
2063 2064 2065
2062 2061 2066
2065 2064 2067
2064 2068 2067
2065 2067 2069
2070 2071 2072
2073 2071 2070
2074 2075 2076
2075 2074 2077
2076 2078 2074
2078 2076 2079
2079 2080 2078
2081 2077 2074
2077 2081 2082
2074 2083 2081
2083 2074 2078
2080 2083 2078
2084 2077 2082
2085 2084 2082
2084 2085 2086
2084 2087 2077
2075 2077 2087
2088 2089 2090
2089 2088 2091
2092 2090 2089
2090 2092 2093
2092 2094 2093
2088 2095 2091
2096 2097 2098
2097 2099 2098
2099 2097 2100
2101 2096 2098
2099 2102 2098
2101 2098 2102
2102 2099 2103
2096 2104 2097
2105 2104 2096
2105 2106 2104
2105 2107 2106
2108 2106 2107
2109 2106 2108
2101 2110 2096
2111 2099 2100
2099 2111 2112
2112 2103 2099
2113 2112 2111
2112 2113 2114
2115 2112 2114
2112 2115 2116
2103 2112 2116
2114 2113 2117
2115 2114 2117
2118 2119 2120
2119 2118 2121
2122 2121 2118
2121 2122 2123
2123 2122 2124
2120 2125 2118
2125 2120 2126
2127 2118 2125
2118 2127 2122
2124 2122 2127
2128 2126 2120
2128 2120 2119
2129 2126 2128
2128 2130 2129
2131 2132 2133
2132 2131 2134
2133 2135 2131
2135 2133 2136
2135 2136 2137
2132 2134 2138
2139 2140 2141
2140 2139 2142
2141 2143 2139
2143 2141 2144
2145 2141 2140
2145 2144 2141
2146 2142 2139
2143 2146 2139
2142 2146 2147
2146 2143 2148
2149 2150 2151
2150 2149 2152
2153 2149 2151
2149 2153 2154
2155 2152 2149
2155 2149 2154
2150 2156 2151
2156 2153 2151
2156 2150 2157
2153 2156 2158
2159 2160 2161
2162 2159 2161
2159 2162 2163
2164 2163 2162
2163 2164 2165
2166 2165 2164
2165 2166 2167
2168 2167 2166
2167 2168 2169
2170 2168 2166
2168 2170 2171
2171 2172 2168
2172 2171 2173
2173 2174 2172
2175 2172 2174
2174 2173 2176
2176 2177 2174
2178 2174 2177
2174 2178 2179
2179 2175 2174
2177 2180 2178
2180 2177 2181
2182 2181 2177
2177 2176 2182
2181 2182 2183
2184 2168 2172
2185 2184 2172
2175 2185 2172
2184 2169 2168
2183 2186 2181
2186 2183 2187
2188 2181 2186
2181 2188 2180
2166 2189 2170
2189 2166 2164
2164 2190 2189
2190 2164 2162
2161 2190 2162
2190 2161 2191
2160 2191 2161
2192 2193 2194
2194 2195 2192
2195 2194 2196
2197 2195 2196
2195 2197 2198
2199 2198 2197
2198 2199 2200
2201 2200 2199
2200 2201 2202
2203 2201 2199
2201 2203 2204
2201 2204 2205
2206 2199 2197
2199 2206 2203
2197 2207 2206
2207 2197 2196
2196 2208 2207
2208 2196 2194
2193 2208 2194
2209 2202 2201
2201 2205 2209
2202 2209 2210
2211 2210 2209
2210 2211 2212
2213 2212 2211
2212 2213 2214
2215 2214 2213
2214 2215 2216
2217 2216 2215
2216 2217 2218
2215 2219 2217
2219 2215 2220
2213 2220 2215
2220 2213 2221
2211 2221 2213
2221 2211 2222
2223 2222 2211
2209 2223 2211
2209 2224 2223
2205 2224 2209
2225 2226 2227
2226 2225 2228
2228 2229 2226
2229 2228 2230
2231 2230 2228
2225 2231 2228
2230 2231 2232
2233 2232 2231
2234 2233 2231
2231 2225 2234
2233 2234 2235
2232 2233 2236
2237 2236 2233
2235 2237 2233
2238 2226 2229
2226 2238 2239
2239 2227 2226
2240 2239 2238
2239 2240 2241
2241 2242 2239
2227 2239 2242
2242 2241 2243
2244 2243 2241
2240 2244 2241
2243 2244 2245
2244 2240 2246
2245 2244 2247
2244 2246 2247
2248 2249 2250
2249 2248 2251
2251 2252 2249
2252 2251 2253
2253 2254 2252
2254 2253 2255
2255 2256 2254
2256 2255 2257
2257 2258 2256
2258 2257 2259
2260 2258 2259
2250 2261 2248
2261 2250 2262
2263 2261 2262
2264 2265 2266
2265 2264 2267
2268 2266 2265
2266 2268 2269
2269 2270 2266
2270 2264 2266
2270 2269 2271
2271 2272 2270
2272 2273 2270
2264 2270 2273
2273 2272 2274
2272 2271 2275
2276 2272 2275
2274 2272 2276
2265 2277 2268
2277 2265 2278
2267 2278 2265
2278 2279 2277
2279 2278 2280
2281 2280 2278
2278 2267 2281
2280 2281 2282
2282 2283 2280
2283 2282 2284
2285 2280 2283
2280 2285 2279
2283 2286 2285
2286 2283 2287
2284 2287 2283
2288 2286 2287
2286 2288 2289
2287 2290 2288
2290 2287 2291
2287 2284 2291
2292 2288 2290
2288 2292 2289
2293 2294 2295
2296 2293 2295
2293 2296 2297
2298 2297 2296
2297 2298 2299
2300 2299 2298
2299 2300 2301
2302 2301 2300
2301 2302 2303
2304 2303 2302
2303 2304 2305
2306 2305 2304
2305 2306 2307
2306 2308 2307
2308 2306 2309
2309 2310 2308
2310 2309 2311
2312 2310 2311
2309 2313 2311
2313 2312 2311
2313 2309 2314
2306 2314 2309
2314 2306 2315
2304 2315 2306
2315 2304 2316
2302 2316 2304
2316 2302 2317
2300 2317 2302
2317 2300 2318
2298 2318 2300
2318 2298 2319
2296 2319 2298
2319 2296 2320
2295 2320 2296
2320 2295 2321
2294 2321 2295
