byte offset: 0
first index: 0
index count: 14385
topology: trianglelist
format: DXGI_FORMAT_R16_UINT

0 1 2
1 0 3
4 0 2
0 4 5
5 3 0
4 6 5
6 4 7
7 8 6
8 7 9
10 6 8
6 10 5
3 5 10
1 11 2
11 4 2
11 1 12
7 13 9
13 7 14
4 14 7
14 4 15
4 11 15
12 15 11
14 16 13
16 14 15
15 12 16
17 18 19
18 17 20
21 20 17
20 21 22
23 17 19
17 23 24
24 21 17
21 24 25
26 27 28
27 26 29
30 29 26
29 30 31
32 31 30
31 32 33
27 34 28
34 27 35
35 36 34
36 35 37
37 38 36
38 37 39
28 40 26
40 28 41
42 26 40
26 42 30
43 30 42
30 43 32
44 36 38
36 44 45
45 34 36
34 45 46
28 46 41
46 28 34
41 47 40
47 41 48
49 40 47
40 49 42
50 42 49
42 50 43
51 45 44
45 51 52
52 46 45
46 52 53
41 53 48
53 41 46
54 47 48
47 54 55
56 55 54
55 56 57
57 58 55
58 47 55
47 58 49
58 57 59
59 60 58
60 49 58
49 60 50
60 59 61
54 62 56
62 54 63
63 48 53
48 63 54
63 64 62
64 63 65
53 65 63
65 53 52
65 66 64
66 65 67
52 67 65
68 57 56
57 68 69
70 57 69
57 70 59
71 59 70
59 71 61
72 64 66
64 72 73
73 62 64
62 73 74
56 74 68
74 56 62
75 69 68
69 75 76
76 70 69
70 76 77
77 71 70
71 77 78
72 79 73
79 72 80
73 81 74
81 73 79
68 81 75
81 68 74
77 76 82
77 83 78
83 77 84
77 82 84
80 85 79
85 80 86
84 87 83
87 84 88
88 89 87
89 88 90
88 91 90
91 88 92
84 92 88
92 93 91
93 92 94
95 94 92
92 84 95
82 95 84
94 95 96
82 96 95
96 97 94
97 96 98
85 97 98
98 99 85
96 99 98
94 100 93
100 94 97
101 100 97
100 101 102
103 102 101
102 103 104
99 96 105
96 82 105
101 86 103
86 101 85
97 85 101
105 81 99
81 105 75
105 76 75
76 105 82
99 79 85
99 81 79
67 52 51
106 107 108
107 106 109
110 111 112
111 110 113
114 115 116
115 114 117
118 119 120
119 118 121
122 123 124
123 122 125
126 127 128
127 126 129
130 131 132
131 130 133
134 135 136
135 134 137
138 139 140
139 138 141
142 143 144
143 142 145
146 147 148
147 146 149
150 151 152
151 150 153
154 155 156
155 154 157
158 159 160
159 158 161
162 163 164
163 162 165
166 167 168
167 166 169
170 171 172
173 174 175
174 173 176
177 178 179
180 181 182
181 180 183
184 180 182
180 184 185
183 186 181
186 183 187
187 188 186
188 187 189
190 184 182
184 190 191
182 192 190
192 182 181
181 193 192
193 181 186
186 194 193
194 186 188
195 185 184
189 196 188
196 194 188
196 189 197
197 198 196
198 197 199
199 200 198
200 199 201
198 202 196
194 196 202
202 198 203
198 204 203
204 198 200
195 184 205
205 184 206
184 191 206
207 208 209
208 207 210
211 210 207
210 211 212
213 212 211
212 213 214
215 208 210
208 215 216
210 217 215
217 210 212
214 217 212
217 214 218
213 219 214
219 218 214
219 213 220
220 221 219
218 219 222
223 209 208
216 223 208
209 223 224
225 224 223
224 225 226
227 226 225
226 227 228
229 228 227
228 229 230
231 230 229
230 231 232
233 231 229
231 233 234
235 229 227
229 235 233
236 227 225
227 236 235
225 237 236
237 225 223
223 216 237
238 219 239
238 222 219
239 219 221
240 241 242
241 240 243
244 241 243
241 244 245
242 246 240
246 242 247
248 246 247
246 248 249
250 243 240
243 250 251
252 243 251
243 252 244
253 240 246
240 253 250
250 254 251
254 252 251
254 250 255
253 255 250
252 254 256
255 253 257
246 258 253
258 246 249
253 259 257
259 253 258
259 258 260
249 261 258
261 262 258
260 258 262
260 263 259
256 264 252
264 244 252
244 264 265
266 265 264
265 266 267
267 268 265
268 267 269
270 269 267
269 270 271
272 271 270
271 272 273
274 273 272
273 274 275
276 275 274
275 276 277
278 277 276
277 278 279
267 280 270
280 267 266
281 274 272
270 281 272
281 270 280
274 281 282
282 276 274
276 282 283
276 284 278
284 276 283
285 278 284
278 285 286
286 279 278
287 282 281
282 287 288
288 283 282
283 288 289
289 284 283
290 281 280
281 290 287
280 291 290
291 280 266
266 292 291
292 266 264
293 285 284
284 289 293
285 293 294
286 285 295
285 294 295
295 296 286
279 286 296
264 256 292
297 298 299
300 299 298
299 300 301
301 300 302
303 302 300
301 304 299
305 304 301
302 305 301
304 305 306
305 307 306
307 305 308
308 305 302
302 309 308
310 309 302
310 302 303
309 310 311
311 312 309
312 307 308
309 312 308
311 313 312
311 314 313
315 314 311
314 316 313
313 316 312
316 307 312
316 314 317
317 318 316
307 316 318
317 319 318
320 319 317
321 319 320
319 321 322
323 319 322
322 321 324
322 325 323
325 322 324
325 326 323
326 325 327
326 327 328
329 328 327
329 330 328
331 328 330
332 331 330
331 332 333
333 334 331
334 333 335
335 333 336
333 337 336
333 338 337
338 333 332
339 337 338
337 339 340
336 337 340
336 340 341
340 342 341
342 340 343
339 343 340
342 344 341
344 342 345
343 339 346
347 346 339
346 347 348
349 348 347
348 349 350
351 339 338
339 351 347
351 349 347
338 352 351
352 338 332
332 353 352
353 332 330
349 351 354
352 354 351
330 329 353
354 352 355
355 352 353
348 356 346
356 348 357
358 348 350
348 358 357
359 346 356
346 359 343
360 343 359
343 360 342
360 345 342
345 360 361
362 360 359
360 362 363
363 361 360
364 363 362
363 364 365
366 365 364
365 366 367
365 368 363
361 363 368
368 365 369
367 369 365
369 367 370
371 370 367
370 371 372
373 372 371
372 373 374
364 375 366
375 364 376
362 376 364
376 362 377
377 378 376
378 377 379
379 380 378
380 379 381
382 378 380
378 382 383
376 383 375
383 376 378
371 384 373
384 371 385
367 385 371
385 367 366
386 383 382
383 386 387
387 375 383
388 366 375
366 388 385
385 389 384
389 385 388
386 390 387
391 387 390
392 391 390
390 386 392
391 392 393
394 384 389
394 389 395
396 394 395
394 396 397
397 398 394
398 397 399
374 398 399
398 374 373
398 384 394
398 373 384
400 395 389
395 400 396
401 391 393
391 401 402
403 402 401
402 403 375
375 387 402
403 388 375
388 403 404
404 389 388
389 404 400
391 402 387
405 406 407
344 407 406
405 336 406
336 405 335
408 335 405
335 408 334
304 334 408
334 304 409
409 331 334
331 409 410
328 331 410
409 326 410
328 410 326
326 409 306
306 409 304
306 323 326
323 306 411
319 323 411
411 318 319
307 318 411
307 411 306
304 408 299
299 408 405
299 405 297
407 297 405
412 413 414
413 412 415
412 416 415
412 417 416
412 418 417
419 417 418
417 419 420
420 416 417
421 420 419
420 421 422
422 423 420
416 420 423
423 422 424
419 425 421
426 421 425
421 426 427
427 422 421
428 427 426
427 428 429
428 430 429
430 428 431
432 430 431
430 432 433
430 433 434
425 419 435
432 436 433
436 432 437
437 438 436
438 437 439
440 436 438
438 441 440
441 438 442
439 442 438
436 440 443
433 443 434
443 433 436
444 434 443
434 444 445
446 434 445
434 446 447
442 439 448
448 449 442
449 448 450
451 442 449
442 451 441
449 452 451
452 449 453
450 453 449
453 454 452
454 453 455
456 455 453
453 450 456
455 456 457
457 458 455
458 457 459
455 460 454
460 455 458
461 452 454
460 461 454
452 461 462
462 451 452
451 462 463
463 441 451
441 463 464
464 440 441
440 464 465
465 443 440
443 465 444
466 463 462
463 466 467
467 464 463
468 467 466
467 468 469
470 469 468
469 470 471
472 471 470
471 472 473
474 473 472
473 474 475
476 475 474
475 476 477
478 477 476
477 478 479
480 479 478
479 480 481
482 481 480
481 482 483
475 484 473
484 475 485
477 485 475
485 486 484
486 485 487
488 487 485
485 477 488
479 488 477
487 488 489
490 489 488
481 490 479
488 479 490
489 490 491
492 491 490
492 481 483
490 481 492
491 492 493
494 493 492
492 483 494
483 495 494
496 495 483
496 483 482
497 494 495
494 497 498
499 484 486
484 499 500
501 498 497
502 498 501
501 503 502
503 501 504
505 504 501
497 505 501
498 502 506
494 506 493
506 494 498
507 502 503
502 507 508
508 506 502
506 508 509
510 509 508
509 510 511
512 511 510
510 513 512
513 510 514
514 508 507
508 514 510
515 512 513
512 515 516
517 516 515
516 517 518
504 519 503
514 520 513
520 514 521
507 521 514
522 520 521
520 522 523
523 524 520
513 524 515
524 513 520
524 523 525
525 526 524
515 526 517
526 515 524
526 525 527
528 525 523
525 528 529
529 527 525
530 523 522
523 530 528
521 531 522
519 532 531
531 521 533
533 503 519
531 533 519
522 534 530
534 522 531
503 533 507
521 507 533
527 535 526
535 527 536
535 517 526
517 535 537
537 518 517
518 537 538
539 536 527
536 539 540
541 540 539
539 542 541
542 539 543
543 544 542
544 545 542
545 544 546
544 547 546
547 544 548
548 549 547
549 548 550
550 551 549
551 550 552
552 553 551
553 552 554
554 555 553
555 554 556
557 546 547
546 557 558
559 551 553
555 559 553
551 559 560
560 549 551
559 555 561
556 554 562
563 554 552
554 563 562
564 562 563
562 564 565
562 565 566
556 562 566
552 567 563
567 552 550
563 534 564
534 563 567
550 568 567
568 550 548
548 569 568
569 548 544
544 543 569
529 569 543
543 527 529
527 543 539
569 529 528
528 568 569
568 528 530
567 530 534
530 567 568
566 565 570
570 571 566
571 570 572
519 572 570
519 504 572
504 571 572
571 504 505
570 532 519
570 564 532
564 570 565
564 531 532
531 564 534
573 574 575
574 573 576
575 577 573
577 575 578
578 558 577
558 578 546
579 575 574
575 579 541
541 578 575
540 541 579
578 541 545
545 546 578
580 545 541
541 542 580
576 581 574
581 576 582
582 576 583
583 576 584
582 424 581
424 582 423
582 585 423
585 582 583
586 585 583
579 587 540
587 579 588
588 574 581
574 588 579
589 540 587
540 589 536
590 536 589
536 590 535
590 537 535
537 590 591
445 591 590
589 445 590
591 445 444
591 538 537
538 591 592
444 592 591
592 593 538
499 538 593
499 593 594
538 499 518
593 500 594
593 471 500
473 500 471
500 473 484
471 593 469
595 469 593
593 592 595
469 595 467
464 467 595
592 444 465
595 465 464
465 595 592
486 518 499
518 486 516
487 516 486
516 487 512
489 512 487
512 489 511
491 511 489
511 491 509
493 509 491
509 493 506
596 597 598
597 596 599
600 598 597
598 600 601
598 602 596
602 598 603
604 598 601
598 604 603
601 605 604
606 603 604
603 606 607
607 602 603
602 607 608
600 609 601
601 609 605
597 610 600
600 610 611
600 611 609
610 597 612
599 612 597
613 610 612
610 613 614
615 614 613
614 615 616
613 617 615
617 613 618
612 618 613
618 612 619
612 599 619
620 610 614
610 620 611
621 614 616
614 621 620
622 617 618
617 622 623
622 624 623
624 622 625
626 625 622
618 626 622
626 618 619
625 626 627
628 627 626
619 628 626
628 619 599
599 629 628
629 599 596
630 628 629
628 630 631
627 628 631
631 632 627
632 631 633
631 630 633
596 634 629
634 596 602
635 629 634
629 635 630
630 635 636
630 636 633
633 636 637
633 637 638
632 633 638
634 639 635
639 634 640
602 640 634
641 635 639
635 641 636
642 636 641
636 642 637
640 602 608
643 638 637
638 643 644
644 645 638
645 632 638
645 644 646
646 625 645
625 646 624
647 637 642
637 647 643
641 648 642
648 641 649
639 649 641
608 650 640
650 608 651
652 640 650
640 652 639
649 639 652
653 642 648
642 653 647
608 654 651
654 608 607
607 655 654
655 607 606
645 625 627
606 656 655
656 606 657
604 657 606
657 604 605
656 657 658
659 658 657
605 659 657
660 659 605
658 661 656
662 658 659
658 663 661
663 658 662
662 664 663
662 665 664
665 662 666
666 667 665
667 666 418
435 418 666
418 435 419
418 412 667
666 668 435
668 666 662
668 659 660
659 668 662
668 660 669
435 668 669
669 660 620
621 669 620
425 669 621
425 435 669
426 425 621
616 426 621
426 616 428
615 428 616
428 615 431
617 431 615
431 617 432
623 432 617
432 623 437
623 439 437
439 623 624
624 448 439
448 624 646
646 450 448
450 646 644
644 456 450
456 644 643
643 457 456
457 643 647
647 459 457
459 647 653
627 632 645
670 671 672
671 670 673
674 673 670
673 674 675
676 675 674
675 676 677
678 677 676
677 678 679
674 680 676
680 674 681
670 681 674
681 682 680
682 681 683
684 680 682
680 684 685
676 685 678
685 676 680
686 685 684
685 686 687
687 678 685
688 687 686
687 688 689
690 689 688
689 690 691
692 691 690
691 692 693
689 694 687
694 689 695
691 695 689
695 696 694
696 695 697
678 687 694
698 693 692
693 698 699
700 699 698
698 701 700
701 698 702
692 702 698
699 700 703
693 704 691
695 691 704
704 697 695
704 693 705
699 705 693
705 699 706
703 706 699
706 703 707
708 706 707
706 708 709
708 710 709
710 708 711
706 712 705
712 706 709
709 713 712
713 709 710
712 713 714
714 715 712
715 705 712
705 715 704
697 715 714
697 704 715
716 707 703
703 717 716
718 716 717
719 718 717
718 719 720
720 721 718
721 720 722
716 718 723
721 723 718
723 721 724
723 725 716
725 723 726
724 726 723
726 727 725
727 726 728
726 729 728
729 726 730
726 724 730
731 728 729
728 731 732
732 727 728
727 732 733
708 725 727
725 708 707
707 716 725
727 711 708
711 727 733
729 734 731
734 729 735
730 735 729
735 736 734
736 735 737
738 736 737
736 738 739
740 739 738
740 738 737
737 741 740
742 741 737
737 735 742
739 740 743
744 740 741
740 744 743
745 741 742
741 745 744
746 745 742
747 746 742
748 747 742
747 748 749
750 749 748
749 750 751
752 751 750
751 752 753
742 724 748
724 742 730
735 730 742
721 748 724
748 721 750
750 722 752
722 750 721
753 754 751
754 753 755
755 756 754
756 755 757
758 756 757
756 758 759
759 754 756
760 759 758
759 760 761
754 759 762
761 762 759
762 761 763
764 761 760
761 764 763
762 751 754
751 762 749
763 749 762
749 763 747
763 746 747
746 763 764
765 766 767
767 672 765
672 767 670
681 670 767
767 683 681
683 767 768
767 766 768
769 765 672
671 769 672
769 671 770
770 771 769
771 770 772
765 769 773
765 773 774
765 774 766
772 775 771
775 772 776
777 774 773
769 777 773
777 769 771
774 777 778
778 779 774
774 779 780
771 781 777
781 771 775
777 781 782
777 782 778
778 782 783
778 783 779
784 782 781
775 784 781
782 784 785
782 786 783
787 785 784
785 787 788
785 789 782
789 786 782
790 787 784
790 775 776
784 775 790
787 790 791
791 790 792
790 776 792
785 788 793
793 789 785
768 766 780
766 774 780
794 795 796
797 795 794
795 797 798
799 796 795
798 799 795
796 799 800
801 800 799
800 801 802
800 802 803
804 801 799
799 798 804
801 804 805
806 805 804
805 806 807
808 801 805
807 808 805
801 808 809
809 802 801
808 807 810
810 811 808
811 809 808
811 810 812
812 813 811
813 812 814
804 815 806
815 804 798
798 816 815
816 798 797
809 811 817
813 817 811
817 818 809
802 809 818
818 803 802
803 818 819
819 820 803
821 803 820
820 822 821
822 820 823
823 824 822
825 822 824
822 825 826
821 822 826
827 826 825
826 827 828
829 828 827
828 829 796
824 823 830
831 830 823
830 831 832
826 828 833
826 833 821
834 823 820
823 834 831
803 821 833
835 832 831
832 835 836
831 837 835
837 831 834
838 836 835
836 838 839
840 839 838
839 840 841
838 842 840
842 838 843
835 843 838
843 835 837
800 803 833
844 841 840
841 844 845
840 846 844
846 840 842
834 847 837
847 834 819
843 848 842
848 843 849
837 849 843
849 837 847
819 850 847
850 819 818
818 817 850
851 850 817
850 851 852
847 852 849
852 847 850
853 849 852
849 853 848
854 844 846
846 855 854
855 846 856
856 857 855
857 856 858
848 858 856
858 848 853
857 859 855
859 857 860
861 860 857
860 861 862
863 855 859
855 863 854
863 864 854
844 854 864
864 863 865
866 858 853
852 866 853
866 857 858
857 866 861
867 864 865
864 867 868
844 864 868
868 845 844
868 869 845
867 869 868
851 861 866
861 851 813
813 862 861
817 813 851
862 813 814
866 852 851
867 870 869
327 871 329
871 327 872
872 327 325
324 872 325
800 828 796
833 828 800
794 796 829
820 819 834
549 560 873
873 547 549
547 873 557
560 874 873
874 557 873
874 560 875
560 559 875
557 874 876
876 558 557
558 876 877
877 577 558
577 877 878
878 573 577
573 878 879
879 576 573
576 879 584
879 880 584
880 879 881
878 881 879
882 584 880
583 584 882
882 586 583
882 883 586
883 882 884
586 883 885
886 885 883
886 887 885
887 886 888
886 889 888
889 886 890
890 891 889
891 890 892
891 893 889
893 891 894
892 895 891
891 895 894
893 896 889
888 889 896
413 888 896
888 413 415
888 415 887
887 415 416
887 416 885
416 586 885
585 586 416
423 585 416
897 429 898
429 897 427
430 898 429
898 430 447
447 899 898
899 447 446
422 427 897
897 424 422
424 897 900
900 898 899
898 900 897
900 581 424
581 900 588
899 588 900
446 587 899
588 899 587
587 446 589
445 589 446
434 447 430
842 856 846
856 842 848
686 901 688
902 688 901
688 902 690
903 690 902
690 903 692
702 692 903
341 406 336
344 406 341
904 905 906
907 905 904
905 907 908
909 908 907
908 909 910
911 909 907
909 911 912
907 904 913
911 907 913
913 904 914
904 915 914
904 906 915
914 915 916
905 917 906
918 915 906
915 918 919
919 916 915
905 920 917
920 905 921
921 922 920
922 921 923
924 923 921
923 924 925
926 925 924
925 926 927
924 910 926
910 924 908
921 908 924
908 921 905
923 928 922
928 923 929
925 929 923
927 930 925
929 925 930
930 927 931
931 932 930
932 931 933
933 934 932
934 933 935
935 936 934
936 935 937
938 934 936
934 938 939
940 939 938
939 940 941
937 942 936
942 937 943
944 936 942
936 944 938
940 938 944
945 934 939
941 945 939
945 930 932
945 932 934
945 941 946
946 929 945
930 945 929
929 946 928
935 947 937
947 935 948
948 949 947
949 948 950
950 951 949
951 950 952
953 947 949
951 953 949
947 953 954
954 937 947
937 954 943
955 952 950
955 950 948
955 948 956
948 933 956
933 948 935
952 955 957
931 956 933
956 931 958
958 955 956
927 958 931
958 927 959
926 959 927
959 926 960
960 961 959
961 960 962
962 963 961
963 962 964
965 964 962
964 965 966
965 967 966
968 967 965
965 969 968
969 965 970
962 970 965
970 962 960
970 909 969
909 970 910
960 910 970
910 960 926
909 971 969
971 909 912
971 972 969
972 968 969
972 973 968
968 973 974
968 974 967
973 975 974
976 967 974
977 976 974
974 975 977
466 978 468
978 979 468
466 980 978
980 466 462
981 978 980
982 468 979
468 982 470
978 983 979
983 978 981
983 981 984
985 982 979
983 985 979
982 985 986
984 987 983
462 461 980
980 461 981
981 988 984
461 988 981
989 984 988
989 988 990
990 988 461
990 991 989
991 992 989
992 991 993
994 992 993
992 994 995
996 994 993
994 996 997
995 994 998
994 997 998
999 993 991
993 999 996
991 990 1000
1000 990 461
991 1001 999
1001 991 1000
460 1000 461
1002 472 1003
472 1002 474
470 1003 472
1003 470 982
1004 474 1002
474 1004 476
1005 476 1004
476 1005 478
1005 480 478
480 1005 1006
480 1006 482
1003 1007 1002
1007 1003 1008
982 1008 1003
1008 982 986
1002 1009 1004
1009 1005 1004
1009 1002 1007
1010 1006 1005
1005 1009 1010
1006 1010 1011
1012 1006 1011
1012 482 1006
1012 496 482
1013 961 963
961 1013 1014
1014 959 961
959 1014 958
955 958 1014
1014 957 955
957 1014 1013
1015 559 561
1015 875 559
1015 1016 875
1017 875 1016
875 1017 874
1018 874 1017
874 1018 876
1018 877 876
877 1018 1019
1019 878 877
878 1019 1020
881 878 1020
696 1021 694
694 1021 678
678 1021 679
611 620 660
609 611 660
605 609 660
265 245 244
245 265 268
717 701 719
701 717 700
717 703 700
381 357 358
357 381 379
377 357 379
357 377 356
377 359 356
359 377 362
1022 1023 1024
1025 1022 1024
1022 1025 1026
1024 1027 1025
1027 1024 1028
1028 1029 1027
1029 1028 1030
1028 1031 1030
1030 1032 1029
1032 1030 1033
1033 1034 1032
1034 1033 1035
1035 1036 1034
1036 1035 1037
1037 1038 1036
1038 1037 1039
1039 1040 1038
1040 1039 1041
1042 1041 1039
1041 1042 1043
1044 1040 1041
1040 1044 1045
1032 1034 1046
1045 1047 1040
1047 1045 1048
1049 1047 1048
1047 1049 1050
1051 1050 1049
1050 1051 1052
1047 1053 1040
1053 1038 1040
1054 1038 1053
1055 1052 1051
1052 1055 1056
1057 1056 1055
1056 1057 1058
1059 1058 1057
1054 1053 1060
1059 1061 1062
1059 1062 1063
1059 1063 1064
1059 1064 1065
1066 1062 1061
1062 1066 1067
1062 1068 1063
1068 1062 1067
1063 1069 1064
1069 1063 1068
1069 1065 1064
1065 1069 1070
1071 1067 1066
1067 1071 1072
1071 1073 1072
1073 1071 1074
1074 1075 1073
1075 1074 1076
1075 1077 1073
1077 1078 1073
1073 1078 1072
1078 1077 1079
1079 1080 1078
1080 1072 1078
1080 1079 1081
1081 1082 1080
1027 1079 1077
1079 1027 1029
1029 1081 1079
1081 1029 1032
1072 1080 1083
1084 1083 1080
1080 1082 1084
1083 1084 1085
1085 1084 1086
1084 1087 1086
1087 1084 1082
1077 1088 1027
1088 1025 1027
1025 1088 1089
1089 1026 1025
1026 1089 1090
1085 1086 1091
1091 1086 1092
1086 1093 1092
1069 1083 1085
1083 1069 1068
1067 1083 1068
1083 1067 1072
1085 1070 1069
1070 1085 1091
1082 1094 1087
1094 1082 1046
1081 1046 1082
1032 1046 1081
1076 1026 1075
1026 1076 1095
1095 1022 1026
1022 1095 1096
1096 1023 1022
1023 1096 1097
1097 1098 1023
1098 1097 1099
1023 1098 1100
1101 1023 1100
1101 1100 1102
1031 1101 1102
1102 1103 1031
1028 1101 1031
1101 1028 1024
1024 1023 1101
1103 1104 1031
1104 1103 1105
1103 1106 1105
1033 1104 1105
1104 1033 1030
1104 1030 1031
1107 1033 1105
1105 1106 1107
1033 1107 1035
1107 1106 1108
1108 1109 1107
1108 1042 1109
1108 1110 1042
1039 1109 1042
1109 1039 1037
1107 1037 1035
1037 1107 1109
1043 1042 1110
1110 1111 1043
1043 1111 1112
1112 1041 1043
1041 1112 1044
1113 1114 1115
1115 1116 1113
1116 1115 1117
1118 1116 1117
1113 1119 1114
1119 1113 1120
1116 1120 1113
1120 1121 1119
1121 1120 1122
1121 1122 1123
1124 1122 1120
1120 1116 1124
1116 1118 1124
1122 1124 1125
1125 1124 1118
1126 1122 1125
1122 1126 1123
1126 1125 1118
1127 1128 1129
1128 1127 1130
1130 1127 1131
1132 1127 1129
1133 1134 1135
1134 1133 1136
1137 1136 1133
1136 1137 1138
1133 1135 1139
1137 1133 1139
1140 1137 1139
1140 1141 1137
1137 1141 1138
1142 1143 1144
1145 1146 1147
1146 1145 1148
1145 1147 1149
1150 1151 1152
1151 1150 1153
1150 1154 1153
1154 1150 1155
1152 1156 1150
1156 1155 1150
1156 1152 1157
1155 1156 1158
1157 1159 1156
1159 1158 1156
1159 1157 1160
1158 1159 1161
1159 1160 1162
1161 1159 1162
1163 1164 1165
1164 1163 1166
1167 1163 1165
1163 1167 1168
1169 1164 1166
1164 1169 1170
1168 1167 1171
1172 1173 1174
1175 1176 1177
1176 1175 1178
1177 1179 1175
1179 1177 1180
1181 1179 1180
1179 1181 1182
1183 1176 1178
1176 1183 1184
1185 1184 1183
1184 1185 1186
1185 1187 1186
1187 1185 1188
1188 1189 1187
1189 1182 1181
1189 1188 1190
1182 1189 1190
1191 1192 1193
1192 1191 1194
1195 1193 1192
1193 1195 1196
1197 1196 1195
1196 1197 1198
1197 1199 1198
1199 1197 1200
1200 1201 1199
1201 1200 1202
1202 1203 1201
1203 1202 1204
1191 1205 1194
1205 1191 1206
1205 1206 1207
1204 1208 1203
1208 1204 1209
1209 1210 1208
1210 1209 1211
1212 1210 1211
1210 1212 1213
1214 1213 1212
1213 1214 1215
1216 1215 1214
1215 1216 1217
1216 1218 1217
1219 1220 1221
1220 1219 1222
1223 1219 1221
1220 1224 1221
1220 1225 1224
1224 1225 1226
1225 1227 1226
1226 1228 1224
1229 1224 1228
1229 1230 1224
1231 1224 1230
1230 1232 1231
1233 1234 1235
1233 1236 1234
1235 1234 1237
1237 1234 1238
1234 1236 1238
1239 1237 1238
1239 1240 1237
1238 1241 1239
1238 1242 1241
1240 1239 1243
1243 1239 1241
1241 1242 1244
1241 1244 1243
1240 1243 1245
1245 1246 1240
1245 1247 1246
1243 1248 1245
1243 1249 1248
1243 1244 1249
1248 1249 1250
1250 1249 1244
1240 1246 1251
1251 1246 1252
1246 1247 1252
1252 1253 1251
1252 1254 1253
1251 1253 1255
1255 1253 1256
1253 1254 1256
1257 1251 1255
1251 1257 1258
1258 1240 1251
1240 1258 1259
1259 1237 1240
1237 1259 1260
1260 1235 1237
1235 1260 1261
1261 1262 1235
1261 1263 1262
1255 1256 1264
1265 1255 1264
1265 1257 1255
1266 1265 1264
1266 1264 1267
1264 1256 1267
1265 1266 1268
1269 1265 1268
1270 1269 1268
1270 1268 1271
1268 1266 1271
1269 1270 1272
1269 1272 1273
1273 1274 1269
1272 1275 1273
1276 1273 1275
1273 1276 1274
1276 1275 1277
1274 1276 1278
1279 1274 1278
1280 1279 1278
1280 1278 1281
1278 1276 1281
1275 1282 1277
1275 1272 1282
1272 1270 1283
1272 1283 1284
1272 1284 1282
1283 1285 1284
1285 1282 1284
1279 1286 1274
1287 1274 1286
1274 1287 1269
1288 1269 1287
1269 1288 1265
1257 1265 1288
1286 1279 1289
1289 1279 1290
1289 1290 1291
1292 1293 1294
1293 1292 1295
1296 1294 1293
1294 1296 1297
1296 1298 1297
1298 1296 1299
1300 1298 1299
1298 1300 1301
1302 1301 1300
1301 1302 1303
1304 1303 1302
1303 1304 1305
1306 1292 1294
1292 1306 1307
1295 1308 1293
1308 1295 1309
1294 1310 1306
1310 1294 1297
1297 1311 1310
1311 1297 1298
1301 1311 1298
1311 1301 1312
1303 1312 1301
1313 1300 1299
1296 1313 1299
1313 1296 1314
1293 1314 1296
1314 1293 1308
1312 1303 1315
1305 1315 1303
1315 1305 1316
1300 1313 1317
1317 1302 1300
1302 1317 1318
1319 1302 1318
1302 1319 1304
1292 1320 1295
1320 1292 1321
1321 1322 1320
1322 1321 1323
1323 1324 1322
1324 1323 1325
1325 1326 1324
1326 1325 1327
1327 1328 1326
1328 1327 1329
1330 1328 1329
1328 1330 1331
1307 1321 1292
1321 1307 1332
1320 1309 1295
1309 1320 1333
1321 1334 1323
1334 1321 1332
1323 1335 1325
1335 1323 1334
1335 1327 1325
1336 1322 1324
1326 1336 1324
1322 1336 1337
1337 1320 1322
1320 1337 1333
1327 1335 1338
1338 1329 1327
1329 1338 1339
1339 1330 1329
1330 1339 1340
1336 1326 1341
1328 1341 1326
1341 1328 1342
1328 1343 1342
1343 1328 1331
1344 1345 1346
1346 1347 1344
1347 1346 1348
1349 1348 1346
1345 1349 1346
1348 1349 1350
1351 1350 1349
1350 1351 1352
1353 1351 1349
1353 1349 1345
1354 1350 1352
1350 1354 1355
1353 1345 1356
1356 1357 1353
1358 1352 1351
1352 1358 1359
1359 1354 1352
1360 1359 1358
1359 1360 1361
1362 1361 1360
1358 1363 1360
1363 1358 1364
1364 1351 1353
1351 1364 1358
1353 1357 1364
1363 1365 1360
1360 1365 1366
1366 1362 1360
1365 1367 1366
1367 1365 1368
1369 1366 1367
1366 1369 1362
1370 1362 1369
1369 1371 1370
1371 1369 1372
1372 1369 1367
1362 1370 1373
1373 1361 1362
1374 1372 1367
1367 1368 1374
1374 1375 1372
1375 1374 1376
1374 1368 1376
1377 1365 1363
1364 1377 1363
1365 1377 1378
1365 1378 1368
1368 1378 1379
1377 1364 1357
1380 1375 1376
1381 1380 1376
1368 1379 1381
1376 1368 1381
1382 1380 1381
1379 1382 1381
1380 1382 1383
1382 1384 1383
1384 1385 1383
1385 1380 1383
1385 1384 1386
1384 1382 1387
1387 1382 1388
1382 1379 1388
1386 1389 1385
1389 1386 1390
1384 1391 1386
1391 1384 1392
1387 1392 1384
1392 1393 1391
1393 1392 1394
1395 1391 1393
1391 1395 1396
1396 1386 1391
1386 1396 1390
1392 1387 1397
1398 1392 1397
1398 1394 1392
1393 1399 1395
1399 1393 1400
1394 1400 1393
1401 1387 1388
1387 1401 1397
1402 1397 1401
1397 1402 1398
1400 1394 1403
1398 1403 1394
1404 1403 1398
1404 1398 1405
1405 1398 1402
1406 1396 1395
1399 1406 1395
1396 1406 1407
1408 1407 1406
1407 1408 1409
1410 1408 1406
1406 1399 1410
1408 1410 1411
1411 1412 1408
1412 1409 1408
1412 1413 1409
1413 1407 1409
1407 1413 1414
1390 1407 1414
1414 1389 1390
1389 1414 1415
1413 1415 1414
1416 1389 1415
1389 1416 1417
1407 1390 1396
1417 1385 1389
1385 1417 1418
1380 1385 1418
1375 1380 1418
1419 1418 1417
1418 1419 1375
1416 1419 1417
1419 1372 1375
1372 1419 1371
1419 1416 1420
1421 1420 1416
1422 1420 1421
1421 1423 1422
1423 1421 1424
1425 1423 1424
1426 1425 1424
1427 1424 1421
1424 1427 1428
1426 1424 1428
1423 1425 1429
1430 1429 1425
1430 1431 1429
1423 1429 1431
1431 1430 1432
1423 1431 1433
1425 1434 1430
1434 1425 1426
1432 1435 1431
1435 1433 1431
1420 1422 1436
1422 1423 1436
1433 1436 1423
1437 1426 1428
1426 1437 1438
1439 1438 1437
1438 1439 1440
1437 1441 1439
1441 1437 1442
1428 1442 1437
1442 1428 1427
1443 1439 1441
1444 1443 1441
1442 1444 1441
1443 1444 1445
1444 1446 1445
1439 1443 1447
1447 1440 1439
1445 1446 1448
1448 1449 1445
1449 1443 1445
1443 1449 1450
1447 1443 1450
1448 1451 1449
1451 1452 1449
1452 1450 1449
1440 1447 1453
1453 1454 1440
1454 1453 1455
1456 1454 1455
1454 1456 1457
1458 1454 1457
1454 1458 1459
1460 1455 1453
1452 1460 1450
1460 1453 1447
1460 1447 1450
1455 1460 1461
1460 1452 1461
1457 1462 1458
1462 1457 1463
1455 1464 1456
1464 1455 1465
1464 1466 1456
1456 1466 1457
1457 1466 1463
1467 1461 1452
1467 1468 1461
1467 1469 1468
1469 1467 1470
1470 1467 1471
1469 1472 1468
1469 1473 1472
1473 1474 1472
1475 1472 1474
1472 1475 1468
1474 1473 1476
1473 1469 1477
1470 1477 1469
1478 1470 1471
1467 1452 1471
1479 1466 1464
1464 1480 1479
1480 1464 1481
1481 1482 1480
1481 1464 1465
1465 1483 1481
1481 1483 1484
1484 1485 1481
1485 1482 1481
1474 1486 1475
1484 1483 1486
1486 1483 1487
1475 1486 1487
1487 1483 1465
1487 1488 1475
1480 1482 1489
1479 1480 1489
1482 1490 1489
1490 1482 1491
1492 1489 1490
1493 1492 1490
1489 1492 1494
1493 1490 1495
1495 1490 1491
1491 1496 1495
1491 1497 1496
1484 1497 1485
1497 1498 1496
1499 1498 1497
1498 1499 1500
1501 1493 1495
1501 1502 1493
1502 1501 1503
1503 1504 1502
1504 1503 1505
1505 1506 1504
1506 1505 1507
1508 1505 1503
1508 1507 1505
1508 1509 1507
1509 1510 1507
1510 1509 1511
1510 1511 1512
1501 1513 1503
1514 1511 1509
1511 1514 1515
1516 1514 1509
1508 1516 1509
1517 1514 1516
1514 1517 1518
1514 1518 1515
1518 1519 1515
1520 1516 1508
1516 1520 1521
1521 1522 1516
1517 1516 1522
1521 1520 1523
1522 1521 1524
1524 1521 1523
1523 1525 1524
1523 1520 1526
1518 1527 1519
1527 1518 1528
1518 1517 1528
1528 1517 1522
1527 1528 1529
1530 1527 1529
1530 1531 1527
1531 1519 1527
1531 1532 1519
1533 1531 1530
1531 1533 1534
1532 1531 1534
1535 1532 1534
1515 1532 1535
1536 1528 1522
1536 1522 1524
1525 1536 1524
1532 1515 1519
1515 1535 1511
1534 1537 1535
1535 1537 1538
1538 1512 1535
1512 1511 1535
1512 1538 1539
1540 1528 1536
1541 1528 1540
1536 1542 1540
1542 1536 1543
1542 1543 1544
1544 1543 1545
1546 1544 1545
1525 1545 1543
1536 1525 1543
1545 1525 1547
1547 1548 1545
1546 1545 1548
1548 1547 1549
1549 1550 1548
1550 1549 1551
1546 1548 1552
1552 1548 1550
1551 1553 1550
1552 1550 1553
1552 1553 1554
1555 1554 1553
1553 1551 1555
1554 1555 1556
1556 1557 1554
1557 1556 1558
1558 1559 1557
1559 1558 1560
1561 1559 1560
1559 1561 1562
1562 1563 1559
1563 1562 1564
1565 1559 1563
1559 1565 1557
1566 1562 1561
1562 1566 1567
1567 1564 1562
1566 1568 1567
1568 1566 1569
1569 1570 1568
1568 1570 1571
1564 1567 1572
1568 1572 1567
1572 1568 1571
1570 1573 1571
1574 1569 1566
1561 1574 1566
1569 1574 1575
1574 1576 1575
1576 1574 1577
1578 1577 1574
1577 1578 1579
1580 1579 1578
1579 1580 1581
1582 1579 1581
1579 1582 1583
1583 1582 1584
1581 1585 1582
1585 1586 1582
1584 1582 1586
1585 1581 1587
1580 1587 1581
1587 1580 1588
1585 1587 1589
1588 1589 1587
1584 1590 1583
1579 1590 1577
1590 1579 1583
1589 1588 1591
1591 1592 1589
1592 1591 1593
1589 1592 1594
1589 1594 1585
1586 1585 1594
1592 1595 1594
1595 1592 1596
1593 1596 1592
1597 1594 1595
1597 1586 1594
1496 1586 1597
1496 1584 1586
1590 1584 1598
1590 1598 1599
1600 1590 1599
1598 1476 1599
1476 1598 1500
1498 1500 1598
1500 1474 1476
1474 1500 1499
1499 1486 1474
1486 1499 1484
1497 1484 1499
1496 1498 1584
1584 1498 1598
1601 1597 1595
1597 1601 1602
1496 1602 1603
1603 1602 1604
1604 1602 1601
1604 1605 1603
1604 1520 1605
1520 1604 1526
1606 1604 1601
1604 1606 1526
1607 1526 1606
1607 1606 1608
1606 1609 1608
1609 1606 1596
1596 1601 1595
1601 1596 1606
1605 1501 1603
1523 1526 1607
1501 1495 1603
1603 1495 1496
1520 1513 1605
1513 1501 1605
1503 1513 1520
1508 1503 1520
1596 1593 1609
1555 1609 1593
1591 1555 1593
1555 1591 1556
1591 1558 1556
1558 1591 1588
1588 1560 1558
1560 1588 1580
1578 1560 1580
1560 1578 1561
1574 1561 1578
1496 1597 1602
1609 1555 1551
1551 1608 1609
1608 1551 1549
1549 1607 1608
1607 1549 1547
1547 1523 1607
1523 1547 1525
1610 1611 1412
1612 1610 1412
1412 1611 1421
1412 1421 1613
1446 1610 1612
1610 1446 1444
1444 1442 1610
1421 1416 1613
1421 1611 1427
1610 1427 1611
1427 1610 1442
1412 1613 1413
1415 1413 1613
1613 1416 1415
1614 1600 1615
1614 1616 1600
1576 1600 1616
1617 1576 1616
1616 1614 1618
1619 1618 1614
1620 1618 1619
1621 1616 1618
1620 1621 1618
1622 1620 1619
1623 1622 1619
1624 1623 1619
1614 1624 1619
1615 1624 1614
1623 1624 1477
1615 1477 1624
1477 1615 1473
1473 1615 1599
1615 1600 1599
1623 1478 1622
1478 1623 1470
1477 1470 1623
1599 1476 1473
1617 1575 1576
1569 1575 1617
1569 1617 1570
1488 1461 1468
1461 1488 1455
1487 1455 1488
1455 1487 1465
1488 1468 1475
1554 1557 1625
1554 1625 1552
1625 1557 1565
1626 1627 1628
1628 1627 1629
1628 1629 1630
1629 1631 1630
1631 1629 1632
1629 1633 1632
1633 1629 1634
1627 1634 1629
1466 1633 1634
1479 1633 1466
1502 1630 1631
1630 1502 1504
1504 1628 1630
1628 1504 1506
1506 1635 1628
1494 1633 1479
1633 1494 1632
1494 1479 1489
1492 1632 1494
1632 1492 1631
1493 1631 1492
1631 1493 1502
1507 1635 1506
1635 1507 1510
1512 1635 1510
1635 1512 1636
1635 1636 1637
1628 1635 1637
1628 1637 1626
1626 1637 1638
1637 1636 1638
1626 1638 1639
1640 1626 1639
1640 1641 1626
1639 1638 1642
1642 1643 1639
1642 1644 1643
1644 1642 1645
1642 1646 1645
1646 1642 1647
1539 1647 1642
1642 1638 1539
1638 1636 1539
1636 1512 1539
1646 1647 1538
1539 1538 1647
1645 1648 1644
1648 1645 1649
1645 1646 1649
1646 1650 1649
1650 1646 1538
1651 1644 1648
1652 1651 1648
1652 1648 1649
1653 1652 1649
1653 1649 1650
1654 1653 1650
1655 1653 1654
1653 1655 1656
1652 1653 1656
1654 1650 1657
1657 1650 1538
1652 1656 1658
1651 1652 1659
1659 1652 1658
1659 1660 1651
1660 1659 1661
1651 1660 1662
1663 1659 1658
1661 1659 1663
1644 1651 1662
1662 1643 1644
1643 1662 1664
1665 1664 1662
1660 1665 1662
1664 1665 1666
1664 1639 1643
1639 1664 1667
1666 1667 1664
1667 1666 1668
1668 1640 1667
1640 1639 1667
1640 1668 1669
1670 1669 1668
1669 1670 1671
1671 1672 1669
1669 1672 1640
1672 1671 1673
1462 1672 1673
1672 1462 1463
1672 1463 1466
1641 1672 1466
1640 1672 1641
1674 1668 1666
1668 1674 1670
1435 1462 1673
1462 1435 1432
1432 1458 1462
1458 1432 1430
1430 1459 1458
1459 1430 1434
1426 1459 1434
1459 1426 1438
1438 1454 1459
1454 1438 1440
1673 1675 1435
1634 1641 1466
1634 1627 1641
1627 1626 1641
1435 1675 1433
1433 1675 1676
1675 1677 1676
1678 1676 1677
1676 1678 1679
1436 1676 1679
1436 1433 1676
1436 1679 1680
1671 1677 1675
1675 1673 1671
1677 1671 1670
1670 1678 1677
1678 1670 1674
1674 1681 1678
1681 1679 1678
1681 1674 1682
1682 1683 1681
1665 1683 1682
1683 1665 1660
1661 1683 1660
1683 1661 1684
1683 1684 1685
1681 1683 1685
1685 1686 1681
1679 1686 1680
1681 1686 1679
1680 1686 1687
1687 1436 1680
1684 1688 1685
1689 1685 1688
1685 1689 1690
1690 1686 1685
1687 1686 1690
1688 1684 1691
1688 1692 1689
1692 1688 1693
1688 1691 1693
1691 1694 1693
1695 1689 1692
1696 1695 1692
1695 1696 1697
1689 1695 1698
1690 1689 1698
1695 1699 1698
1700 1698 1699
1698 1700 1701
1698 1701 1690
1700 1702 1701
1702 1690 1701
1687 1690 1702
1702 1700 1373
1699 1695 1354
1691 1663 1694
1663 1703 1694
1703 1704 1694
1705 1704 1703
1706 1704 1705
1704 1706 1707
1707 1708 1704
1708 1707 1696
1709 1707 1706
1707 1709 1710
1704 1708 1694
1711 1710 1709
1710 1711 1712
1710 1696 1707
1692 1708 1696
1708 1692 1693
1694 1708 1693
1696 1710 1697
1712 1697 1710
1711 1348 1712
1350 1712 1348
1712 1350 1355
1697 1712 1355
1355 1695 1697
1695 1355 1354
1348 1711 1347
1354 1359 1699
1361 1699 1359
1699 1361 1700
1361 1373 1700
1713 1373 1370
1370 1436 1713
1713 1436 1687
1436 1370 1371
1373 1713 1702
1713 1687 1702
1419 1436 1371
1420 1436 1419
1497 1482 1485
1482 1497 1491
1691 1684 1663
1684 1661 1663
1666 1682 1674
1682 1666 1665
1529 1528 1541
1590 1600 1577
1600 1576 1577
1714 1715 1716
1717 1718 1719
1718 1717 1720
1720 1721 1718
1721 1720 1722
1723 1719 1718
1719 1723 1724
1725 1724 1723
1724 1725 1726
1727 1725 1723
1718 1727 1723
1727 1718 1721
1725 1727 1728
1728 1729 1725
1729 1728 1730
1726 1731 1724
1731 1726 1732
1733 1725 1729
1725 1733 1726
1733 1732 1726
1732 1733 1734
1730 1735 1729
1735 1730 1736
1737 1734 1733
1737 1729 1735
1729 1737 1733
1738 1737 1735
1739 1738 1735
1738 1739 1740
1741 1740 1739
1737 1738 1742
1741 1743 1740
1743 1741 1744
1745 1743 1744
1743 1745 1746
1745 1747 1746
1747 1745 1748
1748 1749 1747
1749 1748 1750
1751 1750 1748
1750 1751 1752
1752 1753 1750
1753 1752 1754
1754 1755 1753
1755 1754 1756
1755 1756 1757
1757 1758 1755
1758 1757 1759
1759 1760 1758
1760 1759 1761
1762 1751 1748
1763 1760 1761
1760 1763 1764
1765 1760 1764
1760 1765 1766
1766 1758 1760
1758 1766 1767
1767 1755 1758
1764 1768 1765
1768 1764 1769
1770 1764 1763
1764 1770 1769
1755 1767 1771
1748 1745 1762
1745 1772 1762
1772 1745 1744
1772 1744 1741
1771 1753 1755
1753 1771 1773
1773 1750 1753
1750 1773 1749
1774 1775 1776
1722 1776 1775
1776 1722 1720
1720 1777 1776
1778 1776 1777
1776 1778 1779
1774 1776 1779
1777 1720 1717
1780 1781 1782
1781 1780 1783
1719 1782 1781
1782 1719 1784
1724 1784 1719
1784 1724 1731
1785 1737 1786
1786 1737 1742
1786 1742 1787
1734 1737 1785
1788 1789 1790
1789 1788 1791
1790 1792 1788
1792 1790 1793
1792 1794 1788
1794 1792 1795
1791 1796 1789
1796 1791 1797
1791 1798 1797
1798 1791 1799
1788 1799 1791
1799 1788 1794
1797 1800 1796
1800 1797 1801
1798 1801 1797
1801 1802 1800
1802 1801 1803
1801 1798 1804
1804 1803 1801
1805 1790 1789
1803 1804 1806
1807 1795 1792
1795 1807 1808
1809 1808 1807
1808 1809 1810
1811 1810 1809
1812 1811 1809
1811 1812 1813
1813 1814 1811
1814 1813 1815
1815 1816 1814
1816 1815 1817
1816 1818 1814
1818 1816 1819
1810 1811 1820
1814 1820 1811
1820 1814 1818
1812 1821 1813
1821 1812 1822
1813 1823 1815
1823 1813 1821
1815 1824 1817
1824 1815 1823
1825 1819 1816
1825 1826 1819
1827 1826 1825
1826 1827 1828
1827 1829 1828
1829 1827 1830
1830 1831 1829
1831 1830 1832
1833 1831 1832
1833 1832 1834
1812 1835 1822
1835 1812 1836
1809 1836 1812
1836 1809 1807
1807 1793 1836
1793 1807 1792
1836 1837 1835
1837 1836 1793
1793 1838 1837
1838 1793 1790
1790 1805 1838
1839 1805 1840
1841 1842 1843
1842 1841 1844
1844 1845 1842
1846 1847 1848
1847 1846 1849
1846 1850 1849
1850 1846 1851
1852 1847 1849
1850 1852 1849
1847 1852 1853
1852 1850 1854
1855 1853 1852
1854 1855 1852
1853 1855 1856
1855 1854 1857
1855 1858 1856
1858 1855 1859
1857 1859 1855
1859 1857 1860
1859 1861 1858
1861 1859 1862
1860 1862 1859
1862 1860 1863
1863 1861 1862
1864 1865 1866
1865 1864 1867
1868 1865 1867
1865 1868 1869
1865 1870 1866
1870 1865 1871
1865 1872 1871
1872 1865 1869
1871 1873 1870
1873 1871 1874
1871 1875 1874
1875 1871 1872
1876 1873 1874
1873 1876 1877
1874 1878 1876
1878 1874 1875
1879 1877 1876
1877 1879 1880
1876 1881 1879
1881 1876 1878
1879 1881 1880
1882 1883 1884
1883 1882 1885
1886 1887 1888
1887 1886 1889
1887 1890 1888
1890 1887 1891
1887 1892 1891
1892 1887 1893
1889 1893 1887
1891 1894 1890
1894 1891 1895
1892 1895 1891
1895 1892 1896
1895 1897 1894
1897 1895 1898
1896 1898 1895
1898 1896 1899
1898 1900 1897
1900 1898 1901
1898 1899 1901
1902 1900 1901
1901 1899 1902
1889 1903 1893
1889 1904 1903
1893 1905 1892
1905 1893 1903
1905 1896 1892
1896 1905 1906
1906 1899 1896
1899 1906 1907
1902 1899 1907
1908 1909 1910
1910 1909 1911
1911 1912 1910
1912 1911 1913
1914 1912 1913
1912 1914 1915
1916 1915 1914
1915 1916 1917
1917 1916 1918
1919 1913 1911
1911 1909 1919
1920 1919 1909
1919 1920 1921
1922 1919 1921
1919 1922 1923
1913 1919 1923
1924 1923 1922
1923 1924 1925
1913 1925 1914
1925 1913 1923
1926 1925 1924
1925 1926 1927
1914 1927 1916
1927 1914 1925
1928 1927 1926
1927 1928 1929
1929 1928 1918
1929 1916 1927
1918 1916 1929
1930 1931 1932
1930 1932 1933
1934 1935 1936
1935 1934 1937
1937 1938 1935
1938 1937 1939
1934 1940 1937
1940 1939 1937
1940 1934 1941
1942 1941 1934
1942 1934 1936
1941 1942 1943
1942 1936 1944
1945 1942 1944
1945 1943 1942
1944 1946 1945
1947 1945 1946
1947 1948 1945
1943 1945 1948
1948 1947 1949
1938 1939 1950
1939 1951 1950
1951 1939 1952
1939 1940 1952
1953 1950 1951
1950 1953 1954
1955 1954 1953
1954 1955 1956
1955 1957 1956
1957 1955 1958
1956 1959 1954
1956 1960 1959
1960 1956 1957
1954 1959 1961
1954 1961 1950
1938 1950 1961
1957 1962 1960
1957 1963 1962
1963 1957 1964
1964 1957 1958
1965 1963 1964
1964 1958 1966
1965 1964 1966
1965 1966 1967
1968 1969 1970
1969 1968 1971
1970 1972 1968
1972 1970 1973
1973 1974 1972
1974 1973 1975
1969 1971 1976
1977 1974 1975
1974 1977 1978
1979 1978 1977
1978 1979 1980
1981 1980 1979
1980 1981 1982
1983 1971 1968
1971 1983 1984
1980 1985 1978
1985 1980 1986
1982 1986 1980
1987 1972 1974
1978 1987 1974
1987 1978 1985
1987 1985 1988
1989 1984 1983
1984 1989 1990
1991 1988 1985
1991 1985 1986
1992 1991 1986
1986 1982 1992
1991 1992 1993
1994 1993 1992
1994 1992 1982
1993 1994 1995
1990 1996 1984
1996 1971 1984
1976 1971 1996
1976 1996 1997
1990 1998 1996
1998 1997 1996
1999 1995 1994
1995 1999 2000
1999 2001 2000
2001 1999 2002
2002 2003 2001
2003 2002 2004
2004 2005 2003
2005 2004 2006
2006 2007 2005
2007 2006 2008
2009 2002 1999
2002 2009 2010
2010 2004 2002
2009 2011 2010
2011 2009 2012
2011 2013 2010
2013 2006 2004
2004 2010 2013
2013 2011 2014
2014 2015 2013
2015 2008 2006
2006 2013 2015
2015 2014 2016
2016 2017 2015
2008 2015 2017
2017 2016 2018
2018 2019 2017
2019 2018 2020
2020 2021 2019
2021 2020 2022
2023 2012 2009
2012 2023 2024
1982 2024 2023
2024 1982 1981
2025 2019 2021
2019 2025 2026
2026 2017 2019
2027 2026 2025
2026 2027 2028
2029 2026 2028
2030 2027 2025
2021 2030 2025
2031 2027 2030
2032 2031 2030
2032 2030 2033
2033 2021 2022
2021 2033 2030
2023 1994 1982
2029 2008 2026
2017 2026 2008
2029 2007 2008
2023 1999 1994
2023 2009 1999
1983 2034 2035
1968 2034 1983
2034 1968 1972
1972 1987 2034
2034 1987 2036
2034 2036 2035
1987 1988 2036
1983 2035 1989
2037 2038 2039
2039 2038 2040
2039 2040 2041
2042 2041 2040
2041 2042 2043
2042 2044 2043
2042 2045 2044
2045 2046 2044
2046 2045 2047
2046 2048 2044
2043 2044 2048
2048 2046 2049
2049 2046 2050
2047 2050 2046
2047 2051 2050
2050 2051 2052
2052 2053 2050
1947 2053 2052
1947 2054 2053
2050 2053 2054
2054 1947 2055
2054 2056 2050
2050 2056 2049
2052 1949 1947
1947 1946 2055
2057 2058 2059
2058 2060 2059
2060 2061 2059
2060 2062 2061
2062 2060 2063
2063 2064 2062
2064 2063 2065
2065 2066 2064
2066 2065 2067
2067 2068 2066
2068 2067 2069
2069 2070 2068
2070 2069 2071
2071 2072 2070
2072 2071 2073
2073 2074 2072
2074 2073 2075
2075 2076 2074
2076 2075 2077
2077 2078 2076
2078 2077 2079
2079 2080 2078
2080 2079 2081
2082 2080 2081
2083 2080 2082
2082 2084 2083
2085 2084 2082
2084 2085 2086
2087 2086 2085
2086 2087 2088
2089 2088 2087
2083 2084 2090
2091 2083 2090
2092 2093 2094
2094 2095 2092
2095 2094 2096
2096 2097 2095
2097 2096 2098
2098 2099 2097
2099 2098 2100
2101 2099 2100
2099 2101 2102
2103 2102 2101
2102 2103 2104
2105 2104 2103
2104 2105 2106
2107 2106 2105
2106 2107 2108
2109 2108 2107
2108 2109 2110
2110 2109 2111
2109 2112 2111
2112 2113 2111
2113 2112 2114
2114 2115 2113
2115 2114 2116
2116 2117 2115
2116 2118 2117
2118 2116 2119
2119 2120 2118
2120 2119 2121
2120 2121 2122
2123 2124 2125
2124 2123 2126
2124 2126 2127
2123 2125 2128
2126 2123 2129
2130 2129 2123
2128 2130 2123
2131 2130 2128
2130 2132 2129
2127 2126 2133
2133 2126 2129
2132 2130 2134
2135 2136 2137
2136 2135 2138
2138 2139 2136
2137 2140 2135
2141 2140 2137
2142 2139 2138
2138 2143 2142
2142 2143 2144
2144 2145 2142
2145 2144 2146
2145 2146 2147
2147 2148 2145
2147 2149 2148
2150 2149 2147
2151 2150 2147
2152 2150 2151
2151 2153 2152
2153 2154 2152
2154 2153 2155
2155 2156 2154
2156 2155 2157
2158 2156 2157
2156 2158 2159
2159 2158 2160
2161 2159 2160
2159 2161 2162
2161 2163 2162
2163 2161 2164
2165 2164 2161
2165 2161 2166
2167 2165 2166
2167 2166 2168
2169 2167 2168
2168 2170 2169
2170 2171 2169
2172 2171 2170
2172 2170 2173
2173 2174 2172
2174 2173 2175
2173 2170 2176
2176 2175 2173
2176 2170 2177
2175 2178 2174
2178 2175 2179
2179 2180 2178
2178 2180 2181
2182 2180 2179
2180 2182 2183
2184 2180 2183
2181 2180 2184
2185 2179 2175
2179 2185 2182
2175 2176 2185
2176 2177 2186
2177 2187 2186
2187 2177 2188
2189 2188 2177
2188 2190 2187
2190 2191 2187
2191 2190 2192
2192 2193 2191
2193 2192 2194
2195 2187 2191
2196 2191 2193
2191 2196 2197
2191 2197 2195
2194 2198 2193
2198 2194 2199
2200 2198 2199
2200 2201 2198
2201 2193 2198
2193 2201 2196
2202 2186 2187
2189 2203 2204
2177 2205 2203
2203 2189 2177
2177 2170 2205
2206 2207 2208
2208 2209 2206
2210 2208 2207
2207 2211 2210
2211 2212 2210
2212 2213 2210
2213 2212 2214
2215 2213 2214
2213 2215 2216
2217 2216 2215
2216 2217 2218
2219 2218 2217
2208 2220 2209
2220 2208 2221
2210 2221 2208
2222 2221 2210
2221 2222 2223
2222 2224 2223
2225 2223 2224
2223 2225 2226
2227 2226 2225
2226 2227 2228
2229 2228 2227
2228 2229 2230
2230 2229 2231
2221 2232 2220
2220 2232 2233
2233 2232 2234
2235 2236 2237
2236 2238 2237
2238 2239 2237
2239 2238 2240
2240 2241 2239
2241 2240 2242
2242 2243 2241
2243 2242 2244
2244 2245 2243
2245 2244 2246
2246 2247 2245
2248 2249 2250
2251 2250 2249
2250 2251 2252
2250 2253 2248
2253 2254 2248
2254 2253 2255
2255 2256 2254
2257 2258 2057
2257 2259 2258
2258 2259 2260
2257 2057 2261
2261 2057 2059
2262 2263 2264
2263 2262 2265
2266 2263 2265
2263 2266 2267
2262 2268 2265
2268 2266 2265
2268 2262 2269
2266 2268 2270
2269 2271 2268
2271 2270 2268
2271 2269 2272
2270 2271 2273
2274 2271 2272
2271 2274 2275
2275 2273 2271
2273 2275 2276
2277 2275 2274
2275 2277 2278
2278 2276 2275
2276 2278 2279
2279 2278 2277
2280 2281 2282
2281 2280 2283
2281 2284 2282
2284 2281 2285
2286 2281 2283
2281 2286 2287
2281 2288 2285
2288 2281 2287
2289 2287 2286
2287 2289 2290
2287 2291 2288
2291 2287 2290
2289 2292 2290
2292 2289 2293
2290 2294 2291
2294 2290 2292
2293 2295 2292
2295 2293 2296
2292 2297 2294
2297 2292 2295
2295 2296 2297
2298 2299 2300
2299 2298 2301
2302 2303 2304
2303 2302 2305
2306 2304 2303
2304 2306 2307
2305 2308 2303
2308 2306 2303
2308 2305 2309
2306 2308 2310
2311 2308 2309
2308 2311 2312
2312 2310 2308
2310 2312 2313
2314 2312 2311
2312 2314 2315
2315 2313 2312
2313 2315 2316
2314 2317 2315
2317 2316 2315
2317 2314 2318
2316 2317 2319
2319 2317 2318
2320 2321 2322
2321 2320 2323
2323 2324 2321
2324 2323 2325
2326 2323 2320
2323 2326 2327
2323 2328 2325
2328 2323 2327
2329 2327 2326
2327 2329 2330
2327 2331 2328
2331 2327 2330
2329 2332 2330
2332 2329 2333
2330 2334 2331
2334 2330 2332
2335 2332 2333
2332 2335 2336
2332 2337 2334
2337 2332 2336
2336 2335 2337
2338 2339 2340
2339 2338 2341
2342 2343 2344
2343 2342 2345
2346 2343 2345
2343 2346 2347
2348 2343 2347
2343 2348 2349
2344 2343 2349
2350 2347 2346
2347 2350 2351
2351 2348 2347
2348 2351 2352
2353 2351 2350
2351 2353 2354
2354 2352 2351
2352 2354 2355
2356 2354 2353
2354 2356 2357
2354 2357 2355
2358 2357 2356
2357 2358 2355
2344 2349 2359
2344 2359 2360
2349 2361 2359
2361 2349 2348
2352 2361 2348
2361 2352 2362
2355 2362 2352
2362 2355 2363
2358 2363 2355
2364 2365 2366
2365 2367 2366
2368 2367 2365
2367 2368 2369
2368 2370 2369
2370 2368 2371
2371 2372 2370
2372 2371 2373
2373 2374 2372
2369 2375 2367
2367 2375 2366
2375 2376 2366
2376 2375 2377
2375 2378 2377
2378 2375 2379
2375 2369 2379
2379 2380 2378
2380 2379 2381
2369 2381 2379
2381 2369 2370
2381 2382 2380
2382 2381 2383
2370 2383 2381
2383 2370 2372
2383 2384 2382
2384 2383 2385
2385 2374 2384
2385 2383 2372
2374 2385 2372
2386 2387 2388
2386 2389 2387
2390 2391 2392
2393 2392 2391
2392 2393 2394
2395 2394 2393
2394 2395 2396
2395 2397 2396
2397 2395 2398
2390 2399 2391
2399 2393 2391
2393 2400 2395
2395 2400 2398
2400 2393 2401
2393 2399 2401
2400 2402 2398
2403 2404 2405
2404 2406 2405
2406 2404 2407
2408 2406 2407
2406 2408 2409
2408 2410 2409
2403 2405 2411
2412 2406 2409
2406 2412 2413
2405 2413 2411
2413 2405 2406
2412 2409 2414
2410 2415 2409
2409 2415 2414
2416 2417 2418
2417 2416 2419
2416 2420 2419
2420 2416 2421
2422 2423 2424
2423 2422 2425
2426 2427 2428
2427 2426 2429
2430 2431 2432
2431 2430 2433
2434 2435 2436
2435 2434 2437
2434 2438 2437
2438 2434 2439
2440 2441 2442
2441 2440 2443
2444 2445 2446
2445 2444 2447
2448 2449 2450
2451 2452 2453
2452 2451 2454
2455 2456 2457
2456 2455 2458
2459 2460 2461
2460 2459 2462
2463 2464 2465
2464 2463 2466
2467 2468 2469
2470 2471 2472
2471 2470 2473
2474 2475 2476
2475 2474 2477
2474 2478 2477
2478 2474 2479
2480 2481 2482
2481 2480 2483
2484 2485 2486
2485 2484 2487
2488 2489 2490
2489 2488 2491
2492 2493 2494
2493 2492 2495
2492 2496 2495
2496 2492 2497
2498 2499 2500
2499 2498 2501
2502 2503 2504
2503 2502 2505
2506 2507 2508
2509 2510 2511
2510 2509 2512
2513 2514 2515
2514 2513 2516
2517 2518 2519
2518 2517 2520
2521 2522 2523
2522 2521 2524
2525 2526 2527
2528 2529 2530
2529 2528 2531
2532 2533 2534
2533 2532 2535
2532 2536 2535
2536 2532 2537
2538 2539 2540
2539 2538 2541
2542 2543 2544
2543 2542 2545
2546 2547 2548
2547 2546 2549
2550 2551 2552
2551 2550 2553
2550 2554 2553
2554 2550 2555
2556 2557 2558
2557 2556 2559
2560 2561 2562
2561 2560 2563
2564 2565 2566
2567 2568 2569
2568 2567 2570
2571 2572 2573
2572 2571 2574
2575 2576 2577
2576 2575 2578
2579 2580 2581
2580 2579 2582
2583 2584 2585
2586 2587 2588
2587 2586 2589
2590 2591 2592
2591 2590 2593
2594 2593 2590
2593 2594 2595
2593 2596 2591
2596 2593 2597
2595 2597 2593
2597 2595 2598
2597 2599 2596
2599 2597 2600
2597 2601 2600
2601 2597 2598
2602 2599 2600
2599 2602 2603
2600 2604 2602
2604 2600 2601
2602 2605 2603
2605 2602 2606
2602 2607 2606
2607 2602 2604
2606 2608 2609
2610 2611 2612
2611 2610 2613
2613 2614 2611
2614 2613 2615
2616 2612 2611
2614 2616 2611
2612 2616 2617
2616 2614 2618
2616 2619 2617
2619 2616 2620
2618 2620 2616
2620 2618 2621
2620 2622 2619
2622 2620 2623
2621 2623 2620
2623 2621 2624
2625 2622 2623
2624 2625 2623
2622 2625 2626
2625 2624 2627
2627 2626 2625
2628 2629 2630
2629 2628 2631
2632 2633 2634
2633 2632 2635
2636 2632 2634
2632 2636 2637
2638 2637 2636
2637 2638 2639
2640 2639 2638
2639 2640 2641
2642 2641 2640
2641 2642 2643
2642 2644 2643
2644 2642 2645
2646 2635 2632
2635 2646 2647
2648 2647 2646
2647 2648 2649
2646 2650 2648
2650 2646 2651
2651 2652 2650
2652 2651 2653
2641 2653 2639
2654 2652 2653
2653 2641 2654
2643 2654 2641
2652 2654 2655
2656 2655 2654
2654 2643 2656
2655 2656 2657
2658 2657 2656
2643 2658 2656
2658 2643 2644
2657 2658 2659
2632 2651 2646
2651 2632 2637
2637 2653 2651
2653 2637 2639
2660 2649 2648
2649 2660 2661
2662 2661 2660
2661 2662 2663
2660 2664 2662
2664 2660 2665
2665 2666 2664
2666 2665 2667
2667 2668 2666
2668 2667 2669
2669 2670 2668
2670 2669 2671
2672 2670 2671
2670 2672 2673
2662 2674 2663
2674 2662 2675
2664 2675 2662
2675 2664 2676
2666 2676 2664
2676 2666 2677
2666 2678 2677
2678 2666 2668
2668 2679 2678
2679 2668 2670
2673 2679 2670
2679 2673 2680
2650 2667 2665
2665 2648 2650
2648 2665 2660
2669 2657 2671
2659 2671 2657
2671 2659 2672
2667 2650 2652
2655 2667 2652
2667 2655 2669
2657 2669 2655
2681 2682 2683
2682 2681 2684
2683 2685 2681
2685 2683 2686
2687 2682 2684
2682 2687 2688
2689 2690 2686
2690 2689 2691
2692 2691 2689
2691 2692 2693
2692 2694 2693
2694 2692 2695
2696 2697 2688
2697 2696 2698
2698 2699 2697
2699 2698 2700
2701 2699 2700
2699 2701 2702
2703 2704 2702
2704 2703 2705
2706 2704 2705
2704 2706 2707
2707 2708 2695
2708 2707 2706
2709 2710 2711
2710 2709 2712
2713 2712 2709
2712 2713 2714
2710 2715 2711
2715 2710 2716
2717 2718 2714
2718 2717 2719
2719 2720 2718
2720 2719 2721
2722 2720 2721
2720 2722 2723
2724 2725 2716
2725 2724 2726
2727 2726 2724
2726 2727 2728
2727 2729 2728
2729 2727 2730
2731 2732 2730
2732 2731 2733
2731 2734 2733
2734 2731 2735
2736 2735 2723
2735 2736 2734
2737 2738 2739
2738 2737 2740
2741 2742 2743
2742 2741 2744
2745 2746 2747
2746 2745 2748
2749 2750 2751
2750 2749 2752
2753 2754 2755
2754 2753 2756
2757 2758 2759
2758 2757 2760
2761 2762 2763
2762 2761 2764
2765 2766 2767
2766 2765 2768
2769 2770 2771
2770 2769 2772
2773 2771 2770
2771 2773 2774
2775 2776 2777
2776 2775 2778
2779 2777 2776
2777 2779 2780
2781 2782 2783
2782 2781 2784
2785 2783 2782
2783 2785 2786
2787 2788 2789
2788 2787 2790
2791 2789 2788
2789 2791 2792
2793 2794 2795
2794 2793 2796
2797 2798 2799
2798 2797 2800
2801 2802 2803
2802 2801 2804
2805 2806 2807
2806 2805 2808
2809 2810 2811
2810 2809 2812
2813 2814 2815
2814 2813 2816
2817 2818 2819
2818 2817 2820
2821 2822 2823
2822 2821 2824
2825 2826 2827
2826 2825 2828
2827 2829 2825
2829 2827 2830
2830 2831 2829
2831 2830 2832
2833 2826 2828
2826 2833 2834
2835 2834 2833
2834 2835 2836
2837 2836 2835
2836 2837 2838
2839 2828 2825
2828 2839 2840
2841 2825 2829
2825 2841 2839
2842 2829 2831
2829 2842 2841
2835 2843 2837
2843 2835 2844
2833 2844 2835
2844 2833 2845
2845 2828 2840
2828 2845 2833
2846 2840 2839
2840 2846 2847
2848 2839 2841
2839 2848 2846
2849 2841 2842
2841 2849 2848
2844 2850 2843
2850 2844 2851
2845 2851 2844
2851 2845 2852
2852 2840 2847
2840 2852 2845
2846 2853 2847
2853 2846 2854
2854 2855 2853
2855 2854 2856
2857 2856 2854
2857 2854 2846
2846 2848 2857
2856 2857 2858
2859 2858 2857
2859 2848 2849
2848 2859 2857
2858 2859 2860
2861 2853 2855
2853 2861 2862
2862 2847 2853
2847 2862 2852
2863 2862 2861
2862 2863 2864
2852 2864 2851
2864 2852 2862
2865 2864 2863
2864 2865 2866
2866 2851 2864
2856 2867 2855
2867 2856 2868
2869 2856 2858
2856 2869 2868
2870 2858 2860
2858 2870 2869
2863 2871 2865
2871 2863 2872
2861 2872 2863
2872 2861 2873
2873 2855 2867
2855 2873 2861
2868 2874 2867
2874 2868 2875
2869 2875 2868
2875 2869 2876
2870 2876 2869
2876 2870 2877
2878 2871 2872
2871 2878 2879
2880 2872 2873
2872 2880 2878
2880 2867 2874
2867 2880 2873
2876 2881 2875
2882 2876 2877
2876 2882 2883
2876 2883 2881
2884 2879 2878
2879 2884 2885
2886 2883 2882
2883 2886 2887
2888 2887 2886
2887 2888 2889
2890 2887 2889
2887 2890 2891
2891 2883 2887
2892 2891 2890
2891 2892 2893
2893 2894 2891
2883 2891 2894
2881 2883 2894
2894 2893 2895
2895 2881 2894
2896 2895 2893
2895 2896 2897
2896 2884 2897
2897 2884 2898
2898 2895 2897
2899 2893 2892
2893 2899 2896
2899 2900 2896
2900 2899 2901
2901 2902 2900
2902 2901 2903
2895 2898 2904
2881 2895 2904
2885 2900 2902
2900 2885 2884
2884 2896 2900
2880 2904 2898
2904 2880 2874
2875 2904 2874
2904 2875 2881
2898 2884 2878
2898 2878 2880
2851 2866 2850
2905 2906 2907
2906 2905 2908
2905 2909 2908
2909 2905 2910
2910 2911 2909
2911 2910 2912
2912 2913 2911
2913 2912 2914
2914 2915 2913
2915 2914 2916
2917 2915 2916
2915 2917 2918
2907 2919 2905
2919 2907 2920
2920 2921 2919
2921 2920 2922
2923 2919 2921
2919 2923 2924
2925 2924 2923
2924 2925 2926
2926 2914 2912
2925 2927 2926
2914 2926 2927
2927 2916 2914
2927 2925 2928
2928 2929 2927
2916 2927 2929
2929 2928 2930
2930 2931 2929
2916 2931 2917
2931 2916 2929
2931 2930 2932
2924 2905 2919
2905 2924 2910
2926 2910 2924
2910 2926 2912
2922 2933 2921
2933 2922 2934
2934 2935 2933
2935 2934 2936
2937 2933 2935
2933 2937 2938
2939 2938 2937
2938 2939 2940
2941 2940 2939
2940 2941 2942
2943 2942 2941
2942 2943 2944
2943 2945 2944
2945 2943 2946
2947 2935 2936
2935 2947 2948
2948 2937 2935
2937 2948 2949
2949 2939 2937
2939 2949 2950
2939 2951 2941
2951 2939 2950
2941 2952 2943
2952 2941 2951
2952 2946 2943
2946 2952 2953
2940 2923 2938
2921 2938 2923
2938 2921 2933
2930 2942 2944
2942 2930 2928
2928 2940 2942
2923 2940 2925
2940 2928 2925
2944 2932 2930
2932 2944 2945
2954 2955 2956
2955 2954 2957
2954 2958 2957
2958 2954 2959
2960 2961 2962
2961 2960 2963
2964 2965 2966
2965 2964 2967
2968 2969 2970
2969 2968 2971
2972 2973 2974
2973 2972 2975
2972 2976 2975
2976 2972 2977
2978 2979 2980
2979 2978 2981
2982 2983 2984
2983 2982 2985
2986 2987 2988
2989 2990 2991
2990 2989 2992
2993 2994 2995
2994 2993 2996
2997 2998 2999
2998 2997 3000
3001 3002 3003
3002 3001 3004
3005 3006 3007
3008 3009 3010
3009 3008 3011
3012 3013 3014
3015 3014 3013
3014 3015 3016
3016 3015 3017
3018 3019 3020
3019 3018 3021
3022 3023 3024
3023 3022 3025
3026 3027 3028
3027 3026 3029
3030 3031 3032
3031 3030 3033
3034 3035 3036
3035 3037 3036
3037 3035 3038
3039 3037 3038
3040 3041 3042
3041 3043 3042
3043 3041 3044
3043 3044 3045
3046 3047 3048
3047 3049 3048
3049 3047 3050
3049 3050 3051
3052 3053 3054
3053 3055 3054
3055 3053 3056
3055 3056 3057
3058 3059 3060
3061 3059 3058
3059 3061 3062
3062 3061 3063
3064 3065 3066
3064 3067 3065
3067 3064 3068
3067 3068 3069
3070 3071 3072
3073 3071 3070
3071 3073 3074
3074 3073 3075
3076 3077 3078
3077 3076 3079
3080 3081 3082
3081 3080 3083
3084 3085 3086
3085 3084 3087
3088 3089 3090
3089 3088 3091
3092 3093 3094
3093 3092 3095
3096 3097 3098
3097 3096 3099
3100 3101 3102
3101 3100 3103
3104 3105 3106
3105 3104 3107
3108 3109 3110
3109 3108 3111
3112 3113 3114
3113 3112 3115
3116 3117 3118
3117 3116 3119
3120 3121 3122
3121 3120 3123
3124 3125 3126
3125 3124 3127
3128 3129 3130
3129 3128 3131
3132 3133 3134
3133 3132 3135
3136 3137 3138
3137 3136 3139
3140 3141 3142
3141 3140 3143
3144 3145 3146
3145 3144 3147
3148 3149 3150
3149 3148 3151
3152 3153 3154
3153 3152 3155
3156 3157 3158
3157 3156 3159
3160 3161 3162
3161 3160 3163
3164 3165 3166
3165 3164 3167
3168 3169 3170
3169 3168 3171
3172 3173 3174
3173 3172 3175
3176 3177 3178
3177 3176 3179
3180 3181 3182
3181 3180 3183
3184 3185 3186
3185 3184 3187
3188 3189 3190
3191 3189 3188
3192 3189 3191
3193 3189 3192
3194 3189 3193
3195 3189 3194
3196 3189 3195
3190 3189 3196
3197 3198 3199
3200 3198 3197
3201 3198 3200
3198 3201 3202
3201 3203 3202
3203 3201 3204
3205 3203 3204
3205 3206 3203
3207 3208 3205
3209 3208 3207
3208 3209 3210
3209 3211 3210
3211 3209 3212
3197 3211 3212
3213 3214 3215
3214 3213 3216
3213 3217 3216
3217 3213 3218
3214 3219 3215
3219 3214 3220
3220 3221 3219
3221 3220 3222
3222 3223 3221
3223 3222 3224
3225 3217 3218
3217 3225 3226
3227 3228 3229
3227 3230 3228
3230 3231 3228
3228 3232 3229
3228 3233 3232
3234 3233 3228
3235 3234 3228
3236 3235 3228
3237 3236 3228
3234 3235 3238
3237 3228 3239
3239 3228 3240
3241 3240 3228
3241 3228 3242
3240 3241 3243
3228 3244 3242
3228 3245 3244
3246 3245 3228
3246 3228 3247
3247 3228 3248
3248 3228 3249
3228 3231 3249
3250 3251 3252
3251 3253 3252
3253 3251 3254
3253 3255 3252
3255 3256 3252
3257 3250 3252
3258 3257 3252
3259 3258 3252
3260 3259 3252
3261 3252 3256
3262 3252 3261
3262 3263 3252
3264 3252 3263
3263 3262 3265
3266 3252 3264
3267 3252 3266
3268 3252 3267
3269 3252 3268
3252 3270 3260
3271 3270 3252
3271 3252 3272
3272 3252 3269
3273 3274 3275
3274 3273 3276
3276 3277 3274
3277 3276 3278
3278 3279 3277
3279 3278 3280
3280 3281 3279
3281 3280 3282
3283 3273 3275
3273 3283 3284
3285 3284 3283
3284 3285 3286
3287 3286 3285
3286 3287 3288
3289 3288 3287
3288 3289 3290
3291 3292 3293
3292 3291 3294
3295 3292 3294
3292 3295 3296
3297 3291 3293
3291 3297 3298
3299 3298 3297
3298 3299 3300
3301 3300 3299
3300 3301 3302
3303 3296 3295
3296 3303 3304
3305 3306 3307
3305 3308 3306
3305 3309 3308
3305 3310 3309
3305 3311 3310
3305 3312 3311
3305 3313 3312
3305 3314 3313
3305 3315 3314
3305 3316 3315
3305 3317 3316
3305 3318 3317
3305 3319 3318
3305 3320 3319
3305 3321 3320
3306 3322 3307
3323 3308 3309
3310 3323 3309
3308 3323 3324
3323 3310 3325
3311 3325 3310
3325 3311 3326
3312 3326 3311
3326 3312 3327
3313 3327 3312
3327 3313 3328
3314 3328 3313
3328 3314 3329
3315 3329 3314
3329 3315 3330
3316 3330 3315
3330 3316 3331
3317 3331 3316
3331 3317 3332
3333 3317 3318
3317 3333 3332
3318 3334 3333
3334 3318 3319
3319 3335 3334
3335 3319 3320
3320 3336 3335
3336 3320 3321
3321 3337 3336
3337 3321 3338
3305 3338 3321
3305 3339 3338
3305 3340 3339
3305 3341 3340
3305 3307 3341
3342 3338 3339
3338 3342 3337
3343 3339 3340
3339 3343 3342
3341 3343 3340
3343 3341 3344
3307 3344 3341
3344 3307 3322
3322 3306 3345
3306 3324 3345
3324 3306 3308
3346 3347 3348
3349 3350 3351
3352 3353 3354
3355 3356 3357
3358 3359 3360
3361 3362 3363
3364 3365 3366
3367 3368 3369
3370 3371 3372
3373 3370 3372
3374 3373 3372
3375 3374 3372
3376 3375 3372
3377 3376 3372
3378 3377 3372
3379 3378 3372
3380 3379 3372
3381 3380 3372
3382 3381 3372
3383 3382 3372
3384 3383 3372
3385 3384 3372
3386 3385 3372
3387 3386 3372
3388 3387 3372
3389 3388 3372
3390 3389 3372
3371 3390 3372
3391 3392 3393
3394 3391 3393
3395 3394 3393
3396 3395 3393
3397 3396 3393
3398 3397 3393
3399 3398 3393
3392 3399 3393
3400 3401 3402
3403 3400 3402
3402 3404 3403
3404 3402 3405
3406 3404 3405
3404 3406 3407
3408 3407 3406
3408 3406 3409
3410 3408 3411
3411 3412 3410
3412 3411 3413
3414 3412 3413
3412 3414 3415
3400 3415 3414
3416 3417 3418
3417 3416 3419
3420 3417 3419
3417 3420 3421
3422 3416 3418
3416 3422 3423
3424 3423 3422
3423 3424 3425
3426 3425 3424
3425 3426 3427
3420 3428 3421
3428 3420 3429
3430 3431 3432
3430 3432 3433
3433 3432 3434
3432 3431 3435
3432 3435 3436
3437 3432 3436
3437 3438 3432
3439 3432 3438
3440 3432 3439
3438 3437 3441
3440 3442 3432
3442 3443 3432
3443 3444 3432
3444 3445 3432
3444 3443 3446
3432 3445 3447
3432 3447 3448
3449 3432 3448
3449 3450 3432
3450 3451 3432
3451 3452 3432
3432 3452 3434
3453 3454 3455
3456 3455 3454
3455 3456 3457
3456 3454 3458
3458 3454 3459
3460 3454 3453
3461 3454 3460
3462 3454 3461
3463 3454 3462
3464 3459 3454
3465 3464 3454
3466 3465 3454
3467 3466 3454
3465 3466 3468
3469 3467 3454
3470 3469 3454
3471 3470 3454
3472 3471 3454
3454 3463 3473
3474 3454 3473
3474 3475 3454
3475 3472 3454
3476 3477 3478
3477 3476 3479
3480 3479 3476
3479 3480 3481
3482 3481 3480
3481 3482 3483
3484 3483 3482
3483 3484 3485
3477 3486 3478
3486 3477 3487
3487 3488 3486
3488 3487 3489
3489 3490 3488
3490 3489 3491
3491 3492 3490
3492 3491 3493
3494 3495 3496
3495 3494 3497
3494 3498 3497
3498 3494 3499
3495 3500 3496
3500 3495 3501
3501 3502 3500
3502 3501 3503
3503 3504 3502
3504 3503 3505
3499 3506 3498
3506 3499 3507
3508 3509 3510
3511 3512 3513
3514 3515 3516
3517 3518 3519
3520 3521 3522
3523 3524 3525
3526 3527 3528
3529 3530 3531
3532 3533 3534
3532 3534 3535
3532 3535 3536
3532 3536 3537
3532 3537 3538
3532 3538 3539
3532 3539 3540
3532 3540 3541
3532 3541 3542
3532 3542 3543
3532 3543 3544
3532 3544 3545
3532 3545 3546
3532 3546 3547
3532 3547 3548
3549 3534 3533
3535 3550 3536
3550 3537 3536
3537 3550 3551
3551 3538 3537
3538 3551 3552
3552 3539 3538
3539 3552 3553
3553 3540 3539
3540 3553 3554
3554 3541 3540
3541 3554 3555
3555 3542 3541
3542 3555 3556
3556 3543 3542
3543 3556 3557
3557 3544 3543
3544 3557 3558
3559 3544 3558
3544 3559 3545
3560 3545 3559
3545 3560 3546
3561 3546 3560
3546 3561 3547
3562 3547 3561
3547 3562 3548
3563 3548 3562
3548 3563 3564
3532 3548 3564
3532 3564 3565
3532 3565 3566
3532 3566 3567
3532 3567 3533
3568 3564 3563
3564 3568 3565
3569 3565 3568
3565 3569 3566
3569 3567 3566
3567 3569 3570
3570 3533 3567
3533 3570 3549
3534 3549 3571
3572 3534 3571
3534 3572 3535
3550 3535 3572
3573 3574 3575
3576 3574 3573
3577 3574 3576
3578 3574 3577
3579 3574 3578
3580 3574 3579
3581 3574 3580
3582 3574 3581
3583 3574 3582
3584 3574 3583
3585 3574 3584
3586 3574 3585
3587 3574 3586
3588 3574 3587
3589 3574 3588
3590 3574 3589
3591 3574 3590
3592 3574 3591
3593 3574 3592
3575 3574 3593
3594 3595 3596
3595 3594 3597
3596 3598 3594
3598 3596 3599
3600 3599 3596
3599 3600 3601
3602 3601 3600
3600 3603 3602
3603 3600 3604
3604 3600 3605
3596 3595 3605
3600 3596 3605
3601 3602 3606
3599 3607 3598
3601 3607 3599
3606 3607 3601
3604 3608 3603
3608 3604 3609
3608 3610 3603
3604 3611 3609
3605 3611 3604
3611 3605 3612
3611 3612 3613
3612 3614 3613
3612 3615 3614
3615 3612 3605
3595 3615 3605
3615 3595 3616
3617 3616 3595
3617 3595 3597
3617 3597 3618
3597 3619 3618
3606 3620 3607
3620 3621 3607
3622 3621 3620
3621 3622 3623
3623 3598 3621
3621 3598 3607
3598 3623 3594
3594 3624 3597
3624 3594 3623
3620 3602 3622
3603 3622 3602
3622 3603 3625
3625 3626 3622
3623 3626 3624
3622 3626 3623
3602 3620 3606
3627 3625 3603
3625 3627 3628
3627 3603 3629
3625 3628 3630
3630 3626 3625
3631 3624 3626
3624 3631 3632
3626 3630 3633
3631 3626 3633
3630 3634 3633
3633 3635 3631
3633 3634 3635
3636 3624 3632
3636 3597 3624
3636 3637 3597
3597 3637 3619
3629 3603 3638
3610 3638 3603
3639 3640 3641
3642 3639 3641
3643 3642 3641
3644 3643 3641
3645 3644 3641
3646 3645 3641
3647 3646 3641
3648 3647 3641
3649 3648 3641
3650 3649 3641
3651 3650 3641
3652 3641 3640
3651 3641 3653
3653 3641 3654
3654 3641 3655
3655 3641 3656
3656 3641 3657
3657 3641 3658
3658 3641 3659
3659 3641 3660
3660 3641 3661
3661 3641 3652
3662 3663 3664
3663 3662 3665
3666 3662 3664
3662 3666 3667
3666 3668 3667
3668 3666 3669
3669 3670 3668
3670 3669 3671
3671 3672 3670
3672 3671 3673
3674 3672 3673
3672 3674 3675
3676 3675 3674
3675 3676 3677
3678 3677 3676
3677 3678 3679
3680 3679 3678
3679 3680 3681
3682 3681 3680
3681 3682 3683
3684 3683 3682
3683 3684 3685
3684 3686 3685
3686 3684 3687
3687 3688 3686
3688 3687 3689
3689 3690 3688
3690 3689 3691
3691 3692 3690
3692 3691 3693
3693 3694 3692
3694 3693 3695
3695 3696 3694
3696 3695 3697
3698 3696 3697
3696 3698 3699
3700 3699 3698
3699 3700 3701
3702 3701 3700
3701 3702 3703
3702 3704 3703
3704 3702 3705
3663 3704 3705
3704 3663 3665
3706 3707 3708
3707 3706 3709
3710 3709 3706
3709 3710 3711
3711 3712 3709
3712 3711 3713
3713 3714 3712
3715 3712 3714
3712 3715 3716
3716 3717 3712
3709 3717 3707
3712 3717 3709
3714 3713 3718
3711 3710 3719
3713 3711 3719
3718 3713 3719
3720 3716 3715
3716 3720 3721
3720 3715 3722
3716 3721 3723
3723 3717 3716
3717 3723 3724
3723 3725 3724
3724 3725 3726
3724 3726 3727
3727 3717 3724
3727 3707 3717
3707 3727 3728
3729 3707 3728
3729 3708 3707
3729 3730 3708
3708 3730 3731
3718 3719 3732
3732 3719 3733
3733 3734 3732
3734 3733 3735
3710 3735 3733
3735 3710 3706
3706 3736 3735
3736 3706 3708
3714 3732 3734
3734 3715 3714
3715 3734 3737
3737 3734 3738
3735 3736 3738
3734 3735 3738
3732 3714 3718
3733 3719 3710
3737 3739 3715
3739 3737 3740
3739 3741 3715
3737 3742 3740
3738 3742 3737
3736 3743 3738
3743 3736 3744
3742 3738 3745
3743 3745 3738
3742 3745 3746
3745 3743 3747
3745 3747 3746
3748 3744 3736
3748 3736 3708
3748 3708 3749
3708 3731 3749
3741 3750 3715
3722 3715 3750
3751 3752 3753
3754 3752 3751
3755 3752 3754
3756 3752 3755
3757 3752 3756
3758 3752 3757
3759 3752 3758
3760 3752 3759
3761 3752 3760
3762 3752 3761
3763 3752 3762
3764 3753 3752
3763 3765 3752
3765 3766 3752
3766 3767 3752
3767 3768 3752
3768 3769 3752
3769 3770 3752
3770 3771 3752
3771 3772 3752
3772 3773 3752
3773 3764 3752
3774 3775 3776
3775 3774 3777
3775 3778 3776
3778 3775 3779
3780 3778 3779
3778 3780 3781
3782 3781 3780
3781 3782 3783
3784 3783 3782
3783 3784 3785
3784 3786 3785
3786 3784 3787
3787 3788 3786
3788 3787 3789
3789 3790 3788
3790 3789 3791
3791 3792 3790
3792 3791 3793
3793 3794 3792
3794 3793 3795
3795 3796 3794
3796 3795 3797
3798 3796 3797
3796 3798 3799
3800 3799 3798
3799 3800 3801
3802 3801 3800
3801 3802 3803
3804 3803 3802
3803 3804 3805
3806 3805 3804
3805 3806 3807
3808 3807 3806
3807 3808 3809
3808 3810 3809
3810 3808 3811
3811 3812 3810
3812 3811 3813
3813 3814 3812
3814 3813 3815
3816 3814 3815
3814 3816 3817
3816 3774 3817
3774 3816 3777
3818 3819 3820
3819 3818 3821
3822 3823 3824
3823 3822 3825
3826 3827 3828
3827 3826 3829
3830 3831 3832
3831 3830 3833
3834 3835 3836
3835 3834 3837
3838 3839 3840
3839 3838 3841
3842 3843 3844
3843 3842 3845
3846 3847 3848
3847 3846 3849
3850 3851 3852
3851 3850 3853
3854 3855 3856
3855 3854 3857
3858 3859 3860
3860 3861 3858
3861 3860 3862
3862 3863 3861
3863 3862 3864
3865 3863 3864
3863 3865 3866
3859 3858 3867
3861 3867 3858
3868 3861 3863
3863 3866 3868
3861 3868 3869
3867 3861 3869
3868 3866 3870
3871 3872 3873
3874 3873 3872
3873 3874 3875
3876 3875 3874
3875 3876 3877
3877 3876 3878
3871 3879 3872
3879 3874 3872
3874 3880 3876
3880 3874 3881
3874 3879 3881
3880 3882 3876
3878 3876 3883
3876 3882 3883
3884 3885 3886
3884 3887 3885
3887 3884 3888
3888 3889 3887
3886 3890 3884
3890 3888 3884
3888 3890 3891
3888 3892 3889
3888 3891 3892
3893 3894 3895
3896 3895 3894
3895 3896 3897
3896 3898 3897
3893 3895 3899
3897 3899 3895
3899 3897 3900
3900 3897 3901
3898 3902 3897
3897 3902 3901
3903 3904 3905
3906 3903 3905
3903 3906 3907
3907 3906 3908
3904 3903 3909
3907 3909 3903
3909 3907 3910
3907 3908 3911
3907 3911 3910
3912 3913 3914
3913 3915 3914
3915 3913 3916
3915 3916 3917
3912 3918 3913
3918 3916 3913
3916 3918 3919
3919 3920 3916
3917 3916 3921
3916 3920 3921
