byte offset: 0
first index: 48753
index count: 5385
topology: trianglelist
format: DXGI_FORMAT_R16_UINT

12531 12532 12533
12531 12534 12532
12534 12535 12532
12532 12535 12536
12532 12536 12533
12535 12534 12537
12534 12538 12537
12538 12534 12539
12540 12539 12534
12534 12531 12540
12539 12540 12541
12542 12541 12540
12541 12542 12543
12544 12543 12542
12543 12544 12545
12539 12546 12538
12546 12539 12547
12541 12547 12539
12547 12548 12546
12548 12547 12549
12549 12550 12548
12550 12549 12551
12545 12552 12543
12552 12545 12553
12553 12554 12552
12554 12553 12555
12556 12554 12555
12554 12556 12557
12551 12558 12550
12558 12551 12559
12560 12559 12551
12559 12560 12561
12551 12562 12560
12562 12551 12549
12549 12563 12562
12563 12549 12547
12547 12541 12563
12564 12554 12557
12564 12557 12565
12557 12556 12565
12554 12564 12566
12552 12566 12563
12566 12552 12554
12561 12567 12559
12567 12561 12568
12568 12569 12567
12570 12567 12569
12567 12570 12571
12571 12559 12567
12570 12569 12572
12569 12568 12573
12569 12573 12572
12543 12563 12541
12563 12543 12552
12559 12571 12558
12574 12575 12576
12577 12575 12574
12578 12575 12577
12575 12578 12579
12580 12575 12579
12576 12575 12580
12581 12576 12580
12577 12574 12582
12583 12582 12574
12578 12584 12579
12585 12579 12584
12579 12585 12586
12580 12579 12586
12586 12585 12587
12586 12587 12588
12580 12586 12588
12589 12580 12588
12589 12581 12580
12584 12578 12590
12590 12591 12584
12591 12590 12592
12592 12593 12591
12593 12592 12594
12595 12593 12594
12593 12595 12596
12597 12593 12596
12593 12597 12545
12545 12591 12593
12597 12596 12598
12598 12596 12595
12591 12545 12544
12544 12584 12591
12584 12544 12585
12542 12585 12544
12585 12542 12599
12540 12599 12542
12599 12540 12531
12531 12587 12599
12585 12599 12587
12531 12533 12587
12533 12588 12587
12533 12600 12588
12600 12589 12588
12600 12601 12589
12600 12602 12601
12600 12603 12602
12533 12603 12600
12533 12536 12603
12604 12605 12606
12604 12607 12605
12605 12607 12608
12609 12604 12606
12610 12609 12606
12606 12611 12610
12606 12605 12611
12609 12610 12612
12613 12609 12612
12609 12613 12614
12614 12615 12609
12604 12609 12615
12615 12614 12616
12616 12617 12615
12617 12616 12618
12618 12619 12617
12619 12618 12620
12621 12614 12613
12614 12621 12622
12622 12616 12614
12623 12622 12621
12622 12623 12624
12625 12624 12623
12624 12625 12626
12627 12620 12618
12620 12627 12628
12629 12628 12627
12628 12629 12630
12629 12631 12630
12631 12629 12632
12633 12626 12625
12626 12633 12634
12634 12635 12626
12635 12634 12636
12637 12626 12635
12626 12637 12624
12638 12624 12637
12624 12638 12622
12616 12622 12638
12629 12639 12632
12639 12640 12632
12632 12640 12631
12639 12629 12641
12627 12641 12629
12641 12627 12638
12642 12636 12634
12636 12642 12643
12644 12643 12642
12642 12645 12644
12645 12642 12646
12634 12646 12642
12645 12647 12644
12643 12644 12648
12644 12647 12648
12618 12638 12627
12638 12618 12616
12646 12634 12633
12649 12650 12651
12652 12651 12650
12653 12649 12651
12651 12654 12653
12654 12651 12655
12652 12655 12651
12652 12656 12655
12657 12655 12656
12655 12657 12658
12658 12654 12655
12652 12608 12656
12653 12659 12649
12660 12649 12659
12654 12658 12661
12662 12661 12658
12661 12662 12663
12664 12663 12662
12663 12664 12665
12664 12666 12665
12666 12664 12667
12664 12668 12667
12668 12664 12620
12662 12620 12664
12668 12669 12667
12669 12666 12667
12620 12662 12619
12619 12658 12657
12658 12619 12662
12657 12617 12619
12670 12608 12671
12670 12671 12672
12670 12672 12673
12670 12673 12674
12605 12670 12674
12605 12674 12611
12605 12608 12670
12671 12608 12652
12671 12652 12675
12675 12652 12650
12676 12615 12617
12615 12676 12604
12617 12657 12676
12607 12676 12657
12604 12676 12607
12608 12607 12656
12656 12607 12657
12677 12678 12679
12677 12680 12678
12680 12677 12681
12681 12682 12680
12682 12681 12683
12683 12684 12682
12684 12683 12685
12685 12686 12684
12686 12685 12687
12688 12686 12687
12686 12688 12689
12690 12689 12688
12689 12690 12691
12692 12691 12690
12691 12692 12693
12694 12695 12696
12695 12694 12697
12694 12698 12697
12698 12694 12699
12699 12700 12698
12700 12699 12701
12701 12702 12700
12702 12701 12703
12703 12704 12702
12704 12703 12705
12705 12706 12704
12706 12705 12707
12708 12696 12695
12696 12708 12709
12710 12709 12708
12711 12712 12713
12714 12711 12713
12711 12714 12715
12716 12715 12714
12715 12716 12717
12718 12717 12716
12717 12718 12719
12720 12719 12718
12719 12720 12721
12720 12722 12721
12722 12720 12723
12723 12724 12722
12724 12723 12725
12725 12726 12724
12726 12725 12727
12728 12729 12730
12729 12728 12731
12732 12728 12730
12728 12732 12733
12734 12733 12732
12733 12734 12735
12736 12735 12734
12735 12736 12737
12738 12737 12736
12737 12738 12739
12740 12739 12738
12739 12740 12741
12731 12742 12729
12742 12731 12743
12744 12742 12743
12745 12746 12747
12748 12745 12747
12745 12748 12749
12750 12749 12748
12749 12750 12751
12752 12751 12750
12751 12752 12753
12754 12753 12752
12753 12754 12755
12756 12755 12754
12755 12756 12757
12756 12758 12757
12758 12756 12759
12759 12760 12758
12760 12759 12761
12762 12763 12764
12763 12762 12765
12764 12766 12762
12766 12764 12767
12767 12768 12766
12768 12767 12769
12769 12770 12768
12770 12769 12771
12772 12770 12771
12770 12772 12773
12774 12773 12772
12773 12774 12775
12765 12776 12763
12776 12765 12777
12778 12776 12777
12779 12780 12781
12779 12782 12780
12779 12783 12782
12781 12780 12784
12780 12785 12784
12785 12786 12784
12786 12785 12787
12788 12786 12787
12788 12789 12786
12790 12791 12792
12790 12793 12791
12793 12790 12794
12794 12795 12793
12795 12794 12796
12796 12797 12795
12797 12796 12798
12798 12799 12797
12799 12798 12800
12801 12799 12800
12799 12801 12802
12803 12802 12801
12802 12803 12804
12805 12804 12803
12804 12805 12806
12807 12808 12809
12808 12807 12810
12807 12811 12810
12811 12807 12812
12812 12813 12811
12813 12812 12814
12814 12815 12813
12815 12814 12816
12816 12817 12815
12817 12816 12818
12818 12819 12817
12819 12818 12820
12821 12809 12808
12809 12821 12822
12823 12822 12821
12824 12825 12826
12824 12826 12827
12824 12827 12828
12825 12829 12826
12826 12829 12830
12831 12830 12829
12830 12831 12832
12833 12832 12831
12833 12831 12834
12835 12836 12837
12835 12837 12838
12838 12837 12839
12837 12840 12839
12839 12840 12841
12839 12841 12842
12842 12841 12843
12841 12844 12843
12843 12844 12845
12846 12843 12845
12847 12846 12845
12847 12845 12848
12849 12847 12848
12847 12849 12850
12851 12850 12849
12850 12851 12852
12853 12852 12851
12852 12853 12854
12855 12854 12853
12854 12855 12856
12857 12858 12859
12860 12857 12859
12857 12860 12861
12862 12861 12860
12861 12862 12863
12864 12863 12862
12863 12864 12865
12866 12865 12864
12865 12866 12867
12866 12868 12867
12868 12866 12869
12869 12870 12868
12870 12869 12871
12871 12872 12870
12872 12871 12873
12874 12875 12876
12875 12874 12877
12878 12874 12876
12874 12878 12879
12880 12879 12878
12879 12880 12881
12882 12881 12880
12881 12882 12883
12884 12883 12882
12883 12884 12885
12886 12885 12884
12885 12886 12887
12877 12888 12875
12888 12877 12889
12890 12888 12889
12891 12892 12893
12891 12894 12892
12894 12891 12895
12895 12896 12894
12896 12895 12897
12897 12898 12896
12898 12897 12899
12899 12900 12898
12900 12899 12901
12901 12902 12900
12902 12901 12903
12904 12902 12903
12902 12904 12905
12906 12905 12904
12905 12906 12907
12908 12909 12910
12909 12908 12911
12912 12911 12908
12911 12912 12913
12914 12913 12912
12913 12914 12915
12916 12915 12914
12915 12916 12917
12916 12918 12917
12918 12916 12919
12919 12920 12918
12920 12919 12921
12922 12910 12909
12910 12922 12923
12924 12923 12922
12925 12926 12927
12926 12925 12928
12927 12929 12925
12929 12927 12930
12930 12931 12929
12931 12930 12932
12932 12933 12931
12933 12932 12934
12934 12935 12933
12935 12934 12936
12937 12935 12936
12935 12937 12938
12939 12938 12937
12938 12939 12940
12941 12940 12939
12940 12941 12942
12943 12942 12941
12942 12943 12944
12945 12946 12947
12946 12945 12948
12949 12947 12946
12946 12950 12949
12950 12946 12951
12951 12952 12950
12950 12953 12949
12953 12950 12954
12954 12955 12953
12955 12954 12956
12957 12955 12956
12958 12950 12952
12958 12956 12954
12950 12958 12954
12957 12956 12959
12956 12958 12959
12960 12951 12946
12951 12960 12961
12962 12961 12960
12961 12962 12963
12962 12964 12963
12964 12962 12965
12962 12966 12965
12966 12962 12967
12968 12965 12966
12965 12968 12969
12969 12970 12965
12965 12970 12964
12970 12969 12971
12969 12972 12971
12972 12969 12973
12973 12974 12972
12974 12973 12975
12969 12976 12973
12976 12969 12968
12977 12961 12963
12977 12978 12961
12979 12961 12978
12975 12980 12974
12980 12975 12981
12981 12982 12980
12982 12981 12983
12983 12984 12982
12984 12983 12985
12986 12984 12985
12984 12986 12987
12988 12985 12983
12985 12988 12989
12990 12983 12981
12983 12990 12988
12981 12991 12990
12991 12981 12975
12985 12992 12986
12992 12985 12989
12993 12987 12986
12987 12993 12994
12995 12994 12993
12994 12995 12996
12993 12997 12995
12997 12993 12998
12998 12986 12992
12986 12998 12993
12999 12995 12997
12995 12999 13000
12973 12991 12975
12991 12973 12976
12995 13001 12996
13000 13001 12995
13002 13000 12999
13000 13002 13003
13003 13001 13000
13004 13003 13002
13003 13004 13005
13005 13006 13003
13001 13003 13006
13006 13005 13007
13007 13008 13006
13008 13007 13009
13005 13004 13010
13010 13007 13005
13011 13006 13008
13006 13011 13001
12996 13001 13011
13012 13009 13007
13007 13010 13012
13013 13012 13010
13013 13014 13012
13015 13014 13013
13014 13015 13016
13017 13014 13016
13014 13017 13018
13012 13014 13018
13019 13018 13017
13018 13020 13012
13009 13012 13020
13020 13018 13021
13018 13022 13021
13018 13019 13022
13023 13022 13019
13023 13024 13022
13025 12947 13026
13027 12947 13025
13027 13028 12947
13028 13027 13029
12967 13028 13029
12967 12962 13028
13028 12962 12960
12951 12979 12952
12951 12961 12979
13030 13031 13032
13031 13030 13033
13034 13030 13032
13030 13034 13035
13035 13036 13030
13036 13035 13037
13038 13035 13034
13035 13038 13039
13040 13039 13038
13039 13040 13041
13042 13041 13040
13043 13037 13035
13041 13043 13039
13035 13039 13043
13042 13044 13041
13043 13041 13044
13045 13030 13036
13036 13046 13045
13046 13047 13045
13047 13046 13048
13049 13047 13048
13047 13049 13050
13051 13047 13050
13047 13051 13052
13050 12968 13051
12968 13050 13053
13054 13053 13050
13050 13049 13054
13053 13054 13055
13056 13053 13055
13053 13056 13057
13058 13057 13056
13057 13058 13059
13053 12976 12968
12976 13053 13057
13060 13048 13046
13060 13046 13061
13062 13061 13046
13063 13059 13058
13059 13063 13064
13065 13064 13063
13064 13065 13066
13067 13066 13065
13066 13067 13068
13067 13069 13068
13069 13067 13070
13068 12988 13066
12988 13068 12989
12990 13066 12988
13066 12990 13064
12991 13064 12990
13064 12991 13059
13068 12992 12989
12992 13068 13069
13070 13071 13069
13071 13070 13072
13072 13073 13071
13073 13072 13074
12997 13071 13073
13071 12997 12998
12998 13069 13071
13069 12998 12992
13073 12999 12997
12999 13073 13075
12991 13057 13059
13057 12991 12976
13073 13074 13076
13075 13073 13076
13075 13077 12999
13077 13075 13078
13076 13078 13075
13078 13079 13077
13079 13078 13080
13081 13080 13078
13078 13076 13081
13080 13081 13082
13083 13082 13081
13082 13083 13084
13080 13085 13079
13082 13085 13080
13086 13081 13076
13081 13086 13083
13074 13086 13076
13084 13087 13082
13085 13082 13087
13088 13085 13087
13088 13087 13089
13089 13090 13088
13090 13089 13091
13089 13092 13091
13092 13089 13093
13087 13093 13089
13094 13092 13093
13095 13093 13087
13087 13084 13095
13093 13095 13096
13093 13096 13097
13093 13097 13094
13098 13094 13097
13098 13097 13099
13100 13101 13032
13102 13100 13032
13103 13102 13032
13102 13103 13104
13052 13104 13103
13052 13103 13047
13103 13045 13047
13036 13037 13062
13036 13062 13046
13105 13106 13107
13106 13105 13108
13108 13109 13106
13109 13108 13110
13106 13109 13111
13107 13106 13112
13112 13106 13111
13112 13111 13113
13114 13110 13108
13110 13114 13115
13116 13115 13114
13115 13116 13117
13116 13118 13117
13114 13119 13116
13119 13118 13116
13119 13114 13120
13120 13108 13105
13108 13120 13114
13112 13113 13121
13122 13112 13121
13123 13122 13121
13113 13124 13121
13123 13121 13125
13124 13125 13121
13122 13126 13112
13126 13107 13112
13127 13128 13129
13128 13127 13130
13128 13130 13131
13132 13130 13127
13132 13133 13130
13134 13130 13133
13131 13130 13134
13135 13134 13133
13133 13136 13135
13137 13131 13134
13134 13138 13137
13137 13139 13131
13131 13139 13140
13131 13140 13141
13131 13141 13128
13140 13142 13141
13141 13143 13128
13141 13142 13143
13143 13129 13128
13142 13144 13143
13139 13145 13140
13145 13146 13140
13147 13140 13146
13139 13148 13145
13148 13139 13137
13149 13148 13137
13137 13138 13149
13150 13144 13142
13142 13151 13150
13151 13142 13152
13140 13152 13142
13140 13147 13152
13147 13151 13152
13144 13150 13153
13151 13154 13150
13154 13153 13150
13155 13147 13146
13146 13156 13155
13157 13155 13156
13156 13158 13157
13158 13156 13159
13160 13159 13156
13156 13146 13160
13146 13145 13160
13159 13160 13161
13155 13157 13162
13162 13163 13155
13163 13162 13164
13164 13165 13163
13165 13164 13166
13166 13167 13165
13167 13166 13168
13168 13169 13167
13169 13168 13170
13147 13155 13163
13171 13163 13165
13163 13171 13147
13172 13167 13169
13167 13172 13173
13173 13165 13167
13165 13173 13171
13151 13147 13171
13173 13151 13171
13151 13173 13174
13172 13174 13173
13174 13172 13175
13176 13174 13175
13154 13174 13176
13174 13154 13151
13176 13177 13154
13176 13178 13177
13179 13177 13178
13177 13179 13153
13153 13154 13177
13180 13153 13179
13153 13180 13144
13144 13180 13181
13181 13143 13144
13182 13143 13181
13143 13182 13129
13183 13129 13182
13183 13184 13129
13184 13183 13185
13176 13175 13186
13129 13184 13127
13187 13184 13185
13187 13188 13184
13188 13127 13184
13189 13188 13187
13188 13189 13190
13190 13132 13188
13132 13127 13188
13132 13190 13191
13192 13191 13190
13191 13192 13193
13194 13132 13191
13194 13191 13193
13193 13192 13195
13194 13193 13196
13196 13136 13194
13133 13132 13194
13136 13133 13194
13197 13196 13193
13195 13197 13193
13198 13197 13195
13197 13198 13199
13199 13200 13197
13196 13197 13200
13201 13196 13200
13196 13201 13136
13202 13201 13200
13203 13202 13200
13200 13199 13203
13204 13202 13203
13204 13203 13205
13206 13203 13199
13203 13206 13205
13199 13198 13206
13195 13192 13207
13190 13207 13192
13207 13190 13189
13189 13208 13207
13209 13208 13189
13187 13209 13189
13209 13187 13185
13210 13211 13212
13213 13211 13210
13214 13212 13211
13212 13214 13215
13216 13212 13215
13215 13217 13216
13217 13215 13218
13214 13218 13215
13212 13216 13219
13219 13220 13212
13210 13212 13220
13220 13219 13221
13222 13221 13219
13221 13222 13223
13224 13219 13216
13219 13224 13222
13218 13214 13225
13226 13222 13224
13222 13226 13227
13227 13223 13222
13221 13161 13220
13228 13220 13161
13161 13145 13228
13145 13161 13160
13220 13228 13210
13210 13228 13148
13148 13228 13145
13148 13213 13210
13149 13213 13148
13161 13221 13159
13223 13159 13221
13159 13223 13158
13229 13158 13223
13223 13227 13229
13227 13230 13229
13158 13229 13231
13230 13231 13229
13231 13157 13158
13157 13231 13232
13233 13232 13231
13231 13230 13233
13232 13233 13234
13234 13235 13232
13235 13234 13236
13236 13237 13235
13237 13236 13238
13238 13239 13237
13239 13238 13240
13240 13241 13239
13241 13240 13242
13243 13241 13242
13241 13243 13244
13232 13162 13157
13162 13232 13235
13235 13164 13162
13164 13235 13237
13237 13166 13164
13166 13237 13239
13239 13168 13166
13168 13239 13241
13241 13170 13168
13170 13241 13244
13243 13245 13244
13245 13243 13246
13244 13247 13170
13247 13244 13245
13248 13170 13247
13170 13248 13169
13249 13169 13248
13169 13249 13172
13249 13175 13172
13175 13249 13186
13250 13251 13252
13250 13252 13253
13253 13254 13250
13254 13253 13255
13256 13255 13253
13253 13252 13256
13255 13256 13257
13250 13254 13258
13251 13250 13258
13258 13259 13251
13259 13258 13260
13255 13218 13254
13225 13254 13218
13254 13225 13261
13254 13261 13258
13218 13255 13217
13257 13217 13255
13217 13257 13262
13262 13216 13217
13216 13262 13224
13263 13224 13262
13224 13263 13226
13264 13262 13257
13262 13264 13263
13256 13264 13257
13265 13266 13267
13268 13265 13267
13265 13268 13269
13270 13266 13265
13269 13270 13265
13270 13269 13271
13268 13272 13269
13272 13268 13273
13274 13272 13273
13275 13272 13274
13276 13269 13272
13275 13276 13272
13276 13271 13269
13277 13275 13274
13277 13274 13278
13278 13274 13279
13274 13280 13279
13274 13273 13280
13280 13281 13279
13135 13282 13134
13282 13138 13134
13283 13284 13285
13284 13283 13286
13287 13285 13284
13285 13287 13288
13288 13289 13285
13289 13288 13290
13290 13291 13289
13291 13290 13292
13291 13292 13293
13294 13289 13291
13294 13291 13293
13289 13294 13295
13295 13285 13289
13285 13295 13283
13296 13287 13284
13297 13296 13284
13297 13284 13286
13298 13297 13286
13299 13297 13298
13299 13300 13297
13301 13300 13299
13297 13300 13302
13297 13302 13296
13302 13300 13303
13300 13304 13303
13301 13304 13300
13305 13306 13307
13306 13308 13307
13306 13309 13308
13309 13306 13310
13309 13310 13311
13311 13310 13312
13310 13306 13313
13310 13313 13312
13313 13306 13305
13312 13313 13314
13309 13311 13315
13316 13309 13315
13315 13311 13317
13317 13311 13318
13319 13318 13311
13315 13317 13320
13320 13316 13315
13321 13316 13320
13316 13322 13309
13309 13322 13308
13322 13316 13323
13316 13321 13323
13322 13324 13308
13325 13324 13322
13324 13325 13326
13314 13327 13312
13328 13312 13327
13312 13328 13329
13328 13319 13329
13330 13308 13324
13328 13327 13331
13319 13332 13318
13333 13318 13332
13332 13334 13333
13335 13333 13334
13333 13335 13336
13336 13337 13333
13318 13333 13337
13337 13336 13338
13334 13332 13339
13340 13339 13332
13339 13340 13341
13342 13341 13340
13341 13342 13343
13344 13343 13342
13343 13344 13345
13346 13345 13344
13345 13346 13347
13340 13348 13342
13348 13340 13319
13332 13319 13340
13344 13349 13346
13349 13344 13350
13342 13350 13344
13350 13342 13348
13319 13328 13348
13328 13350 13348
13350 13328 13351
13351 13349 13350
13349 13351 13352
13353 13352 13351
13331 13353 13351
13351 13328 13331
13353 13331 13354
13353 13354 13355
13354 13356 13355
13356 13354 13357
13331 13357 13354
13357 13358 13356
13358 13357 13314
13327 13314 13357
13357 13331 13327
13359 13358 13314
13314 13313 13359
13360 13359 13313
13313 13305 13360
13361 13360 13305
13361 13305 13362
13362 13363 13361
13307 13362 13305
13362 13307 13364
13330 13364 13307
13330 13365 13364
13365 13330 13366
13366 13367 13365
13367 13366 13368
13369 13364 13365
13364 13369 13370
13370 13363 13362
13370 13362 13364
13371 13366 13330
13371 13368 13366
13368 13372 13367
13371 13373 13368
13373 13371 13326
13324 13371 13330
13326 13371 13324
13373 13374 13368
13372 13368 13374
13375 13372 13374
13376 13375 13374
13374 13377 13376
13374 13373 13377
13378 13377 13373
13373 13326 13378
13379 13377 13378
13380 13377 13379
13377 13380 13376
13381 13380 13379
13381 13382 13380
13380 13383 13376
13383 13380 13382
13376 13383 13375
13384 13370 13369
13370 13384 13363
13384 13369 13385
13369 13386 13385
13365 13386 13369
13386 13365 13367
13372 13386 13367
13387 13388 13389
13388 13390 13389
13390 13388 13391
13392 13389 13390
13389 13392 13393
13394 13393 13392
13393 13394 13395
13395 13396 13393
13396 13389 13393
13396 13395 13397
13389 13396 13398
13387 13389 13398
13399 13387 13398
13320 13387 13399
13387 13320 13400
13400 13388 13387
13321 13320 13399
13388 13400 13338
13338 13391 13388
13317 13338 13400
13320 13317 13400
13338 13317 13337
13318 13337 13317
13391 13338 13336
13401 13397 13395
13397 13401 13402
13403 13402 13401
13395 13404 13401
13405 13401 13404
13401 13405 13406
13406 13403 13401
13406 13405 13407
13406 13407 13408
13408 13403 13406
13405 13409 13407
13404 13409 13405
13403 13408 13410
13410 13411 13403
13409 13404 13412
13412 13413 13409
13414 13413 13412
13413 13414 13415
13416 13415 13414
13415 13416 13417
13418 13417 13416
13417 13418 13419
13420 13419 13418
13419 13420 13421
13419 13421 13422
13335 13421 13420
13420 13336 13335
13336 13420 13391
13418 13391 13420
13421 13335 13423
13423 13422 13421
13334 13423 13335
13423 13334 13424
13424 13425 13423
13422 13423 13425
13425 13424 13426
13427 13426 13424
13426 13427 13428
13429 13428 13427
13428 13429 13430
13431 13430 13429
13430 13431 13432
13433 13432 13431
13432 13433 13434
13433 13435 13434
13435 13433 13436
13339 13424 13334
13424 13339 13427
13427 13341 13429
13341 13427 13339
13429 13343 13431
13343 13429 13341
13345 13431 13343
13431 13345 13433
13347 13433 13345
13433 13347 13436
13437 13435 13436
13435 13437 13438
13436 13439 13437
13439 13436 13347
13347 13440 13439
13440 13347 13346
13346 13441 13440
13441 13346 13349
13441 13349 13352
13352 13442 13441
13353 13442 13352
13311 13312 13329
13311 13329 13319
13443 13444 13445
13443 13446 13444
13446 13443 13447
13448 13443 13445
13448 13447 13443
13447 13448 13449
13450 13446 13447
13446 13450 13451
13452 13447 13449
13452 13450 13447
13453 13450 13452
13453 13454 13450
13454 13451 13450
13454 13455 13451
13456 13454 13453
13457 13455 13454
13458 13457 13454
13456 13458 13454
13455 13457 13459
13325 13322 13460
13460 13322 13323
13404 13395 13394
13394 13412 13404
13412 13394 13414
13392 13414 13394
13414 13392 13416
13390 13416 13392
13416 13390 13418
13391 13418 13390
13330 13307 13308
13461 13462 13463
13462 13461 13464
13465 13464 13461
13463 13466 13461
13466 13463 13467
13467 13468 13466
13468 13467 13469
13470 13464 13465
13464 13470 13471
13471 13472 13464
13462 13464 13472
13472 13471 13473
13474 13472 13473
13472 13474 13475
13476 13474 13473
13474 13476 13477
13478 13477 13476
13476 13479 13478
13479 13476 13480
13480 13473 13471
13473 13480 13476
13470 13480 13471
13477 13478 13481
13482 13479 13480
13480 13470 13482
13483 13482 13470
13482 13483 13484
13479 13482 13485
13484 13485 13482
13485 13486 13479
13486 13478 13479
13486 13485 13487
13488 13486 13487
13487 13489 13488
13490 13488 13489
13488 13490 13491
13491 13492 13488
13486 13488 13492
13492 13493 13486
13478 13486 13493
13493 13481 13478
13493 13492 13494
13494 13495 13493
13481 13493 13495
13495 13494 13496
13497 13494 13492
13492 13491 13497
13494 13497 13498
13498 13496 13494
13489 13487 13499
13499 13487 13485
13500 13490 13489
13490 13500 13501
13502 13489 13499
13489 13502 13500
13496 13498 13503
13502 13499 13504
13499 13485 13504
13505 13495 13496
13495 13505 13506
13507 13506 13505
13505 13508 13507
13508 13505 13509
13496 13509 13505
13509 13496 13503
13506 13507 13510
13511 13507 13508
13507 13511 13512
13512 13510 13507
13513 13512 13511
13512 13513 13514
13514 13515 13512
13510 13512 13515
13516 13510 13515
13510 13516 13517
13515 13514 13518
13518 13516 13515
13519 13514 13513
13514 13519 13520
13520 13518 13514
13518 13520 13521
13522 13517 13516
13517 13522 13523
13524 13517 13523
13517 13524 13525
13525 13510 13517
13477 13525 13524
13525 13477 13481
13481 13506 13525
13510 13525 13506
13506 13481 13495
13524 13474 13477
13474 13524 13526
13523 13526 13524
13527 13474 13526
13474 13527 13475
13528 13475 13527
13475 13528 13529
13527 13530 13528
13530 13527 13531
13532 13530 13531
13530 13532 13533
13533 13534 13530
13534 13533 13535
13536 13527 13526
13527 13536 13531
13537 13532 13531
13538 13533 13532
13533 13538 13539
13538 13540 13539
13540 13541 13539
13539 13541 13533
13541 13540 13542
13540 13538 13543
13531 13544 13537
13544 13531 13536
13523 13544 13536
13526 13523 13536
13544 13523 13522
13522 13545 13544
13545 13537 13544
13545 13522 13546
13537 13545 13547
13532 13537 13547
13547 13548 13532
13532 13548 13538
13549 13541 13542
13541 13549 13550
13549 13551 13550
13551 13549 13552
13535 13550 13551
13550 13535 13533
13541 13550 13533
13552 13553 13551
13553 13552 13554
13555 13551 13553
13551 13555 13535
13556 13535 13555
13535 13556 13534
13557 13534 13556
13534 13557 13558
13558 13530 13534
13530 13558 13528
13559 13528 13558
13560 13559 13558
13558 13557 13560
13559 13560 13561
13528 13559 13529
13562 13529 13559
13562 13559 13561
13529 13562 13472
13472 13562 13563
13563 13564 13472
13562 13565 13563
13565 13562 13566
13562 13561 13566
13567 13563 13565
13568 13561 13560
13561 13568 13566
13557 13568 13560
13568 13557 13569
13569 13570 13568
13570 13569 13571
13572 13571 13569
13571 13572 13573
13574 13573 13572
13573 13574 13575
13576 13575 13574
13575 13576 13577
13578 13577 13576
13577 13578 13579
13580 13577 13579
13577 13580 13581
13581 13575 13577
13575 13581 13582
13575 13583 13573
13583 13575 13582
13583 13571 13573
13571 13583 13584
13584 13570 13571
13570 13584 13585
13586 13570 13585
13570 13586 13587
13555 13576 13574
13574 13556 13555
13576 13555 13553
13576 13554 13578
13554 13576 13553
13568 13570 13587
13586 13588 13587
13587 13566 13568
13566 13587 13565
13588 13565 13587
13588 13567 13565
13569 13556 13572
13556 13569 13557
13556 13574 13572
13567 13589 13563
13590 13563 13589
13590 13591 13563
13591 13564 13563
13564 13591 13592
13593 13592 13591
13592 13593 13594
13594 13595 13592
13595 13564 13592
13595 13594 13596
13596 13597 13595
13597 13564 13595
13597 13462 13564
13597 13598 13462
13462 13598 13599
13598 13600 13599
13600 13598 13601
13602 13600 13601
13600 13602 13603
13598 13597 13604
13604 13601 13598
13596 13604 13597
13601 13604 13605
13605 13602 13601
13602 13605 13606
13469 13600 13603
13600 13469 13467
13467 13599 13600
13599 13467 13463
13599 13463 13462
13604 13596 13607
13607 13605 13604
13605 13607 13608
13608 13606 13605
13606 13608 13609
13610 13609 13608
13609 13610 13611
13612 13611 13610
13610 13613 13612
13613 13610 13614
13614 13608 13607
13608 13614 13610
13611 13612 13615
13614 13616 13613
13616 13614 13594
13607 13594 13614
13594 13607 13596
13617 13613 13616
13616 13618 13617
13618 13616 13593
13593 13616 13594
13613 13617 13619
13613 13620 13612
13620 13613 13619
13612 13621 13615
13621 13612 13620
13618 13593 13622
13593 13591 13622
13591 13590 13622
13623 13624 13625
13624 13623 13626
13627 13625 13624
13625 13627 13628
13626 13629 13624
13629 13627 13624
13629 13626 13630
13630 13631 13629
13631 13630 13632
13632 13633 13631
13633 13632 13634
13635 13633 13634
13633 13635 13636
13631 13637 13629
13627 13629 13637
13637 13638 13627
13638 13637 13639
13640 13639 13637
13637 13631 13640
13633 13640 13631
13639 13640 13641
13639 13642 13638
13642 13639 13643
13641 13643 13639
13644 13638 13642
13638 13644 13645
13646 13641 13640
13640 13633 13646
13636 13646 13633
13641 13646 13647
13647 13648 13641
13643 13641 13648
13648 13647 13649
13649 13650 13648
13650 13649 13651
13652 13651 13649
13651 13652 13653
13654 13649 13647
13649 13654 13652
13648 13655 13643
13655 13648 13650
13643 13656 13642
13656 13643 13655
13657 13642 13656
13642 13657 13644
13647 13658 13654
13658 13647 13646
13646 13636 13658
13644 13659 13645
13660 13645 13659
13659 13661 13660
13661 13659 13662
13663 13662 13659
13662 13663 13664
13659 13644 13663
13657 13663 13644
13645 13660 13628
13627 13645 13628
13645 13627 13638
13660 13625 13628
13625 13660 13665
13661 13665 13660
13665 13623 13625
13623 13665 13666
13667 13666 13665
13665 13661 13667
13666 13667 13668
13669 13668 13667
13668 13669 13670
13671 13670 13669
13670 13671 13672
13673 13672 13671
13672 13673 13674
13667 13675 13669
13675 13667 13661
13661 13676 13675
13669 13677 13671
13677 13669 13675
13678 13677 13675
13676 13678 13675
13677 13678 13679
13680 13679 13678
13679 13680 13681
13682 13681 13680
13681 13682 13683
13683 13684 13681
13684 13683 13685
13686 13681 13684
13681 13686 13679
13687 13679 13686
13679 13687 13677
13687 13671 13677
13671 13687 13673
13680 13688 13682
13688 13680 13689
13678 13689 13680
13689 13678 13676
13664 13676 13662
13676 13664 13690
13691 13690 13664
13690 13691 13692
13664 13693 13691
13693 13664 13663
13663 13657 13693
13661 13662 13676
13694 13461 13695
13461 13694 13465
13483 13465 13694
13465 13483 13470
13461 13466 13695
13696 13521 13697
13521 13696 13518
13518 13696 13516
13546 13516 13696
13546 13522 13516
13484 13504 13485
13698 13502 13504
13490 13635 13634
13635 13490 13501
13634 13491 13490
13491 13634 13632
13632 13497 13491
13497 13632 13630
13630 13498 13497
13498 13630 13626
13626 13503 13498
13503 13626 13623
13666 13503 13623
13503 13666 13509
13668 13509 13666
13509 13668 13508
13670 13508 13668
13508 13670 13511
13672 13511 13670
13511 13672 13513
13674 13513 13672
13513 13674 13519
13699 13700 13701
13700 13699 13702
13701 13703 13699
13703 13701 13704
13703 13705 13699
13705 13702 13699
13705 13703 13706
13702 13705 13707
13702 13707 13708
13709 13705 13706
13705 13709 13710
13707 13705 13710
13711 13710 13709
13710 13711 13712
13713 13712 13711
13712 13713 13714
13715 13714 13713
13714 13715 13716
13717 13716 13715
13716 13717 13718
13718 13719 13716
13719 13718 13720
13721 13720 13718
13720 13721 13722
13723 13722 13721
13722 13723 13724
13724 13725 13722
13725 13724 13726
13727 13726 13724
13724 13723 13727
13726 13727 13728
13726 13729 13725
13729 13726 13730
13728 13730 13726
13731 13718 13717
13718 13731 13721
13723 13721 13731
13732 13725 13729
13725 13732 13733
13733 13722 13725
13722 13733 13720
13730 13728 13734
13720 13735 13719
13733 13732 13735
13732 13736 13735
13737 13735 13736
13735 13737 13738
13738 13739 13735
13739 13719 13735
13739 13716 13719
13716 13739 13714
13737 13740 13738
13741 13714 13739
13714 13741 13712
13735 13720 13733
13742 13712 13741
13742 13741 13743
13712 13742 13710
13742 13707 13710
13739 13744 13741
13744 13739 13738
13741 13744 13743
13740 13744 13738
13707 13742 13745
13707 13745 13746
13744 13747 13743
13744 13748 13747
13744 13740 13748
13707 13746 13708
13702 13708 13749
13749 13750 13702
13751 13702 13750
13702 13751 13700
13752 13700 13751
13700 13752 13753
13753 13701 13700
13701 13753 13754
13754 13704 13701
13704 13754 13755
13756 13704 13755
13704 13756 13757
13757 13703 13704
13703 13757 13758
13759 13758 13757
13758 13759 13760
13761 13703 13758
13760 13761 13758
13703 13761 13706
13761 13760 13762
13760 13763 13762
13763 13760 13764
13761 13709 13706
13709 13761 13765
13762 13765 13761
13765 13711 13709
13711 13765 13766
13766 13713 13711
13713 13766 13767
13767 13715 13713
13715 13767 13768
13768 13717 13715
13717 13768 13769
13770 13769 13768
13769 13770 13771
13771 13772 13769
13772 13771 13773
13773 13774 13772
13774 13773 13775
13776 13775 13773
13775 13776 13777
13777 13778 13775
13775 13778 13774
13778 13777 13779
13780 13777 13776
13777 13780 13781
13781 13779 13777
13731 13769 13772
13769 13731 13717
13774 13731 13772
13776 13782 13780
13782 13776 13783
13783 13773 13771
13773 13783 13776
13779 13781 13784
13783 13785 13782
13771 13785 13783
13785 13771 13770
13779 13786 13778
13786 13779 13787
13784 13787 13779
13787 13784 13788
13785 13770 13789
13790 13785 13789
13791 13785 13790
13785 13791 13792
13785 13792 13782
13768 13789 13770
13789 13768 13767
13767 13793 13789
13793 13767 13766
13766 13794 13793
13794 13795 13793
13794 13766 13765
13794 13765 13762
13789 13796 13790
13796 13789 13793
13793 13795 13796
13796 13797 13790
13797 13791 13790
13797 13796 13798
13762 13799 13794
13762 13800 13799
13796 13795 13801
13796 13801 13798
13762 13763 13800
13728 13802 13803
13802 13728 13727
13803 13734 13728
13734 13803 13804
13760 13805 13806
13805 13760 13759
13760 13806 13764
13759 13807 13805
13807 13759 13808
13757 13808 13759
13808 13757 13756
13808 13809 13807
13809 13808 13810
13810 13811 13809
13811 13810 13812
13813 13812 13810
13813 13808 13756
13808 13813 13810
13812 13813 13814
13815 13814 13813
13814 13815 13816
13815 13817 13816
13817 13815 13818
13818 13819 13817
13819 13818 13820
13820 13821 13819
13821 13820 13822
13817 13823 13816
13823 13814 13816
13823 13817 13824
13814 13823 13825
13814 13826 13812
13826 13814 13825
13826 13811 13812
13811 13826 13827
13813 13755 13815
13755 13818 13815
13755 13813 13756
13818 13755 13754
13754 13820 13818
13820 13754 13753
13753 13822 13820
13822 13753 13752
13821 13828 13819
13828 13821 13829
13828 13817 13819
13817 13828 13824
13472 13564 13462
13472 13475 13529
