byte offset: 0
first index: 43539
index count: 12585
topology: trianglelist
format: DXGI_FORMAT_R16_UINT

11774 11775 11776
11776 11775 11777
11777 11778 11776
11778 11777 11779
11777 11780 11779
11780 11777 11781
11775 11781 11777
11781 11782 11780
11782 11781 11783
11775 11783 11781
11783 11784 11782
11784 11783 11785
11775 11785 11783
11785 11786 11784
11786 11785 11787
11787 11788 11786
11788 11787 11789
11790 11785 11775
11790 11789 11787
11790 11787 11785
11791 11776 11778
11776 11791 11774
11789 11792 11788
11792 11789 11793
11789 11790 11793
11794 11792 11793
11792 11794 11795
11794 11796 11795
11796 11794 11797
11798 11797 11794
11790 11798 11793
11798 11794 11793
11799 11796 11797
11798 11799 11797
11796 11799 11800
11801 11798 11790
11775 11801 11790
11775 11774 11801
11802 11803 11804
11803 11805 11804
11806 11804 11805
11807 11802 11804
11804 11808 11807
11808 11804 11809
11809 11804 11806
11806 11810 11809
11810 11806 11811
11806 11812 11811
11812 11806 11813
11813 11806 11805
11813 11814 11812
11814 11813 11815
11815 11816 11814
11816 11815 11817
11818 11816 11817
11813 11805 11819
11819 11815 11813
11819 11820 11815
11820 11817 11815
11821 11817 11820
11821 11818 11817
11822 11818 11821
11821 11823 11822
11824 11809 11810
11809 11824 11808
11824 11825 11808
11825 11824 11826
11827 11808 11825
11808 11827 11807
11825 11828 11827
11828 11807 11827
11828 11825 11829
11830 11829 11825
11830 11825 11826
11831 11821 11820
11820 11819 11831
11831 11823 11821
11832 11831 11819
11805 11832 11819
11805 11803 11832
11807 11828 11802
11833 11834 11835
11834 11836 11835
11837 11836 11834
11836 11837 11838
11839 11836 11838
11836 11839 11840
11835 11836 11840
11841 11840 11839
11840 11841 11842
11835 11840 11842
11843 11842 11841
11842 11843 11844
11835 11842 11844
11845 11844 11843
11844 11845 11846
11847 11846 11845
11846 11847 11848
11849 11835 11844
11849 11846 11848
11849 11844 11846
11834 11850 11837
11851 11848 11847
11848 11851 11852
11848 11852 11849
11851 11853 11852
11853 11851 11854
11855 11853 11854
11853 11855 11856
11857 11853 11856
11849 11852 11857
11857 11852 11853
11855 11858 11856
11857 11856 11858
11858 11855 11859
11860 11849 11857
11835 11849 11860
11835 11860 11833
11850 11834 11833
11861 11862 11863
11863 11862 11864
11865 11864 11862
11866 11862 11861
11867 11862 11866
11862 11867 11868
11868 11865 11862
11869 11865 11868
11865 11869 11870
11871 11865 11870
11865 11871 11872
11872 11864 11865
11873 11872 11871
11872 11873 11874
11875 11874 11873
11874 11875 11876
11877 11876 11875
11872 11878 11864
11878 11872 11874
11878 11874 11879
11879 11874 11876
11880 11879 11876
11880 11876 11877
11881 11880 11877
11880 11881 11882
11883 11868 11867
11884 11883 11867
11883 11884 11885
11867 11886 11884
11886 11867 11866
11887 11884 11886
11866 11887 11886
11884 11887 11888
11889 11884 11888
11889 11885 11884
11890 11879 11880
11879 11890 11878
11890 11880 11882
11891 11878 11890
11864 11878 11891
11864 11891 11863
11887 11866 11861
11868 11883 11869
11892 11893 11894
11893 11892 11895
11894 11893 11896
11893 11897 11896
11894 11898 11892
11898 11894 11899
11900 11899 11894
11894 11896 11900
11899 11900 11901
11902 11901 11900
11901 11902 11903
11904 11903 11902
11903 11904 11905
11906 11905 11904
11905 11906 11907
11908 11907 11906
11907 11908 11909
11910 11909 11908
11909 11910 11911
11912 11911 11910
11911 11912 11913
11913 11914 11911
11914 11913 11915
11911 11916 11909
11916 11911 11914
11909 11917 11907
11917 11909 11916
11918 11907 11917
11907 11918 11905
11919 11905 11918
11905 11919 11903
11920 11903 11919
11903 11920 11901
11921 11901 11920
11901 11921 11899
11922 11899 11921
11899 11922 11898
11914 11923 11916
11923 11914 11924
11925 11923 11924
11923 11925 11926
11927 11923 11926
11928 11927 11926
11927 11928 11929
11923 11927 11930
11931 11930 11927
11930 11931 11932
11933 11929 11928
11928 11934 11933
11934 11928 11935
11926 11935 11928
11935 11926 11925
11935 11936 11934
11936 11935 11937
11925 11937 11935
11929 11933 11938
11938 11939 11929
11939 11927 11929
11927 11939 11931
11939 11940 11931
11940 11939 11941
11941 11939 11942
11940 11943 11931
11932 11931 11943
11943 11940 11944
11944 11945 11943
11945 11944 11946
11946 11947 11945
11947 11946 11948
11948 11949 11947
11949 11948 11950
11950 11951 11949
11951 11950 11952
11953 11945 11947
11945 11953 11954
11954 11943 11945
11942 11939 11955
11943 11954 11932
11956 11949 11951
11949 11956 11957
11957 11947 11949
11947 11957 11953
11956 11921 11957
11921 11956 11922
11957 11920 11953
11920 11957 11921
11954 11918 11932
11918 11954 11919
11919 11953 11920
11953 11919 11954
11917 11932 11918
11932 11917 11930
11916 11930 11917
11930 11916 11923
11956 11958 11922
11959 11922 11958
11922 11959 11898
11960 11898 11959
11959 11961 11960
11961 11959 11962
11958 11962 11959
11962 11963 11961
11963 11962 11964
11964 11965 11963
11965 11964 11966
11966 11967 11965
11967 11966 11968
11968 11969 11967
11969 11968 11970
11970 11971 11969
11971 11970 11972
11972 11912 11971
11912 11972 11913
11898 11960 11892
11973 11892 11960
11892 11973 11895
11960 11974 11973
11973 11974 11975
11976 11913 11972
11913 11976 11915
11977 11972 11970
11972 11977 11976
11978 11970 11968
11970 11978 11977
11968 11979 11978
11979 11968 11966
11966 11980 11979
11980 11966 11964
11964 11981 11980
11981 11964 11962
11962 11958 11981
11982 11976 11977
11976 11982 11983
11982 11984 11983
11984 11982 11985
11982 11986 11985
11986 11987 11985
11987 11986 11988
11986 11982 11989
11989 11990 11986
11990 11989 11991
11988 11992 11987
11993 11987 11992
11987 11993 11994
11985 11994 11984
11994 11985 11987
11936 11994 11993
11994 11936 11937
11937 11984 11994
11992 11988 11995
11996 11995 11988
11996 11986 11990
11986 11996 11988
11997 11996 11990
11996 11997 11998
11998 11999 11996
12000 11997 11990
11991 12000 11990
11997 12000 12001
12002 12001 12000
12001 12002 12003
12004 12003 12002
12003 12004 12005
12006 12005 12004
12005 12006 12007
11951 12007 12006
12007 11951 11952
12002 12008 12004
12008 12002 12009
12000 12009 12002
11999 12010 11996
12009 12000 11991
12006 11956 11951
11956 12006 12011
12004 12011 12006
12011 12004 12008
11995 11996 12010
11995 12010 12012
11999 12012 12010
12012 11999 12013
12014 12012 12013
11958 11956 12011
12011 11981 11958
11981 12011 12008
11979 12009 11991
12009 11979 11980
11980 12008 12009
12008 11980 11981
11991 11978 11979
11978 11991 11989
11989 11977 11978
11977 11989 11982
11942 12015 12016
12015 11942 11955
11938 12015 11955
11939 11938 11955
12017 12016 12015
12018 11924 12019
11924 12018 11925
11937 11925 12018
11914 12019 11924
12019 11914 11915
11983 12018 12019
12018 11983 11984
11984 11937 12018
12019 11976 11983
11976 12019 11915
11941 12020 11940
12020 11941 12021
12020 11944 11940
11944 12020 12022
12022 11946 11944
11946 12022 12023
12023 11948 11946
11948 12023 12024
12024 11950 11948
11950 12024 12025
12025 11952 11950
11952 12025 12026
12027 11952 12026
11952 12027 12007
12028 12007 12027
12007 12028 12005
12029 12005 12028
12005 12029 12003
12030 12003 12029
12003 12030 12001
12031 12001 12030
12001 12031 11997
12031 11998 11997
11998 12031 12032
11960 11961 11974
12033 12034 12035
12034 12033 12036
12037 12034 12036
12033 12037 12036
12034 12037 12038
12038 12035 12034
12035 12038 12039
12039 12033 12035
12033 12039 12040
12037 12033 12040
12041 12038 12037
12040 12041 12037
12038 12041 12042
12042 12039 12038
12043 12042 12041
12041 12040 12043
12042 12043 12044
12039 12042 12044
12044 12040 12039
12040 12044 12043
12045 12046 12047
12046 12045 12048
12045 12049 12048
12049 12045 12050
12051 12052 12053
12052 12051 12054
12055 12056 12057
12056 12055 12058
12059 12060 12061
12060 12059 12062
12063 12064 12065
12064 12063 12066
12063 12067 12066
12067 12063 12068
12069 12070 12071
12070 12069 12072
12073 12074 12075
12074 12073 12076
12077 12078 12079
12080 12081 12082
12081 12080 12083
12084 12085 12086
12085 12084 12087
12088 12089 12090
12089 12088 12091
12092 12093 12094
12093 12092 12095
12096 12097 12098
12099 12100 12101
12100 12099 12102
12103 12104 12105
12104 12103 12106
12103 12107 12106
12107 12103 12108
12109 12110 12111
12110 12109 12112
12113 12114 12115
12114 12113 12116
12117 12118 12119
12118 12117 12120
12121 12122 12123
12122 12121 12124
12121 12125 12124
12125 12121 12126
12127 12128 12129
12128 12127 12130
12131 12132 12133
12132 12131 12134
12135 12136 12137
12138 12139 12140
12139 12138 12141
12142 12143 12144
12143 12142 12145
12146 12147 12148
12147 12146 12149
12150 12151 12152
12151 12150 12153
12154 12155 12156
12157 12158 12159
12158 12157 12160
12161 12162 12163
12162 12161 12164
12163 12165 12161
12165 12163 12166
12167 12162 12164
12162 12167 12168
12169 12170 12166
12170 12169 12171
12172 12171 12169
12171 12172 12173
12172 12174 12173
12174 12172 12175
12176 12177 12168
12177 12176 12178
12178 12179 12177
12179 12178 12180
12181 12179 12180
12179 12181 12182
12183 12184 12182
12184 12183 12185
12186 12184 12185
12184 12186 12187
12187 12188 12175
12188 12187 12186
12189 12190 12191
12190 12189 12192
12193 12192 12189
12192 12193 12194
12190 12195 12191
12195 12190 12196
12197 12198 12194
12198 12197 12199
12199 12200 12198
12200 12199 12201
12202 12200 12201
12200 12202 12203
12204 12205 12196
12205 12204 12206
12207 12206 12204
12206 12207 12208
12207 12209 12208
12209 12207 12210
12211 12212 12210
12212 12211 12213
12211 12214 12213
12214 12211 12215
12216 12215 12203
12215 12216 12214
12217 12218 12219
12218 12217 12220
12221 12222 12223
12222 12221 12224
12225 12226 12227
12226 12225 12228
12229 12230 12231
12230 12229 12232
12233 12234 12235
12234 12233 12236
12237 12238 12239
12238 12237 12240
12241 12242 12243
12242 12241 12244
12245 12246 12247
12246 12245 12248
12249 12250 12251
12250 12249 12252
12253 12251 12250
12251 12253 12254
12255 12256 12257
12256 12255 12258
12259 12257 12256
12257 12259 12260
12261 12262 12263
12262 12261 12264
12265 12263 12262
12263 12265 12266
12267 12268 12269
12268 12267 12270
12271 12269 12268
12269 12271 12272
12273 12274 12275
12274 12273 12276
12277 12278 12279
12278 12277 12280
12281 12282 12283
12282 12281 12284
12285 12286 12287
12286 12285 12288
12289 12290 12291
12290 12289 12292
12293 12294 12295
12294 12293 12296
12297 12298 12299
12298 12297 12300
12301 12302 12303
12302 12301 12304
12305 12306 12307
12308 12307 12306
12307 12308 12309
12309 12308 12310
12311 12312 12313
12312 12311 12314
12315 12316 12317
12316 12315 12318
12319 12320 12321
12320 12319 12322
12323 12324 12325
12324 12323 12326
12327 12328 12329
12328 12330 12329
12330 12328 12331
12332 12330 12331
12333 12334 12335
12334 12336 12335
12336 12334 12337
12336 12337 12338
12339 12340 12341
12340 12342 12341
12342 12340 12343
12342 12343 12344
12345 12346 12347
12346 12348 12347
12348 12346 12349
12348 12349 12350
12351 12352 12353
12354 12352 12351
12352 12354 12355
12355 12354 12356
12357 12358 12359
12357 12360 12358
12360 12357 12361
12360 12361 12362
12363 12364 12365
12366 12364 12363
12364 12366 12367
12367 12366 12368
12369 12370 12371
12370 12369 12372
12373 12374 12375
12374 12373 12376
12377 12378 12379
12378 12377 12380
12381 12382 12383
12382 12381 12384
12385 12386 12387
12386 12385 12388
12389 12390 12391
12390 12389 12392
12393 12394 12395
12394 12393 12396
12397 12398 12399
12398 12397 12400
12401 12402 12403
12402 12401 12404
12405 12406 12407
12406 12405 12408
12409 12410 12411
12410 12409 12412
12413 12414 12415
12414 12413 12416
12417 12418 12419
12418 12417 12420
12421 12422 12423
12422 12421 12424
12425 12426 12427
12426 12425 12428
12429 12430 12431
12430 12429 12432
12433 12434 12435
12434 12433 12436
12437 12438 12439
12438 12437 12440
12441 12442 12443
12442 12441 12444
12445 12446 12447
12446 12445 12448
12449 12450 12451
12450 12449 12452
12453 12454 12455
12454 12453 12456
12457 12458 12459
12458 12457 12460
12461 12462 12463
12462 12461 12464
12465 12466 12467
12466 12465 12468
12469 12470 12471
12470 12469 12472
12473 12474 12475
12474 12473 12476
12477 12478 12479
12478 12477 12480
12481 12482 12483
12482 12481 12484
12481 12485 12484
12485 12481 12486
12487 12488 12489
12488 12487 12490
12491 12492 12493
12492 12491 12494
12495 12496 12497
12496 12495 12498
12499 12500 12501
12500 12499 12502
12499 12503 12502
12503 12499 12504
12505 12506 12507
12506 12505 12508
12509 12510 12511
12510 12509 12512
12513 12514 12515
12516 12517 12518
12517 12516 12519
12520 12521 12522
12521 12520 12523
12524 12525 12526
12525 12524 12527
12528 12529 12530
12529 12528 12531
12532 12533 12534
12535 12536 12537
12536 12535 12538
12539 12540 12541
12540 12539 12542
12539 12543 12542
12543 12539 12544
12545 12546 12547
12546 12545 12548
12549 12550 12551
12550 12549 12552
12553 12554 12555
12554 12553 12556
12557 12558 12559
12558 12557 12560
12557 12561 12560
12561 12557 12562
12563 12564 12565
12564 12563 12566
12567 12568 12569
12568 12567 12570
12571 12572 12573
12574 12575 12576
12575 12574 12577
12578 12579 12580
12579 12578 12581
12582 12583 12584
12583 12582 12585
12586 12587 12588
12587 12586 12589
12590 12591 12592
12593 12594 12595
12594 12593 12596
12597 12598 12599
12600 12598 12597
12601 12600 12597
12600 12601 12602
12603 12600 12602
12604 12603 12602
12605 12603 12604
12606 12605 12604
12605 12606 12607
12608 12605 12607
12609 12608 12607
12608 12609 12610
12611 12608 12610
12612 12611 12610
12612 12613 12611
12613 12612 12614
12613 12614 12615
12613 12615 12616
12617 12613 12616
12618 12617 12616
12618 12619 12617
12617 12619 12620
12620 12619 12621
12620 12621 12622
12623 12620 12622
12620 12623 12624
12623 12625 12624
12624 12625 12626
12626 12625 12627
12627 12628 12626
12626 12628 12629
12629 12628 12630
12630 12631 12629
12629 12631 12632
12631 12633 12632
12632 12633 12634
12634 12633 12635
12635 12636 12634
12634 12636 12637
12636 12638 12637
12639 12640 12641
12640 12639 12642
12640 12642 12643
12643 12644 12640
12644 12645 12640
12645 12644 12646
12646 12647 12645
12647 12646 12648
12648 12649 12647
12649 12648 12650
12651 12649 12650
12649 12651 12652
12644 12643 12653
12654 12644 12653
12644 12654 12655
12655 12646 12644
12653 12656 12654
12656 12653 12657
12643 12657 12653
12658 12656 12657
12659 12655 12654
12655 12659 12660
12661 12660 12659
12660 12661 12662
12662 12663 12660
12663 12662 12664
12664 12665 12663
12665 12664 12666
12666 12667 12665
12667 12666 12668
12669 12660 12663
12660 12669 12655
12670 12654 12656
12654 12670 12659
12671 12659 12670
12659 12671 12661
12672 12661 12671
12661 12672 12673
12673 12662 12661
12674 12673 12672
12673 12674 12675
12673 12675 12676
12675 12674 12677
12677 12674 12678
12674 12679 12678
12679 12674 12680
12672 12680 12674
12681 12679 12680
12679 12681 12682
12683 12682 12681
12684 12683 12681
12681 12685 12684
12685 12681 12686
12680 12686 12681
12684 12687 12683
12688 12683 12687
12683 12688 12689
12688 12690 12689
12690 12688 12691
12687 12684 12692
12687 12692 12688
12686 12680 12693
12686 12694 12685
12694 12686 12695
12693 12695 12686
12695 12693 12696
12696 12697 12695
12697 12696 12698
12695 12699 12694
12699 12695 12697
12700 12694 12699
12694 12700 12701
12702 12701 12700
12701 12702 12703
12704 12703 12702
12703 12704 12705
12706 12705 12704
12705 12706 12707
12699 12708 12700
12708 12699 12709
12697 12709 12699
12709 12710 12708
12710 12709 12711
12712 12711 12709
12709 12697 12712
12698 12712 12697
12711 12712 12713
12714 12713 12712
12715 12700 12708
12700 12715 12702
12707 12716 12705
12716 12707 12717
12705 12718 12703
12718 12705 12716
12719 12703 12718
12703 12719 12701
12685 12701 12719
12719 12720 12685
12718 12720 12719
12701 12685 12694
12720 12718 12721
12716 12721 12718
12721 12722 12720
12722 12723 12720
12720 12723 12692
12723 12722 12724
12722 12721 12725
12726 12725 12721
12721 12716 12726
12717 12726 12716
12725 12726 12727
12728 12727 12726
12727 12728 12729
12727 12730 12725
12730 12727 12731
12729 12731 12727
12732 12725 12730
12725 12732 12722
12724 12722 12732
12724 12732 12733
12734 12730 12731
12730 12734 12735
12735 12732 12730
12732 12735 12736
12737 12732 12736
12737 12733 12732
12738 12735 12734
12735 12738 12739
12740 12739 12738
12739 12740 12741
12741 12742 12739
12742 12741 12743
12741 12744 12743
12745 12743 12744
12743 12745 12746
12744 12741 12747
12748 12744 12747
12744 12748 12749
12749 12745 12744
12750 12748 12747
12747 12751 12750
12751 12747 12752
12741 12752 12747
12752 12741 12740
12748 12750 12753
12740 12754 12752
12754 12740 12755
12748 12756 12749
12756 12748 12757
12753 12757 12748
12757 12758 12756
12759 12756 12758
12758 12760 12759
12760 12758 12761
12756 12759 12762
12758 12757 12763
12763 12761 12758
12761 12763 12764
12765 12761 12764
12761 12765 12766
12767 12756 12762
12756 12767 12749
12761 12768 12760
12768 12761 12766
12745 12749 12767
12769 12763 12757
12757 12753 12769
12770 12769 12753
12753 12771 12770
12771 12753 12750
12751 12771 12750
12769 12770 12772
12772 12773 12769
12763 12769 12773
12773 12772 12774
12775 12772 12770
12771 12775 12770
12772 12775 12776
12772 12776 12777
12771 12778 12775
12771 12779 12778
12779 12771 12780
12751 12780 12771
12780 12781 12779
12781 12780 12782
12751 12782 12780
12782 12751 12783
12783 12784 12782
12784 12781 12782
12784 12783 12785
12752 12783 12751
12783 12752 12754
12754 12785 12783
12781 12784 12786
12784 12787 12786
12787 12784 12788
12785 12788 12784
12788 12785 12789
12790 12789 12785
12785 12754 12790
12755 12790 12754
12790 12755 12791
12792 12791 12755
12791 12792 12793
12792 12794 12793
12791 12795 12790
12789 12790 12795
12795 12791 12796
12796 12791 12793
12796 12797 12795
12797 12796 12798
12799 12795 12797
12800 12799 12797
12800 12797 12798
12799 12800 12801
12795 12799 12802
12789 12795 12802
12801 12803 12799
12803 12801 12804
12803 12804 12805
12806 12803 12805
12803 12806 12807
12807 12799 12803
12802 12799 12807
12806 12808 12807
12808 12806 12809
12806 12810 12809
12811 12809 12810
12809 12811 12812
12812 12808 12809
12810 12806 12813
12805 12813 12806
12808 12812 12814
12804 12815 12805
12813 12805 12815
12815 12804 12816
12817 12816 12804
12816 12817 12818
12819 12818 12817
12818 12819 12820
12819 12821 12820
12821 12819 12822
12822 12823 12821
12823 12822 12824
12824 12825 12823
12825 12824 12826
12826 12824 12827
12828 12825 12826
12825 12828 12829
12830 12829 12828
12829 12830 12831
12832 12824 12822
12824 12832 12833
12833 12827 12824
12833 12832 12834
12835 12833 12834
12833 12835 12836
12827 12833 12836
12837 12835 12834
12834 12838 12837
12838 12834 12839
12832 12839 12834
12832 12840 12839
12840 12832 12841
12842 12840 12841
12840 12842 12843
12800 12843 12842
12839 12844 12838
12844 12839 12840
12843 12844 12840
12845 12838 12844
12846 12845 12844
12844 12843 12846
12800 12846 12843
12845 12846 12847
12847 12848 12845
12848 12847 12849
12849 12850 12848
12850 12849 12851
12847 12852 12849
12852 12851 12849
12852 12847 12853
12846 12853 12847
12851 12854 12850
12854 12851 12855
12856 12855 12851
12851 12852 12856
12856 12852 12798
12853 12798 12852
12855 12856 12793
12857 12850 12854
12854 12729 12857
12729 12854 12858
12855 12858 12854
12850 12857 12859
12850 12860 12848
12860 12850 12859
12861 12848 12860
12860 12862 12861
12862 12860 12863
12859 12863 12860
12848 12861 12845
12838 12845 12861
12863 12859 12864
12707 12864 12859
12857 12707 12859
12864 12707 12706
12706 12865 12864
12865 12706 12866
12866 12867 12865
12867 12866 12868
12869 12868 12866
12868 12869 12870
12870 12871 12868
12871 12870 12872
12704 12866 12706
12866 12704 12869
12702 12869 12704
12869 12702 12715
12873 12864 12865
12864 12873 12863
12865 12835 12873
12835 12865 12867
12867 12874 12835
12874 12867 12875
12868 12875 12867
12875 12868 12871
12876 12874 12875
12874 12876 12877
12835 12837 12873
12862 12873 12837
12873 12862 12863
12837 12861 12862
12861 12837 12838
12878 12877 12876
12877 12878 12879
12879 12880 12877
12880 12879 12881
12881 12828 12880
12828 12881 12830
12826 12880 12828
12880 12826 12827
12877 12880 12827
12874 12877 12827
12836 12874 12827
12835 12874 12836
12882 12883 12884
12885 12884 12883
12886 12882 12884
12884 12887 12886
12884 12888 12887
12888 12884 12710
12885 12710 12884
12710 12711 12888
12713 12888 12711
12888 12713 12889
12890 12888 12889
12890 12887 12888
12890 12891 12887
12710 12885 12892
12892 12885 12893
12893 12894 12892
12895 12894 12893
12894 12895 12896
12895 12897 12896
12897 12895 12898
12892 12708 12710
12708 12892 12715
12894 12715 12892
12715 12894 12899
12894 12896 12870
12899 12894 12870
12896 12872 12870
12872 12896 12897
12900 12898 12895
12893 12900 12895
12898 12900 12901
12869 12715 12899
12869 12899 12870
12890 12902 12891
12890 12903 12902
12889 12903 12890
12889 12904 12903
12905 12903 12904
12905 12904 12906
12903 12905 12907
12903 12907 12902
12908 12905 12906
12908 12906 12909
12909 12906 12910
12906 12714 12910
12906 12904 12714
12911 12910 12714
12904 12713 12714
12904 12889 12713
12905 12908 12912
12907 12905 12912
12911 12714 12712
12913 12911 12712
12712 12698 12913
12911 12658 12910
12698 12656 12913
12913 12656 12911
12911 12656 12658
12656 12698 12670
12696 12670 12698
12670 12696 12671
12693 12671 12696
12671 12693 12672
12680 12672 12693
12914 12910 12658
12914 12658 12915
12916 12910 12914
12917 12916 12914
12917 12918 12916
12917 12914 12919
12919 12914 12915
12919 12915 12920
12916 12921 12910
12916 12922 12921
12918 12922 12916
12918 12923 12922
12923 12918 12924
12925 12922 12923
12926 12925 12923
12926 12923 12927
12924 12927 12923
12925 12926 12928
12925 12928 12929
12929 12930 12925
12928 12931 12929
12928 12926 12931
12929 12932 12930
12925 12930 12933
12930 12934 12933
12934 12930 12935
12932 12935 12930
12909 12933 12934
12909 12921 12933
12925 12933 12936
12925 12936 12922
12935 12937 12934
12908 12934 12937
12908 12909 12934
12937 12935 12938
12935 12939 12938
12939 12935 12940
12935 12932 12940
12939 12940 12941
12942 12932 12929
12931 12942 12929
12932 12942 12943
12940 12932 12943
12941 12940 12943
12942 12944 12943
12944 12942 12945
12943 12946 12941
12946 12943 12944
12947 12946 12944
12948 12947 12944
12948 12944 12945
12947 12948 12949
12950 12948 12945
12951 12950 12945
12951 12952 12950
12952 12951 12953
12953 12954 12952
12950 12955 12948
12955 12950 12952
12954 12955 12952
12955 12949 12948
12945 12931 12951
12931 12945 12942
12953 12956 12954
12951 12956 12953
12956 12951 12957
12951 12958 12957
12931 12958 12951
12957 12958 12959
12960 12957 12959
12957 12960 12956
12954 12956 12960
12958 12931 12961
12962 12958 12961
12959 12958 12962
12961 12963 12962
12961 12927 12963
12927 12961 12926
12931 12926 12961
12964 12963 12927
12927 12924 12964
12924 12965 12964
12965 12924 12966
12924 12967 12966
12967 12924 12918
12965 12968 12964
12968 12963 12964
12969 12963 12968
12963 12969 12962
12970 12962 12969
12959 12962 12970
12970 12971 12959
12960 12959 12971
12967 12918 12917
12972 12967 12917
12972 12917 12919
12973 12972 12919
12920 12973 12919
12920 12974 12973
12975 12974 12920
12976 12975 12920
12975 12977 12974
12975 12642 12977
12975 12643 12642
12975 12976 12643
12657 12643 12976
12915 12657 12976
12976 12920 12915
12915 12658 12657
12978 12774 12979
12978 12773 12774
12773 12978 12980
12773 12980 12763
12980 12764 12763
12980 12981 12764
12982 12764 12981
12764 12982 12765
12983 12765 12982
12983 12984 12765
12774 12985 12979
12986 12985 12774
12985 12986 12987
12985 12987 12988
12774 12989 12986
12774 12990 12989
12774 12772 12990
12772 12777 12990
12776 12991 12777
12776 12992 12991
12993 12992 12776
12992 12993 12994
12992 12995 12991
12995 12992 12996
12997 12996 12992
12992 12994 12997
12997 12994 12998
12999 12998 12994
12994 13000 12999
12994 12993 13000
12993 13001 13000
13000 13001 13002
13001 13003 13002
13004 13003 13001
13005 13004 13001
13006 13005 13001
13007 13006 13001
13008 13007 13001
13008 13001 12993
13008 12993 13009
13010 13008 13009
13007 13008 13010
13009 13011 13010
13011 13009 13012
13009 12775 13012
12775 13009 12993
13012 13013 13011
13014 13011 13013
13011 13014 13015
13015 13010 13011
13013 13012 13016
12775 13016 13012
13016 13017 13013
13017 13016 13018
13019 13017 13018
13020 13019 13018
13019 13020 13021
13020 13022 13021
13022 13020 13023
13023 13024 13022
13024 13023 12786
13025 13022 13024
13022 13025 13026
13026 13021 13022
13021 13026 13027
13018 12779 13020
12779 13018 12778
12778 13018 13016
12781 13020 12779
13020 12781 13023
12786 13023 12781
13016 12775 12778
13017 13019 13028
13019 13029 13028
13027 13029 13030
13021 13027 13030
13027 13031 13029
13031 13032 13029
13031 13033 13032
13032 13033 13034
13029 13032 13035
13029 13035 13028
13028 13035 13036
13036 13014 13028
13013 13028 13014
13028 13013 13017
13036 13015 13014
13015 13036 13037
13038 13035 13032
13032 13034 13038
13039 13036 13035
13035 13038 13039
13038 13040 13039
13041 13040 13038
13041 13038 13034
13042 13041 13034
13034 13043 13042
13033 13043 13034
13039 13040 13044
13036 13039 13044
13037 13036 13044
13045 13044 13040
13046 13044 13045
13037 13044 13047
13044 13046 13047
13046 13048 13047
13048 13049 13047
13049 13050 13047
13048 13051 13049
13051 13052 13049
13052 13051 13053
13054 13047 13050
13054 13050 13055
13055 13056 13054
13055 13057 13056
13054 13056 13037
13047 13054 13037
13056 13015 13037
13010 13015 13056
13010 13056 13058
13057 13058 13056
13058 13007 13010
12998 13059 13060
13060 13061 12998
13061 12997 12998
13062 12736 13063
13064 13062 13063
13062 13064 13065
13063 13066 13064
13066 13063 13067
12742 13066 13067
13066 12742 13068
12743 13068 12742
13068 12743 12746
13067 12739 12742
12739 13067 12735
13067 13063 12735
13063 12736 12735
13069 13062 13065
13062 13069 13070
13062 13070 12737
13062 12737 12736
13069 13071 13070
13069 13072 13071
13072 13073 13071
13073 13072 13074
13073 13075 13071
13071 13075 13070
13075 13076 13070
13077 13070 13076
13070 13077 13078
13070 13078 12737
12737 13078 12733
13076 13079 13077
13079 13076 13080
13075 13080 13076
13080 13075 13081
13075 13073 13081
13082 13077 13079
13077 13082 13083
13078 13077 13083
13084 13083 13082
13083 13084 13085
13078 13083 13085
13085 13086 13078
13078 13086 12733
12724 12733 13086
13087 13085 13084
13085 13087 13088
13086 13085 13088
13089 13088 13087
13088 13089 13090
13088 13090 13086
13090 13091 13086
12724 13086 13091
12723 12724 13091
13092 13090 13089
13090 13092 13093
13091 13090 13093
13094 13091 13093
12723 13091 13094
13092 13095 13093
13094 13093 13095
13095 13092 13096
12692 12723 13094
13097 13094 13095
12692 13094 13097
13096 12691 13095
13097 13095 12691
12688 13097 12691
12692 13097 12688
12691 13096 12690
12684 12720 12692
12720 12684 12685
12858 12855 12794
12794 12731 12858
12731 12794 12734
12734 12794 12792
12731 12729 12858
12794 12855 12793
12738 12734 12792
12755 12738 12792
12738 12755 12740
12717 12729 12728
12729 12717 12857
12707 12857 12717
12726 12717 12728
12856 12796 12793
12796 12856 12798
12798 12853 13098
12853 12846 13098
12846 12800 13098
13098 12800 12798
12800 12842 12801
12842 12804 12801
12804 12842 12817
12841 12817 12842
12817 12841 12819
12841 12822 12819
12822 12841 12832
12789 12802 12807
12807 12788 12789
12788 12807 12808
12814 12788 12808
12788 12814 12787
12825 13099 12823
13099 12825 13100
12829 13100 12825
13100 12829 13101
12831 13101 12829
13101 12831 13102
13103 12823 13099
12823 13103 12821
13103 12820 12821
12820 13103 13104
13105 12820 13104
12820 13105 12818
13106 12818 13105
12818 13106 12816
13106 12815 12816
12815 13106 13107
13107 12813 12815
12813 13107 13108
13108 12810 12813
12810 13108 13109
13110 12810 13109
12810 13110 12811
13030 13029 13019
13021 13030 13019
12677 13111 13112
13111 12677 13113
13114 13111 13113
13111 13114 13115
12675 12677 13112
13112 13116 12675
13112 13111 13116
13111 13115 13117
13111 13117 13116
13116 13117 13118
13117 13119 13118
13117 13115 13119
13118 13119 13120
13118 13120 13121
13122 13118 13121
13116 13118 13122
12676 13116 13122
12675 13116 12676
13122 13123 12676
13123 13122 13124
13122 13121 13124
13124 13125 13123
13123 13126 12676
13126 13123 13127
13125 13127 13123
13127 13128 13126
13128 13127 13129
13129 13130 13128
13130 13129 13131
13132 13129 13127
13127 13125 13132
13129 13132 13133
13133 13131 13129
13132 13134 13133
13134 13132 13135
13125 13135 13132
13135 13125 13136
13135 13137 13134
13137 13135 13138
13138 13139 13137
13139 13138 13140
13141 13140 13138
13140 13141 13142
13143 13140 13142
13142 12745 13143
12745 13142 12746
13140 13143 13144
13143 13145 13144
13145 13143 13146
12745 13146 13143
13145 13147 13144
13148 13144 13147
13144 13148 13149
13149 13140 13144
13140 13149 13139
13147 13145 13150
13151 13139 13149
13139 13151 13152
13153 13145 13146
13145 13153 13154
13154 13150 13145
13155 13154 13153
13153 12759 13155
12760 13155 12759
13155 12760 13156
12759 13153 12762
13154 13155 13157
13156 13157 13155
13157 13156 13158
13156 13159 13158
13159 13156 13160
13161 13158 13159
13158 13161 13162
13163 13162 13161
13162 13163 13164
13165 13162 13164
13162 13165 13166
13158 13166 13157
13166 13158 13162
13164 13167 13165
13167 13164 13168
13169 13166 13165
13166 13169 13170
13170 13157 13166
13168 13171 13167
13172 13167 13171
13167 13172 13173
13173 13165 13167
13165 13173 13169
13173 13172 13174
13174 13169 13173
13171 13168 13175
13175 13168 13176
13164 13176 13168
13176 13164 13163
13169 13174 13177
13177 13170 13169
13178 13177 13174
13178 13150 13177
13170 13177 13150
13150 13154 13170
13150 13178 13147
13157 13170 13154
13171 13179 13172
13171 13180 13179
13180 13171 13175
13178 13174 13181
13182 13178 13181
13178 13182 13183
13184 13183 13182
13183 13184 13185
13185 13148 13183
13148 13178 13183
13148 13147 13178
13148 13185 13186
13187 13186 13185
13184 13187 13185
13186 13187 13188
13186 13149 13148
13149 13186 13151
13188 13151 13186
13187 13184 13189
13190 13187 13189
13187 13190 13191
13191 13188 13187
13188 13191 13192
13192 13193 13188
13151 13188 13193
13193 13152 13151
13152 13193 13194
13194 13195 13152
13195 13194 13196
13197 13194 13193
13193 13192 13197
13194 13197 13198
13196 13194 13198
13199 13198 13197
13198 13199 13200
13198 13200 13201
13201 13196 13198
13201 13202 13196
13202 13201 13203
13203 13204 13202
13204 13203 13205
13206 13205 13203
13205 13206 13207
13208 13207 13206
13209 13208 13206
13209 13203 13201
13203 13209 13206
13200 13209 13201
13208 13209 13210
13200 13210 13209
13207 13208 13211
13212 13211 13208
13210 13212 13208
13211 13212 13213
13205 13214 13204
13131 13204 13214
13204 13131 13215
13215 13202 13204
13214 13205 13216
13217 13211 13213
13211 13217 13218
13218 13207 13211
13205 13219 13216
13219 13205 13207
13207 13218 13219
13220 13219 13218
13219 13220 13221
13221 13216 13219
13216 13221 13222
13222 12668 13216
12668 13214 13216
12668 13222 12667
13223 12667 13222
12667 13223 13224
13225 13224 13223
13224 13225 13226
13226 13227 13224
13227 13226 13228
13229 13228 13226
13228 13229 13230
13224 12665 12667
12665 13224 13227
13227 12663 12665
12663 13227 12669
13231 13222 13221
13222 13231 13223
13232 13223 13231
13223 13232 13225
13233 13225 13232
13225 13233 13234
13234 13226 13225
13226 13234 13229
13233 13235 13234
13235 13233 13236
13237 13232 13231
13232 13237 13238
13217 13238 13237
13238 13217 13239
13238 13239 13240
13241 13240 13239
13240 13241 13242
13241 13243 13242
13243 13241 13244
13239 13213 13241
13213 13239 13217
13213 13244 13241
13245 13232 13238
13245 13238 13240
13232 13245 13246
13244 13213 13212
13212 13247 13244
13247 13243 13244
13247 13248 13243
13247 13249 13248
13249 13247 13199
13247 13212 13250
13197 13249 13199
13249 13197 13251
13212 13210 13250
13210 13200 13250
13250 13200 13247
13200 13199 13247
13252 13242 13243
13242 13252 13253
13254 13253 13252
13252 13255 13254
13255 13252 13256
13243 13256 13252
13256 13243 13248
13253 13254 13257
13258 13253 13257
13253 13258 13259
13259 13242 13253
13260 13259 13258
13259 13260 13261
13262 13261 13260
13261 13262 13263
13263 13264 13261
13262 13265 13263
13265 13262 13266
13266 13267 13265
13267 13266 13268
13256 13269 13255
13269 13256 13270
13271 13270 13256
13271 13272 13270
13272 13271 13273
13274 13272 13273
13272 13274 13275
13276 13272 13275
13275 13277 13276
13277 13275 13278
13274 13278 13275
13272 13276 13279
13270 13279 13269
13279 13270 13272
13278 13274 13280
13273 13271 13249
13271 13248 13249
13248 13271 13256
13251 13273 13249
13192 13273 13251
13192 13251 13197
13191 13273 13192
13273 13191 13274
13191 13280 13274
13280 13191 13190
13281 13276 13277
13276 13281 13282
13276 13283 13279
13283 13276 13282
13284 13279 13283
13279 13284 13269
13285 13269 13284
13269 13285 13255
13285 13254 13255
13254 13285 13286
13286 13257 13254
13257 13286 13287
13288 13257 13287
13257 13288 13258
13288 13260 13258
13260 13288 13289
13289 13262 13260
13262 13289 13290
13290 13266 13262
13266 13290 13291
13291 13268 13266
13268 13291 13292
13293 13294 13295
13294 13293 13296
13297 13294 13296
13294 13297 13298
13299 13298 13297
13298 13299 13189
13297 13300 13299
13300 13297 13301
13296 13301 13297
13301 13296 13302
13293 13295 13303
13182 13295 13294
13295 13182 13181
13294 13184 13182
13184 13294 13298
13189 13184 13298
13181 13304 13295
13304 13303 13295
13303 13304 13305
13306 13305 13304
13305 13306 13307
13307 13308 13305
13308 13307 13309
13310 13305 13308
13305 13310 13303
13304 13174 13306
13174 13304 13181
13311 13306 13174
13311 13307 13306
13312 13310 13308
13309 13312 13308
13312 13309 13313
13310 13312 13314
13315 13314 13312
13307 13311 13316
13316 13309 13307
13316 13311 13317
13317 13311 13172
13172 13311 13174
13314 13315 13318
13318 13315 13319
13318 13320 13314
13321 13314 13320
13321 13310 13314
13293 13310 13321
13322 13321 13320
13302 13321 13322
13302 13323 13321
13323 13293 13321
13322 13320 13324
13320 13325 13324
13320 13318 13325
13326 13318 13319
13326 13325 13318
13327 13325 13326
13325 13327 13328
13324 13325 13328
13329 13316 13317
13317 13330 13329
13331 13316 13329
13316 13331 13332
13329 13330 13333
13333 13330 13334
13334 13330 13335
13335 13330 13336
13330 13337 13336
13179 13337 13330
13317 13172 13330
13179 13330 13172
13309 13316 13332
13332 13313 13309
13338 13313 13332
13339 13338 13332
13338 13339 13340
13339 13332 13341
13341 13332 13331
13338 13340 13342
13342 13313 13338
13313 13342 13343
13344 13342 13340
13345 13342 13344
13346 13342 13345
13343 13342 13346
13346 13347 13343
13347 13319 13343
13315 13343 13319
13312 13343 13315
13313 13343 13312
13345 13344 13348
13348 13344 13349
13349 13350 13348
12662 12673 13351
13351 12664 12662
12664 13351 13352
13352 12666 12664
12666 13352 13353
13353 12668 12666
12668 13353 13354
12676 13352 13351
13351 12673 12676
13352 12676 13126
13126 13353 13352
13353 13126 13128
13128 13354 13353
13214 12668 13354
13354 13131 13214
13131 13354 13130
13354 13128 13130
13131 13133 13215
13133 13355 13215
13202 13215 13355
13196 13202 13355
13355 13133 13134
13195 13196 13355
13195 13355 13134
13137 13195 13134
13137 13152 13195
13152 13137 13139
12767 13153 13146
13153 12767 12762
13146 12745 12767
12768 13156 12760
13156 12768 13160
13356 13125 13357
13124 13357 13125
13356 13136 13125
13358 13136 13356
13358 13359 13136
13358 13064 13359
13064 13358 13065
13066 13359 13064
13359 13066 13360
13066 13141 13360
13141 13066 13068
13068 13142 13141
13142 13068 12746
13138 13360 13141
13360 13138 13135
13360 13135 13359
13359 13135 13136
13358 13069 13065
13069 13358 13361
13069 13361 13362
13069 13362 13072
13363 13072 13362
13072 13363 13074
13364 13363 13362
13362 13361 13364
13364 13361 13365
13361 13366 13365
13366 13361 13367
13356 13367 13361
13368 13365 13366
13365 13368 13369
13369 13364 13365
13364 13369 13370
13363 13364 13370
13366 13371 13368
13371 13366 13372
13367 13372 13366
13372 13373 13371
13373 13372 13374
13374 13372 13367
13367 13375 13374
13357 13375 13367
13356 13357 13367
13374 13376 13373
13376 13374 13377
13375 13377 13374
13377 13378 13376
13378 13377 13379
13377 13375 13379
13379 13380 13378
13380 13379 13120
13119 13380 13120
13380 13119 13381
13115 13381 13119
13381 13115 13114
13121 13120 13379
13375 13121 13379
13124 13121 13375
13124 13375 13357
12669 13382 12648
12648 12646 12669
12646 12655 12669
13382 13228 12648
12648 13228 12650
13230 12650 13228
12650 13230 12651
13227 13382 12669
13227 13228 13382
13231 13220 13237
13220 13231 13221
13218 13237 13220
13237 13218 13217
13240 13261 13245
13261 13240 13259
13242 13259 13240
13264 13245 13261
13245 13264 13246
13246 13264 13233
13233 13264 13236
13236 13264 13383
13263 13383 13264
13383 13263 13265
13265 13384 13383
13384 13265 13267
13383 13385 13236
13385 13383 13384
13386 13236 13385
13236 13386 13235
13232 13246 13233
12652 13387 12649
13387 12652 13388
12647 12649 13387
13303 13310 13293
13296 13293 13323
13296 13323 13302
12640 13389 12641
12645 13389 12640
12776 12775 12993
13358 13356 13361
12909 12910 12921
12921 12936 12933
12922 12936 12921
12912 12908 12937
13390 13391 13392
13391 13390 13393
13392 13391 13394
13390 13395 13393
13395 13396 13393
13396 13395 13397
13396 13397 13398
13399 13396 13398
13400 13401 13402
13402 13401 13403
13400 13404 13401
13405 13404 13400
13404 13405 13406
13405 13407 13406
13407 13405 13408
13409 13407 13408
13402 13403 13410
13403 13411 13410
13410 13411 13412
13412 13411 13413
13412 13413 13414
13413 13415 13414
13414 13415 13416
13415 13417 13416
13418 13416 13417
13418 13417 13419
13418 13419 13420
13420 13419 13421
13422 13420 13421
13422 13423 13420
13423 13424 13420
13424 13423 13425
13425 13426 13424
13426 13425 13427
13428 13426 13427
13426 13428 13429
13430 13429 13428
13429 13430 13431
13432 13431 13430
13431 13432 13433
13434 13433 13432
13433 13434 13435
13436 13435 13434
13435 13436 13437
13438 13437 13436
13437 13438 13439
13438 13440 13439
13440 13438 13441
13441 13442 13440
13442 13441 13443
13444 13445 13446
13446 13445 13447
13444 13446 13448
13448 13449 13444
13450 13449 13448
13451 13450 13448
13450 13451 13452
13452 13451 13453
13452 13453 13454
13454 13453 13455
13454 13455 13456
13455 13421 13456
13421 13455 13457
13422 13421 13457
13423 13422 13458
13422 13459 13458
13459 13422 13460
13460 13461 13459
13461 13460 13462
13462 13463 13461
13463 13462 13464
13464 13465 13463
13465 13464 13466
13467 13468 13469
13468 13467 13470
13471 13472 13473
13472 13471 13474
13473 13475 13471
13475 13473 13476
13477 13478 13479
13478 13477 13480
13481 13480 13477
13480 13481 13482
13483 13482 13481
13482 13483 13484
13483 13485 13484
13485 13483 13486
13487 13485 13486
13485 13487 13488
13489 13490 13491
13490 13489 13492
13493 13490 13492
13490 13493 13494
13493 13495 13494
13495 13493 13496
13491 13497 13489
13497 13491 13498
13499 13500 13501
13500 13499 13502
13503 13502 13499
13502 13503 13504
13505 13506 13507
13506 13505 13508
13509 13510 13511
13510 13509 13512
13513 13512 13509
13512 13513 13514
13515 13514 13513
13514 13515 13516
13510 13517 13511
13517 13510 13518
13519 13520 13521
13522 13519 13521
13521 13520 13523
13524 13523 13520
13524 13525 13523
13526 13525 13524
13527 13526 13524
13522 13528 13519
13528 13522 13529
13528 13529 13530
13531 13530 13529
13531 13532 13530
13531 13533 13532
13534 13535 13536
13536 13537 13534
13535 13538 13536
13534 13537 13539
13539 13537 13540
13540 13541 13539
13540 13542 13541
13543 13542 13540
13544 13545 13546
13545 13547 13546
13544 13546 13548
13549 13544 13548
13548 13550 13549
13549 13550 13551
13551 13552 13549
13553 13552 13551
13545 13554 13547
13547 13554 13555
13554 13556 13555
13556 13557 13555
13556 13558 13557
13557 13558 13559
13558 13560 13559
13559 13560 13561
13562 13561 13560
13562 13563 13561
13562 13564 13563
13564 13565 13563
13566 13565 13564
13567 13566 13564
13568 13567 13564
13567 13568 13569
13570 13569 13568
13569 13570 13571
13570 13572 13571
13572 13570 13573
13573 13574 13572
13574 13573 13575
13575 13576 13574
13576 13575 13577
13577 13578 13576
13578 13577 13579
13579 13580 13578
13580 13579 13581
13581 13582 13580
13582 13581 13583
13584 13582 13583
13582 13584 13585
13586 13585 13584
13585 13586 13587
13588 13589 13590
13589 13591 13590
13588 13592 13589
13592 13588 13593
13594 13592 13593
13595 13592 13594
13594 13596 13595
13596 13597 13595
13596 13598 13597
13598 13599 13597
13598 13600 13599
13565 13599 13600
13599 13565 13601
13566 13601 13565
13566 13567 13602
13603 13566 13602
13566 13603 13604
13605 13604 13603
13604 13605 13606
13607 13606 13605
13606 13607 13608
13609 13608 13607
13608 13609 13610
13611 13612 13613
13612 13611 13614
13615 13616 13617
13616 13615 13618
13619 13618 13615
13618 13619 13620
13621 13622 13623
13622 13621 13624
13624 13625 13622
13625 13624 13626
13626 13627 13625
13627 13626 13628
13629 13627 13628
13627 13629 13630
13629 13631 13630
13631 13629 13632
13633 13634 13635
13634 13633 13636
13634 13637 13635
13637 13634 13638
13639 13637 13638
13637 13639 13640
13641 13636 13633
13636 13641 13642
13643 13644 13645
13644 13643 13646
13646 13647 13644
13647 13646 13648
13649 13650 13651
13650 13649 13652
13653 13654 13655
13654 13653 13656
13656 13657 13654
13657 13656 13658
13658 13659 13657
13659 13658 13660
13661 13653 13655
13653 13661 13662
13663 13664 13665
13666 13664 13663
13664 13667 13665
13668 13665 13667
13668 13667 13669
13670 13668 13669
13671 13668 13670
13666 13663 13672
13672 13673 13666
13672 13674 13673
13675 13673 13674
13675 13674 13676
13675 13676 13677
13678 13679 13680
13678 13681 13679
13679 13681 13682
13683 13679 13682
13683 13684 13679
13685 13684 13683
13685 13686 13684
13686 13685 13687
13687 13688 13686
13688 13687 13689
13689 13690 13688
13690 13689 13691
13692 13691 13689
13692 13689 13687
13692 13687 13693
13691 13692 13694
13694 13695 13691
13695 13694 13696
13697 13692 13693
13691 13698 13690
13698 13691 13695
13695 13699 13698
13699 13695 13700
13696 13700 13695
13700 13701 13699
13701 13700 13702
13703 13701 13702
13701 13703 13704
13705 13704 13703
13704 13705 13706
13707 13706 13705
13705 13708 13707
13708 13705 13709
13703 13709 13705
13710 13707 13708
13707 13710 13711
13711 13712 13707
13706 13707 13712
13712 13711 13713
13714 13713 13711
13713 13714 13715
13709 13703 13716
13716 13717 13709
13718 13715 13714
13715 13718 13719
13708 13720 13710
13717 13721 13709
13709 13721 13708
13708 13721 13722
13722 13720 13708
13723 13722 13721
13717 13723 13721
13722 13723 13724
13724 13720 13722
13723 13725 13724
13725 13723 13726
13726 13727 13725
13723 13717 13728
13726 13723 13728
13717 13729 13728
13716 13729 13717
13730 13729 13716
13731 13730 13716
13731 13732 13730
13733 13730 13732
13733 13729 13730
13732 13734 13733
13732 13731 13735
13731 13702 13735
13731 13703 13702
13703 13731 13716
13736 13729 13733
13728 13729 13736
13737 13728 13736
13726 13728 13737
13737 13738 13726
13738 13727 13726
13733 13739 13736
13733 13734 13739
13739 13740 13736
13737 13736 13740
13737 13740 13741
13737 13741 13738
13742 13739 13734
13740 13739 13743
13743 13739 13742
13738 13741 13744
13740 13745 13741
13743 13745 13740
13746 13743 13742
13745 13743 13747
13743 13748 13747
13748 13743 13746
13747 13748 13749
13750 13747 13749
13750 13745 13747
13745 13750 13751
13751 13741 13745
13750 13752 13751
13752 13750 13753
13750 13749 13753
13753 13749 13754
13754 13755 13753
13756 13753 13755
13753 13756 13752
13741 13751 13757
13752 13757 13751
13757 13752 13758
13759 13757 13758
13759 13744 13757
13749 13748 13760
13761 13754 13749
13749 13760 13761
13756 13762 13752
13752 13762 13758
13758 13762 13763
13764 13758 13763
13764 13759 13758
13764 13765 13759
13766 13763 13762
13767 13763 13766
13767 13764 13763
13767 13768 13764
13764 13768 13765
13768 13767 13769
13767 13770 13769
13767 13766 13770
13766 13771 13770
13772 13765 13768
13772 13768 13773
13773 13768 13774
13768 13769 13774
13774 13769 13775
13775 13776 13774
13773 13774 13776
13776 13777 13773
13773 13777 13778
13773 13778 13772
13775 13769 13779
13780 13779 13769
13769 13770 13780
13771 13780 13770
13781 13765 13772
13772 13782 13781
13778 13782 13772
13782 13783 13781
13783 13782 13784
13784 13785 13783
13784 13782 13786
13786 13782 13778
13787 13784 13786
13787 13788 13784
13784 13788 13785
13787 13789 13788
13786 13790 13787
13791 13790 13786
13778 13777 13791
13786 13778 13791
13780 13792 13779
13793 13779 13792
13794 13793 13792
13795 13793 13794
13794 13796 13795
13796 13797 13795
13794 13792 13798
13794 13798 13796
13799 13796 13798
13798 13800 13799
13801 13799 13800
13799 13801 13802
13803 13802 13801
13802 13803 13804
13805 13804 13803
13804 13805 13806
13806 13807 13804
13807 13802 13804
13808 13802 13807
13799 13802 13808
13808 13797 13796
13796 13799 13808
13808 13809 13797
13807 13809 13808
13807 13806 13810
13810 13809 13807
13809 13810 13811
13811 13812 13809
13812 13811 13813
13814 13812 13813
13812 13814 13815
13812 13815 13816
13816 13817 13812
13812 13817 13809
13817 13816 13818
13819 13817 13818
13818 13820 13819
13814 13821 13815
13816 13815 13821
13821 13814 13822
13823 13821 13822
13821 13823 13824
13823 13825 13824
13826 13816 13821
13818 13816 13826
13826 13820 13818
13821 13827 13826
13820 13826 13828
13828 13826 13827
13825 13829 13824
13830 13829 13825
13829 13830 13831
13831 13832 13829
13832 13831 13833
13834 13833 13831
13834 13831 13830
13835 13833 13834
13835 13832 13833
13832 13835 13836
13828 13827 13837
13837 13827 13838
13839 13837 13838
13840 13824 13829
13836 13840 13832
13840 13829 13832
13840 13836 13841
13828 13837 13842
13843 13828 13842
13843 13842 13844
13845 13843 13844
13842 13846 13844
13847 13843 13845
13847 13848 13843
13848 13820 13843
13843 13820 13828
13848 13819 13820
13775 13847 13845
13779 13847 13775
13779 13793 13847
13848 13847 13793
13845 13776 13775
13845 13849 13776
13844 13849 13845
13846 13849 13844
13850 13849 13846
13846 13851 13850
13850 13851 13852
13853 13852 13851
13852 13853 13854
13852 13854 13790
13851 13855 13853
13855 13851 13856
13856 13837 13855
13837 13857 13855
13839 13857 13837
13858 13857 13839
13839 13859 13858
13858 13859 13860
13860 13859 13861
13859 13862 13861
13862 13859 13863
13863 13859 13864
13864 13859 13839
13864 13865 13863
13865 13864 13866
13866 13864 13841
13838 13864 13839
13864 13838 13867
13867 13841 13864
13868 13867 13838
13867 13868 13824
13824 13868 13821
13841 13867 13840
13867 13824 13840
13860 13869 13858
13858 13869 13870
13858 13870 13857
13821 13868 13827
13868 13838 13827
13710 13871 13872
13873 13871 13710
13874 13873 13710
13720 13874 13710
13875 13874 13720
13876 13874 13875
13875 13877 13876
13877 13878 13876
13877 13789 13878
13789 13877 13788
13788 13877 13879
13875 13879 13877
13724 13879 13875
13875 13720 13724
13724 13725 13879
13788 13879 13785
13725 13785 13879
13725 13727 13785
13727 13783 13785
13878 13789 13880
13880 13789 13787
13880 13787 13881
13881 13787 13790
13790 13854 13881
13727 13882 13783
13738 13882 13727
13783 13882 13781
13744 13882 13738
13883 13882 13744
13781 13882 13883
13883 13765 13781
13883 13744 13759
13759 13765 13883
13744 13741 13757
13791 13852 13790
13850 13852 13791
13791 13777 13850
13850 13777 13849
13849 13777 13776
13755 13884 13885
13884 13755 13886
13887 13755 13885
13888 13885 13884
13884 13889 13888
13889 13884 13890
13891 13889 13890
13892 13891 13890
13892 13884 13886
13884 13892 13890
13893 13891 13892
13892 13894 13893
13889 13891 13895
13885 13888 13896
13896 13887 13885
13892 13761 13894
13895 13803 13889
13803 13888 13889
13803 13895 13805
13888 13803 13801
13800 13888 13801
13888 13800 13896
13897 13896 13800
13800 13798 13897
13897 13898 13896
13897 13899 13898
13898 13887 13896
13898 13900 13887
13898 13771 13900
13899 13771 13898
13771 13899 13780
13756 13887 13900
13900 13762 13756
13766 13762 13900
13766 13900 13771
13756 13755 13887
13897 13792 13899
13780 13899 13792
13798 13792 13897
13754 13886 13755
13892 13886 13754
13754 13761 13892
13761 13901 13894
13901 13902 13894
13902 13901 13903
13903 13901 13904
13905 13902 13903
13905 13903 13904
13905 13904 13746
13902 13905 13906
13742 13906 13905
13746 13742 13905
13906 13742 13907
13734 13907 13742
13907 13734 13908
13734 13909 13908
13909 13734 13732
13760 13901 13761
13901 13760 13904
13748 13904 13760
13904 13748 13746
13910 13909 13732
13732 13911 13910
13911 13732 13912
13732 13913 13912
13913 13732 13735
13913 13735 13702
13913 13914 13912
13912 13914 13915
13911 13912 13915
13700 13913 13702
13913 13700 13914
13700 13696 13914
13914 13696 13916
13914 13916 13915
13917 13911 13915
13911 13917 13918
13911 13918 13910
13918 13917 13919
13920 13910 13918
13919 13921 13918
13921 13920 13918
13922 13917 13915
13916 13922 13915
13923 13917 13922
13923 13919 13917
13923 13924 13919
13919 13924 13925
13921 13919 13925
13926 13920 13921
13925 13927 13921
13921 13927 13928
13928 13926 13921
13927 13929 13928
13930 13929 13927
13930 13927 13925
13925 13931 13930
13931 13925 13924
13930 13931 13932
13932 13933 13930
13930 13933 13929
13933 13934 13929
13934 13933 13935
13936 13935 13933
13933 13932 13936
13924 13937 13931
13932 13931 13937
13937 13938 13932
13939 13938 13937
13929 13940 13928
13941 13929 13934
13929 13941 13940
13936 13932 13942
13932 13938 13942
13938 13943 13942
13944 13943 13938
13944 13938 13939
13944 13939 13945
13946 13942 13943
13947 13946 13943
13947 13943 13944
13947 13944 13948
13944 13945 13948
13948 13949 13947
13947 13949 13950
13947 13950 13946
13946 13950 13951
13952 13948 13945
13952 13953 13948
13953 13954 13948
13948 13954 13949
13954 13955 13949
13955 13954 13956
13953 13956 13954
13956 13953 13957
13953 13958 13957
13953 13952 13958
13955 13959 13949
13960 13949 13959
13949 13960 13950
13951 13950 13960
13961 13952 13945
13952 13961 13962
13958 13952 13962
13962 13961 13963
13963 13964 13962
13964 13963 13965
13964 13966 13962
13966 13958 13962
13967 13966 13964
13967 13964 13968
13964 13965 13968
13967 13968 13969
13966 13967 13970
13971 13966 13970
13958 13971 13957
13966 13971 13958
13960 13959 13972
13973 13972 13959
13974 13972 13973
13975 13974 13973
13974 13975 13976
13976 13975 13977
13974 13978 13972
13974 13976 13978
13979 13978 13976
13978 13979 13980
13979 13981 13980
13981 13979 13982
13982 13983 13981
13983 13982 13984
13984 13985 13983
13985 13984 13986
13987 13986 13984
13987 13984 13982
13988 13987 13982
13979 13988 13982
13988 13976 13977
13976 13988 13979
13988 13977 13989
13987 13988 13989
13986 13987 13990
13989 13990 13987
13990 13989 13991
13992 13991 13989
13991 13992 13993
13992 13994 13993
13994 13992 13995
13992 13996 13995
13996 13992 13997
13992 13989 13997
13997 13998 13996
13999 13998 13997
13998 13999 14000
14001 13994 13995
13996 14001 13995
13994 14001 14002
14001 14003 14002
14003 14001 14004
14003 14004 14005
14006 14001 13996
13998 14006 13996
14006 13998 14000
14001 14006 14007
14000 14008 14006
14008 14007 14006
14005 14004 14009
14009 14010 14005
14010 14009 14011
14012 14011 14009
14011 14012 14013
14014 14011 14013
14014 14010 14011
14015 14014 14013
14012 14015 14013
14015 14012 14016
14008 14017 14007
14017 14018 14007
14019 14018 14017
14020 14009 14004
14020 14016 14012
14020 14012 14009
14016 14020 14021
14008 14022 14017
14023 14022 14008
14023 14024 14022
14025 14024 14023
14022 14024 14026
14027 14025 14023
14027 14023 14028
14028 14023 14000
14023 14008 14000
14028 14000 13999
13955 14025 14027
13959 13955 14027
13959 14027 13973
14028 13973 14027
14025 13955 13956
14025 13956 14029
14024 14025 14029
14026 14024 14029
14030 14026 14029
14026 14030 14031
14030 14032 14031
14033 14031 14032
14032 14034 14033
14032 13970 14034
14031 14033 14035
14035 14036 14031
14036 14035 14017
14017 14035 14037
14019 14017 14037
14038 14019 14037
14019 14038 14039
14038 14040 14039
14040 14041 14039
14042 14039 14041
14039 14042 14043
14043 14044 14039
14044 14019 14039
14045 14044 14043
14044 14045 14046
14046 14021 14044
14044 14018 14019
14018 14044 14047
14021 14047 14044
14048 14018 14047
14047 14004 14048
14004 14001 14048
14047 14021 14020
14047 14020 14004
14040 14038 14049
14001 14007 14048
14048 14007 14018
14038 14050 14049
14038 14037 14050
14051 14052 14053
14054 14051 14053
14054 14053 13719
13718 14054 13719
13718 14055 14054
13718 13714 14055
14055 13714 13871
13871 13714 13872
13872 13714 13711
13710 13872 13711
14056 14057 14058
14057 14056 14059
14060 14057 14059
14057 14060 14061
14062 14056 14058
14063 14056 14062
14056 14063 14064
14065 14064 14063
14065 14063 14066
14065 14066 14067
14068 14069 14070
14069 14071 14070
14071 14069 14072
14072 14073 14071
14073 14072 14074
14075 14076 14077
14075 14077 14078
14079 14080 14081
14082 14081 14080
14082 14083 14081
14083 14082 14084
14084 14085 14083
14085 14084 14086
14087 14080 14079
14080 14087 14088
14088 14089 14080
14087 14090 14088
14082 14080 14091
14089 14091 14080
13817 13797 13809
13819 13797 13817
13795 13797 13819
13795 13819 13848
13848 13793 13795
13837 13856 13842
13846 13842 13856
13846 13856 13851
13935 14092 14093
14092 13935 14094
14095 14094 13935
14094 14096 14092
14097 14092 14096
14092 14097 14098
14097 14099 14098
14100 14098 14099
14092 14100 14093
14100 14092 14098
14101 14100 14099
14100 14101 14102
14099 14097 14103
14096 14094 14104
14104 14094 14095
14100 14102 13941
13983 14103 14097
14096 13983 14097
14103 13983 13985
13983 14096 13981
14096 13980 13981
13980 14096 14104
14105 13980 14104
13980 14105 13978
14105 14104 14106
14105 14106 14107
14106 14104 14095
14106 14095 14108
14106 14108 13951
14107 14106 13951
13951 13960 14107
13936 14108 14095
14108 13936 13942
13946 14108 13942
13946 13951 14108
13936 14095 13935
14105 14107 13972
13960 13972 14107
13978 14105 13972
13934 13935 14093
14100 13934 14093
13934 14100 13941
13941 14102 14109
14110 14109 14102
14109 14110 14111
14111 14112 14109
14110 14113 14111
14113 14112 14111
14113 13926 14112
14113 14110 14114
14114 13920 14113
13926 14113 13920
13920 14114 14115
14115 13910 13920
13910 14115 14116
13909 13910 14116
14109 13940 13941
13940 14109 14112
13928 14112 13926
14112 13928 13940
14117 14118 14119
14118 14117 14120
14118 14121 14119
14121 14118 14122
14123 14120 14117
14117 14124 14123
14124 14117 14125
14126 14124 14125
14126 14127 14124
14126 14128 14127
14129 14130 14131
14132 14131 14130
14131 14132 14133
14134 14133 14132
14133 14134 14135
14136 14137 14138
14136 14139 14137
14140 14141 14142
14143 14142 14141
14144 14143 14141
14143 14144 14145
14146 14145 14144
14145 14146 14147
14148 14140 14142
14142 14149 14148
14149 14142 14150
14148 14149 14151
14143 14152 14142
14150 14142 14152
14153 14154 14155
14154 14153 14156
14156 14157 14154
14156 14158 14157
14158 14156 14159
13694 14158 14159
14157 14158 14160
14158 13694 14160
13694 13692 14160
14156 13916 14159
13916 13696 14159
13696 13694 14159
13916 14156 13922
14153 13922 14156
14154 13965 14155
14155 13965 13963
14157 14161 14154
14154 14161 13965
14157 14162 14161
14162 14157 14160
14162 14160 14163
14160 13692 14163
14163 13692 13697
14164 14162 14163
14162 14164 14165
14162 14165 14161
13968 14161 14165
13968 13965 14161
13969 13968 14165
14165 14166 13969
14165 14164 14166
14166 14167 13969
14167 13967 13969
14167 14168 13967
14168 13970 13967
13970 14168 14034
13963 13961 14169
13961 14170 14169
14170 14171 14169
14170 13961 13945
14171 14172 14169
14172 14171 13924
14172 14155 14169
14172 14153 14155
13923 14153 14172
13923 14172 13924
14153 13923 13922
14155 13963 14169
14171 13937 13924
14170 13939 14171
13939 13937 14171
13939 14170 13945
13971 13970 14032
14030 13971 14032
13971 14030 13957
14030 14029 13957
14029 13956 13957
13997 13989 13977
13999 13997 13977
13975 13999 13977
13975 14028 13999
14028 13975 13973
13685 14173 13687
14173 13693 13687
13685 13683 14173
14017 14022 14036
14026 14036 14022
14026 14031 14036
14174 14175 14176
14175 14174 14177
14177 14174 14178
14174 14179 14178
14174 14176 14180
14179 14174 14180
14175 14177 14181
14181 14177 14182
14182 14177 14178
14183 14182 14178
14182 14183 14184
14175 14181 14185
14185 14181 14182
14184 14185 14182
14186 14175 14185
14186 14185 14187
14184 14187 14185
13680 14186 14187
14184 14188 14187
14188 13680 14187
13680 14188 14189
14188 14184 14189
14184 14190 14189
14191 14190 14184
14183 14191 14184
14190 14191 14192
13680 14189 13678
14190 13678 14189
13678 14190 14192
13681 13678 14192
14192 14191 14193
14194 14192 14193
14192 14194 14195
14192 14195 14196
14192 14196 14197
13681 14192 14197
14198 13681 14197
13680 14199 14186
14175 14186 14199
14199 14200 14175
14179 14201 14202
14203 14204 14205
14205 14206 14203
14206 14205 14207
14206 14207 14208
14207 14209 14208
14209 14210 14208
14211 14212 14213
14211 14214 14212
14214 14211 14215
14216 14214 14215
14215 14217 14216
14214 14216 14218
14215 14219 14217
14219 14215 14220
14221 14220 14215
14215 14211 14221
14222 14219 14220
14222 14220 14223
14223 14220 14224
14224 14220 14225
14224 14225 14226
14225 14227 14226
14220 14227 14225
14220 14228 14227
14223 14229 14222
14229 14230 14222
14231 14230 14229
14232 14230 14231
14233 14230 14232
14234 14230 14233
14235 14230 14234
14236 14233 14232
14236 14232 14237
14238 14236 14237
14238 14237 14239
14240 14236 14238
14240 14233 14236
14233 14240 14241
14241 14240 14242
14243 14242 14240
14238 14243 14240
14244 14243 14238
14245 14237 14232
14237 14245 14246
14246 14245 14247
14241 14248 14233
14233 14248 14249
14250 14248 14241
14251 14237 14246
14237 14251 14239
14252 14251 14246
14246 14247 14252
14253 14243 14244
14244 14254 14253
14255 14254 14244
14244 14256 14255
14257 14256 14244
14257 14244 14258
14258 14259 14257
14259 14258 14260
14258 14239 14260
14260 14239 14261
14261 14262 14260
14261 14263 14262
14264 14262 14263
14262 14264 14265
14266 14264 14263
14264 14266 14267
14264 14267 14268
14265 14264 14268
14261 14269 14263
14263 14231 14266
14263 14270 14231
14270 14263 14271
14271 14263 14269
14231 14229 14266
14262 14272 14260
14272 14273 14260
14273 14272 14274
14259 14260 14273
14275 14259 14273
14276 14259 14275
14276 14277 14259
14278 14277 14276
14278 14276 14279
14280 14278 14279
14276 14275 14281
14281 14282 14276
14279 14276 14282
14279 14282 14283
14283 14280 14279
14283 14284 14280
14284 14285 14280
14284 14286 14285
14287 14284 14283
14288 14287 14283
14289 14281 14275
14275 14290 14289
14290 14275 14273
14281 14289 14291
14292 14282 14281
14282 14292 14293
14294 14282 14293
14282 14294 14283
14289 14290 14295
14291 14289 14295
14296 14293 14292
14294 14293 14296
14297 14287 14288
14298 14287 14297
14299 14287 14298
14300 14287 14299
14301 14300 14299
14301 14299 14302
14300 14301 14303
14303 14304 14300
14300 14304 14305
14300 14305 14306
14287 14300 14306
14306 14307 14287
14306 14308 14307
14301 14302 14309
14310 14301 14309
14311 14301 14310
14312 14301 14311
14307 14308 14313
14284 14307 14313
14287 14307 14284
14313 14314 14284
14284 14314 14286
14314 14315 14286
14314 14316 14315
14313 14316 14314
14311 14317 14312
14312 14317 14318
14319 14318 14317
14318 14319 14320
14312 14318 14221
14221 14301 14312
14321 14301 14221
14322 14318 14320
14318 14322 14228
14323 14322 14320
14320 14319 14323
14228 14324 14318
14324 14228 14220
14220 14318 14324
14221 14318 14220
14221 14325 14321
14325 14221 14326
14221 14211 14326
14327 14321 14325
14321 14327 14303
14303 14301 14321
14326 14211 14213
14213 14325 14326
14327 14325 14213
14328 14329 14330
14331 14329 14328
14328 14332 14331
14332 14328 14333
14333 14334 14332
14334 14333 14335
14336 14335 14333
14335 14336 14337
14338 14333 14328
14336 14333 14338
14338 14328 14339
14330 14339 14328
14338 14340 14336
14340 14341 14336
14342 14340 14338
14338 14339 14342
14343 14340 14342
14344 14343 14342
14344 14345 14343
14342 14346 14344
14346 14342 14347
14342 14339 14347
14346 14347 14348
14348 14349 14346
14350 14349 14348
14350 14351 14349
14351 14352 14349
14352 14351 14353
14346 14349 14354
14349 14352 14354
14354 14355 14346
14346 14355 14344
14348 14285 14350
14285 14348 14347
14356 14355 14354
14355 14356 14357
14358 14357 14356
14357 14358 14359
14360 14359 14358
14285 14361 14350
14362 14361 14285
14363 14361 14362
14361 14363 14364
14364 14350 14361
14365 14364 14363
14366 14364 14365
14350 14364 14366
14367 14359 14360
14367 14357 14359
14357 14367 14368
14368 14355 14357
14355 14368 14369
14369 14368 14370
14370 14371 14369
14371 14370 14372
14368 14373 14370
14372 14370 14373
14373 14368 14374
14372 14373 14375
14345 14369 14371
14369 14345 14344
14344 14355 14369
14373 14374 14376
14375 14373 14376
14377 14378 14379
14380 14378 14377
14380 14377 14381
14381 14377 14382
14382 14377 14379
14381 14341 14380
14378 14380 14343
14380 14340 14343
14380 14341 14340
14383 14384 14385
14384 14386 14385
14383 14387 14384
14387 14383 14257
14388 14387 14257
14388 14389 14387
14384 14389 14386
14387 14389 14384
14388 14257 14277
14259 14277 14257
14390 14388 14277
14391 14388 14390
14392 14391 14390
14392 14390 14329
14329 14390 14278
14390 14277 14278
14329 14278 14330
14330 14278 14280
14339 14330 14280
14339 14280 14347
14347 14280 14285
14386 14389 14393
14285 14286 14362
14394 14395 14396
14394 14397 14395
14395 14397 14398
14217 14395 14398
14217 14396 14395
14396 14399 14394
14400 14394 14399
14401 14400 14399
14400 14401 14402
14403 14400 14402
14403 14402 14404
14403 14404 14405
14406 14401 14399
14399 14396 14406
14401 14406 14407
14407 14406 14222
14405 14404 14408
14404 14409 14408
14404 14402 14409
14402 14410 14409
14411 14410 14402
14412 14410 14411
14412 14409 14410
14412 14413 14409
14414 14409 14413
14408 14409 14414
14408 14414 14415
14415 14414 14416
14414 14413 14416
14416 14413 14417
14417 14413 14418
14416 14417 14419
14419 14417 14420
14417 14418 14420
14420 14418 14421
14420 14421 14422
14421 14418 14423
14421 14423 14424
14418 14425 14423
14425 14426 14423
14424 14423 14426
14424 14426 14427
14428 14424 14427
14424 14428 14429
14430 14424 14429
14424 14430 14431
14421 14424 14431
14432 14429 14428
14430 14429 14432
14433 14421 14431
14422 14421 14433
14427 14426 14434
14434 14426 14435
14436 14434 14435
14427 14434 14436
14435 14426 14437
14437 14426 14425
14437 14425 14438
14438 14425 14439
14439 14425 14418
14439 14418 14440
14440 14441 14439
14438 14439 14441
14438 14441 14442
14442 14441 14443
14443 14441 14444
14444 14441 14440
14438 14442 14445
14445 14442 14446
14442 14443 14446
14440 14418 14413
14440 14413 14412
14444 14440 14447
14447 14440 14448
14448 14440 14412
14448 14449 14447
14450 14447 14449
14447 14450 14451
14452 14447 14451
14444 14447 14452
14449 14448 14453
14453 14448 14412
14412 14454 14453
14453 14454 14455
14412 14456 14454
14455 14454 14456
14235 14449 14453
14453 14457 14235
14453 14455 14457
14458 14449 14235
14450 14449 14458
14458 14235 14459
14458 14459 14460
14459 14461 14460
14234 14461 14459
14459 14235 14234
14233 14461 14234
14461 14233 14462
14463 14461 14462
14460 14461 14463
14464 14463 14462
14460 14463 14465
14465 14463 14464
14235 14457 14230
14455 14466 14457
14466 14407 14457
14230 14457 14407
14230 14407 14222
14407 14466 14467
14467 14466 14468
14466 14469 14468
14466 14455 14469
14401 14407 14470
14401 14470 14471
14472 14401 14471
14402 14401 14472
14406 14219 14222
14219 14406 14396
14396 14217 14219
14216 14217 14398
14218 14216 14398
14394 14473 14474
14474 14473 14475
14475 14473 14403
14473 14400 14403
14394 14400 14473
14354 14352 14476
14476 14352 14477
14352 14353 14477
14244 14238 14258
14258 14238 14239
14239 14478 14261
14261 14478 14269
14335 14337 14479
14334 14335 14479
14232 14231 14270
14480 14262 14481
14262 14480 14272
14480 14274 14272
14274 14480 14482
14480 14481 14483
14482 14480 14483
14484 14485 14486
14487 14485 14484
14487 14484 14488
14486 14488 14484
14488 14486 14489
14488 14489 14490
14491 14488 14490
14487 14488 14491
14490 14492 14491
14492 14493 14491
14494 14491 14493
14487 14491 14494
14493 14492 14495
14492 14496 14495
14496 14492 14497
14496 14497 14498
14499 14498 14497
14498 14499 14500
14494 14501 14487
14501 14494 14502
14494 14503 14502
14504 14502 14503
14501 14502 14504
14503 14494 14505
14492 14490 14506
14507 14492 14506
14492 14507 14497
14508 14507 14506
14506 14509 14508
14509 14506 14510
14509 14510 14511
14507 14508 14512
14513 14507 14512
14514 14513 14512
14515 14513 14514
14516 14513 14515
14516 14517 14513
14517 14516 14518
14518 14519 14517
14519 14518 14520
14521 14519 14520
14522 14519 14521
14511 14510 14490
14506 14490 14510
14517 14497 14513
14497 14507 14513
14519 14499 14517
14499 14497 14517
14523 14499 14519
14523 14519 14524
14524 14519 14522
14525 14524 14522
14526 14523 14524
14523 14526 14527
14528 14499 14523
14528 14523 14529
14529 14523 14527
14530 14528 14529
14500 14528 14530
14500 14499 14528
14531 14500 14530
14532 14500 14531
14498 14500 14532
14529 14533 14530
14533 14529 14534
14535 14533 14534
14536 14529 14527
14537 14529 14536
14537 14534 14529
14538 14534 14537
14535 14534 14538
14537 14536 14539
14539 14536 14540
14540 14541 14539
14539 14542 14537
14539 14543 14542
14539 14541 14543
14544 14545 14493
14494 14493 14545
14494 14545 14505
14505 14545 14546
14546 14545 14544
14547 14548 14549
14548 14550 14551
14550 14552 14553
14554 14555 14556
14555 14554 14557
14558 14556 14555
14559 14558 14555
14559 14555 14560
14560 14561 14559
14561 14560 14562
14557 14554 14563
14564 14561 14562
14565 14564 14562
14566 14564 14565
14567 14564 14566
14567 14561 14564
14561 14567 14568
14556 14558 14569
14570 14569 14558
14569 14570 14571
14572 14571 14570
14571 14572 14573
14574 14571 14573
14574 14573 14575
14573 14576 14575
14573 14572 14576
14571 14574 14577
14576 14578 14575
14576 14579 14578
14578 14579 14580
14579 14581 14580
14576 14582 14579
14583 14579 14582
14579 14583 14584
14579 14584 14585
14579 14585 14581
14582 14576 14586
14576 14572 14586
14570 14586 14572
14587 14586 14570
14558 14587 14570
14588 14587 14558
14559 14588 14558
14589 14588 14559
14590 14589 14559
14589 14590 14591
14591 14590 14592
14592 14590 14593
14593 14590 14594
14594 14590 14561
14590 14559 14561
14592 14593 14595
14596 14524 14597
14526 14524 14596
14598 14599 14600
14601 14602 14603
14604 14601 14603
14601 14604 14605
14604 14606 14605
14605 14606 14607
14606 14604 14608
14605 14607 14609
14609 14610 14605
14611 14605 14610
14605 14611 14601
14612 14610 14609
14612 14613 14610
14613 14614 14610
14614 14615 14610
14614 14616 14615
14615 14616 14617
14610 14615 14617
14610 14617 14618
14613 14612 14619
14619 14612 14620
14621 14619 14620
14622 14621 14620
14623 14622 14620
14624 14623 14620
14625 14624 14620
14626 14622 14623
14626 14627 14622
14628 14627 14626
14628 14629 14627
14630 14628 14626
14630 14626 14623
14623 14631 14630
14631 14632 14630
14633 14630 14632
14628 14630 14633
14634 14628 14633
14627 14635 14622
14635 14627 14636
14636 14637 14635
14631 14623 14638
14623 14639 14638
14640 14631 14638
14627 14641 14636
14641 14627 14629
14642 14636 14641
14636 14642 14637
14643 14634 14633
14634 14643 14644
14645 14634 14644
14634 14645 14646
14647 14634 14646
14647 14648 14634
14649 14648 14647
14648 14649 14650
14648 14650 14629
14650 14651 14629
14651 14650 14652
14651 14652 14653
14652 14654 14653
14654 14652 14655
14654 14656 14653
14656 14654 14657
14654 14658 14657
14655 14658 14654
14651 14653 14659
14653 14656 14621
14660 14653 14621
14653 14660 14661
14661 14659 14653
14621 14656 14619
14652 14650 14662
14663 14662 14650
14662 14663 14664
14649 14663 14650
14665 14663 14649
14666 14665 14649
14666 14649 14667
14668 14666 14667
14668 14669 14666
14670 14669 14668
14666 14671 14665
14671 14666 14672
14669 14672 14666
14669 14673 14672
14673 14669 14670
14673 14670 14674
14674 14670 14675
14674 14675 14676
14677 14673 14674
14678 14673 14677
14671 14679 14665
14680 14665 14679
14665 14680 14663
14679 14671 14681
14672 14682 14671
14682 14672 14683
14672 14684 14683
14684 14672 14673
14679 14685 14680
14681 14685 14679
14686 14682 14683
14684 14686 14683
14687 14678 14677
14688 14687 14677
14689 14688 14677
14677 14690 14689
14691 14689 14690
14691 14692 14689
14690 14693 14691
14693 14690 14694
14690 14695 14694
14690 14696 14695
14690 14677 14696
14696 14677 14697
14696 14697 14698
14691 14699 14692
14700 14699 14691
14701 14700 14691
14702 14701 14691
14697 14703 14698
14674 14703 14697
14677 14674 14697
14703 14674 14704
14674 14676 14704
14704 14676 14705
14704 14705 14706
14703 14704 14706
14701 14702 14707
14702 14708 14707
14708 14709 14707
14709 14708 14710
14702 14611 14708
14611 14702 14691
14711 14611 14691
14708 14712 14710
14712 14708 14618
14713 14710 14712
14710 14713 14709
14618 14708 14714
14714 14610 14618
14610 14714 14708
14611 14610 14708
14715 14611 14711
14611 14715 14716
14611 14716 14601
14711 14717 14715
14717 14711 14693
14693 14711 14691
14716 14602 14601
14602 14716 14715
14717 14602 14715
14718 14719 14720
14721 14718 14720
14722 14718 14721
14718 14722 14723
14724 14723 14722
14723 14724 14725
14725 14726 14723
14726 14725 14727
14728 14718 14723
14726 14728 14723
14728 14729 14718
14719 14718 14729
14728 14726 14730
14730 14726 14731
14732 14728 14730
14728 14732 14729
14733 14732 14730
14734 14732 14733
14734 14733 14735
14732 14734 14736
14736 14737 14732
14732 14737 14729
14736 14738 14737
14738 14736 14739
14740 14738 14739
14740 14739 14741
14742 14741 14739
14741 14742 14743
14736 14744 14739
14739 14744 14742
14744 14736 14745
14736 14734 14745
14738 14740 14675
14675 14737 14738
14745 14746 14744
14746 14745 14747
14747 14748 14746
14748 14747 14749
14750 14748 14749
14675 14740 14751
14752 14675 14751
14751 14753 14752
14753 14751 14754
14740 14754 14751
14755 14753 14754
14756 14755 14754
14754 14740 14756
14757 14750 14749
14747 14757 14749
14757 14747 14758
14745 14758 14747
14758 14745 14759
14759 14760 14758
14760 14759 14761
14761 14762 14760
14763 14758 14760
14762 14763 14760
14758 14763 14764
14762 14765 14763
14759 14735 14761
14735 14759 14734
14734 14759 14745
14763 14766 14764
14765 14766 14763
14767 14768 14769
14769 14770 14767
14770 14771 14767
14771 14772 14767
14772 14768 14767
14771 14770 14731
14770 14769 14733
14770 14733 14730
14770 14730 14731
14773 14774 14775
14775 14774 14776
14777 14773 14775
14773 14777 14647
14778 14647 14777
14778 14777 14779
14775 14776 14779
14777 14775 14779
14778 14667 14647
14649 14647 14667
14780 14667 14778
14781 14780 14778
14782 14780 14781
14782 14720 14780
14720 14668 14780
14780 14668 14667
14720 14719 14668
14719 14670 14668
14729 14670 14719
14729 14737 14670
14737 14675 14670
14776 14783 14779
14675 14752 14676
14784 14785 14786
14784 14786 14787
14786 14788 14787
14607 14788 14786
14785 14607 14786
14789 14785 14784
14784 14790 14789
14790 14791 14789
14791 14790 14792
14793 14792 14790
14793 14794 14792
14793 14795 14794
14791 14796 14789
14785 14789 14796
14796 14791 14797
14797 14612 14796
14795 14798 14794
14794 14798 14799
14794 14799 14792
14792 14799 14800
14801 14792 14800
14802 14801 14800
14802 14800 14799
14802 14799 14803
14804 14803 14799
14798 14804 14799
14798 14805 14804
14805 14806 14804
14804 14806 14803
14806 14807 14803
14807 14808 14803
14806 14809 14807
14809 14810 14807
14807 14810 14808
14810 14811 14808
14810 14812 14811
14811 14813 14808
14811 14814 14813
14808 14813 14815
14815 14813 14816
14814 14816 14813
14814 14817 14816
14814 14818 14817
14818 14814 14819
14814 14820 14819
14820 14814 14821
14811 14821 14814
14822 14818 14819
14820 14822 14819
14823 14821 14811
14812 14823 14811
14817 14824 14816
14824 14825 14816
14826 14825 14824
14817 14826 14824
14825 14827 14816
14827 14815 14816
14827 14828 14815
14828 14829 14815
14829 14808 14815
14829 14830 14808
14830 14829 14831
14828 14831 14829
14828 14832 14831
14832 14833 14831
14833 14834 14831
14834 14830 14831
14828 14835 14832
14835 14836 14832
14832 14836 14833
14830 14803 14808
14830 14802 14803
14834 14837 14830
14837 14838 14830
14838 14802 14830
14839 14838 14837
14837 14840 14839
14840 14837 14841
14842 14841 14837
14834 14842 14837
14838 14839 14843
14843 14802 14838
14802 14843 14844
14843 14845 14844
14802 14844 14846
14845 14846 14844
14625 14843 14839
14843 14625 14847
14843 14847 14845
14848 14625 14839
14840 14848 14839
14848 14849 14625
14848 14850 14849
14849 14850 14851
14624 14849 14851
14849 14624 14625
14623 14624 14851
14851 14852 14623
14853 14852 14851
14850 14853 14851
14854 14852 14853
14850 14855 14853
14855 14854 14853
14625 14620 14847
14856 14845 14847
14797 14856 14847
14620 14797 14847
14620 14612 14797
14856 14797 14857
14857 14858 14856
14856 14858 14859
14845 14856 14859
14791 14860 14797
14791 14861 14860
14862 14861 14791
14792 14862 14791
14796 14612 14609
14609 14785 14796
14607 14785 14609
14606 14788 14607
14608 14788 14606
14784 14863 14864
14863 14865 14864
14865 14793 14864
14864 14793 14790
14790 14784 14864
14744 14866 14742
14866 14867 14742
14742 14867 14743
14634 14648 14628
14648 14629 14628
14629 14651 14868
14651 14659 14868
14725 14869 14727
14724 14869 14725
14622 14660 14621
14870 14652 14662
14652 14870 14871
14664 14870 14662
14870 14664 14872
14870 14873 14871
14872 14873 14870
14874 14875 14876
14877 14874 14876
14877 14878 14874
14878 14875 14874
14875 14878 14879
14878 14880 14879
14881 14880 14878
14877 14881 14878
14882 14880 14881
14883 14882 14881
14884 14883 14881
14877 14884 14881
14882 14883 14885
14886 14882 14885
14882 14886 14887
14886 14888 14887
14888 14889 14887
14889 14888 14890
14891 14884 14877
14884 14891 14892
14893 14884 14892
14894 14893 14892
14891 14894 14892
14884 14893 14895
14880 14882 14896
14882 14897 14896
14897 14882 14887
14897 14898 14896
14899 14896 14898
14896 14899 14900
14899 14901 14900
14898 14897 14902
14903 14902 14897
14904 14902 14903
14905 14904 14903
14906 14905 14903
14907 14906 14903
14906 14907 14908
14909 14908 14907
14908 14909 14910
14911 14910 14909
14912 14911 14909
14901 14880 14900
14896 14900 14880
14907 14903 14887
14887 14903 14897
14909 14907 14889
14889 14907 14887
14913 14909 14889
14913 14914 14909
14914 14912 14909
14915 14912 14914
14913 14916 14914
14916 14913 14917
14918 14913 14889
14918 14919 14913
14919 14917 14913
14920 14919 14918
14890 14920 14918
14890 14918 14889
14921 14920 14890
14922 14921 14890
14888 14922 14890
14923 14919 14920
14919 14923 14924
14925 14924 14923
14926 14917 14919
14927 14926 14919
14927 14919 14924
14928 14927 14924
14925 14928 14924
14927 14929 14926
14929 14930 14926
14930 14929 14931
14929 14927 14932
14929 14932 14933
14929 14933 14931
14934 14883 14935
14884 14935 14883
14884 14895 14935
14895 14936 14935
14936 14934 14935
14937 14938 14939
14939 14940 14941
14941 14942 14943
14944 14945 14946
14945 14944 14947
14948 14945 14947
14949 14945 14948
14949 14950 14945
14951 14950 14949
14950 14951 14952
14946 14953 14944
14954 14952 14951
14955 14952 14954
14956 14955 14954
14957 14956 14954
14951 14957 14954
14957 14951 14958
14947 14959 14948
14959 14960 14948
14960 14959 14961
14961 14962 14960
14962 14961 14963
14961 14964 14963
14964 14965 14963
14963 14965 14966
14963 14966 14962
14964 14961 14967
14966 14965 14968
14966 14968 14969
14968 14970 14969
14969 14970 14971
14972 14966 14969
14969 14973 14972
14973 14969 14974
14969 14975 14974
14969 14971 14975
14966 14972 14976
14966 14976 14962
14960 14962 14976
14977 14960 14976
14948 14960 14977
14978 14948 14977
14949 14948 14978
14979 14949 14978
14980 14949 14979
14979 14981 14980
14981 14982 14980
14982 14983 14980
14983 14984 14980
14984 14951 14980
14980 14951 14949
14982 14985 14983
14986 14987 14914
14916 14986 14914
14988 14989 14990
