byte offset: 0
first index: 56124
index count: 6297
topology: trianglelist
format: DXGI_FORMAT_R16_UINT

14991 14992 14993
14994 14992 14991
14993 14992 14995
14992 14996 14995
14992 14997 14996
14996 14997 14998
14999 14996 14998
14994 14991 15000
14994 15000 15001
15001 15002 14994
15000 15003 15001
15001 15003 15004
15001 15004 15005
15001 15005 15006
15007 15001 15006
15002 15001 15007
15008 15002 15007
15009 15008 15007
15007 15006 15010
15007 15010 15011
15012 15011 15010
15013 15011 15012
15014 15011 15013
15012 15010 15015
15010 15016 15015
15010 15017 15016
15006 15017 15010
15018 15007 15011
15009 15007 15018
15018 15011 15019
15011 15014 15019
15020 15018 15019
15021 15018 15020
15009 15018 15022
15018 15023 15022
15018 15021 15023
15024 15009 15022
15024 15022 15025
15026 15024 15025
15026 15025 15027
15026 15027 15028
15026 15028 15029
15030 15026 15029
15030 15029 15031
15030 15031 15032
15031 15029 15033
15031 15033 15034
15032 15031 15034
15032 15034 15035
15035 15034 15036
15034 15037 15036
15034 15033 15037
15038 15030 15032
15038 15032 15039
15039 15032 15035
15040 15038 15039
14997 15041 15042
14997 15042 14998
14998 15042 15043
14998 15043 14999
14999 15043 15044
15043 15045 15044
15046 15047 15048
15049 15046 15048
15047 15050 15048
15048 15050 15051
15048 15051 15052
15051 15053 15052
15052 15053 15054
15055 15053 15051
15053 15056 15054
15053 15055 15056
15049 15057 15046
15058 15057 15049
15049 15059 15058
15057 15058 15060
15058 15061 15060
15058 15062 15061
15058 15063 15062
15064 15063 15058
15064 15058 15059
15065 15064 15059
15064 15066 15063
15064 15067 15066
15068 15066 15067
15069 15068 15067
15070 15069 15067
15068 15071 15066
15066 15071 15072
15066 15072 15073
15063 15066 15073
15074 15067 15064
15075 15074 15064
15075 15064 15065
15074 15076 15067
15067 15076 15070
15077 15076 15074
15078 15077 15074
15075 15079 15074
15074 15079 15080
15074 15080 15078
15081 15079 15075
15081 15082 15079
15083 15082 15081
15083 15084 15082
15083 15085 15084
15083 15086 15085
15087 15086 15083
15087 15088 15086
15088 15089 15086
15088 15090 15089
15090 15091 15089
15090 15092 15091
15093 15092 15090
15094 15090 15088
15094 15088 15087
15093 15090 15094
15095 15094 15087
15096 15094 15095
15096 15093 15094
15097 15096 15095
15056 15098 15099
15055 15098 15056
15100 15101 15102
15103 15102 15101
15102 15103 15104
15104 15105 15102
15105 15104 15106
15106 15107 15105
15105 15107 15108
15107 15106 15109
15109 15110 15107
15110 15109 15111
15112 15104 15103
15104 15112 15113
15113 15106 15104
15114 15113 15112
15113 15114 15115
15115 15116 15113
15106 15113 15116
15116 15109 15106
15116 15115 15117
15117 15118 15116
15109 15116 15118
15118 15111 15109
15118 15117 15119
15120 15119 15117
15119 15120 15121
15121 15122 15119
15122 15121 15123
15119 15124 15118
15124 15119 15122
15111 15118 15124
15125 15115 15114
15115 15125 15126
15126 15117 15115
15117 15126 15120
15127 15120 15126
15127 15121 15120
15128 15126 15125
15126 15128 15129
15126 15129 15127
15130 15128 15125
15125 15131 15130
15128 15130 15132
15132 15130 15133
15130 15131 15133
15131 15134 15133
15122 15135 15124
15135 15111 15124
15111 15135 15136
15137 15136 15135
15138 15137 15135
15137 15138 15139
15140 15139 15138
15139 15140 15141
15136 15137 15142
15142 15143 15136
15143 15142 15144
15143 15144 15145
15110 15136 15143
15136 15110 15111
15135 15122 15138
15123 15138 15122
15138 15123 15140
15139 15146 15137
15146 15139 15147
15148 15146 15147
15139 15149 15147
15149 15139 15141
15150 15147 15149
15147 15150 15151
15152 15147 15151
15152 15148 15147
15153 15149 15141
15149 15153 15154
15110 15143 15155
15143 15156 15155
15157 15155 15156
15156 15158 15157
15158 15159 15157
15159 15160 15157
15155 15157 15161
15161 15162 15155
15162 15161 15163
15163 15108 15162
15108 15163 15164
15107 15162 15108
15162 15107 15110
15110 15155 15162
15165 15108 15164
15105 15108 15165
15166 15105 15165
15166 15102 15105
15100 15102 15166
15167 15100 15168
15169 15167 15168
15169 15168 15170
15167 15169 15171
15167 15101 15100
15101 15167 15172
15172 15167 15171
15103 15101 15172
15112 15103 15172
15112 15172 15173
15173 15172 15171
15134 15173 15171
15112 15173 15131
15134 15131 15173
15112 15131 15114
15125 15114 15131
15143 15174 15156
15143 15145 15174
15144 15175 15145
15144 15176 15175
15176 15144 15177
15144 15142 15177
15142 15178 15177
15179 15178 15142
15179 15142 15137
15180 15179 15137
15146 15180 15137
15181 15182 15183
15182 15184 15183
15184 15185 15183
15185 15186 15183
15183 15187 15181
15187 15183 15188
15186 15188 15183
15154 15187 15188
15188 15186 15150
15149 15188 15150
15154 15188 15149
15150 15186 15189
15151 15150 15189
15151 15189 15190
15151 15190 15191
15152 15151 15191
15181 15192 15182
15141 15193 15153
15193 15141 15140
15140 15194 15193
15194 15140 15123
15123 15195 15194
15195 15123 15121
15121 15127 15195
15196 15197 15198
15199 15196 15198
15198 15200 15199
15198 15201 15200
15202 15200 15201
15202 15203 15200
15203 15202 15204
15200 15205 15199
15203 15205 15200
15202 15206 15204
15207 15208 15209
15210 15207 15209
15211 15212 15213
15212 15214 15213
15213 15214 15215
15216 15217 15218
15219 15216 15218
15219 15218 15220
15221 15222 15223
15222 15221 15224
15225 15223 15222
15223 15225 15226
15223 15227 15221
15227 15223 15228
15226 15228 15223
15228 15226 15229
15228 15230 15227
15230 15228 15231
15229 15231 15228
15231 15229 15232
15233 15224 15221
15224 15233 15234
15235 15234 15233
15233 15236 15235
15237 15235 15236
15236 15238 15237
15239 15237 15238
15239 15240 15237
15235 15237 15240
15240 15239 15241
15238 15236 15242
15243 15242 15236
15236 15233 15243
15242 15243 15244
15234 15235 15245
15240 15245 15235
15221 15243 15233
15243 15221 15227
15227 15244 15243
15244 15227 15230
15241 15246 15240
15245 15240 15246
15246 15247 15245
15247 15246 15248
15249 15248 15246
15246 15241 15249
15248 15249 15250
15247 15234 15245
15247 15251 15234
15252 15234 15251
15224 15234 15252
15253 15224 15252
15224 15253 15222
15254 15222 15253
15222 15254 15225
15255 15256 15257
15255 15258 15256
15256 15259 15257
15260 15255 15257
15257 15261 15260
15258 15262 15256
15262 15263 15256
15256 15263 15259
15262 15264 15263
15263 15265 15259
15264 15266 15263
15266 15264 15267
15266 15268 15263
15263 15268 15265
15266 15269 15268
15255 15260 15270
15271 15270 15260
15270 15271 15272
15273 15271 15260
15260 15274 15273
15274 15260 15261
15275 15274 15261
15275 15276 15274
15276 15275 15277
15278 15277 15275
15277 15278 15279
15274 15280 15273
15280 15274 15276
15281 15273 15280
15273 15281 15282
15283 15279 15278
15279 15283 15284
15283 15285 15284
15286 15282 15281
15282 15286 15287
15286 15288 15287
15288 15286 15289
15289 15290 15288
15290 15289 15291
15288 15292 15287
15292 15288 15293
15293 15288 15290
15294 15287 15292
15295 15282 15287
15295 15287 15294
15296 15282 15295
15297 15282 15296
15297 15273 15282
15297 15271 15273
15272 15271 15297
15298 15290 15291
15293 15290 15299
15299 15290 15298
15300 15301 15302
15302 15303 15300
15304 15300 15303
15300 15304 15305
15305 15301 15300
15306 15305 15304
15305 15306 15307
15307 15308 15305
15301 15305 15308
15308 15307 15309
15310 15307 15306
15307 15310 15311
15311 15309 15307
15312 15311 15310
15311 15312 15313
15313 15314 15311
15309 15311 15314
15314 15313 15267
15269 15313 15312
15313 15269 15266
15267 15313 15266
15269 15315 15316
15269 15317 15315
15317 15318 15315
15319 15318 15317
15320 15315 15318
15315 15320 15316
15320 15321 15316
15322 15318 15319
15318 15323 15320
15318 15322 15324
15324 15323 15318
15325 15323 15324
15326 15325 15324
15327 15326 15324
15322 15327 15324
15327 15328 15326
15326 15329 15325
15328 15330 15326
15326 15330 15331
15331 15329 15326
15332 15329 15331
15333 15331 15330
15331 15333 15334
15334 15332 15331
15333 15335 15334
15335 15336 15334
15332 15334 15336
15268 15316 15337
15268 15337 15265
15269 15316 15268
15338 15339 15340
15339 15338 15341
15342 15341 15338
15341 15342 15343
15344 15343 15342
15343 15344 15345
15346 15345 15344
15345 15346 15347
15348 15347 15346
15347 15348 15349
15350 15349 15348
15350 15351 15349
15352 15353 15354
15353 15352 15355
15355 15356 15353
15356 15355 15357
15354 15358 15352
15358 15354 15359
15359 15360 15358
15360 15359 15361
15352 15362 15355
15355 15362 15357
15362 15352 15363
15364 15358 15360
15358 15364 15365
15352 15365 15363
15365 15352 15358
15366 15365 15364
15365 15366 15367
15367 15363 15365
15363 15367 15368
15363 15368 15369
15362 15363 15369
15370 15367 15366
15367 15370 15371
15371 15368 15367
15368 15371 15372
15369 15368 15373
15372 15373 15368
15373 15372 15374
15370 15375 15371
15375 15370 15376
15376 15377 15375
15378 15375 15377
15375 15378 15379
15379 15371 15375
15371 15379 15372
15380 15379 15378
15379 15380 15381
15381 15372 15379
15372 15381 15374
15377 15376 15382
15378 15383 15380
15383 15378 15384
15377 15384 15378
15384 15385 15383
15385 15384 15386
15387 15386 15384
15384 15377 15387
15382 15387 15377
15386 15387 15388
15389 15388 15387
15387 15382 15389
15388 15389 15390
15386 15391 15385
15391 15386 15392
15388 15392 15386
15392 15393 15391
15393 15392 15394
15395 15394 15392
15392 15388 15395
15390 15395 15388
15394 15395 15396
15397 15396 15395
15395 15390 15397
15396 15397 15398
15394 15399 15393
15399 15394 15400
15396 15400 15394
15400 15401 15399
15401 15400 15402
15403 15402 15400
15400 15396 15403
15398 15403 15396
15402 15403 15404
15405 15404 15403
15403 15398 15405
15404 15405 15406
15402 15407 15401
15407 15402 15408
15404 15408 15402
15408 15409 15407
15409 15408 15410
15411 15410 15408
15408 15404 15411
15406 15411 15404
15410 15411 15412
15413 15412 15411
15411 15406 15413
15412 15413 15414
15413 15415 15414
15415 15413 15416
15406 15416 15413
15416 15417 15415
15417 15416 15418
15418 15419 15417
15419 15418 15420
15405 15421 15406
15421 15418 15416
15416 15406 15421
15422 15420 15418
15418 15421 15422
15423 15422 15421
15422 15423 15424
15424 15425 15422
15420 15422 15425
15425 15424 15426
15421 15405 15423
15427 15426 15424
15426 15427 15428
15429 15428 15427
15428 15429 15430
15427 15431 15429
15431 15427 15432
15424 15432 15427
15432 15424 15423
15432 15397 15431
15397 15432 15398
15423 15398 15432
15398 15423 15405
15433 15430 15429
15430 15433 15434
15435 15434 15433
15434 15435 15436
15433 15437 15435
15437 15433 15438
15429 15438 15433
15438 15429 15431
15438 15389 15437
15389 15438 15390
15431 15390 15438
15390 15431 15397
15439 15436 15435
15436 15439 15440
15441 15440 15439
15440 15441 15442
15439 15443 15441
15443 15439 15444
15435 15444 15439
15444 15435 15437
15444 15376 15443
15376 15444 15382
15437 15382 15444
15382 15437 15389
15370 15443 15376
15443 15370 15445
15445 15441 15443
15370 15446 15445
15446 15370 15366
15366 15447 15446
15447 15366 15364
15364 15448 15447
15448 15364 15360
15360 15449 15448
15449 15360 15361
15450 15448 15449
15448 15450 15451
15451 15447 15448
15452 15451 15450
15451 15452 15453
15454 15453 15452
15453 15454 15455
15456 15451 15453
15453 15455 15456
15451 15456 15457
15447 15451 15457
15457 15446 15447
15446 15457 15458
15457 15459 15458
15456 15459 15457
15459 15460 15458
15460 15461 15458
15445 15458 15461
15458 15445 15446
15461 15460 15462
15441 15445 15461
15461 15442 15441
15442 15461 15462
15463 15464 15465
15465 15466 15463
15466 15465 15467
15467 15468 15466
15468 15469 15466
15469 15468 15470
15471 15470 15468
15472 15471 15468
15468 15467 15472
15471 15472 15473
15473 15474 15471
15474 15475 15471
15470 15471 15475
15475 15474 15476
15477 15476 15474
15478 15477 15474
15474 15473 15478
15477 15478 15479
15476 15477 15480
15481 15466 15469
15463 15466 15481
15481 15469 15482
15483 15481 15482
15483 15463 15481
15484 15463 15483
15484 15483 15485
15486 15475 15476
15475 15486 15487
15488 15476 15480
15476 15488 15486
15488 15489 15486
15489 15488 15490
15491 15486 15489
15486 15491 15487
15492 15487 15491
15487 15492 15493
15470 15487 15493
15493 15469 15470
15469 15493 15494
15487 15470 15475
15495 15493 15492
15493 15495 15494
15496 15494 15495
15494 15496 15497
15497 15498 15494
15498 15469 15494
15498 15482 15469
15483 15482 15498
15483 15498 15497
15499 15483 15497
15497 15500 15499
15497 15496 15500
15499 15485 15483
15499 15500 15501
15502 15503 15504
15503 15502 15505
15504 15506 15502
15506 15504 15507
15507 15508 15506
15508 15507 15509
15509 15510 15508
15510 15509 15511
15511 15512 15510
15512 15511 15513
15514 15512 15513
15514 15513 15515
15503 15505 15516
15503 15516 15517
15503 15517 15518
15519 15520 15515
15520 15519 15521
15522 15521 15519
15521 15522 15523
15524 15523 15522
15523 15524 15525
15526 15525 15524
15525 15526 15527
15528 15527 15526
15527 15528 15529
15515 15530 15519
15531 15522 15519
15532 15524 15522
15522 15531 15532
15526 15524 15533
15524 15532 15533
15534 15526 15533
15526 15534 15528
15535 15528 15534
15536 15528 15535
15536 15529 15528
15537 15536 15535
15536 15537 15538
15537 15539 15538
15539 15537 15540
15540 15541 15539
15541 15540 15542
15542 15543 15541
15543 15542 15544
15544 15545 15543
15545 15544 15546
15546 15547 15545
15547 15546 15548
15548 15549 15547
15549 15548 15550
15550 15551 15549
15551 15550 15552
15552 15553 15551
15553 15552 15554
15554 15555 15553
15555 15554 15556
15556 15557 15555
15557 15556 15558
15557 15559 15555
15559 15557 15560
15560 15557 15561
15557 15558 15561
15561 15562 15560
15561 15558 15563
15561 15563 15564
15561 15564 15562
15551 15553 15565
15565 15553 15566
15553 15555 15566
15555 15567 15566
15555 15559 15567
15565 15566 15568
15569 15566 15567
15568 15566 15570
15570 15566 15569
15565 15568 15571
15572 15565 15571
15573 15572 15571
15574 15573 15571
15573 15574 15575
15576 15573 15575
15573 15576 15577
15551 15565 15572
15551 15572 15549
15572 15578 15549
15573 15578 15572
15573 15579 15578
15579 15573 15577
15579 15580 15578
15580 15579 15581
15578 15547 15549
15547 15578 15580
15582 15581 15579
15582 15579 15577
15583 15582 15577
15581 15582 15584
15584 15582 15585
15585 15582 15583
15586 15587 15588
15587 15586 15589
15586 15590 15589
15590 15586 15591
15591 15592 15590
15592 15591 15593
15594 15592 15593
15592 15594 15595
15596 15595 15594
15595 15596 15597
15598 15597 15596
15597 15598 15599
15600 15588 15587
15588 15600 15601
15602 15603 15604
15603 15602 15605
15605 15606 15603
15605 15602 15607
15605 15608 15606
15605 15607 15609
15609 15608 15605
15262 15604 15603
15603 15264 15262
15603 15606 15264
15258 15604 15262
15610 15611 15612
15611 15610 15285
15612 15611 15613
15285 15610 15284
15484 15614 15464
15463 15484 15464
15615 15616 15617
15616 15615 15618
15617 15619 15615
15619 15617 15620
15621 15617 15616
15617 15621 15622
15622 15620 15617
15620 15622 15623
15624 15622 15621
15622 15624 15625
15625 15623 15622
15623 15625 15626
15618 15627 15616
15627 15618 15628
15628 15629 15627
15630 15627 15629
15629 15631 15630
15632 15630 15631
15633 15632 15631
15634 15633 15631
15631 15629 15634
15633 15634 15635
15630 15632 15636
15636 15637 15630
15627 15630 15637
15637 15636 15638
15629 15628 15639
15639 15634 15629
15637 15616 15627
15616 15637 15621
15638 15621 15637
15621 15638 15624
15640 15635 15634
15634 15639 15640
15641 15640 15639
15640 15641 15642
15642 15643 15640
15635 15640 15643
15643 15642 15644
15641 15639 15628
15641 15628 15645
15646 15645 15628
15618 15646 15628
15618 15647 15646
15647 15618 15615
15615 15648 15647
15648 15615 15619
15649 15650 15651
15649 15651 15652
15651 15650 15653
15650 15649 15654
15654 15655 15650
15655 15654 15656
15652 15651 15657
15657 15651 15658
15651 15653 15658
15657 15658 15659
15659 15658 15660
15660 15661 15659
15660 15658 15662
15660 15662 15663
15658 15664 15662
15658 15653 15664
15662 15664 15665
15666 15663 15662
15662 15665 15666
15663 15666 15667
15668 15667 15666
15667 15668 15669
15670 15667 15669
15671 15667 15670
15663 15667 15671
15672 15671 15670
15673 15672 15670
15669 15674 15670
15670 15675 15673
15675 15670 15674
15676 15675 15674
15677 15675 15676
15678 15675 15677
15673 15675 15678
15678 15677 15679
15677 15676 15680
15679 15677 15681
15677 15682 15681
15682 15677 15680
15683 15682 15680
15682 15684 15681
15684 15682 15685
15683 15685 15682
15684 15685 15686
15686 15685 15687
15685 15683 15687
15688 15689 15690
15689 15688 15691
15688 15692 15691
15692 15688 15693
15690 15693 15688
15693 15694 15692
15694 15693 15695
15696 15695 15693
15693 15690 15696
15695 15696 15697
15695 15698 15694
15698 15695 15699
15697 15699 15695
15699 15700 15698
15700 15699 15701
15702 15701 15699
15699 15697 15702
15701 15702 15661
15701 15663 15700
15663 15701 15660
15661 15660 15701
15703 15704 15705
15704 15703 15706
15705 15707 15703
15707 15705 15708
15708 15709 15707
15709 15708 15710
15710 15711 15709
15711 15710 15712
15712 15713 15711
15713 15712 15714
15715 15713 15714
15715 15714 15716
15717 15718 15719
15718 15717 15720
15721 15719 15718
15719 15721 15722
15723 15722 15721
15722 15723 15724
15725 15724 15723
15724 15725 15726
15727 15726 15725
15726 15727 15728
15729 15728 15727
15720 15717 15730
15729 15731 15728
15717 15732 15730
15733 15734 15731
15734 15733 15735
15735 15736 15734
15736 15735 15737
15737 15738 15736
15738 15737 15739
15739 15740 15738
15740 15739 15741
15741 15742 15740
15742 15741 15743
15744 15734 15736
15736 15738 15745
15745 15744 15736
15746 15745 15738
15740 15746 15738
15740 15747 15746
15747 15740 15742
15748 15747 15742
15749 15748 15742
15749 15742 15743
15749 15750 15748
15750 15749 15751
15752 15750 15751
15750 15752 15753
15754 15753 15752
15753 15754 15755
15756 15755 15754
15755 15756 15757
15758 15757 15756
15757 15758 15759
15760 15759 15758
15759 15760 15761
15762 15761 15760
15761 15762 15763
15764 15763 15762
15763 15764 15765
15766 15765 15764
15765 15766 15767
15768 15767 15766
15769 15768 15766
15768 15769 15770
15767 15768 15771
15772 15771 15768
15771 15772 15773
15774 15770 15769
15775 15774 15769
15776 15775 15769
15777 15776 15769
15777 15769 15766
15764 15777 15766
15772 15768 15778
15768 15770 15778
15778 15779 15772
15779 15780 15772
15772 15780 15773
15780 15779 15781
15780 15782 15773
15780 15783 15782
15780 15781 15783
15777 15784 15776
15784 15777 15785
15764 15785 15777
15764 15762 15785
15786 15784 15785
15786 15785 15787
15762 15787 15785
15787 15762 15760
15788 15784 15786
15786 15789 15788
15790 15789 15786
15786 15791 15790
15791 15786 15792
15786 15787 15792
15793 15791 15792
15794 15791 15793
15795 15794 15793
15796 15795 15793
15797 15796 15793
15797 15793 15792
15797 15792 15798
15792 15787 15798
15798 15787 15760
15799 15800 15801
15800 15799 15802
15803 15801 15800
15801 15803 15804
15801 15804 15805
15805 15806 15801
15806 15799 15801
15807 15805 15804
15803 15808 15804
15808 15803 15809
15809 15810 15808
15810 15809 15811
15811 15656 15810
15656 15811 15812
15812 15813 15656
15813 15812 15814
15814 15815 15813
15815 15814 15816
15654 15810 15656
15816 15817 15815
15817 15816 15818
15810 15654 15819
15819 15654 15820
15649 15820 15654
15820 15821 15819
15822 15810 15819
15821 15822 15819
15822 15808 15810
15822 15823 15808
15823 15824 15808
15824 15804 15808
15824 15807 15804
15817 15818 15825
15818 15826 15825
15826 15827 15825
15827 15826 15828
15828 15829 15827
15830 15831 15832
15831 15830 15833
15834 15830 15832
15830 15834 15835
15836 15835 15834
15835 15836 15837
15836 15838 15837
15838 15836 15839
15839 15840 15838
15840 15839 15841
15841 15842 15840
15842 15841 15843
15831 15833 15844
15833 15845 15844
15846 15847 15848
15847 15846 15849
15848 15847 15850
15848 15851 15846
15848 15850 15852
15848 15853 15851
15853 15848 15852
15657 15847 15849
15847 15657 15659
15847 15659 15850
15652 15657 15849
15854 15802 15799
15855 15854 15799
15806 15855 15799
15414 15856 15857
15856 15414 15858
15859 15414 15857
15414 15859 15412
15860 15412 15859
15412 15860 15410
15861 15410 15860
15410 15861 15409
15860 15862 15861
15862 15860 15863
15859 15863 15860
15863 15859 15864
15857 15864 15859
15865 15857 15856
15865 15856 15866
15866 15856 15858
15857 15865 15867
15864 15857 15867
15868 15863 15864
15868 15864 15867
15863 15868 15869
15870 15862 15863
15869 15870 15863
15862 15870 15871
15872 15873 15866
15874 15873 15872
15872 15866 15858
15480 15875 15876
15875 15480 15477
15877 15876 15875
15875 15878 15877
15878 15875 15879
15477 15879 15875
15876 15877 15880
15881 15877 15878
15877 15881 15882
15882 15880 15877
15881 15883 15882
15883 15884 15882
15880 15882 15884
15884 15883 15885
15886 15885 15883
15887 15886 15883
15883 15881 15887
15886 15887 15888
15888 15889 15886
15889 15890 15886
15885 15886 15890
15890 15889 15891
15889 15888 15892
15892 15893 15889
15893 15892 15894
15894 15895 15893
15896 15893 15895
15893 15896 15897
15897 15889 15893
15889 15897 15891
15895 15894 15898
15898 15899 15895
15899 15898 15900
15901 15895 15899
15895 15901 15896
15899 15902 15901
15902 15899 15903
15900 15903 15899
15903 15904 15902
15904 15903 15905
15906 15905 15903
15903 15900 15906
15905 15906 15907
15907 15908 15905
15905 15909 15904
15909 15905 15910
15905 15908 15910
15908 15907 15911
15879 15477 15479
15912 15531 15519
15530 15912 15519
15913 15480 15876
15480 15913 15488
15876 15914 15913
15915 15913 15914
15913 15915 15916
15916 15488 15913
15914 15876 15880
15914 15917 15915
15917 15914 15918
15880 15918 15914
15919 15917 15918
15884 15919 15918
15918 15880 15884
15919 15884 15920
15920 15921 15919
15921 15922 15919
15917 15919 15922
15922 15921 15923
15924 15923 15921
15925 15924 15921
15921 15920 15925
15924 15925 15926
15923 15924 15927
15928 15927 15924
15927 15928 15929
15930 15929 15928
15928 15931 15930
15931 15928 15932
15932 15924 15926
15924 15932 15928
15929 15930 15933
15934 15933 15930
15933 15934 15935
15936 15930 15931
15930 15936 15934
15937 15934 15936
15934 15937 15938
15938 15935 15934
15939 15938 15937
15938 15939 15940
15940 15941 15938
15935 15938 15941
15941 15940 15942
15942 15940 15943
15944 15940 15939
15940 15944 15945
15940 15945 15943
15943 15946 15942
15488 15916 15490
15734 15947 15948
15947 15734 15744
15731 15734 15948
15949 15950 15951
15950 15952 15951
15952 15953 15951
15954 15951 15953
15951 15954 15955
15949 15951 15955
15956 15949 15955
15954 15957 15955
15957 15956 15955
15957 15958 15956
15953 15952 15959
15960 15959 15952
15952 15961 15960
15959 15960 15962
15963 15962 15960
15962 15963 15964
15953 15965 15954
15965 15957 15954
15965 15953 15966
15959 15966 15953
15966 15967 15965
15967 15966 15968
15969 15968 15966
15966 15959 15969
15962 15969 15959
15968 15969 15970
15971 15970 15969
15969 15962 15971
15964 15971 15962
15970 15971 15972
15972 15973 15970
15973 15972 15974
15975 15974 15972
15974 15975 15976
15977 15972 15971
15972 15977 15975
15971 15964 15977
15968 15978 15967
15978 15979 15967
15965 15967 15979
15965 15979 15980
15981 15980 15979
15978 15968 15982
15970 15982 15968
15982 15970 15973
15983 15982 15973
15974 15983 15973
15982 15984 15978
15984 15982 15985
15982 15983 15985
15984 15986 15978
15978 15986 15979
15986 15987 15979
15987 15981 15979
15986 15984 15988
15988 15987 15986
15989 15975 15977
15964 15989 15977
15989 15964 15990
15990 15991 15989
15991 15992 15989
15992 15991 15993
15993 15994 15992
15994 15993 15995
15991 15990 15996
15997 15996 15990
15996 15997 15998
15997 15999 15998
15963 15990 15964
15990 15963 15997
15975 15989 15992
15992 15976 15975
15976 15992 15994
16000 15993 15991
15993 16000 16001
16002 16001 16000
15993 16003 15995
16003 15993 16001
16001 16004 16003
16004 16001 16005
16006 16005 16001
16006 16001 16002
16003 16007 15995
16007 16003 16008
15963 16009 15997
15997 16009 16010
16009 16011 16010
16010 16011 16012
16012 16011 16013
16013 16011 16014
16011 16009 16015
16016 16015 16009
16015 16016 16017
15961 16017 16016
16017 15961 16018
16016 15960 15961
15960 16016 15963
15963 16016 16009
16019 16018 15961
15952 16019 15961
15950 16019 15952
15997 16010 16020
15997 16020 15999
15998 15999 16021
15998 16021 16022
16022 16023 15998
15998 16023 15996
15996 16023 16024
16025 15996 16024
16025 15991 15996
16026 15991 16025
16000 15991 16026
16027 16028 15956
15958 16027 15956
16027 16029 16028
15956 16028 15949
15958 15957 15980
15965 15980 15957
15981 15958 15980
16030 16031 16032
16032 16031 16033
16033 16031 16034
16034 16031 16035
16036 16031 16030
16031 16036 16037
16037 16035 16031
16008 16037 16036
16035 16037 16004
16003 16004 16037
16008 16003 16037
16004 16038 16035
16005 16038 16004
16005 16039 16038
16005 16040 16039
16006 16040 16005
16030 16032 16041
16042 15995 16007
15995 16042 15994
16043 15994 16042
15994 16043 15976
16044 15976 16043
15976 16044 15974
15983 15974 16044
16045 16046 16047
16046 16045 16048
16049 16046 16048
16047 16050 16045
16050 16047 16051
16051 16052 16050
16052 16051 16053
16053 16054 16052
16054 16053 16055
16056 16055 16053
16055 16056 16057
16057 16058 16055
16058 16057 16059
16059 16060 16058
16060 16059 16061
16062 16060 16061
16063 16056 16053
16053 16051 16063
16064 16054 16055
16065 16061 16059
16061 16065 16066
16066 16067 16061
16067 16062 16061
16059 16068 16065
16068 16059 16057
16057 16069 16068
16069 16057 16056
16056 16070 16069
16070 16056 16063
16063 16071 16070
16071 16063 16072
16073 16071 16072
16066 16074 16067
16066 16075 16074
16075 16076 16074
16075 16077 16076
16075 16078 16077
16063 16051 16072
16051 16047 16072
16073 16072 16047
16079 16073 16047
16079 16047 16046
16080 16079 16046
16049 16080 16046
16081 16082 16058
16083 16081 16058
16084 16083 16058
16060 16084 16058
16082 16055 16058
16055 16082 16064
16085 16086 16087
16086 16088 16087
16088 16089 16087
16085 16087 16089
16089 16088 16090
16088 16086 16091
16091 16092 16088
16088 16092 16093
16090 16088 16093
16092 16094 16093
16094 16092 16095
16095 16096 16094
16096 16095 16097
16097 16098 16096
16098 16097 16099
16100 16099 16097
16099 16100 16101
16101 16102 16099
16102 16101 16103
16103 16104 16102
16104 16103 16105
16105 16106 16104
16106 16105 16107
16107 16108 16106
16109 16106 16108
16106 16109 16110
16104 16106 16110
16104 16110 16111
16102 16104 16111
16102 16111 16112
16112 16098 16099
16099 16102 16112
16113 16109 16108
16112 16114 16098
16108 16107 16115
16115 16113 16108
16114 16116 16098
16098 16116 16096
16116 16117 16096
16117 16118 16096
16096 16118 16094
16118 16119 16094
16120 16094 16119
16094 16120 16093
16090 16093 16120
16097 16121 16100
16121 16097 16095
16095 16122 16121
16122 16095 16092
16092 16091 16122
16123 16124 16125
16124 16126 16125
16126 16124 16127
16127 16128 16126
16129 16126 16128
16126 16129 16130
16130 16125 16126
16131 16129 16128
16129 16131 16132
16133 16132 16131
16132 16133 16134
16135 16134 16133
16134 16135 16136
16135 16137 16136
16137 16135 16138
16138 16139 16137
16139 16138 16140
16141 16139 16140
16139 16141 16142
16143 16142 16141
16142 16143 16144
16145 16144 16143
16141 16146 16143
16146 16145 16143
16146 16141 16147
16140 16147 16141
16147 16140 16148
16140 16149 16148
16149 16140 16138
16138 16150 16149
16150 16138 16135
16135 16151 16150
16151 16135 16133
16133 16152 16151
16152 16133 16131
16131 16153 16152
16153 16131 16128
16128 16127 16153
16125 16130 16154
16123 16125 16154
16155 16156 16157
16156 16158 16157
16158 16156 16159
16159 16160 16158
16160 16159 16161
16161 16162 16160
16162 16161 16163
16163 16164 16162
16164 16163 16165
16165 16166 16164
16166 16165 16167
16168 16166 16167
16166 16168 16169
16170 16169 16168
16169 16170 16171
16172 16171 16170
16171 16172 16173
16174 16158 16160
16158 16174 16175
16175 16157 16158
16157 16175 16176
16177 16164 16166
16169 16177 16166
16164 16177 16178
16177 16169 16179
16171 16179 16169
16179 16171 16180
16173 16180 16171
16180 16173 16181
16182 16181 16173
16172 16182 16173
16155 16157 16176
16160 16183 16174
16183 16160 16162
16162 16178 16183
16178 16162 16164
16184 16185 16186
16187 16186 16185
16186 16187 16188
16189 16188 16187
16188 16189 16190
16191 16190 16189
16190 16191 16192
16193 16192 16191
16192 16193 16194
16195 16194 16193
16194 16195 16196
16195 16197 16196
16197 16195 16198
16199 16197 16198
16197 16199 16200
16201 16200 16199
16200 16201 16202
16203 16202 16201
16202 16203 16204
16203 16205 16204
16206 16207 16208
16206 16208 16209
16208 16210 16209
16210 16208 16211
16211 16212 16210
16212 16211 16213
16214 16213 16211
16208 16214 16211
16214 16208 16207
16213 16214 16215
16216 16212 16213
16215 16216 16213
16212 16216 16217
16218 16217 16216
16217 16218 16219
16220 16219 16218
16219 16220 16221
16220 16222 16221
16222 16220 16223
16223 16224 16222
16224 16223 16225
16225 16226 16224
16226 16225 16227
16225 16228 16227
16228 16225 16229
16225 16230 16229
16230 16225 16223
16223 16231 16230
16231 16223 16220
16220 16232 16231
16232 16220 16218
16218 16233 16232
16233 16218 16216
16216 16215 16233
16234 16227 16228
16227 16234 16235
16234 16236 16235
16236 16237 16235
16237 16227 16235
16227 16237 16226
16237 16236 16238
16239 16238 16236
16236 16234 16240
16240 16239 16236
16241 16242 16243
16241 16243 16244
16243 16245 16244
16246 16241 16244
16246 16244 16247
16247 16244 16248
16245 16248 16244
16249 16247 16248
16248 16250 16249
16249 16250 16251
16251 16252 16249
16249 16252 16247
16253 16251 16250
16251 16253 16252
16253 16250 16254
16253 16254 16255
16255 16254 16256
16254 16257 16256
16257 16254 16250
16258 16257 16250
16248 16258 16250
16248 16245 16258
16257 16258 16259
16257 16259 16256
16260 16255 16256
16255 16260 16261
16262 16261 16260
16261 16262 16263
16264 16263 16262
16263 16264 16265
16266 16265 16264
16265 16266 16267
16262 16260 16268
16260 16269 16268
16259 16269 16256
16269 16260 16256
16268 16269 16270
16269 16271 16270
16271 16269 16259
16258 16271 16259
16271 16272 16270
16268 16270 16272
16273 16268 16272
16273 16262 16268
16262 16273 16274
16264 16262 16274
16274 16273 16275
16274 16275 16276
16276 16275 16277
16272 16277 16273
16277 16275 16273
16277 16278 16276
16278 16279 16276
16280 16274 16276
16277 16272 16281
16281 16278 16277
16281 16272 16271
16282 16281 16271
16276 16283 16280
16283 16276 16279
16284 16280 16283
16279 16285 16283
16279 16286 16285
16286 16287 16285
16287 16283 16285
16283 16287 16284
16288 16280 16284
16274 16280 16288
16286 16289 16287
16284 16287 16289
16266 16284 16289
16266 16264 16284
16264 16288 16284
16264 16274 16288
16258 16282 16271
16290 16291 16292
16291 16290 16293
16294 16292 16291
16292 16294 16295
16294 16296 16295
16296 16294 16297
16297 16298 16296
16298 16297 16299
16299 16300 16298
16300 16299 16301
16301 16302 16300
16302 16301 16303
16303 16304 16302
16304 16303 16305
16305 16306 16304
16306 16305 16307
16307 16308 16306
16308 16307 16309
16309 16310 16308
16310 16309 16311
16311 16312 16310
16312 16313 16310
16300 16314 16298
16315 16298 16314
16298 16315 16296
16316 16296 16315
16296 16316 16295
16317 16295 16316
16295 16317 16292
16318 16292 16317
16292 16318 16290
16310 16319 16308
16320 16308 16319
16308 16320 16306
16321 16306 16320
16306 16321 16304
16322 16304 16321
16304 16322 16302
16323 16302 16322
16302 16323 16300
16314 16300 16323
16319 16310 16324
16325 16324 16310
16324 16325 16326
16325 16327 16326
16327 16325 16328
16329 16328 16325
16328 16329 16330
16331 16328 16330
16328 16331 16332
16331 16333 16332
16334 16332 16333
16332 16334 16335
16335 16334 16336
16337 16335 16336
16325 16313 16329
16313 16325 16310
16337 16338 16335
16339 16335 16338
16338 16340 16339
16340 16338 16341
16341 16342 16340
16342 16341 16343
16343 16344 16342
16344 16343 16345
16335 16339 16346
16346 16332 16335
16347 16345 16343
16347 16348 16345
16348 16349 16345
16341 16350 16343
16350 16347 16343
16350 16341 16351
16341 16352 16351
16352 16341 16338
16338 16337 16352
16345 16353 16344
16353 16345 16349
16354 16353 16349
16353 16354 16355
16356 16355 16354
16355 16356 16357
16358 16357 16356
16357 16358 16359
16358 16360 16359
16360 16358 16361
16361 16362 16360
16362 16363 16360
16362 16364 16363
16365 16363 16364
16363 16365 16366
16367 16366 16365
16366 16367 16368
16367 16369 16368
16369 16370 16368
16328 16371 16327
16328 16372 16371
16372 16328 16332
16332 16346 16372
16373 16374 16375
16373 16376 16374
16374 16376 16377
16378 16376 16373
16378 16379 16376
16379 16380 16376
16377 16376 16380
16381 16380 16379
16380 16381 16382
16381 16383 16382
16383 16381 16384
16381 16379 16384
16385 16382 16383
16383 16384 16385
16385 16386 16382
16385 16387 16386
16387 16388 16386
16386 16388 16389
16389 16382 16386
16390 16382 16389
16380 16382 16390
16380 16390 16377
16389 16391 16390
16389 16388 16391
16387 16392 16388
16392 16387 16393
16393 16394 16392
16394 16393 16395
16395 16396 16394
16396 16395 16397
16397 16398 16396
16398 16397 16399
16394 16400 16392
16392 16400 16401
16391 16388 16401
16401 16388 16392
16400 16402 16401
16403 16401 16402
16401 16403 16391
16390 16391 16403
16403 16402 16404
16400 16404 16402
16405 16404 16400
16405 16400 16394
16394 16406 16405
16396 16406 16394
16406 16407 16405
16406 16408 16407
16408 16409 16407
16409 16404 16405
16409 16405 16407
16409 16408 16410
16410 16408 16411
16412 16408 16406
16404 16409 16413
16413 16409 16410
16413 16403 16404
16414 16403 16413
16415 16408 16412
16408 16415 16411
16416 16415 16412
16411 16415 16417
16411 16417 16418
16418 16417 16419
16415 16419 16417
16419 16415 16416
16420 16416 16412
16406 16420 16412
16418 16419 16421
16416 16421 16419
16398 16421 16416
16398 16416 16396
16396 16416 16420
16396 16420 16406
16390 16403 16414
16422 16423 16424
16423 16422 16425
16424 16426 16422
16426 16424 16427
16428 16426 16427
16426 16428 16429
16430 16429 16428
16429 16430 16431
16432 16431 16430
16431 16432 16433
16434 16433 16432
16433 16434 16435
16436 16435 16434
16435 16436 16437
16438 16437 16436
16437 16438 16439
16440 16439 16438
16439 16440 16441
16442 16441 16440
16441 16442 16443
16443 16442 16444
16444 16442 16445
16446 16432 16430
16430 16447 16446
16447 16430 16428
16428 16448 16447
16448 16428 16427
16427 16449 16448
16449 16427 16424
16424 16450 16449
16450 16424 16423
16451 16442 16440
16440 16452 16451
16452 16440 16438
16438 16453 16452
16453 16438 16436
16436 16454 16453
16454 16436 16434
16434 16455 16454
16455 16434 16432
16432 16446 16455
16442 16451 16456
16456 16457 16442
16457 16456 16458
16459 16457 16458
16457 16459 16460
16460 16461 16457
16461 16460 16462
16460 16463 16462
16463 16460 16464
16463 16464 16465
16464 16466 16465
16466 16464 16467
16467 16468 16466
16469 16468 16467
16457 16445 16442
16445 16457 16461
16470 16469 16467
16467 16471 16470
16472 16470 16471
16470 16472 16473
16474 16473 16472
16473 16474 16475
16476 16475 16474
16475 16476 16477
16471 16467 16478
16464 16478 16467
16479 16475 16477
16479 16477 16480
16480 16477 16481
16482 16473 16475
16482 16475 16479
16473 16482 16483
16473 16484 16470
16484 16473 16483
16469 16470 16484
16485 16477 16476
16477 16485 16481
16485 16486 16481
16486 16485 16487
16487 16488 16486
16488 16487 16489
16489 16490 16488
16490 16489 16491
16492 16490 16491
16490 16492 16493
16493 16492 16494
16494 16492 16495
16494 16495 16496
16495 16497 16496
16497 16495 16498
16498 16499 16497
16499 16498 16500
16499 16500 16501
16501 16500 16502
16460 16459 16503
16504 16460 16503
16460 16504 16464
16478 16464 16504
16505 16506 16507
16505 16507 16508
16509 16508 16507
16509 16507 16510
16507 16506 16510
16508 16509 16511
16511 16512 16508
16508 16512 16513
16514 16513 16512
16515 16511 16509
16511 16515 16516
16517 16516 16515
16516 16517 16518
16519 16518 16517
16518 16520 16516
16520 16511 16516
16520 16512 16511
16521 16512 16520
16521 16514 16512
16520 16518 16522
16522 16523 16520
16523 16521 16520
16523 16522 16524
16525 16524 16522
16518 16525 16522
16525 16518 16519
16526 16525 16519
16525 16526 16527
16525 16527 16524
16527 16526 16528
16529 16527 16528
16529 16530 16527
16530 16524 16527
16529 16528 16531
16532 16529 16531
16533 16529 16532
16533 16530 16529
16533 16524 16530
16533 16532 16534
16535 16533 16534
16535 16524 16533
16524 16536 16523
16536 16524 16535
16537 16536 16535
16538 16536 16537
16523 16536 16539
16539 16536 16540
16536 16538 16540
16541 16538 16537
16539 16540 16542
16539 16542 16543
16521 16539 16543
16521 16543 16514
16523 16539 16521
16544 16545 16505
16505 16545 16546
16505 16546 16547
16548 16547 16546
16548 16546 16549
16548 16549 16550
16550 16549 16551
16506 16547 16548
16505 16547 16506
16544 16505 16508
16544 16508 16513
16552 16553 16554
16552 16555 16553
16555 16556 16553
16556 16557 16553
16553 16557 16554
16556 16555 16558
16558 16555 16559
16558 16560 16556
16560 16558 16561
16561 16562 16560
16562 16561 16563
16564 16562 16563
16565 16563 16561
16565 16561 16558
16565 16558 16559
16563 16565 16566
16567 16566 16565
16567 16565 16568
16565 16559 16568
16568 16559 16569
16566 16567 16570
16571 16566 16570
16563 16571 16564
16571 16563 16566
16571 16572 16564
16572 16571 16573
16571 16570 16573
16573 16574 16572
16575 16574 16573
16575 16573 16576
16576 16573 16570
16575 16577 16574
16578 16577 16575
16579 16578 16575
16579 16575 16576
16579 16576 16570
16579 16580 16578
16581 16580 16579
16581 16579 16570
16581 16570 16582
16570 16567 16582
16568 16569 16583
16568 16583 16584
16567 16584 16582
16567 16568 16584
16585 16581 16582
16585 16582 16586
16587 16586 16582
16584 16587 16582
16584 16588 16587
16584 16583 16588
16589 16585 16586
16590 16591 16555
16590 16555 16552
16590 16552 16592
16552 16593 16592
16552 16594 16593
16595 16593 16594
16595 16596 16593
16595 16597 16596
16597 16598 16596
16554 16595 16594
16552 16554 16594
16591 16559 16555
16559 16591 16569
16599 16600 16601
16602 16601 16600
16601 16602 16603
16603 16602 16604
16605 16601 16603
16601 16605 16606
16599 16601 16606
16605 16603 16607
16607 16603 16608
16603 16604 16608
16604 16609 16608
16610 16607 16608
16608 16609 16610
15052 15054 16611
15813 15655 15656
