byte offset: 0
first index: 0
index count: 8436
topology: trianglelist
format: DXGI_FORMAT_R16_UINT

0 1 2
0 2 3
3 2 4
3 4 5
5 4 6
5 6 7
7 6 8
9 0 3
10 0 9
9 11 10
9 12 11
9 13 12
9 14 13
14 15 13
14 16 15
16 17 15
16 18 17
18 19 17
18 20 19
20 21 19
22 7 8
23 7 22
23 5 7
24 5 23
24 3 5
9 3 24
15 25 13
13 25 26
26 25 27
26 27 28
26 28 29
26 29 30
28 31 29
28 32 31
28 27 33
28 33 32
32 33 34
32 34 35
33 36 34
33 37 36
37 38 36
37 39 38
39 40 38
27 41 33
27 42 41
25 42 27
25 43 42
43 44 42
43 45 44
42 44 46
42 46 41
45 47 44
45 48 47
48 21 47
44 49 46
44 50 49
50 51 49
15 43 25
17 45 43
17 43 15
19 48 45
19 45 17
21 48 19
10 52 0
52 10 53
10 54 53
10 11 54
52 53 55
11 56 54
11 30 56
12 30 11
12 26 30
13 26 12
30 57 56
30 29 57
29 58 57
29 31 58
57 59 56
57 60 59
56 59 61
56 61 54
61 53 54
60 62 59
60 63 62
59 62 64
59 64 61
63 65 62
63 66 65
62 67 64
62 68 67
66 69 68
66 70 69
68 69 71
68 71 67
67 72 64
67 73 72
67 71 73
72 73 74
72 74 75
76 72 75
76 75 77
55 76 77
55 77 78
73 71 79
73 79 74
80 76 55
72 76 80
64 72 80
80 55 53
64 80 61
61 80 53
81 75 74
81 82 75
81 83 82
81 84 83
85 83 84
85 86 83
87 86 85
87 88 86
89 82 83
86 89 83
89 90 82
89 78 90
86 91 89
86 88 92
86 92 91
91 93 89
91 94 93
89 93 78
85 95 87
85 96 95
84 96 85
84 97 96
81 97 84
81 98 97
74 98 81
74 79 98
78 77 90
77 99 90
77 75 99
96 100 95
97 101 96
96 101 100
97 102 101
98 102 97
101 103 100
100 103 104
100 104 105
95 100 105
105 104 106
105 106 107
107 106 108
107 108 109
110 105 107
95 105 110
95 110 111
87 95 111
111 110 112
110 107 112
112 107 109
111 112 113
113 112 114
112 109 114
113 114 115
115 114 116
115 116 117
117 116 118
117 118 119
119 118 120
119 120 121
120 122 121
120 123 122
123 124 122
123 125 124
125 126 124
127 115 117
127 117 128
128 117 119
129 127 128
129 128 130
130 128 131
128 119 131
131 119 121
130 131 132
133 127 129
133 134 127
132 131 135
132 135 136
136 135 137
136 137 138
138 137 139
138 139 140
139 141 140
139 142 141
142 143 141
142 144 143
144 145 143
144 146 145
146 147 145
148 134 133
148 133 149
87 148 149
87 149 88
92 88 149
150 138 140
151 138 150
151 136 138
152 136 151
152 132 136
153 132 152
153 130 132
154 130 153
154 129 130
155 129 154
155 92 149
155 149 133
155 133 129
156 153 152
156 157 153
157 154 153
158 157 156
158 159 157
160 158 156
160 156 161
161 156 152
162 160 161
162 161 163
164 162 163
164 163 165
166 164 165
166 165 167
158 168 159
158 169 168
160 169 158
160 170 169
160 162 170
163 161 151
161 152 151
163 151 150
165 163 150
165 150 171
167 165 171
150 140 171
141 171 140
141 172 171
143 172 141
143 173 172
145 173 143
145 174 173
147 174 145
167 171 175
167 175 176
167 176 177
166 167 177
166 177 178
179 178 177
179 177 176
180 181 182
180 182 183
184 180 183
184 183 185
186 184 185
186 185 187
181 188 182
181 189 188
189 190 188
189 191 190
191 192 190
191 193 192
192 193 194
192 194 195
195 194 196
195 196 197
197 196 198
197 198 199
199 198 200
201 186 187
201 202 186
203 202 201
203 204 202
205 202 204
206 186 202
206 202 205
206 184 186
206 207 184
207 180 184
207 208 180
208 181 180
208 209 181
209 189 181
209 210 189
210 191 189
210 211 191
211 193 191
211 212 193
194 193 212
194 212 213
196 194 213
196 213 214
198 196 214
198 214 215
200 198 215
216 212 211
216 217 212
218 217 216
218 216 219
219 216 220
220 216 211
219 220 221
221 220 222
221 222 223
223 222 224
223 224 225
225 224 226
225 226 227
227 226 228
227 228 229
223 225 230
227 230 225
223 230 231
221 223 231
221 231 232
221 232 219
233 229 228
222 220 210
220 211 210
222 210 209
224 222 209
224 209 208
226 224 208
226 208 207
228 226 207
228 207 206
206 205 228
205 234 228
234 233 228
235 234 205
235 236 234
235 237 236
238 237 235
238 239 237
240 237 239
240 241 237
236 237 241
240 242 241
240 243 242
242 243 244
242 244 245
246 242 245
246 241 242
246 245 247
248 246 247
248 247 58
63 245 244
63 244 66
60 247 245
60 245 63
57 58 247
57 247 60
244 70 66
249 70 244
243 249 244
243 240 250
243 250 249
246 251 241
248 251 246
236 241 251
236 251 248
236 248 252
234 236 252
234 252 233
248 58 31
248 31 253
32 253 31
32 35 253
252 248 253
252 253 254
233 252 254
233 254 255
256 233 255
256 255 257
240 258 250
240 239 258
239 259 258
239 238 259
238 260 259
238 203 260
203 261 260
203 201 261
201 262 261
201 187 262
187 263 262
262 263 264
263 265 264
263 266 265
266 267 265
266 268 267
262 264 269
261 262 269
268 270 267
268 271 270
270 271 272
270 272 273
273 272 274
273 274 275
275 274 276
185 266 263
187 185 263
185 183 266
183 268 266
183 182 268
182 271 268
182 277 271
272 271 277
272 277 278
274 272 278
274 278 279
276 274 279
261 269 280
260 261 280
260 280 281
260 281 282
282 281 283
281 284 283
281 285 284
280 285 281
285 286 284
285 287 286
287 288 286
287 289 288
282 283 290
280 269 285
269 287 285
269 264 287
264 289 287
264 265 289
291 289 265
288 292 291
288 291 293
293 291 294
293 294 295
295 294 296
295 296 297
297 296 298
291 265 299
294 291 299
294 299 300
296 294 300
296 300 301
298 296 301
302 282 290
259 282 302
259 260 282
258 259 302
258 302 303
250 258 303
203 238 235
203 235 204
235 205 204
148 111 113
148 113 134
134 113 115
134 115 127
87 111 148
131 121 304
122 304 121
122 305 304
124 305 122
124 306 305
126 306 124
307 108 308
307 308 309
308 310 311
308 311 312
310 313 311
310 314 313
314 315 313
314 316 315
316 317 315
311 116 309
114 309 116
114 109 309
311 318 116
313 318 311
313 319 318
315 319 313
315 320 319
317 320 315
217 321 322
217 322 212
321 217 218
321 218 323
324 321 323
324 323 325
326 322 321
326 321 324
327 326 324
327 324 325
328 329 330
329 331 330
330 331 332
330 332 333
334 330 333
328 330 334
334 333 335
335 333 336
333 332 337
333 337 336
329 338 331
338 339 331
340 337 332
340 332 341
342 340 341
343 340 342
344 340 343
336 345 344
344 345 340
336 344 346
343 342 347
347 342 348
347 348 349
349 348 350
349 350 351
352 351 350
352 353 351
354 353 352
354 355 353
356 355 354
356 357 355
358 357 356
358 359 357
358 360 359
350 348 361
350 361 362
352 350 362
362 361 363
362 363 364
365 363 361
348 365 361
348 342 365
342 341 365
341 366 365
365 366 363
341 367 366
332 367 341
332 331 367
364 363 368
367 331 339
366 367 369
367 339 369
366 369 370
363 366 370
363 370 368
362 364 371
362 371 372
372 371 373
372 373 374
374 373 375
354 372 374
354 352 372
352 362 372
376 354 374
376 374 375
377 354 376
356 354 377
378 356 377
378 358 356
379 358 378
379 380 381
381 382 379
383 380 379
384 380 383
385 380 384
386 358 381
386 360 358
387 384 388
389 387 388
390 388 391
392 390 391
393 389 392
393 394 389
393 395 394
396 394 395
396 395 397
396 397 398
398 397 399
400 398 399
400 399 401
400 401 402
403 402 401
355 402 403
353 355 403
353 403 404
351 353 404
351 404 405
355 357 402
403 401 406
404 403 406
404 406 407
405 404 407
405 407 408
406 401 409
406 409 410
407 406 410
411 410 409
412 410 411
412 413 410
407 410 413
408 407 413
414 413 412
414 415 413
408 413 415
416 415 414
416 417 415
418 417 416
418 419 417
346 419 418
346 344 419
411 409 420
419 344 343
421 417 419
419 343 421
422 417 421
415 417 422
347 421 343
347 423 421
422 421 423
408 422 423
415 422 408
408 423 405
405 423 349
349 423 347
405 349 351
420 409 424
420 424 425
425 424 426
425 426 427
426 428 427
426 429 428
397 429 426
397 430 429
426 431 397
426 432 431
432 409 401
432 401 431
429 430 433
428 429 434
429 433 434
428 434 435
430 436 433
437 433 393
400 359 438
359 400 402
359 402 357
438 398 400
438 359 360
375 439 440
441 442 443
443 442 444
442 445 444
442 446 445
447 446 442
441 447 442
447 448 446
448 449 446
446 449 450
446 450 445
443 444 451
451 444 452
453 445 450
453 454 445
455 454 453
456 455 453
457 456 453
449 458 457
449 457 459
457 453 459
456 460 455
460 461 455
460 462 461
462 463 461
462 464 463
465 463 464
465 464 466
467 465 466
467 466 468
469 467 468
469 468 470
471 469 470
471 470 472
471 472 473
463 474 461
463 475 474
465 475 463
475 476 474
475 477 476
478 474 476
461 474 478
461 478 455
455 478 454
454 478 479
478 476 479
454 479 480
445 454 480
445 480 444
477 481 476
480 452 444
479 482 480
480 482 452
479 483 482
476 481 483
476 483 479
475 484 477
475 485 484
485 486 484
485 487 486
487 488 486
467 487 485
467 485 465
465 485 475
489 487 467
489 488 487
490 489 467
469 490 467
491 490 469
491 469 471
492 491 471
492 493 494
493 492 495
496 492 494
497 496 494
498 497 494
498 499 497
500 499 498
501 493 471
501 471 473
502 503 499
504 503 502
505 504 500
505 500 506
505 506 507
508 507 506
508 509 507
508 510 509
510 511 509
512 511 510
512 513 511
512 514 513
515 513 514
468 515 514
466 515 468
466 516 515
464 516 466
464 517 516
468 514 470
515 518 513
516 518 515
516 519 518
517 519 516
517 520 519
518 521 513
518 522 521
519 522 518
523 521 522
524 523 522
524 522 525
519 525 522
520 525 519
526 524 525
526 525 527
520 527 525
528 526 527
528 527 529
530 528 529
530 529 531
458 530 531
458 531 457
523 532 521
531 456 457
533 531 529
531 533 456
534 533 529
527 534 529
460 456 533
460 533 535
534 535 533
520 535 534
527 520 534
520 517 535
517 462 535
462 460 535
517 464 462
532 536 537
532 537 521
536 538 537
536 539 538
538 539 540
538 540 541
509 538 541
509 541 542
538 509 543
538 543 544
544 543 513
544 513 521
541 545 542
540 546 541
541 546 545
545 547 542
540 548 546
549 505 545
512 550 472
472 514 512
472 470 514
550 512 510
550 473 472
488 551 552
553 554 555
555 556 553
557 556 555
556 557 558
556 558 559
556 559 560
560 559 561
560 561 562
562 561 563
562 563 564
564 563 565
564 565 566
566 565 567
567 568 566
569 564 566
569 566 568
568 570 569
571 562 564
571 564 569
569 572 571
570 572 569
573 560 562
573 562 571
571 574 573
572 574 571
574 572 575
575 572 570
575 570 576
577 576 570
577 570 568
577 578 576
579 578 577
577 568 580
579 577 580
580 568 567
574 575 581
582 574 581
573 574 582
582 581 583
584 582 583
573 582 584
573 584 585
584 583 586
587 584 586
587 586 588
575 576 589
581 575 589
579 580 590
581 589 591
583 581 591
583 591 592
586 583 592
592 591 593
592 593 594
586 592 595
588 586 595
588 595 596
596 595 597
596 597 598
599 588 596
600 588 599
600 601 588
587 600 602
587 602 603
599 596 604
605 599 604
606 605 604
604 607 606
604 608 607
600 609 602
605 610 611
612 587 603
612 603 613
585 614 553
556 585 553
560 585 556
560 573 585
585 584 614
553 614 615
553 615 554
554 616 617
554 617 618
619 554 618
619 618 620
615 621 617
615 622 621
622 584 623
622 623 624
619 555 554
619 625 555
619 626 625
627 625 626
625 557 555
628 625 627
625 628 557
627 626 629
626 619 630
626 630 631
557 628 632
557 632 633
628 634 632
558 635 633
558 633 636
559 637 636
559 636 638
639 640 638
639 638 641
563 561 641
563 641 642
565 563 643
565 643 644
567 565 644
567 644 645
580 567 646
646 567 647
646 647 648
580 646 649
649 646 650
649 650 651
590 649 651
590 580 649
590 651 652
653 654 648
653 648 655
656 657 658
659 592 660
659 660 661
662 663 664
662 664 593
589 665 664
589 666 665
666 667 665
666 578 667
668 578 669
670 671 672
671 670 673
674 671 673
673 675 674
673 676 675
673 677 676
677 678 676
677 679 678
679 680 678
679 681 680
681 682 680
681 683 682
683 684 682
684 683 685
686 683 681
686 685 683
685 686 687
688 681 679
688 686 681
686 688 689
687 686 689
690 679 677
690 688 679
688 690 691
689 688 691
691 692 689
692 687 689
692 693 687
694 687 693
694 685 687
694 693 695
696 694 695
694 697 685
696 697 694
697 684 685
691 698 692
699 698 691
690 699 691
699 700 698
701 700 699
690 701 699
690 702 701
701 703 700
704 703 701
704 705 703
692 706 693
698 706 692
696 707 697
693 708 695
693 709 708
706 710 709
706 709 711
698 712 706
700 712 698
700 713 712
703 713 700
713 714 712
713 715 714
716 715 713
703 716 713
705 716 703
716 717 715
718 714 710
718 710 719
705 720 716
720 721 716
720 722 721
707 723 724
707 724 725
725 724 726
725 726 727
697 725 727
707 725 697
697 727 684
727 728 684
727 729 728
684 730 731
684 731 682
682 731 732
682 732 680
680 733 734
680 734 678
735 734 736
735 736 737
676 736 738
676 738 739
675 738 740
675 740 741
674 740 742
674 742 743
743 742 744
745 674 743
745 671 674
743 746 745
746 747 745
748 745 747
748 671 745
746 749 747
747 750 748
747 751 750
748 672 671
748 752 672
672 752 753
672 753 754
748 755 752
756 753 757
756 757 758
670 672 756
670 756 759
702 670 759
673 670 702
677 673 702
677 702 690
702 759 701
758 760 701
758 761 760
762 763 705
762 705 764
763 720 705
763 765 720
766 765 763
767 765 766
765 767 768
765 768 769
766 770 771
704 772 762
704 773 772
774 773 704
774 775 773
762 772 776
777 778 779
780 781 729
780 729 782
708 783 695
784 1 0
784 0 52
78 784 52
78 52 55
93 784 78
93 785 784
94 785 93
94 786 785
787 786 94
94 788 787
789 787 788
790 787 789
790 791 787
787 791 786
789 788 792
159 789 792
159 792 157
168 790 789
168 789 159
792 788 155
155 788 92
92 788 91
788 94 91
792 155 154
157 792 154
229 257 793
229 793 227
227 793 230
794 795 796
794 796 797
798 794 797
798 797 799
800 798 799
800 799 801
802 796 795
802 803 796
804 796 803
804 803 805
806 796 804
806 807 796
808 807 806
808 809 807
810 809 808
810 811 809
812 811 810
812 813 811
808 814 810
808 815 814
806 815 808
810 814 816
810 816 817
810 817 818
818 817 819
804 805 820
821 815 806
822 815 821
822 823 815
815 823 824
815 824 825
825 824 826
825 826 827
827 826 828
804 820 821
821 806 804
829 822 821
829 821 820
830 831 832
833 834 835
836 837 838
836 838 839
840 837 836
840 841 837
842 841 840
842 843 841
844 843 842
844 845 843
846 845 844
846 847 845
848 847 846
848 849 847
838 850 839
838 851 850
852 850 851
851 853 852
853 854 852
854 853 855
856 854 855
855 857 856
856 857 858
859 860 861
862 861 860
862 863 861
864 863 862
864 865 863
866 865 864
866 867 865
868 867 866
868 869 867
870 869 868
870 871 869
872 871 870
872 873 871
859 874 860
875 860 874
876 860 875
876 877 860
878 877 876
878 879 877
880 879 878
880 881 879
882 874 883
884 874 882
884 885 874
886 885 884
886 887 885
888 887 886
888 889 887
890 889 888
883 891 892
874 891 883
891 893 892
892 893 894
893 895 894
894 895 896
895 897 896
898 893 891
874 898 891
898 899 893
899 895 893
859 898 874
899 900 895
895 900 897
901 902 903
904 905 906
907 908 909
907 909 910
910 909 911
910 911 912
912 911 913
912 913 914
914 913 915
914 915 916
915 917 916
915 918 917
918 919 917
918 920 919
921 908 907
921 922 908
922 921 923
924 925 926
927 926 925
927 925 928
929 927 928
929 928 930
931 929 930
931 930 932
933 931 932
933 932 934
935 933 934
935 934 936
937 935 936
937 936 938
924 926 939
940 939 926
941 940 926
941 926 942
943 941 942
943 942 944
945 943 944
945 944 946
947 937 948
949 950 939
951 949 939
951 939 952
953 951 952
953 952 954
955 953 954
955 954 956
957 955 956
950 958 959
939 950 959
959 958 960
960 961 959
961 939 959
924 939 961
960 962 961
958 963 960
960 963 964
962 960 964
963 965 964
964 965 966
962 964 967
964 966 967
968 969 970
971 972 973
971 974 972
971 975 974
971 976 975
971 977 976
971 978 977
971 979 978
971 980 979
971 981 980
971 982 981
971 983 982
971 984 983
971 973 984
985 986 987
985 987 988
985 988 989
985 989 990
985 990 991
985 991 992
985 992 993
985 993 994
985 994 995
985 995 996
985 996 997
985 997 998
985 998 986
999 1000 1001
999 1001 1002
1003 999 1002
1003 1002 1004
1005 1006 1004
1005 1004 1007
1008 1005 1007
1009 1010 1011
1009 1011 1012
1010 1013 1011
1010 1014 1013
1015 1009 1012
1015 1012 1016
1017 1018 1013
1019 1020 1016
1019 1016 1021
1022 1023 1021
1024 1025 1026
1024 1026 1027
1028 1024 1027
1028 1027 1029
1030 1028 1029
1031 1032 1026
1031 1033 1032
1033 1034 1032
1033 1035 1034
1035 1036 1034
1035 1037 1036
1037 1038 1039
1040 1041 1042
1040 1042 1043
1044 1040 1043
1044 1043 1045
1046 1044 1045
1046 1045 1047
1048 1046 1047
1048 1047 1049
1050 1048 1049
1051 1052 1053
1051 1053 1054
1055 1056 1053
1057 1058 1059
1057 1059 1060
1061 1057 1060
1062 1063 1064
1062 1064 1065
1063 1066 1064
1063 1067 1066
1067 1068 1066
1067 1069 1068
1069 1070 1068
1071 1072 1073
1071 1073 1074
1074 1073 1075
1074 1075 1076
1077 1072 1071
1077 1078 1072
1079 1078 1077
1080 1075 1081
1080 1081 1082
1083 1081 1084
1083 1084 1085
1085 1084 1086
1087 1088 1089
1087 1089 1090
1091 1088 1087
1091 1092 1088
1093 1092 1091
1093 1094 1092
1095 1094 1093
1090 1089 1096
1090 1096 1097
1098 1096 1099
1098 1099 1100
1100 1099 1101
1100 1101 1102
1102 1103 1104
1102 1104 1105
1105 1106 1107
1105 1107 1108
1109 1107 1110
1109 1110 1111
1111 1110 1112
1113 1114 1115
1113 1115 1116
1117 1114 1113
1117 1118 1114
1119 1118 1117
1119 1120 1118
1121 1120 1119
1121 1122 1120
1123 1122 1121
1116 1124 1125
1116 1125 1126
1127 1125 1128
1127 1128 1129
1129 1128 1130
1129 1130 1131
1131 1130 1132
1133 1134 1135
1133 1135 1136
1137 1134 1133
1137 1138 1134
1139 1138 1137
1139 1140 1138
1141 1140 1139
1141 1142 1140
1135 1143 1136
1135 1144 1143
1145 1142 1141
1145 1141 1146
1147 1145 1146
1147 1146 1148
1149 1147 1148
1149 1148 1150
1151 1149 1150
1151 1152 1149
1153 1152 1151
1153 1154 1152
1155 1144 1156
1155 1156 1157
1158 1157 1156
1159 1160 1161
1159 1161 1162
1162 1161 1163
1162 1163 1164
1164 1163 1165
1164 1165 1166
1166 1165 1167
1166 1167 1168
1169 1160 1159
1169 1170 1160
1171 1170 1169
1171 1172 1170
1173 1172 1171
1173 1174 1172
1175 1174 1173
1176 1177 1178
1176 1178 1179
1180 1176 1179
1180 1179 1181
1182 1180 1181
1182 1181 1183
1184 1182 1183
1177 1185 1178
1177 1186 1185
1186 1187 1185
1186 1188 1187
1188 1189 1187
1188 1190 1189
1191 1192 1193
1191 1193 1194
1195 1191 1194
1195 1194 1196
1197 1195 1196
1197 1196 1198
1199 1197 1198
1199 1198 1200
1201 1199 1200
1192 1202 1203
1192 1203 1204
1205 1206 1203
1205 1207 1206
1207 1208 1206
1207 1209 1208
1209 1210 1208
1211 1212 1213
1211 1213 1214
1211 1214 1215
1211 1215 1216
1217 1216 1215
1217 1215 1218
1219 1217 1218
1220 1221 1213
1220 1222 1221
1222 1223 1221
1222 1224 1223
1225 1226 1227
1228 1229 1230
1228 1230 1231
1229 1232 1230
1229 1233 1232
1233 1234 1232
1233 1235 1234
1235 1236 1234
1235 1237 1236
1238 1228 1231
1238 1231 1239
1240 1241 1239
1240 1239 1242
1243 1240 1242
1243 1242 1244
1245 1243 1244
1246 1247 1248
1246 1248 1249
1247 1250 1248
1247 1251 1250
1251 1252 1250
1251 1253 1252
1253 1254 1252
1255 1256 1257
1258 1256 1255
1259 1256 1258
1260 1256 1259
1261 1256 1260
1262 1256 1261
1263 1256 1262
1264 1256 1263
1265 1256 1264
1257 1256 1265
1266 1267 1268
1266 1268 1269
1267 1270 1268
1267 1271 1270
1272 1273 1271
1272 1271 1274
1275 1272 1274
1275 1274 1276
1277 1278 1275
1277 1279 1278
1279 1273 1278
1279 1280 1273
1281 1282 1277
1281 1283 1282
1283 1280 1282
1283 1284 1280
1285 1284 1283
1285 1286 1284
1287 1288 1285
1287 1285 1289
1289 1290 1281
1289 1291 1290
1292 1293 1291
1292 1294 1293
1295 1296 1297
1295 1297 1298
1296 1299 1297
1296 1300 1299
1298 1301 1302
1298 1302 1303
1301 1299 1304
1301 1304 1302
1303 1305 1306
1303 1306 1307
1305 1304 1308
1305 1308 1306
1307 1309 1310
1307 1310 1311
1309 1308 1312
1309 1312 1310
1313 1314 1315
1316 1313 1315
1317 1316 1315
1318 1317 1315
1319 1318 1315
1320 1319 1315
1321 1320 1315
1322 1321 1315
1323 1322 1315
1314 1323 1315
1324 1325 1326
1324 1326 1327
1327 1326 1328
1327 1328 1329
1330 1331 1329
1332 1331 1330
1332 1333 1331
1330 1329 1334
1335 1332 1336
1335 1336 1337
1337 1336 1334
1337 1334 1338
1339 1335 1340
1339 1340 1341
1341 1340 1338
1341 1338 1342
1343 1341 1342
1343 1342 1344
1345 1346 1343
1345 1343 1347
1346 1339 1348
1346 1348 1349
1350 1349 1351
1350 1351 1352
1353 1354 1355
1353 1355 1356
1356 1355 1357
1356 1357 1358
1354 1359 1360
1354 1360 1361
1361 1360 1362
1361 1362 1357
1359 1363 1364
1359 1364 1365
1365 1364 1366
1365 1366 1362
1363 1367 1368
1363 1368 1369
1369 1368 1370
1369 1370 1366
1371 1372 1373
1371 1373 1374
1375 1371 1374
1371 1376 1372
1377 1372 1376
1377 1376 1378
1375 1374 1379
1375 1379 1380
1380 1381 1375
1382 1380 1379
1375 1383 1371
1384 1383 1375
1385 1384 1375
1375 1381 1385
1385 1381 1386
1387 1385 1386
1384 1385 1388
1388 1385 1387
1388 1387 1389
1390 1389 1387
1390 1387 1386
1388 1389 1391
1391 1389 1392
1391 1392 1393
1393 1392 1394
1395 1389 1390
1395 1396 1389
1371 1383 1397
1371 1397 1398
1396 1399 1400
1392 1401 1399
1393 1400 1402
1403 1404 1405
1406 1403 1407
1407 1408 1406
1407 1376 1408
1378 1376 1407
1409 1410 1411
1409 1411 1412
1413 1409 1412
1413 1412 1414
1415 1413 1414
1416 1417 1418
1416 1419 1417
1420 1419 1416
1416 1418 1421
1422 1421 1418
1422 1423 1421
1420 1424 1419
1420 1425 1424
1425 1420 1426
1427 1424 1425
1420 1416 1428
1429 1420 1428
1430 1420 1429
1420 1430 1426
1430 1431 1426
1432 1431 1430
1429 1433 1430
1433 1432 1430
1433 1434 1432
1435 1432 1434
1435 1431 1432
1433 1436 1434
1436 1437 1434
1436 1438 1437
1438 1439 1437
1440 1435 1434
1440 1434 1441
1416 1442 1428
1416 1443 1442
1441 1444 1445
1437 1445 1446
1438 1447 1444
1448 1449 1450
1451 1452 1448
1452 1451 1453
1452 1453 1421
1423 1452 1421
1454 1455 1456
1454 1456 1457
1458 1455 1454
1458 1459 1455
1460 1459 1458
1461 1462 1463
1461 1463 1464
1464 1463 1465
1464 1465 1466
1466 1465 1467
1466 1467 1468
1468 1467 1469
1468 1469 1470
1470 1469 1471
1470 1471 1472
1472 1471 1473
1472 1473 1474
1474 1473 1475
1474 1475 1476
1476 1475 1477
1476 1477 1478
1478 1477 1479
1478 1479 1480
1480 1479 1481
1480 1481 1482
1482 1481 1483
1482 1483 1484
1484 1483 1485
1486 1487 1488
1489 1486 1488
1489 1488 1490
1491 1489 1490
1491 1490 1492
1493 1491 1492
1493 1492 1494
1495 1493 1494
1495 1494 1496
1497 1487 1486
1498 1491 1493
1498 1499 1491
1499 1489 1491
1500 1498 1493
1500 1493 1495
1501 1500 1495
1501 1495 1502
1502 1495 1503
1502 1503 1504
1505 1501 1502
1505 1502 1506
1506 1502 1507
1506 1507 1508
1509 1504 1496
1510 1509 1496
1510 1496 1511
1509 1512 1504
1512 1508 1507
1512 1513 1508
1514 1510 1511
1514 1511 1515
1516 1517 1508
1516 1508 1518
1519 1516 1518
1519 1518 1520
1521 1519 1520
1521 1520 1522
1523 1521 1522
1523 1522 1524
1525 1523 1524
1525 1524 1526
1527 1526 1524
1527 1528 1526
1529 1521 1523
1529 1530 1521
1531 1517 1516
1531 1505 1517
1532 1523 1525
1532 1533 1523
1534 1527 1524
1534 1524 1522
1535 1536 1521
1535 1537 1536
1537 1531 1538
1537 1538 1519
1539 1540 1488
1540 1541 1488
1540 1542 1541
1542 1543 1515
1542 1515 1490
1499 1544 1489
1544 1486 1489
1544 1497 1486
1545 1546 1522
1545 1522 1547
1548 1545 1520
1548 1520 1549
1513 1548 1518
1513 1518 1550
1551 1552 1553
1551 1553 1554
1555 1551 1554
1555 1554 1556
1557 1555 1556
1557 1556 1558
1559 1557 1558
1559 1558 1560
1561 1553 1552
1561 1562 1553
1561 1563 1562
1561 1564 1563
1565 1559 1560
1565 1560 1566
1567 1565 1566
1567 1566 1568
1567 1568 1569
1567 1569 1570
1571 1570 1569
1571 1569 1572
1573 1571 1572
1573 1572 1574
1575 1576 1577
1578 1579 1580
1581 1582 1583
1581 1583 1584
1582 1581 1585
1586 1587 1588
1589 1590 1591
1592 1593 1591
1591 1594 1592
1595 1596 1597
1595 1597 1598
1599 1598 1597
1599 1597 1600
1595 1601 1596
1595 1602 1601
1596 1601 1603
1596 1603 1604
1596 1604 1605
1596 1605 1597
1600 1597 1605
1600 1605 1606
1602 1595 1607
1595 1598 1608
1598 1599 1609
1598 1609 1608
1610 1608 1609
1611 1608 1610
1611 1610 1612
1613 1611 1612
1613 1614 1611
1607 1611 1614
1613 1612 1615
1613 1615 1616
1616 1615 1617
1616 1617 1618
1618 1617 1619
1618 1619 1620
1612 1610 1621
1612 1621 1615
1615 1621 1622
1615 1622 1617
1617 1622 1619
1610 1609 1623
1621 1624 1622
1621 1625 1624
1610 1623 1625
1610 1625 1621
1619 1622 1626
1624 1626 1622
1619 1626 1627
1624 1628 1626
1619 1627 1629
1619 1629 1620
1627 1630 1629
1627 1631 1630
1627 1626 1632
1627 1632 1631
1628 1632 1626
1628 1633 1632
1634 1630 1631
1634 1635 1630
1636 1634 1631
1636 1631 1632
1637 1636 1632
1637 1632 1633
1629 1630 1638
1635 1638 1630
1629 1638 1639
1620 1629 1639
1620 1639 1640
1641 1620 1640
1642 1641 1640
1639 1642 1640
1642 1643 1641
1643 1644 1641
1643 1645 1644
1646 1643 1642
1646 1642 1647
1648 1646 1647
1648 1647 1649
1650 1648 1649
1650 1649 1651
1652 1650 1651
1652 1653 1650
1654 1645 1643
1654 1643 1646
1654 1646 1655
1654 1655 1656
1657 1654 1656
1657 1658 1654
1658 1645 1654
1656 1655 1659
1656 1659 1660
1661 1657 1656
1661 1656 1660
1660 1659 1662
1660 1662 1663
1663 1661 1660
1653 1652 1664
1663 1665 1661
1663 1662 1666
1665 1663 1666
1667 1668 1658
1667 1669 1668
1668 1669 1670
1668 1670 1671
1667 1658 1672
1667 1672 1673
1673 1672 1674
1673 1674 1675
1675 1674 1676
1645 1668 1671
1645 1671 1644
1658 1668 1645
1614 1671 1670
1614 1613 1671
1671 1613 1616
1671 1616 1644
1616 1641 1644
1616 1618 1641
1641 1618 1620
1677 1614 1670
1677 1607 1614
1678 1607 1677
1678 1602 1607
1602 1678 1679
1679 1678 1680
1680 1678 1677
1602 1679 1601
1681 1679 1680
1681 1682 1679
1683 1682 1681
1684 1683 1681
1684 1681 1685
1684 1686 1683
1684 1687 1686
1688 1686 1687
1688 1687 1689
1685 1681 1690
1691 1686 1688
1691 1692 1686
1683 1686 1692
1683 1692 1693
1683 1693 1682
1682 1694 1679
1601 1695 1694
1682 1696 1694
1697 1696 1682
1697 1698 1696
1699 1698 1697
1699 1700 1698
1701 1700 1699
1694 1696 1702
1694 1702 1703
1603 1694 1703
1601 1694 1603
1603 1703 1704
1604 1603 1704
1604 1704 1705
1605 1604 1705
1605 1705 1706
1606 1605 1706
1606 1706 1707
1705 1704 1708
1705 1708 1709
1706 1705 1709
1706 1709 1710
1707 1706 1710
1707 1710 1711
1703 1702 1712
1703 1712 1713
1704 1703 1713
1704 1713 1708
1606 1707 1714
1707 1711 1714
1600 1606 1714
1599 1600 1714
1609 1599 1714
1623 1609 1714
1625 1623 1715
1624 1625 1715
1628 1624 1715
1633 1628 1715
1637 1633 1715
1607 1595 1611
1595 1608 1611
1716 1717 1718
1717 1719 1718
1717 1720 1719
1716 1718 1721
1722 1718 1719
1722 1719 1723
1724 1720 1717
1725 1720 1724
1725 1726 1720
1720 1726 1727
1720 1727 1728
1727 1726 1729
1730 1728 1727
1730 1727 1731
1724 1717 1732
1732 1717 1733
1726 1734 1729
1734 1726 1735
1734 1735 1736
1737 1734 1736
1737 1736 1738
1738 1736 1739
1738 1739 1740
1741 1740 1739
1741 1739 1742
1743 1741 1742
1744 1743 1742
1739 1744 1742
1739 1745 1744
1736 1735 1745
1736 1745 1739
1734 1737 1746
1734 1746 1729
1746 1747 1729
1748 1747 1746
1748 1749 1747
1750 1749 1748
1750 1751 1749
1752 1751 1750
1752 1753 1751
1754 1753 1752
1755 1750 1748
1755 1748 1756
1756 1748 1757
1756 1757 1758
1758 1757 1737
1759 1752 1750
1759 1750 1755
1754 1752 1759
1760 1747 1749
1760 1749 1761
1761 1749 1751
1761 1751 1762
1762 1751 1753
1762 1753 1763
1763 1753 1754
1764 1765 1729
1764 1729 1766
1767 1764 1766
1767 1768 1764
1764 1768 1765
1767 1769 1768
1767 1770 1769
1771 1767 1766
1771 1766 1772
1773 1768 1769
1773 1769 1774
1775 1770 1767
1775 1767 1771
1776 1770 1775
1776 1777 1770
1770 1777 1778
1770 1778 1779
1774 1779 1778
1777 1780 1778
1780 1777 1776
1774 1778 1781
1781 1778 1782
1768 1773 1783
1768 1783 1784
1783 1785 1784
1786 1784 1785
1787 1784 1786
1786 1788 1787
1786 1789 1788
1787 1765 1784
1787 1788 1790
1787 1790 1791
1765 1787 1791
1792 1788 1789
1792 1789 1793
1786 1785 1794
1793 1789 1795
1796 1795 1789
1797 1795 1796
1797 1796 1798
1796 1789 1799
1798 1800 1797
1801 1795 1797
1793 1795 1801
1801 1797 1802
1802 1797 1800
1803 1796 1799
1803 1799 1804
1765 1791 1729
1729 1805 1806
1805 1807 1806
1805 1808 1807
1808 1809 1807
1808 1810 1809
1811 1808 1805
1811 1805 1812
1813 1807 1809
1814 1807 1813
1814 1815 1807
1813 1809 1816
1817 1809 1810
1817 1810 1818
1819 1808 1811
1819 1820 1808
1821 1822 1805
1821 1805 1823
1824 1822 1821
1824 1825 1822
1826 1825 1824
1827 1825 1826
1828 1821 1823
1828 1823 1829
1830 1824 1821
1830 1821 1828
1831 1824 1830
1832 1822 1825
1832 1825 1827
1833 1822 1832
1833 1834 1822
1729 1823 1805
1729 1835 1836
1836 1835 1837
1836 1837 1838
1839 1838 1837
1839 1840 1838
1841 1838 1840
1841 1840 1842
1842 1840 1843
1843 1840 1839
1844 1836 1838
1844 1838 1841
1843 1839 1845
1843 1845 1846
1839 1847 1845
1845 1847 1848
1839 1849 1847
1847 1849 1850
1850 1849 1851
1851 1849 1839
1851 1839 1837
1850 1851 1852
1852 1851 1853
1852 1853 1854
1854 1853 1855
1854 1855 1856
1835 1853 1851
1855 1853 1835
1835 1851 1837
1729 1855 1835
1857 1855 1729
1856 1790 1788
1856 1788 1792
1727 1729 1806
1858 1727 1806
1858 1859 1727
1860 1859 1858
1860 1861 1859
1862 1727 1859
1862 1859 1863
1863 1859 1861
1864 1858 1806
1864 1806 1865
1863 1861 1866
1866 1861 1867
1866 1867 1868
1868 1860 1858
1868 1858 1869
1870 1871 1872
1873 1872 1871
1873 1785 1872
1874 1872 1785
1870 1872 1874
1874 1785 1875
1783 1875 1785
1680 1677 1876
1680 1876 1877
1680 1877 1878
1878 1877 1879
1878 1879 1880
1880 1879 1881
1880 1881 1882
1882 1881 1883
1876 1677 1670
1876 1670 1669
1877 1876 1669
1877 1669 1884
1879 1877 1884
1879 1884 1885
1881 1879 1885
1881 1885 1886
1883 1881 1886
1887 1888 1889
1887 1889 1890
1891 1887 1890
1891 1892 1887
1891 1893 1892
1891 1894 1893
1894 1642 1893
1887 1895 1888
1887 1896 1895
1892 1896 1887
1892 1897 1896
1892 1893 1898
1892 1898 1897
1893 1639 1898
1893 1642 1639
1639 1638 1898
1898 1638 1899
1900 1898 1899
1900 1899 1901
1902 1900 1901
1902 1901 1903
1904 1902 1903
1905 1899 1638
1905 1906 1899
1635 1905 1638
1899 1906 1907
1899 1907 1908
1908 1907 1909
1908 1909 1910
1702 1696 1911
1702 1911 1912
1913 1702 1912
1913 1912 1914
1912 1911 1915
1916 1914 1912
1912 1915 1916
1735 1917 1918
1919 1920 1796
1919 1796 1921
1922 1798 1919
1786 1794 1923
1768 1784 1765
1924 1925 1926
1924 1926 1927
1928 1926 1925
1928 1929 1926
1924 1927 1930
1924 1930 1931
1927 1932 1930
1927 1933 1932
1927 1926 1934
1927 1934 1933
1929 1934 1926
1929 1935 1934
1931 1936 1924
1924 1937 1925
1925 1937 1938
1925 1938 1928
1939 1938 1937
1940 1939 1937
1940 1941 1939
1942 1941 1940
1942 1940 1943
1936 1943 1940
1942 1944 1941
1942 1945 1944
1945 1946 1944
1945 1947 1946
1947 1948 1946
1947 1949 1948
1941 1944 1950
1941 1950 1939
1944 1946 1951
1944 1951 1950
1946 1948 1951
1939 1952 1938
1950 1951 1953
1950 1953 1954
1939 1950 1954
1939 1954 1952
1948 1955 1951
1953 1951 1955
1948 1956 1955
1953 1955 1957
1948 1949 1958
1948 1958 1956
1956 1958 1959
1956 1959 1960
1956 1960 1961
1956 1961 1955
1957 1955 1961
1957 1961 1962
1963 1960 1959
1963 1959 1964
1965 1961 1960
1965 1960 1963
1966 1962 1961
1966 1961 1965
1958 1967 1959
1964 1959 1967
1958 1968 1967
1949 1968 1958
1949 1969 1968
1970 1969 1949
1971 1969 1970
1968 1969 1971
1971 1970 1972
1972 1970 1973
1972 1973 1974
1975 1971 1972
1975 1976 1971
1977 1976 1975
1977 1978 1976
1979 1978 1977
1979 1980 1978
1981 1980 1979
1981 1979 1982
1983 1975 1972
1983 1972 1974
1983 1984 1975
1983 1985 1984
1986 1985 1983
1986 1983 1987
1987 1983 1974
1985 1988 1984
1985 1989 1988
1990 1989 1985
1990 1985 1986
1989 1991 1988
1989 1992 1991
1992 1989 1990
1982 1993 1981
1992 1990 1994
1992 1995 1991
1994 1995 1992
1996 1987 1997
1996 1997 1998
1997 1999 1998
1997 2000 1999
1996 2001 1987
1996 2002 2001
2002 2003 2001
2002 2004 2003
2004 2005 2003
1974 2000 1997
1974 1973 2000
1987 1974 1997
1943 1999 2000
1943 2000 1942
2000 1973 1945
2000 1945 1942
1945 1973 1970
1945 1970 1947
1970 1949 1947
2006 1999 1943
2006 1943 1936
2007 2006 1936
2007 1936 1931
1931 2008 2007
2008 2009 2007
2009 2006 2007
1931 1930 2008
2010 2009 2008
2010 2008 2011
2012 2010 2011
2013 2010 2012
2013 2014 2010
2013 2012 2015
2013 2015 2016
2017 2016 2015
2017 2018 2016
2014 2019 2010
2020 2017 2015
2020 2015 2021
2012 2021 2015
2012 2022 2021
2012 2011 2022
2011 2008 2023
1930 1932 2023
1930 2023 2024
2011 2023 2025
2026 2011 2025
2026 2025 2027
2028 2026 2027
2028 2027 2029
2030 2028 2029
1932 2031 2023
1932 2032 2031
1933 2032 1932
1933 2033 2032
1934 2033 1933
1934 2034 2033
1935 2034 1934
1935 2035 2034
2033 2036 2032
2033 2037 2036
2034 2037 2033
2034 2038 2037
2035 2038 2034
2035 2039 2038
2032 2036 2040
2032 2040 2031
2031 2040 2041
2031 2041 2042
2023 2031 2042
2023 2042 2025
2042 2043 2025
2042 2044 2043
2045 2044 2042
2045 2046 2044
2044 2047 2043
2048 2044 2046
2044 2048 2047
2035 2049 2039
1929 2049 1935
1928 2049 1929
1938 2049 1928
1952 2049 1938
1935 2049 2035
1954 2050 1952
1953 2050 1954
1957 2050 1953
1962 2050 1957
1966 2050 1962
1936 1940 1924
1924 1940 1937
2051 2052 2053
2053 2052 2054
2053 2054 2055
2055 2054 2056
2055 2056 2057
2056 2058 2057
2051 2059 2052
2060 2051 2053
2061 2056 2054
2061 2062 2056
2063 2055 2057
2063 2064 2055
2064 2060 2053
2064 2053 2055
2065 2054 2052
2065 2066 2054
2057 2058 2067
2067 2068 2057
2068 2069 2057
2067 2070 2068
2071 2070 2067
2071 2072 2070
2072 2073 2070
2072 2074 2073
2075 2073 2074
2075 2076 2073
2073 2076 2077
2077 2076 2078
2078 2076 2079
2073 2077 2080
2070 2073 2080
2070 2080 2068
2067 2081 2071
2067 2082 2081
2081 2082 2083
2084 2081 2083
2084 2083 2085
2086 2084 2085
2086 2085 2087
2088 2086 2087
2088 2087 2089
2090 2088 2089
2091 2084 2086
2091 2092 2084
2092 2093 2084
2092 2094 2093
2094 2071 2093
2095 2091 2086
2095 2086 2088
2090 2095 2088
2096 2085 2083
2096 2097 2085
2097 2087 2085
2097 2098 2087
2098 2089 2087
2098 2099 2089
2099 2090 2089
2100 2058 2101
2102 2103 2101
2102 2104 2103
2104 2102 2105
2104 2105 2106
2102 2107 2105
2102 2108 2107
2101 2108 2102
2109 2106 2105
2109 2110 2106
2104 2111 2103
2104 2112 2111
2113 2109 2105
2113 2105 2107
2114 2103 2111
2114 2111 2115
2116 2115 2111
2116 2111 2117
2118 2117 2111
2118 2119 2117
2120 2117 2119
2120 2116 2117
2110 2121 2122
2110 2122 2123
2124 2123 2122
2124 2104 2123
2104 2125 2112
2126 2127 2124
2126 2124 2128
2121 2126 2128
2127 2126 2129
2130 2124 2127
2130 2131 2124
2121 2132 2126
2132 2129 2126
2131 2133 2124
2131 2134 2133
2135 2130 2127
2136 2137 2138
2136 2138 2139
2140 2137 2136
2140 2141 2137
2142 2140 2136
2142 2136 2143
2136 2144 2143
2143 2144 2145
2143 2145 2146
2136 2147 2144
2146 2145 2148
2149 2145 2144
2149 2150 2145
2150 2148 2145
2151 2142 2143
2151 2143 2146
2148 2151 2146
2152 2149 2144
2152 2144 2139
2139 2114 2152
2138 2101 2139
2139 2101 2153
2139 2153 2114
2101 2082 2108
2108 2082 2154
2082 2155 2156
2157 2158 2156
2157 2156 2159
2160 2157 2159
2160 2159 2161
2162 2160 2161
2082 2158 2163
2158 2164 2163
2158 2165 2164
2166 2164 2165
2166 2165 2167
2162 2168 2160
2168 2157 2160
2169 2159 2156
2169 2170 2159
2170 2161 2159
2168 2171 2157
2171 2172 2157
2171 2173 2172
2170 2174 2161
2174 2175 2161
2176 2167 2165
2176 2177 2167
2177 2178 2167
2179 2176 2165
2179 2165 2158
2180 2166 2167
2180 2181 2166
2180 2182 2181
2166 2181 2183
2181 2184 2183
2166 2183 2185
2183 2186 2185
2186 2187 2185
2187 2166 2185
2186 2188 2187
2188 2189 2187
2188 2190 2189
2190 2154 2189
2190 2113 2154
2187 2164 2166
2163 2164 2187
2163 2187 2189
2154 2163 2189
2058 2163 2154
2138 2083 2058
2058 2156 2158
2156 2191 2192
2156 2192 2193
2193 2192 2194
2193 2194 2195
2196 2156 2193
2196 2197 2156
2198 2194 2192
2199 2198 2192
2199 2192 2155
2198 2200 2194
2200 2195 2194
2200 2201 2195
2202 2196 2193
2202 2193 2195
2203 2155 2056
2203 2056 2204
2205 2203 2204
2205 2204 2206
2207 2155 2203
2207 2208 2155
2209 2206 2204
2210 2209 2204
2210 2204 2211
2209 2212 2206
2212 2213 2206
2212 2214 2213
2214 2203 2205
2214 2215 2203
2056 2155 2058
2009 2216 2006
2009 2217 2216
2009 2218 2217
2218 2219 2217
2218 2220 2219
2220 2221 2219
2220 2222 2221
2222 2223 2221
2216 1999 2006
2216 1998 1999
2217 1998 2216
2217 2224 1998
2219 2224 2217
2219 2225 2224
2221 2225 2219
2221 2226 2225
2223 2226 2221
2227 2228 2229
2227 2229 2230
2231 2228 2227
2231 2227 2232
2231 2232 2233
2231 2233 2234
2234 2233 1971
2227 2230 2235
2227 2235 2236
2232 2227 2236
2232 2236 2237
2232 2237 2238
2232 2238 2233
2233 2238 1968
2233 1968 1971
1968 2238 1967
2238 2239 1967
2240 2239 2238
2240 2241 2239
2242 2241 2240
2242 2243 2241
2244 2243 2242
2245 1967 2239
2245 2239 2246
1964 1967 2245
2239 2247 2246
2239 2248 2247
2248 2249 2247
2248 2250 2249
2251 2252 2253
2251 2253 2254
2251 2254 2255
2251 2255 2256
2251 2256 2257
2251 2257 2258
2251 2258 2259
2251 2259 2260
2251 2260 2261
2251 2261 2262
2251 2262 2263
2251 2263 2264
2251 2264 2265
2251 2265 2266
2251 2266 2267
2253 2252 2268
2253 2268 2269
2254 2253 2269
2256 2255 2270
2256 2270 2271
2257 2256 2271
2259 2258 2272
2259 2272 2273
2260 2259 2273
2262 2261 2274
2262 2274 2275
2263 2262 2275
2266 2265 2276
2266 2276 2277
2267 2266 2277
2267 2277 2278
2279 2267 2278
2251 2267 2279
2251 2279 2280
2251 2280 2281
2251 2281 2282
2251 2282 2252
2279 2278 2283
2280 2279 2283
2280 2283 2284
2281 2280 2284
2281 2284 2285
2282 2281 2285
2282 2285 2286
2268 2252 2282
2268 2282 2286
2287 2288 2276
2287 2289 2288
2289 2290 2288
2289 2263 2290
2263 2275 2290
2254 2269 2291
2255 2254 2291
2255 2291 2270
2257 2271 2292
2258 2257 2292
2258 2292 2293
2260 2273 2294
2261 2260 2294
2261 2294 2274
2295 2296 2297
2295 2297 2298
2295 2298 2299
2295 2299 2300
2295 2300 2301
2295 2301 2302
2295 2302 2303
2295 2303 2304
2295 2304 2305
2295 2305 2306
2295 2306 2307
2295 2307 2308
2295 2308 2296
2309 2310 2311
2309 2312 2310
2309 2313 2312
2309 2314 2313
2309 2315 2314
2309 2316 2315
2309 2317 2316
2309 2318 2317
2309 2319 2318
2309 2320 2319
2309 2321 2320
2309 2322 2321
2309 2323 2322
2309 2324 2323
2309 2325 2324
2310 2326 2311
2313 2327 2312
2312 2327 2328
2310 2328 2326
2312 2328 2310
2316 2329 2315
2315 2329 2330
2315 2330 2314
2314 2330 2331
2313 2331 2327
2314 2331 2313
2324 2332 2323
2324 2333 2332
2325 2333 2324
2325 2334 2333
2335 2334 2325
2309 2335 2325
2309 2336 2335
2309 2337 2336
2309 2338 2337
2309 2311 2338
2335 2339 2334
2336 2340 2339
2337 2340 2336
2336 2339 2341
2337 2342 2340
2338 2342 2337
2338 2343 2342
2326 2343 2338
2326 2338 2311
2344 2332 2345
2344 2345 2346
2346 2345 2347
2346 2347 2348
2348 2347 2349
2348 2349 2320
2320 2349 2350
2320 2350 2319
2319 2350 2351
2319 2351 2318
2318 2351 2352
2318 2352 2317
2317 2352 2353
2317 2353 2316
2316 2354 2329
2355 2356 2357
2355 2358 2356
2355 2359 2358
2355 2360 2359
2355 2361 2360
2355 2362 2361
2355 2363 2362
2355 2364 2363
2355 2365 2364
2355 2366 2365
2355 2367 2366
2355 2368 2367
2355 2357 2368
2369 2370 2371
2369 2372 2370
2373 2374 2375
