byte offset: 0
first index: 47910
index count: 2592
topology: trianglelist
format: DXGI_FORMAT_R16_UINT

15237 15238 15239
15238 15240 15239
15239 15241 15237
15241 15242 15237
15242 15241 15243
15244 15242 15243
15244 15243 15245
15246 15244 15245
15247 15242 15244
15248 15247 15244
15244 15246 15248
15249 15247 15248
15250 15249 15248
15245 15251 15246
15251 15252 15246
15252 15251 15253
15254 15252 15253
15246 15252 15255
15246 15255 15248
15252 15256 15255
15254 15257 15252
15257 15256 15252
15258 15256 15257
15256 15258 15255
15257 15254 15259
15260 15257 15259
15261 15260 15259
15261 15259 15262
15259 15254 15262
15263 15261 15262
15263 15262 15264
15254 15253 15264
15254 15264 15262
15265 15263 15264
15265 15264 15266
15264 15253 15266
15267 15265 15266
15258 15257 15268
15257 15260 15268
15258 15268 15269
15258 15269 15255
15255 15269 15248
15269 15250 15248
15268 15270 15269
15250 15269 15271
15269 15270 15271
15272 15250 15271
15250 15272 15273
15272 15274 15273
15272 15275 15274
15275 15276 15274
15274 15276 15277
15278 15274 15277
15274 15278 15273
15278 15279 15273
15278 15280 15279
15280 15281 15279
15277 15282 15278
15282 15280 15278
15277 15276 15283
15284 15276 15275
15283 15276 15284
15283 15284 15285
15284 15275 15285
15286 15283 15285
15287 15272 15271
15273 15279 15288
15279 15289 15288
15289 15279 15281
15288 15289 15290
15289 15291 15290
15291 15289 15292
15292 15289 15281
15293 15291 15292
15290 15294 15288
15294 15249 15288
15291 15293 15295
15293 15296 15295
15273 15288 15249
15250 15273 15249
15247 15249 15294
15297 15247 15294
15242 15247 15297
15237 15242 15297
15294 15290 15298
15297 15294 15298
15290 15299 15298
15290 15291 15299
15291 15295 15299
15300 15298 15299
15301 15300 15299
15301 15299 15295
15302 15298 15300
15302 15297 15298
15297 15302 15237
15303 15302 15300
15304 15301 15295
15304 15295 15296
15303 15305 15302
15305 15238 15302
15302 15238 15237
15301 15306 15300
15306 15301 15304
15306 15307 15300
15303 15300 15307
15306 15308 15307
15306 15309 15308
15309 15306 15304
15309 15310 15308
15308 15311 15307
15307 15311 15312
15305 15303 15312
15312 15303 15307
15311 15313 15312
15314 15312 15313
15314 15305 15312
15315 15314 15313
15314 15316 15305
15316 15317 15305
15238 15305 15317
15310 15309 15318
15319 15310 15318
15318 15309 15320
15309 15304 15320
15320 15304 15296
15316 15321 15322
15321 15315 15322
15240 15238 15317
15323 15324 15325
15326 15323 15325
15323 15326 15327
15326 15328 15327
15328 15329 15327
15327 15329 15330
15331 15327 15330
15332 15327 15331
15324 15332 15333
15332 15334 15333
15334 15332 15331
15329 15328 15335
15328 15336 15335
15335 15336 15337
15336 15338 15337
15337 15338 15339
15338 15340 15339
15339 15340 15341
15340 15342 15341
15342 15340 15343
15344 15342 15343
15344 15343 15345
15346 15344 15345
15345 15347 15346
15347 15348 15346
15343 15340 15349
15340 15338 15349
15349 15338 15350
15338 15336 15350
15351 15350 15336
15351 15352 15350
15352 15353 15350
15350 15353 15349
15354 15352 15351
15355 15354 15351
15351 15328 15355
15328 15351 15336
15328 15326 15355
15355 15326 15325
15353 15356 15349
15345 15343 15356
15343 15349 15356
15325 15357 15355
15357 15354 15355
15357 15325 15358
15325 15359 15358
15360 15358 15359
15361 15358 15360
15362 15358 15361
15358 15362 15357
15363 15362 15361
15356 15353 15364
15365 15356 15364
15356 15365 15345
15365 15347 15345
15362 15366 15357
15354 15357 15366
15367 15354 15366
15352 15354 15367
15368 15352 15367
15352 15368 15353
15368 15364 15353
15362 15363 15369
15369 15363 15370
15363 15371 15370
15372 15362 15369
15369 15373 15372
15373 15374 15372
15374 15375 15372
15375 15376 15372
15375 15377 15376
15378 15377 15375
15378 15379 15377
15379 15378 15380
15381 15379 15380
15381 15380 15382
15380 15383 15382
15380 15384 15383
15384 15385 15383
15385 15384 15386
15384 15387 15386
15375 15374 15387
15388 15375 15387
15388 15380 15378
15388 15378 15375
15381 15389 15379
15389 15390 15379
15389 15391 15390
15391 15392 15390
15392 15391 15393
15394 15392 15393
15394 15393 15395
15396 15394 15395
15394 15396 15397
15396 15398 15397
15397 15398 15399
15398 15400 15399
15399 15400 15347
15400 15348 15347
15392 15394 15401
15394 15397 15401
15390 15392 15402
15392 15401 15402
15390 15402 15403
15404 15403 15402
15405 15404 15402
15402 15401 15405
15404 15406 15403
15406 15377 15403
15379 15403 15377
15379 15390 15403
15401 15397 15407
15397 15399 15407
15401 15407 15405
15377 15406 15376
15347 15365 15399
15365 15407 15399
15365 15364 15407
15364 15405 15407
15404 15405 15368
15405 15364 15368
15406 15404 15367
15404 15368 15367
15376 15406 15366
15406 15367 15366
15376 15366 15362
15372 15376 15362
15408 15409 15410
15409 15411 15410
15411 15324 15410
15324 15333 15410
15325 15324 15359
15412 15413 15414
15413 15415 15414
15414 15415 15330
15416 15414 15330
15417 15418 15413
15418 15419 15413
15414 15420 15417
15420 15421 15417
15417 15421 15422
15419 15422 15423
15422 15424 15423
15421 15425 15422
15425 15424 15422
15329 15426 15414
15426 15427 15414
15426 15329 15428
15329 15335 15428
15428 15335 15429
15335 15337 15429
15429 15337 15430
15337 15339 15430
15430 15339 15431
15339 15341 15431
15361 15432 15433
15432 15434 15433
15435 15436 15437
15438 15436 15435
15439 15438 15435
15440 15439 15435
15441 15439 15440
15442 15439 15441
15443 15442 15441
15442 15443 15444
15444 15443 15445
15445 15446 15444
15447 15446 15445
15448 15446 15447
15449 15447 15445
15449 15445 15443
15450 15449 15443
15450 15443 15441
15451 15448 15447
15448 15451 15452
15452 15451 15453
15454 15452 15453
15455 15451 15447
15453 15451 15455
15449 15456 15447
15456 15455 15447
15456 15449 15457
15449 15450 15457
15457 15450 15458
15450 15441 15458
15458 15441 15440
15459 15453 15455
15459 15455 15460
15455 15456 15460
15460 15456 15457
15461 15460 15457
15461 15457 15462
15457 15458 15462
15462 15458 15440
15463 15462 15440
15463 15440 15464
15440 15435 15464
15465 15454 15466
15467 15465 15466
15468 15467 15466
15468 15469 15467
15470 15468 15466
15448 15465 15467
15471 15448 15467
15467 15469 15471
15471 15446 15448
15472 15473 15474
15474 15475 15472
15472 15476 15477
15476 15478 15477
15476 15479 15478
15472 15439 15476
15438 15477 15480
15481 15482 15483
15482 15484 15483
15485 15481 15483
15481 15485 15486
15487 15486 15485
15488 15487 15485
15487 15488 15489
15490 15487 15489
15487 15490 15491
15492 15487 15491
15493 15492 15491
15493 15486 15492
15494 15493 15491
15492 15495 15487
15489 15488 15496
15496 15488 15485
15497 15489 15496
15497 15496 15498
15496 15499 15498
15498 15499 15500
15501 15498 15500
15496 15502 15499
15502 15496 15485
15502 15503 15499
15500 15499 15503
15504 15500 15503
15502 15485 15483
15502 15483 15503
15483 15484 15503
15484 15504 15503
15493 15494 15505
15506 15493 15505
15506 15505 15507
15505 15508 15507
15508 15509 15507
15507 15486 15506
15486 15493 15506
15500 15510 15501
15500 15511 15510
15512 15511 15504
15512 15513 15511
15513 15512 15514
15514 15512 15504
15515 15513 15514
15513 15516 15511
15510 15511 15516
15515 15514 15517
15518 15515 15517
15517 15519 15518
15519 15520 15518
15519 15521 15520
15517 15514 15504
15522 15511 15500
15523 15524 15525
15524 15360 15525
15275 15526 15285
15526 15275 15272
15287 15526 15272
15277 15527 15528
15528 15527 15529
15530 15528 15529
15277 15283 15527
15529 15527 15286
15527 15283 15286
15277 15528 15282
15282 15528 15530
15531 15282 15530
15532 15533 15534
15533 15535 15534
15536 15532 15534
15537 15536 15534
15536 15537 15538
15539 15536 15538
15540 15539 15538
15541 15540 15538
15533 15542 15543
15542 15544 15543
15542 15545 15546
15545 15547 15546
15547 15545 15548
15545 15549 15548
15550 15551 15552
15551 15553 15552
15554 15555 15556
15555 15557 15556
15555 15554 15558
15559 15555 15558
15560 15559 15558
15561 15560 15558
15560 15561 15562
15563 15564 15565
15566 15567 15568
15567 15569 15568
15569 15570 15568
15570 15571 15568
15570 15572 15573
15572 15574 15573
15574 15575 15573
15576 15567 15577
15578 15576 15577
15579 15580 15581
15582 15583 15584
15583 15585 15584
15586 15587 15588
15587 15589 15588
15590 15591 15592
15591 15593 15594
15594 15593 15595
15593 15596 15595
15595 15596 15597
15596 15598 15597
15598 15599 15597
15599 15600 15597
15599 15601 15600
15602 15603 15604
15603 15605 15604
15603 15602 15606
15607 15603 15606
15608 15607 15606
15609 15608 15606
15608 15609 15610
15611 15612 15613
15612 15614 15613
15615 15616 15617
15616 15618 15617
15619 15616 15615
15620 15619 15615
15621 15619 15620
15622 15621 15620
15623 15621 15622
15624 15623 15622
15625 15623 15624
15626 15625 15624
15622 15620 15627
15620 15615 15627
15626 15624 15627
15624 15622 15627
15628 15617 15627
15629 15630 15627
15629 15631 15630
15631 15632 15630
15633 15631 15629
15634 15633 15629
15634 15629 15627
15635 15633 15634
15636 15635 15634
15636 15634 15627
15630 15632 15637
15630 15637 15627
15632 15638 15637
15637 15638 15639
15638 15640 15639
15637 15641 15627
15641 15640 15642
15641 15642 15627
15640 15643 15642
15644 15645 15646
15645 15647 15646
15644 15646 15648
15649 15644 15648
15649 15648 15650
15651 15649 15650
15651 15650 15652
15653 15651 15652
15646 15647 15654
15648 15646 15654
15647 15655 15654
15656 15655 15647
15656 15657 15655
15657 15658 15655
15655 15658 15654
15659 15656 15647
15652 15660 15654
15650 15661 15654
15662 15663 15654
15664 15662 15665
15662 15666 15665
15664 15665 15667
15668 15664 15667
15664 15668 15654
15668 15667 15669
15670 15668 15669
15670 15669 15671
15672 15670 15671
15672 15671 15673
15674 15672 15673
15668 15670 15654
15672 15674 15654
15670 15672 15654
15675 15676 15677
15676 15678 15677
15676 15675 15679
15675 15680 15679
15681 15679 15680
15682 15681 15680
15683 15681 15682
15684 15683 15682
15682 15680 15685
15686 15682 15685
15682 15686 15684
15686 15685 15687
15688 15686 15687
15683 15684 15689
15684 15690 15689
15691 15689 15690
15692 15691 15690
15690 15684 15693
15686 15693 15684
15694 15690 15693
15692 15690 15695
15690 15694 15695
15696 15695 15694
15696 15694 15693
15695 15697 15692
15695 15698 15697
15698 15699 15697
15700 15697 15699
15697 15700 15692
15701 15700 15699
15700 15701 15702
15692 15702 15691
15692 15700 15702
15701 15703 15702
15702 15703 15704
15702 15704 15691
15703 15705 15704
15696 15706 15695
15706 15698 15695
15706 15696 15707
15707 15696 15693
15693 15686 15707
15686 15688 15707
15708 15706 15707
15688 15709 15707
15709 15708 15707
15688 15710 15709
15710 15688 15711
15712 15710 15711
15713 15710 15712
15714 15713 15712
15714 15712 15715
15712 15716 15715
15716 15712 15711
15717 15716 15711
15718 15716 15717
15719 15718 15717
15718 15720 15716
15720 15715 15716
15715 15721 15714
15722 15713 15714
15721 15722 15714
15722 15721 15723
15713 15722 15723
15721 15724 15723
15710 15725 15709
15717 15711 15726
15727 15717 15726
15719 15717 15727
15726 15728 15727
15728 15729 15727
15727 15729 15730
15730 15719 15727
15729 15731 15730
15732 15728 15726
15687 15732 15726
15731 15729 15733
15734 15731 15733
15726 15711 15687
15711 15688 15687
15687 15685 15732
15685 15735 15732
15735 15685 15680
15675 15735 15680
15728 15732 15736
15736 15732 15735
15737 15728 15736
15728 15737 15729
15737 15733 15729
15736 15738 15737
15738 15739 15737
15737 15739 15733
15736 15740 15738
15740 15736 15735
15735 15675 15740
15740 15741 15738
15739 15742 15733
15733 15742 15734
15743 15741 15740
15677 15743 15740
15675 15677 15740
15744 15739 15738
15739 15744 15742
15745 15744 15738
15738 15741 15745
15746 15744 15745
15747 15744 15746
15744 15747 15742
15748 15747 15746
15749 15746 15745
15749 15745 15750
15750 15741 15743
15741 15750 15745
15751 15749 15750
15750 15752 15751
15752 15753 15751
15753 15752 15754
15752 15755 15754
15756 15755 15743
15743 15677 15756
15755 15757 15743
15757 15750 15743
15747 15748 15758
15748 15759 15758
15747 15758 15760
15742 15747 15760
15742 15760 15734
15677 15678 15756
15761 15762 15763
15762 15374 15763
15386 15387 15762
15387 15764 15762
15765 15766 15767
15766 15768 15767
15765 15767 15382
15767 15769 15382
15770 15766 15771
15766 15772 15771
15773 15767 15770
15773 15774 15767
15774 15381 15767
15775 15773 15770
15775 15770 15776
15777 15775 15776
15777 15776 15778
15778 15776 15779
15776 15780 15779
15381 15774 15781
15389 15381 15781
15389 15781 15782
15391 15389 15782
15391 15782 15783
15393 15391 15783
15393 15783 15784
15395 15393 15784
15785 15786 15787
15788 15785 15787
15789 15785 15788
15790 15785 15789
15789 15791 15790
15792 15791 15789
15792 15793 15791
15792 15794 15793
15794 15795 15793
15795 15794 15796
15795 15796 15797
15798 15797 15796
15799 15795 15797
15795 15799 15793
15799 15800 15793
15793 15800 15791
15798 15801 15797
15798 15802 15801
15803 15801 15802
15804 15803 15802
15804 15802 15805
15802 15806 15805
15806 15802 15798
15806 15807 15805
15807 15806 15808
15807 15809 15805
15801 15810 15797
15801 15803 15810
15810 15811 15797
15811 15799 15797
15800 15799 15812
15799 15811 15812
15800 15812 15813
15791 15800 15813
15791 15813 15790
15803 15814 15810
15811 15810 15815
15810 15814 15815
15812 15811 15815
15816 15812 15815
15813 15812 15817
15812 15816 15817
15813 15817 15790
15817 15818 15790
15790 15818 15819
15785 15790 15819
15806 15820 15808
15820 15806 15798
15820 15798 15796
15821 15822 15823
15822 15821 15824
15825 15826 15827
15826 15825 15828
15825 15829 15828
15829 15825 15789
15788 15830 15828
15831 15832 15833
15833 15832 15834
15832 15831 15835
15831 15836 15835
15836 15837 15835
15837 15838 15835
15838 15837 15839
15837 15840 15839
15840 15837 15841
15837 15842 15841
15841 15842 15843
15843 15842 15836
15844 15841 15843
15842 15837 15845
15838 15839 15846
15835 15838 15846
15839 15847 15846
15846 15847 15848
15849 15846 15848
15850 15849 15848
15851 15850 15848
15852 15846 15849
15852 15835 15846
15853 15852 15849
15853 15849 15850
15854 15853 15850
15852 15832 15835
15832 15852 15853
15834 15832 15853
15834 15853 15854
15844 15843 15855
15843 15856 15855
15855 15856 15857
15858 15855 15857
15858 15857 15859
15857 15856 15836
15836 15856 15843
15850 15851 15860
15850 15860 15861
15862 15854 15861
15862 15861 15863
15862 15863 15864
15864 15854 15862
15863 15865 15864
15861 15866 15863
15860 15866 15861
15867 15864 15865
15868 15867 15865
15867 15868 15869
15868 15870 15869
15869 15870 15871
15867 15854 15864
15872 15850 15861
15873 15874 15875
15874 15373 15875
15876 15713 15723
15713 15876 15710
15876 15725 15710
15715 15877 15878
15878 15877 15879
15877 15880 15879
15715 15878 15721
15721 15878 15724
15878 15879 15724
15715 15720 15877
15877 15720 15880
15720 15881 15880
15882 15883 15884
15883 15885 15884
15885 15886 15884
15886 15887 15884
15887 15886 15888
15886 15889 15888
15889 15890 15888
15890 15891 15888
15892 15883 15893
15894 15892 15893
15895 15892 15896
15897 15895 15896
15897 15898 15895
15898 15899 15895
15900 15901 15902
15901 15903 15902
15904 15905 15906
15905 15907 15906
15907 15905 15908
15905 15909 15908
15909 15910 15908
15910 15911 15908
15910 15912 15911
15913 15914 15915
15916 15917 15918
15917 15919 15918
15920 15916 15918
15921 15920 15918
15922 15920 15923
15924 15922 15923
15925 15924 15923
15917 15926 15927
15926 15928 15927
15929 15930 15931
15932 15933 15934
15933 15935 15934
15936 15937 15938
15937 15939 15938
15940 15941 15942
15940 15942 15943
15944 15940 15943
15944 15943 15945
15946 15944 15945
15947 15946 15945
15948 15947 15945
15947 15948 15949
15941 15950 15951
15952 15953 15954
15953 15955 15954
15955 15953 15956
15953 15957 15956
15957 15958 15956
15958 15959 15956
15958 15960 15959
15961 15962 15963
15962 15964 15963
