byte offset: 0
first index: 0
index count: 12915
topology: trianglelist
format: DXGI_FORMAT_R16_UINT

0 1 2
2 1 3
4 5 6
5 4 7
8 9 10
11 9 8
12 13 14
14 13 15
16 17 18
17 19 18
20 21 22
22 23 20
24 25 26
27 24 26
28 29 30
30 29 31
32 33 34
35 33 32
36 33 35
37 33 36
38 33 37
39 33 38
40 33 39
41 33 40
42 33 41
43 33 42
44 33 43
45 33 44
46 33 45
47 33 46
48 33 47
49 33 48
50 33 49
51 33 50
52 33 51
34 33 52
53 54 55
56 57 54
56 58 57
59 58 56
59 56 60
61 59 60
60 62 61
62 60 63
63 60 56
64 57 65
65 66 67
68 67 66
69 68 66
69 70 68
71 69 66
71 72 69
69 72 73
72 74 73
74 72 75
76 67 77
76 77 78
76 79 80
81 82 69
57 78 83
57 84 85
76 86 87
88 89 90
89 91 90
62 89 88
89 92 91
93 94 95
96 94 93
94 97 95
95 97 98
94 99 97
97 99 100
97 100 98
101 94 96
102 94 101
94 102 99
102 103 99
104 103 102
104 102 101
105 104 101
105 101 106
101 107 106
101 96 107
99 103 108
109 108 103
109 103 110
103 104 110
110 104 105
110 105 111
105 106 111
112 109 111
112 113 109
113 108 109
113 114 108
99 108 114
114 113 115
116 114 115
117 115 113
112 117 113
112 118 117
106 119 111
112 111 119
120 112 119
120 118 112
121 110 111
122 56 123
124 125 126
124 127 125
124 128 127
129 130 126
129 131 130
129 127 132
133 129 132
134 125 135
136 132 137
132 138 137
139 132 136
140 139 136
140 141 139
141 142 139
136 143 140
143 136 137
144 143 137
137 145 144
137 138 145
141 140 146
141 146 147
147 148 141
148 149 141
141 149 150
151 141 150
152 151 150
153 154 152
150 155 156
157 158 159
160 158 157
161 162 163
162 164 163
163 164 165
161 166 162
161 167 166
167 168 166
168 167 169
169 167 170
171 169 170
171 170 172
171 172 173
174 175 165
176 172 177
176 177 178
177 179 178
179 180 181
180 182 181
182 180 183
184 179 181
179 185 180
178 186 187
177 188 186
189 190 191
192 193 194
193 195 194
194 196 192
195 193 197
198 195 197
197 193 199
199 193 200
197 199 201
201 198 197
199 202 201
202 203 201
204 203 202
205 204 202
202 199 205
203 206 201
203 204 207
208 203 207
198 201 209
201 206 209
210 208 207
211 210 207
212 210 211
207 213 211
214 211 213
212 214 215
214 216 211
217 216 215
218 217 215
215 196 218
215 192 196
219 220 221
222 221 220
221 222 223
222 224 223
222 220 225
226 220 227
228 220 226
229 228 226
228 229 230
231 230 229
220 228 232
233 234 235
235 236 237
237 238 239
238 237 240
241 238 240
242 240 243
243 244 245
246 244 247
237 248 249
250 251 252
251 253 252
252 254 250
255 252 253
255 256 252
255 257 254
258 257 255
259 258 255
260 255 253
255 261 259
262 261 253
251 262 253
262 263 261
263 264 261
264 263 265
266 264 265
265 263 267
263 268 267
263 262 268
267 268 251
268 262 269
259 261 270
258 259 270
261 271 270
270 264 272
264 266 272
272 273 270
274 258 270
275 276 277
278 276 279
276 280 279
279 281 282
280 283 284
285 286 282
286 285 287
287 285 288
288 285 289
289 290 288
291 289 292
289 293 292
293 294 292
295 294 293
296 295 293
297 298 299
298 300 299
300 301 299
301 302 299
302 301 303
301 304 303
299 302 305
297 299 305
302 306 305
307 303 304
307 308 303
308 309 303
306 302 309
302 303 309
306 309 310
311 305 310
311 297 305
312 311 310
307 313 308
313 314 308
315 314 313
316 315 313
317 315 316
318 317 316
318 316 319
320 318 319
319 316 321
316 313 321
313 307 321
307 322 321
322 307 304
317 323 315
323 324 315
324 314 315
310 325 312
323 326 325
327 328 324
326 327 329
327 330 329
329 330 331
330 332 331
329 331 333
334 329 333
326 329 334
334 333 335
333 336 335
335 336 337
338 335 337
326 335 338
331 332 339
332 340 339
333 331 341
331 339 341
333 341 336
337 336 342
342 343 337
343 344 337
337 344 338
336 345 342
341 345 336
344 343 346
344 346 347
348 344 347
344 348 338
348 349 338
347 350 349
350 351 349
343 352 346
352 353 346
353 354 346
346 354 347
354 350 347
355 348 347
349 351 328
328 356 355
356 334 335
355 326 338
357 308 314
308 324 309
324 358 309
325 358 357
358 305 306
359 360 361
360 362 361
363 362 360
359 361 364
365 359 364
365 364 366
367 365 366
368 369 370
369 371 370
370 372 368
371 369 373
374 371 373
374 373 375
376 374 375
377 378 379
380 381 377
382 378 380
383 378 382
384 381 383
385 378 384
386 378 385
386 387 378
388 389 381
390 388 378
391 390 381
392 391 381
393 392 378
394 393 381
395 394 381
395 381 396
397 398 399
398 400 399
401 398 397
399 400 402
400 403 402
402 403 404
403 405 404
406 407 408
407 409 408
408 409 410
407 406 411
406 412 411
411 412 413
412 414 413
415 416 417
418 417 419
418 419 420
421 418 420
421 422 418
423 422 421
422 423 424
424 425 422
425 418 422
426 427 419
427 428 429
430 429 428
431 429 430
431 430 432
433 429 431
433 431 434
431 435 434
434 435 436
436 437 434
438 439 428
438 440 439
438 441 442
443 431 444
419 445 440
419 446 447
438 448 449
450 451 452
452 451 453
424 450 452
452 453 454
455 456 457
458 455 457
457 456 459
456 460 459
457 459 461
459 462 461
459 460 462
463 458 457
464 463 457
457 461 464
464 461 465
466 464 465
466 463 464
467 463 466
467 468 463
468 469 463
463 469 458
461 470 465
471 465 470
471 472 465
465 472 466
472 467 466
472 473 467
467 473 468
474 473 471
474 471 475
475 471 470
475 470 476
461 476 470
476 477 475
478 477 476
479 475 477
474 475 479
474 479 480
468 473 481
474 481 473
482 481 474
482 474 480
483 473 472
484 485 418
486 487 488
486 488 489
486 489 490
491 487 492
491 492 493
489 491 494
491 495 494
496 497 488
498 499 494
494 499 500
501 498 494
502 498 501
502 501 503
501 504 503
498 502 505
505 499 498
506 499 505
499 506 507
499 507 500
503 508 502
503 509 508
509 503 510
510 503 511
503 512 511
513 512 503
514 512 513
515 514 516
512 517 518
519 520 521
522 519 521
523 524 525
524 526 525
526 524 527
523 525 528
529 523 528
530 529 528
530 531 529
531 532 529
533 532 531
533 534 532
533 535 534
536 527 537
538 539 534
538 540 539
539 540 541
542 541 543
544 542 543
544 545 542
546 543 541
541 542 547
540 548 549
539 549 550
551 552 553
554 555 556
555 557 556
555 554 558
556 557 559
557 560 559
559 561 556
561 562 556
559 563 561
563 559 560
563 564 561
564 563 565
566 564 565
567 564 566
564 567 561
565 563 568
566 565 569
565 570 569
568 563 571
563 560 571
572 569 570
573 569 572
574 573 572
569 573 575
576 575 573
574 577 576
576 573 578
579 577 578
580 577 579
577 580 558
577 558 554
581 582 583
584 583 582
582 585 584
584 585 586
584 587 583
588 589 583
583 590 588
590 591 588
590 592 591
593 591 592
583 594 590
595 596 597
596 598 599
598 600 601
602 598 601
603 602 601
604 605 602
605 606 607
608 609 607
598 610 611
612 613 614
614 613 615
613 612 616
617 615 613
617 613 618
617 616 619
619 620 617
620 621 617
622 615 617
617 621 623
624 615 623
614 615 624
625 624 623
626 625 623
625 626 627
626 628 627
625 627 629
629 614 630
630 625 629
625 630 624
630 631 624
623 621 632
620 632 621
633 623 632
628 626 634
626 632 634
634 632 635
636 632 620
637 638 639
640 641 639
639 641 642
641 643 644
642 645 646
647 643 648
648 649 647
649 650 647
650 651 647
651 650 652
653 651 654
651 655 654
653 654 656
656 657 653
657 658 653
659 660 661
661 662 663
662 661 664
665 662 664
666 667 663
668 664 667
669 664 668
669 670 664
671 667 672
673 670 674
675 661 676
675 676 677
678 677 676
678 676 679
677 678 680
678 681 680
682 676 683
684 685 679
686 687 685
686 678 688
678 689 688
690 686 688
691 686 690
692 691 690
693 686 694
694 691 695
691 696 695
696 691 697
691 698 697
699 696 697
700 696 699
701 691 702
701 703 687
696 704 705
696 705 706
707 704 696
708 707 696
708 709 707
708 710 709
709 710 711
712 709 711
712 713 709
709 713 714
709 714 715
709 715 716
717 716 704
709 704 718
719 720 721
720 722 721
723 722 720
721 724 719
719 724 725
726 719 725
726 727 719
727 726 728
729 727 728
727 729 730
729 728 731
729 731 732
731 733 732
728 734 731
728 735 734
726 735 728
726 725 735
733 731 736
731 734 736
730 723 737
730 737 727
727 737 719
732 733 738
732 738 739
729 732 740
729 740 741
742 741 740
743 742 740
739 743 732
743 740 732
741 742 744
730 744 745
742 745 744
743 739 746
747 743 746
746 748 747
748 749 747
750 747 749
742 743 750
743 747 750
729 741 744
750 751 742
751 745 742
751 750 752
729 744 730
753 730 745
751 754 745
754 753 745
751 755 754
755 756 754
749 748 757
750 758 755
755 758 756
758 750 759
758 760 756
761 760 758
762 761 758
762 763 761
763 764 761
763 765 764
765 763 766
766 763 767
767 759 768
766 767 768
769 757 768
759 769 768
757 770 768
771 768 770
771 766 768
772 771 770
763 773 767
771 772 774
771 774 766
772 775 774
765 776 764
775 777 774
777 778 774
774 778 779
765 766 779
766 774 779
778 780 779
765 779 781
779 780 781
782 776 781
781 783 782
780 783 781
784 783 780
778 777 784
784 780 778
776 765 781
785 786 734
785 734 735
735 787 785
735 788 787
735 789 788
789 735 725
790 789 725
724 790 725
789 791 788
788 792 787
793 787 792
794 793 792
795 787 793
796 795 793
785 796 736
791 789 797
789 790 797
792 798 794
798 792 788
798 799 794
800 798 788
798 800 801
800 802 801
802 791 797
800 788 802
788 791 802
803 802 797
804 801 802
802 803 804
801 805 798
803 806 804
807 801 804
805 801 807
808 807 804
809 805 807
799 798 810
811 810 809
811 799 810
812 811 809
808 804 813
804 806 813
814 812 809
815 814 809
809 807 815
807 816 815
808 817 807
817 816 807
813 818 808
818 817 808
815 816 819
816 817 819
820 817 818
819 817 820
821 820 818
814 815 822
815 819 822
822 819 823
819 824 823
824 819 820
825 814 822
826 823 824
826 827 823
828 826 824
828 824 820
829 826 828
829 828 830
828 820 830
820 821 830
825 822 831
822 823 831
832 831 823
833 834 835
836 837 835
838 839 836
838 836 840
670 841 837
841 670 842
843 841 842
844 842 845
846 842 844
847 845 848
847 848 849
850 845 851
852 853 851
854 852 849
854 855 852
856 852 855
852 851 857
842 858 857
857 859 860
861 852 862
862 852 863
842 864 858
753 865 866
865 867 866
756 867 865
866 723 753
753 723 868
869 870 760
870 871 760
764 870 869
871 872 873
757 769 749
749 769 750
769 759 750
767 762 874
762 758 874
875 876 877
876 878 877
875 879 876
879 880 876
879 881 880
881 882 880
882 881 883
884 882 883
884 883 885
885 883 886
887 882 884
888 887 884
889 876 880
890 889 880
887 890 882
890 880 882
891 888 884
892 891 884
892 884 893
893 884 885
894 891 892
895 894 892
895 892 896
894 895 897
897 895 898
895 896 898
899 897 898
897 899 900
901 897 900
901 900 902
903 901 902
903 902 904
905 903 904
899 898 906
907 897 901
907 894 897
908 907 901
908 901 903
909 908 903
909 903 905
910 909 905
896 892 911
892 893 912
913 914 915
914 913 916
917 918 919
920 921 922
923 924 925
924 923 926
923 927 926
926 927 928
927 929 928
923 925 930
924 926 931
932 924 931
931 926 933
926 928 933
934 924 932
935 934 932
934 935 936
937 934 936
938 937 936
939 937 938
940 939 938
941 940 938
942 941 938
943 941 942
944 943 942
945 943 944
946 945 944
939 940 947
942 938 948
948 938 936
949 942 948
944 942 949
950 944 949
946 944 950
951 946 950
952 937 939
952 934 937
952 953 934
954 934 955
954 924 934
925 924 954
956 957 958
959 957 956
960 961 962
960 963 961
964 965 966
967 968 969
968 970 969
969 970 971
970 972 971
971 972 973
974 971 973
975 976 977
976 978 977
977 978 979
980 977 979
981 976 975
982 981 975
979 983 980
983 984 980
985 986 987
986 988 987
989 986 985
990 989 985
989 990 991
992 989 991
993 994 995
994 996 995
997 998 999
998 1000 999
1001 1002 1003
1002 1004 1003
1005 1006 1007
1006 1008 1007
1009 1010 1011
1010 1012 1011
1013 1014 1015
1014 1016 1015
1017 1018 1019
1020 1021 1022
1023 1024 1025
1026 1027 1028
1029 1030 1031
1032 1033 1034
1035 1036 1037
1038 1039 1040
1039 1041 1040
929 1041 1039
928 929 1039
1039 1042 928
1042 933 928
1043 1044 1045
1045 1044 1046
1047 1048 1049
1049 1048 1050
1051 1052 1053
1054 1055 1056
1057 1058 1059
1060 1061 1062
1061 1063 1062
1064 1063 1061
1065 1064 1061
1066 1064 1065
1067 1066 1065
1066 1067 1068
1067 1069 1068
1069 1070 1068
1070 1071 1068
1069 1067 1072
1073 1069 1072
1065 1061 1074
1075 1065 1074
1072 1067 1075
1067 1065 1075
1073 1076 1069
1076 1077 1069
1077 1078 1069
1078 1070 1069
1076 1079 1077
1079 1080 1077
1080 1081 1077
1082 1080 1079
1083 1080 1082
1080 1083 1081
1084 1083 1082
1084 1082 1085
1082 1086 1085
1087 1085 1086
1088 1087 1086
1087 1088 1089
1088 1090 1089
1084 1091 1083
1086 1082 1092
1092 1082 1079
1093 1086 1092
1088 1086 1093
1094 1088 1093
1090 1088 1094
1095 1090 1094
1089 1090 1096
1089 1096 1097
1098 1089 1097
1090 1099 1096
1099 1090 1100
1090 1095 1100
1101 1102 1103
1103 1104 1101
1105 1106 1107
1108 1109 1110
1111 1112 1113
1111 1113 1114
1115 1111 1114
1114 1116 1115
1116 1117 1115
1111 1118 1112
1114 1113 1119
1113 1120 1119
1116 1114 1121
1114 1119 1121
1113 1122 1120
1122 1123 1120
1124 1123 1122
1125 1124 1122
1125 1126 1124
1126 1125 1127
1128 1126 1127
1128 1129 1126
1129 1130 1126
1130 1129 1131
1132 1130 1131
1131 1133 1132
1133 1134 1132
1127 1135 1128
1126 1130 1136
1126 1136 1124
1130 1137 1136
1130 1132 1137
1132 1138 1137
1132 1134 1138
1134 1139 1138
1140 1127 1125
1140 1125 1122
1140 1122 1141
1142 1143 1122
1142 1122 1113
1112 1142 1113
1144 1145 1146
1147 1144 1146
1148 1149 1150
1148 1150 1151
1152 1153 1154
1155 1156 1157
1156 1158 1157
1156 1159 1158
1159 1160 1158
1160 1159 1161
1159 1162 1161
1163 1164 1165
1164 1166 1165
1166 1164 1167
1164 1168 1167
1163 1165 1169
1170 1163 1169
1167 1168 1171
1168 1172 1171
1173 1174 1175
1174 1176 1175
1177 1178 1179
1178 1180 1179
1181 1182 1183
1182 1184 1183
1185 1186 1187
1186 1188 1187
1189 1190 1191
1190 1192 1191
1193 1194 1195
1194 1196 1195
1197 1198 1199
1200 1201 1202
1203 1204 1205
1206 1207 1208
1209 1210 1211
1212 1213 1214
1077 1215 1078
1081 1216 1077
1217 1218 1219
1220 1221 1222
1221 1223 1222
1220 1117 1221
1117 1116 1221
1221 1116 1224
1116 1121 1224
1225 1226 1227
1228 1229 1230
1229 1231 1230
1232 1233 1234
1235 1236 1237
1238 1239 1240
1241 1242 1243
1244 1245 1246
1246 1245 1247
1246 1247 1248
1248 1249 1246
1249 1250 1246
1251 1246 1250
1246 1251 1252
1249 1253 1250
1253 1254 1250
1254 1253 1255
1256 1254 1255
1254 1256 1257
1256 1258 1257
1256 1255 1259
1256 1259 1260
1260 1261 1256
1262 1256 1261
1256 1262 1258
1263 1262 1261
1259 1255 1264
1251 1250 1265
1250 1266 1265
1266 1254 1267
1254 1257 1267
1264 1255 1268
1255 1253 1269
1270 1255 1269
1269 1271 1270
1271 1272 1270
1270 1272 1273
1270 1273 1274
1273 1275 1274
1276 1270 1274
1270 1276 1277
1270 1277 1255
1277 1278 1255
1278 1279 1255
1269 1280 1271
1281 1280 1269
1282 1281 1269
1282 1283 1281
1269 1253 1282
1253 1249 1282
1282 1249 1284
1285 1282 1284
1285 1283 1282
1249 1248 1284
1284 1248 1286
1284 1286 1287
1288 1284 1287
1284 1289 1285
1248 1290 1286
1248 1291 1290
1289 1284 1292
1292 1284 1288
1248 1293 1294
1248 1247 1293
1250 1295 1266
1252 1296 1246
1296 1244 1246
1297 1298 1299
1298 1300 1299
1298 1301 1300
1301 1302 1300
1303 1299 1300
1304 1303 1300
1300 1302 1304
1305 1303 1304
1306 1305 1304
1306 1307 1305
1304 1308 1306
1302 1308 1304
1308 1309 1306
1310 1306 1309
1306 1310 1307
1311 1310 1309
1311 1309 1312
1309 1308 1312
1313 1311 1312
1313 1312 1314
1315 1313 1314
1312 1316 1314
1308 1316 1312
1316 1317 1314
1316 1318 1317
1318 1319 1317
1318 1320 1319
1320 1321 1319
1320 1322 1321
1308 1323 1316
1323 1318 1316
1318 1323 1324
1325 1318 1324
1325 1320 1318
1308 1326 1323
1308 1302 1326
1327 1328 1329
1330 1328 1327
1330 1331 1328
1330 1327 1332
1327 1333 1332
1334 1332 1333
1335 1332 1334
1336 1334 1333
1334 1337 1338
1339 1334 1338
1339 1338 1340
1338 1341 1340
1334 1342 1337
1334 1343 1342
1334 1344 1343
1345 1346 1347
1347 1348 1345
1347 1349 1348
1346 1345 1350
1351 1350 1345
1352 1351 1345
1352 1353 1351
1353 1352 1354
1354 1355 1353
1355 1354 1356
1354 1357 1356
1356 1358 1355
1358 1356 1359
1360 1358 1359
1361 1360 1359
1361 1362 1360
1361 1363 1362
1362 1363 1364
1363 1365 1364
1365 1366 1364
1365 1367 1366
1367 1368 1366
1368 1367 1369
1367 1370 1369
1369 1370 1371
1370 1372 1371
1364 1366 1373
1366 1374 1373
1373 1374 1375
1376 1373 1375
1377 1375 1378
1379 1380 1381
1382 1380 1379
1380 1383 1381
1382 1379 1384
1384 1385 1382
1386 1385 1384
1385 1386 1387
1385 1387 1388
1389 1385 1388
1390 1389 1388
1390 1391 1389
1392 1389 1391
1392 1393 1389
1392 1394 1393
1394 1395 1393
1396 1397 1398
1397 1399 1398
1400 1397 1396
1401 1400 1396
1398 1399 1402
1399 1403 1402
1400 1401 1404
1405 1400 1404
1404 1406 1405
1407 1408 1409
1408 1410 1409
1407 1409 1411
1412 1407 1411
1411 1413 1412
1413 1414 1412
1414 1413 1415
1416 1414 1415
1416 1415 1417
1418 1416 1417
1417 1419 1418
1419 1420 1418
1421 1422 1423
1422 1424 1423
1422 1421 1425
1426 1422 1425
1426 1425 1427
1428 1426 1427
1428 1427 1429
1430 1428 1429
1431 1432 1433
1432 1434 1433
1435 1433 1434
1436 1435 1434
1437 1435 1436
1438 1437 1436
1437 1438 1439
1438 1440 1439
1441 1442 1443
1442 1444 1443
1445 1441 1443
1446 1445 1443
1447 1445 1446
1448 1447 1446
1447 1448 1449
1448 1450 1449
1449 1450 1451
1450 1452 1451
1451 1452 1453
1452 1454 1453
1455 1453 1454
1456 1455 1454
1457 1455 1456
1458 1457 1456
1459 1457 1458
1460 1459 1458
1460 1461 1459
1461 1462 1459
1461 1463 1462
1463 1464 1462
1465 1466 1467
1466 1468 1467
1465 1469 1466
1469 1470 1466
1471 1470 1469
1472 1471 1469
1473 1474 1475
1474 1476 1475
1475 1477 1473
1477 1478 1473
1479 1480 1481
1480 1482 1481
1483 1480 1479
1484 1483 1479
1481 1482 1485
1482 1486 1485
1487 1488 1489
1488 1490 1489
1490 1491 1489
1491 1492 1489
1493 1494 1495
1494 1496 1495
1494 1497 1496
1497 1498 1496
1495 1499 1493
1499 1500 1493
1501 1502 1503
1502 1504 1503
1505 1506 1507
1506 1508 1507
1509 1510 1511
1510 1512 1511
1513 1511 1512
1514 1513 1512
1510 1515 1512
1515 1516 1512
1514 1512 1516
1515 1517 1516
1517 1518 1516
1518 1517 1519
1516 1518 1520
1520 1514 1516
1518 1521 1520
1521 1518 1522
1518 1519 1522
1523 1521 1522
1521 1523 1524
1521 1524 1520
1523 1525 1524
1524 1525 1526
1525 1527 1526
1528 1524 1526
1524 1528 1520
1529 1528 1526
1530 1528 1529
1531 1530 1529
1532 1530 1531
1533 1532 1531
1532 1533 1534
1520 1528 1535
1535 1528 1530
1530 1536 1535
1537 1536 1530
1537 1530 1532
1520 1535 1538
1520 1538 1514
1539 1540 1541
1542 1539 1541
1542 1541 1543
1542 1544 1539
1544 1545 1539
1544 1546 1545
1547 1546 1544
1546 1548 1545
1546 1549 1548
1546 1550 1549
1546 1551 1550
1546 1552 1551
1553 1552 1546
1553 1554 1552
1554 1555 1552
1556 1557 1558
1557 1556 1559
1557 1559 1560
1558 1561 1556
1562 1556 1561
1563 1556 1562
1563 1562 1564
1561 1558 1565
1564 1566 1563
1566 1564 1567
1567 1568 1566
1568 1569 1566
1568 1567 1570
1571 1568 1570
1570 1572 1571
1572 1573 1571
1573 1572 1574
1575 1573 1574
1576 1575 1574
1577 1575 1576
1577 1576 1578
1579 1577 1578
1580 1579 1578
1579 1580 1581
1582 1579 1581
1582 1581 1583
1584 1582 1583
1578 1576 1585
1576 1586 1585
1585 1586 1587
1586 1588 1587
1588 1589 1587
1584 1583 1590
1583 1591 1590
1591 1592 1590
1591 1593 1592
1594 1592 1593
1594 1595 1592
1592 1595 1596
1595 1597 1596
1596 1597 1598
1598 1599 1596
1599 1600 1596
1600 1599 1601
1600 1601 1602
1601 1603 1602
1602 1603 1604
1605 1606 1607
1606 1608 1607
1605 1607 1609
1610 1605 1609
1611 1612 1608
1612 1613 1608
1614 1613 1612
1615 1614 1612
1614 1615 1616
1617 1618 1619
1618 1620 1619
1621 1618 1617
1622 1621 1617
1621 1622 1623
1622 1624 1623
1625 1623 1624
1626 1625 1624
1627 1625 1626
1628 1627 1626
1627 1628 1629
1628 1630 1629
1631 1632 1633
1632 1634 1633
1634 1632 1635
1632 1636 1635
1635 1636 1637
1636 1638 1637
1637 1638 1639
1638 1640 1639
1641 1642 1643
1642 1644 1643
1641 1643 1645
1646 1641 1645
1646 1645 1647
1648 1646 1647
1648 1647 1649
1650 1648 1649
1651 1652 1653
1652 1654 1653
1653 1654 1655
1656 1653 1655
1656 1655 1657
1658 1656 1657
1657 1659 1658
1659 1660 1658
1660 1659 1661
1662 1660 1661
1661 1663 1662
1663 1664 1662
1663 1665 1664
1665 1666 1664
1666 1665 1667
1668 1666 1667
1668 1667 1669
1670 1668 1669
1671 1670 1669
1672 1671 1669
1673 1671 1672
1674 1673 1672
1675 1676 1677
1676 1678 1677
1675 1677 1679
1680 1675 1679
1680 1679 1681
1682 1680 1681
1683 1684 1685
1684 1686 1685
1687 1684 1683
1688 1687 1683
1689 1690 1691
1690 1692 1691
1691 1693 1689
1693 1694 1689
1692 1690 1695
1696 1692 1695
1697 1698 1699
1698 1700 1699
1697 1699 1701
1699 1702 1701
1703 1704 1705
1704 1706 1705
1707 1704 1703
1708 1707 1703
1705 1706 1709
1706 1710 1709
1711 1712 1713
1712 1714 1713
1715 1716 1717
1716 1718 1717
1350 1719 1346
1350 1720 1719
1561 1565 1721
1722 1723 1724
1724 1723 1725
1725 1723 1726
1726 1723 1727
1728 1726 1727
1729 1725 1726
1727 1723 1730
1730 1723 1722
1731 1732 1733
1732 1734 1733
1733 1734 1735
1734 1736 1735
1735 1736 1737
1738 1735 1737
1739 1740 1741
1740 1742 1741
1741 1742 1743
1744 1741 1743
1744 1743 1745
1746 1744 1745
1747 1748 1749
1749 1748 1750
1750 1748 1751
1751 1748 1752
1753 1748 1747
1754 1748 1753
1755 1756 1757
1756 1758 1757
1757 1758 1759
1760 1757 1759
1761 1760 1759
1758 1762 1759
1760 1763 1757
1763 1755 1757
1764 1765 1766
1765 1767 1766
1767 1765 1768
1765 1769 1768
1770 1771 1772
1771 1773 1772
1773 1771 1774
1771 1775 1774
1774 1775 1776
1775 1777 1776
1778 1779 1780
1779 1781 1780
1782 1783 1784
1783 1785 1784
1785 1786 1784
1786 1787 1784
1788 1782 1784
1789 1788 1784
1790 1791 1792
1793 1791 1790
1794 1793 1790
1793 1795 1791
1794 1790 1796
1794 1796 1797
1794 1797 1798
1798 1797 1799
1800 1798 1799
1797 1801 1799
1800 1799 1802
1799 1803 1802
1799 1801 1803
1802 1803 1804
1803 1805 1804
1801 1806 1803
1805 1803 1806
1798 1800 1807
1808 1798 1807
1794 1798 1808
1809 1808 1807
1807 1810 1809
1802 1810 1800
1810 1807 1800
1810 1811 1809
1810 1812 1811
1804 1812 1802
1812 1810 1802
1812 1813 1811
1814 1804 1805
1812 1804 1814
1815 1814 1805
1816 1814 1815
1817 1816 1815
1818 1817 1815
1819 1818 1815
1817 1820 1816
1820 1821 1816
1821 1822 1816
1822 1823 1816
1822 1821 1824
1821 1825 1824
1826 1824 1825
1827 1826 1825
1825 1821 1828
1821 1820 1828
1827 1825 1828
1829 1827 1828
1826 1827 1830
1827 1831 1830
1820 1817 1832
1817 1818 1832
1832 1833 1820
1833 1828 1820
1829 1828 1834
1828 1833 1834
1829 1834 1835
1834 1836 1835
1835 1837 1829
1837 1827 1829
1831 1827 1838
1816 1823 1839
1814 1816 1839
1839 1812 1814
1840 1839 1823
1841 1840 1823
1812 1839 1813
1839 1840 1813
1841 1823 1842
1843 1841 1842
1842 1844 1843
1844 1845 1843
1844 1846 1845
1847 1848 1849
1848 1850 1849
1848 1851 1850
1852 1848 1847
1853 1852 1847
1854 1852 1853
1855 1854 1853
1854 1855 1856
1855 1857 1856
1858 1856 1857
1859 1858 1857
1858 1859 1860
1859 1861 1860
1862 1860 1861
1863 1862 1861
1864 1862 1863
1865 1864 1863
1852 1854 1866
1858 1867 1856
1858 1860 1867
1867 1868 1856
1856 1868 1854
1868 1866 1854
1860 1869 1867
1869 1860 1862
1870 1869 1862
1864 1871 1862
1871 1870 1862
1871 1864 1872
1864 1873 1872
1872 1873 1874
1875 1872 1874
1874 1876 1875
1876 1877 1875
1876 1878 1877
1878 1879 1877
1880 1875 1877
1881 1880 1877
1881 1877 1879
1882 1881 1879
1879 1883 1882
1883 1884 1882
1883 1885 1884
1885 1886 1884
1886 1885 1887
1888 1886 1887
1888 1887 1889
1890 1888 1889
1889 1887 1891
1887 1892 1891
1892 1887 1885
1885 1883 1893
1893 1892 1885
1883 1894 1893
1883 1879 1894
1879 1878 1894
1890 1889 1895
1889 1891 1895
1896 1897 1898
1897 1899 1898
1897 1900 1899
1900 1901 1899
1900 1902 1901
1902 1903 1901
1903 1902 1904
1898 1905 1896
1906 1897 1896
1907 1906 1896
1908 1907 1896
1908 1896 1905
1909 1908 1905
1900 1897 1910
1897 1906 1910
1900 1910 1902
1910 1911 1902
1904 1902 1911
1912 1904 1911
1908 1909 1913
1914 1908 1913
1908 1914 1907
1914 1913 1915
1913 1808 1915
1914 1916 1907
1906 1907 1916
1904 1912 1917
1918 1904 1917
1918 1919 1904
1918 1917 1920
1918 1920 1921
1918 1921 1919
1917 1922 1920
1923 1920 1922
1924 1923 1922
1923 1924 1925
1926 1923 1925
1923 1926 1927
1926 1928 1927
1929 1925 1924
1930 1929 1924
1930 1931 1929
1929 1931 1932
1931 1933 1932
1923 1934 1920
1920 1934 1921
1923 1927 1934
1928 1926 1935
1935 1926 1925
1936 1928 1935
1937 1935 1925
1938 1935 1937
1935 1938 1936
1939 1938 1937
1939 1937 1940
1929 1940 1925
1940 1937 1925
1941 1939 1940
1939 1941 1942
1941 1943 1942
1942 1943 1944
1944 1945 1942
1945 1946 1942
1942 1946 1939
1946 1938 1939
1946 1947 1938
1947 1948 1938
1938 1948 1936
1947 1946 1949
1946 1945 1949
1943 1950 1944
1945 1944 1951
1944 1952 1951
1944 1950 1952
1951 1952 1953
1952 1954 1953
1955 1953 1954
1956 1955 1954
1957 1955 1956
1955 1958 1953
1958 1959 1953
1951 1953 1959
1956 1954 1960
1961 1956 1960
1956 1961 1957
1962 1951 1959
1960 1954 1963
1954 1952 1963
1950 1963 1952
1951 1962 1945
1962 1949 1945
1958 1955 1964
1965 1966 1967
1966 1968 1967
1965 1967 1969
1970 1965 1969
1971 1968 1966
1972 1970 1969
1973 1972 1969
1973 1974 1972
1974 1973 1975
1976 1974 1975
1976 1975 1977
1978 1976 1977
1977 1979 1978
1979 1980 1978
1980 1979 1981
1982 1980 1981
1981 1983 1982
1983 1984 1982
1984 1983 1985
1986 1984 1985
1986 1985 1987
1988 1986 1987
1989 1988 1987
1990 1991 1916
1991 1992 1916
1992 1991 1993
1994 1992 1993
1993 1995 1994
1995 1996 1994
1916 1914 1990
1914 1915 1990
1990 1915 1811
1915 1809 1811
1811 1997 1990
1997 1998 1990
1998 1997 1999
2000 1998 1999
2000 1999 2001
2002 2000 2001
2002 2001 2003
2004 2002 2003
2004 2003 2005
2006 2004 2005
2007 2006 2005
2008 2007 2005
1915 1808 1809
2007 2008 2009
2010 1794 1808
2011 1794 2010
2011 2010 2012
2012 2010 1913
2010 1808 1913
1909 2012 1913
1795 2011 2012
2013 1795 2012
2012 2014 2013
2012 1909 2014
2014 2015 2013
2014 2016 2015
2016 2017 2015
2016 2018 2017
2018 2019 2017
2019 2018 2020
2021 2019 2020
2021 2020 2022
2023 2021 2022
2022 2024 2023
2024 2025 2023
2025 2024 2026
2027 2025 2026
2020 2018 1899
2022 2020 1899
2018 1898 1899
1898 2018 2016
1901 2022 1899
2024 2022 1901
1903 2024 1901
2026 2024 1919
2024 1903 1919
2026 1919 2028
2029 2026 2028
2026 2029 2030
2029 2031 2030
2029 2032 2031
2028 2033 2029
2033 2032 2029
2031 2032 2034
2032 2035 2034
2035 2032 2036
2036 2032 2033
2037 2035 2036
2038 2037 2036
1903 1904 1919
1905 1898 2016
1905 2016 2014
1909 1905 2014
2039 2040 2041
2039 2041 2042
2043 2039 2042
2043 2042 2044
2042 2045 2044
2044 2045 2046
2045 2047 2046
2048 2049 2050
2049 2051 2050
2052 2049 2048
2053 2052 2048
2054 2052 2053
2052 2054 2055
2052 2055 2049
2056 2054 2053
2053 2057 2056
2057 2058 2056
2058 2057 2059
2057 2060 2059
2060 2061 2059
2061 2062 2059
2051 2049 2063
2055 2063 2049
2064 2051 2063
2064 2063 2065
2065 2063 2055
2066 2064 2065
2065 2067 2066
2067 2068 2066
2068 2067 2069
2070 2068 2069
2070 2069 2071
2072 2070 2071
2073 2069 2067
2074 2073 2067
2073 2074 2075
2067 2076 2074
2067 2065 2076
2076 2077 2074
2077 2075 2074
2078 2077 2076
2076 2065 2055
2078 2076 2055
2073 2079 2069
2080 2079 2073
2081 2080 2073
2073 2075 2081
2079 2082 2069
2072 2083 2070
2083 2084 2070
2068 2070 2084
2085 2068 2084
2068 2085 2066
2085 2086 2066
2086 1818 2066
1818 2064 2066
2064 1818 1819
2051 2064 1819
2051 1819 2087
2050 2051 2087
2050 2087 2088
2050 2088 2048
2088 2089 2048
2089 2088 2090
2090 2088 1806
2087 1806 2088
1801 2090 1806
2091 2090 1801
1797 2091 1801
2090 2091 2092
2092 2089 2090
2091 2093 2092
2089 2092 2057
2092 2060 2057
2060 2092 2094
2061 2060 2094
2057 2053 2089
2053 2048 2089
1796 2091 1797
1796 2093 2091
1796 2095 2093
2095 2061 2094
2095 2062 2061
2095 2096 2062
1851 2096 2095
1851 2097 2096
1851 2098 2097
2062 2096 2099
2099 2096 2097
2100 2062 2099
2099 2101 2100
2101 2102 2100
1848 2098 1851
2095 1850 1851
2095 1796 1790
2095 1790 1850
1848 2103 2098
1848 1852 2103
2104 2098 2103
2105 2104 2103
2104 2105 2106
2105 2107 2106
2106 2107 2108
2107 2109 2108
2108 2109 2110
2109 2111 2110
2112 2110 2111
2113 2112 2111
2112 2113 2114
2113 2115 2114
2114 2115 2116
2117 2114 2116
2117 2116 1880
2118 2117 1880
1880 2119 2118
2119 2120 2118
2119 2121 2120
2121 2122 2120
2121 2123 2122
2123 2124 2122
2123 2125 2124
2125 2126 2124
2124 2126 2127
2126 2128 2127
2127 2129 2124
2129 2122 2124
2125 2130 2126
2130 2131 2126
2126 2131 2128
2131 2132 2128
2131 2133 2132
2133 2134 2132
2133 2135 2134
2135 2136 2134
2135 2137 2136
2137 2138 2136
2139 2137 2135
2140 2139 2135
2140 2135 2133
2141 2140 2133
2133 2131 2141
2131 2130 2141
2138 2137 2142
2137 2139 2142
2122 2129 2143
2120 2122 2143
2143 2144 2120
2144 2118 2120
2117 2118 2144
2145 2117 2144
2117 2145 2114
2145 2146 2114
2112 2114 2146
2147 2112 2146
2112 2147 2110
2147 2148 2110
2110 2148 2108
2148 2149 2108
2108 2149 2106
2149 2150 2106
2104 2106 2150
2151 2104 2150
2098 2104 2151
2097 2098 2151
2151 2099 2097
2151 2152 2099
2152 2101 2099
2153 2101 2152
2102 2101 2153
2154 2102 2153
2155 2154 2153
2154 2155 2156
2157 2156 2155
2158 2157 2155
2158 2155 2159
2155 2153 2159
2160 2158 2159
2161 2157 2158
2162 2153 2152
2159 2153 2162
2163 2159 2162
2159 2163 2160
2163 2164 2160
2165 2160 2164
2165 2166 2160
2161 2158 2166
2166 2158 2160
2167 2161 2166
2165 2168 2166
2167 2166 2168
2165 2169 2168
2168 2170 2167
2168 2171 2170
2169 2171 2168
2169 2172 2171
2169 2173 2172
2174 2173 2169
2174 2165 2164
2174 2169 2165
2173 2175 2172
2175 2176 2172
2172 2176 2171
2171 2176 2170
2177 2178 2179
2178 2180 2179
2180 2178 2181
2182 2180 2181
2181 2183 2182
2183 2184 2182
2177 2179 2185
2186 2177 2185
2185 2187 2186
2187 2188 2186
2187 2189 2188
2189 2190 2188
2189 2191 2190
2191 2192 2190
2191 2193 2192
2194 2184 2183
2195 2194 2183
2196 2197 2198
2199 2198 2197
2200 2199 2197
2200 2201 2199
2201 2202 2199
2201 2203 2202
2203 2204 2202
2205 2206 2207
2207 2206 2208
2206 2209 2208
2208 2209 2210
2209 2211 2210
2212 2210 2211
2213 2212 2211
2214 2212 2213
2214 2215 2212
2216 2215 2214
2217 2216 2214
2216 2217 2218
2217 2219 2218
2220 2218 2219
2221 2220 2219
2220 2221 2222
2223 2224 2225
2224 2226 2225
2225 2227 2223
2226 2224 2228
2229 2226 2228
2229 2228 2230
2231 2229 2230
2230 2232 2231
2232 2233 2231
2232 2234 2233
2234 2235 2233
2235 2236 2237
2238 2239 2240
2241 2240 2239
2242 2241 2239
2241 2242 2243
2243 2244 2241
2244 2245 2241
2241 2245 2240
2242 2246 2243
2244 2243 2247
2243 2246 2247
2245 2248 2240
2249 2240 2248
2249 2238 2240
2249 2250 2238
2249 2251 2250
2252 2250 2251
2252 2251 2253
2252 2253 1996
1995 2252 1996
1996 2253 1912
1911 1996 1912
1994 1996 1911
1910 1994 1911
1992 1994 1910
1906 1992 1910
1992 1906 1916
2254 1912 2253
2254 2253 2251
2255 2254 2251
2255 2251 2249
2249 2248 2255
2256 2257 2258
2257 2259 2258
2258 2260 2256
2259 2257 2261
2262 2263 2264
2264 2263 2265
2266 2264 2265
2265 2267 2266
2267 2268 2266
2267 2269 2268
2269 2270 2268
2270 2269 2271
2269 2272 2271
2273 2271 2272
2274 2275 2276
2275 2274 2277
2274 2278 2277
2279 2277 2278
2280 2279 2278
2279 2280 2281
2280 2282 2281
2283 2282 2284
2282 2285 2284
2284 2285 2286
2287 2284 2286
2286 2288 2287
2288 2289 2287
2290 2289 2288
2291 2292 2293
2292 2294 2293
2295 2293 2294
2296 2295 2294
2295 2296 2297
1933 2292 2291
1932 1933 2291
2298 2299 2300
2299 2301 2300
2302 2301 2299
2303 2302 2299
2302 2303 2304
2302 2304 2305
2303 2306 2304
2306 2307 2304
2304 2307 2308
2308 2307 2309
2307 2310 2309
2311 2309 2310
2312 2311 2310
2300 2313 2298
2313 2314 2298
2314 2313 2315
2316 2314 2315
2316 2315 2317
2318 2313 2319
2319 2320 2318
2320 2321 2318
2320 2322 2321
2322 2323 2321
2313 2324 2319
2323 2322 2325
2326 2323 2325
2327 2326 2325
2313 2328 2324
2328 2329 2324
2329 2328 2330
2331 2329 2330
2331 2330 2332
2333 2331 2332
2333 2332 2334
2335 2336 2334
2337 2338 2339
2338 2340 2339
2337 2339 2341
2339 2342 2341
2342 2343 2341
2338 2344 2340
2344 2345 2340
2346 2347 2348
2347 2346 2349
2346 2350 2349
2349 2350 2351
2350 2352 2351
2353 2354 2352
2355 2356 2357
2357 2358 2355
2359 2360 2361
2362 2361 2306
2363 2362 2306
2364 2361 2365
2366 2364 2365
2367 2366 2365
2367 2365 2359
2364 2368 2361
2368 2306 2369
2370 2369 2371
2372 2373 2374
2373 2375 2374
2375 2373 2376
2377 2375 2376
2378 2379 2380
2379 2381 2380
2382 2383 2384
2383 2385 2384
2383 2382 2386
2382 2387 2386
2388 2386 2387
2389 2388 2387
2390 2388 2389
2384 2385 2391
2385 2392 2391
2392 2393 2394
2394 2393 2395
2393 2396 2395
2393 2397 2396
2397 2398 2396
2395 2396 2399
2396 2400 2399
2396 2398 2400
2399 2400 2401
2402 2397 2393
2399 2401 2403
2403 2401 2404
2405 2403 2404
2404 2406 2405
2406 2407 2405
2408 2404 2401
2409 2408 2401
2401 2400 2409
2406 2404 2410
2404 2408 2410
2410 2411 2406
2411 2412 2406
2409 2400 2413
2398 2413 2400
2414 2406 2412
2414 2407 2406
2415 2407 2414
2416 2402 2417
2418 2416 2417
2419 2416 2418
2420 2419 2418
2421 2419 2420
2422 2409 2423
2424 2422 2423
2422 2424 2425
2426 2422 2425
2425 2427 2426
2428 2429 2430
2429 2431 2430
2432 2431 2429
2429 2433 2432
2428 2430 2434
2435 2428 2434
2436 2435 2434
2437 2431 2438
2439 2440 2441
2442 2443 2444
2445 2442 2444
2446 2445 2444
2443 2442 2447
2448 2443 2447
2443 2448 2449
2447 2442 2450
2442 2445 2451
2442 2451 2452
2453 2447 2452
2443 2454 2455
2443 2456 2454
2456 2457 2454
2458 2459 2456
2460 2459 2461
2462 2460 2461
2463 2462 2461
2463 2464 2462
2465 2449 2460
2465 2466 2449
2461 2467 2468
2467 2469 2468
2469 2470 2468
2470 2471 2468
2471 2470 2472
2468 2471 2473
2473 2471 2474
2473 2474 2475
2471 2472 2476
2468 2477 2478
2479 2480 2449
2456 2467 2481
2482 2483 2484
2483 2485 2484
2485 2483 2486
2483 2487 2486
2488 2489 2490
2489 2491 2490
2492 2493 2494
2493 2495 2494
2495 2496 2497
2496 2498 2497
2499 2500 2501
2500 2502 2501
2503 2504 2505
2503 2506 2461
2507 2461 2506
2508 2509 2510
2511 2312 2512
2312 2513 2512
2511 2514 2312
2515 2512 2310
2516 2515 2310
2307 2517 2515
2517 2518 2515
2087 1805 1806
1805 2087 1815
2087 1819 1815
2519 2520 2521
2520 2522 2521
2522 2520 2523
2524 2522 2523
2522 2525 2521
2526 2524 2525
2524 2527 2525
2525 2527 2528
2525 2528 2529
2525 2529 2530
2525 2531 2521
2531 2525 2532
2525 2530 2532
1871 2115 1870
2115 2113 1870
1871 1872 2115
1872 2116 2115
2116 1872 1875
1880 2116 1875
1869 1870 2113
2111 1869 2113
1867 1869 2111
2109 1867 2111
1868 1867 2109
2107 1868 2109
1866 1868 2107
2105 1866 2107
2103 1866 2105
1852 1866 2103
2533 1849 1792
1792 1791 2533
1791 1795 2533
1792 1849 1850
1792 1850 1790
2534 2535 2536
2537 2538 2539
2538 2540 2539
2538 2537 2541
2538 2541 2542
2543 2538 2542
2538 2543 2540
2544 2541 2537
2537 2545 2544
2543 2542 2546
2542 2547 2546
2544 2545 2548
2545 2549 2548
2548 2549 2550
2549 2551 2550
2539 2540 2552
2540 2553 2552
2553 2554 2552
2554 2555 2552
2554 2556 2555
2556 2557 2555
2556 2558 2557
2558 2559 2557
2558 2556 2560
2556 2561 2560
2561 2556 2554
2562 2561 2554
2553 2563 2554
2563 2562 2554
2564 2563 2553
2540 2564 2553
2543 2564 2540
2558 2565 2559
2565 2566 2559
2565 2567 2566
2567 2568 2566
2569 2568 2567
2568 2569 2570
2570 2569 2571
2572 2570 2571
2571 2573 2572
2573 2574 2572
2573 2575 2574
2575 2576 2574
2577 2569 2567
2571 2569 2577
2578 2571 2577
2573 2571 2578
2576 2575 2579
2580 2576 2579
2579 2575 2581
2582 2579 2581
2581 2583 2582
2583 2581 2584
2581 2585 2584
2585 2573 2578
2573 2585 2575
2585 2581 2575
2583 2586 2582
2587 2580 2579
2588 2587 2579
2588 2579 2582
2587 2588 2589
2588 2590 2589
2590 2588 2582
2582 2586 2590
2590 2591 2589
2586 2591 2590
2578 2592 2585
2592 2584 2585
2592 2578 2593
2578 2594 2593
2593 2594 2595
2594 2596 2595
2597 2593 2595
2592 2593 2597
2598 2597 2595
2599 2598 2595
2600 2599 2595
2600 2595 2601
2601 2595 2596
2560 2600 2601
2560 2601 2602
2560 2603 2600
2603 2599 2600
2604 2603 2560
2561 2604 2560
2605 2604 2561
2562 2605 2561
2562 2563 2605
2563 2606 2605
2606 2563 2564
2607 2606 2564
2564 2543 2607
2543 2546 2607
2608 2607 2546
2609 2608 2546
2608 2609 2610
2610 2611 2608
2611 2612 2608
2608 2612 2607
2612 2606 2607
2613 2611 2610
2611 2613 2614
2615 2611 2614
2612 2611 2615
2615 2614 2616
2617 2615 2616
2615 2617 2618
2618 2612 2615
2606 2612 2618
2617 2619 2618
2619 2617 2620
2621 2619 2620
2621 2620 2622
2620 2623 2622
2624 2613 2610
2624 2610 2625
2626 2624 2625
2625 2627 2626
2627 2628 2626
2629 2628 2627
2629 2627 2630
2630 2627 2625
2631 2629 2630
2631 2630 2547
2632 2631 2547
2542 2632 2547
2609 2630 2625
2630 2609 2547
2609 2625 2610
2609 2546 2547
2623 2633 2622
2633 2634 2622
2622 2634 2635
2634 2636 2635
2599 2635 2636
2622 2635 2637
2603 2637 2635
2603 2635 2599
2621 2622 2637
2604 2637 2603
2604 2619 2637
2637 2619 2621
2604 2605 2619
2605 2618 2619
2605 2606 2618
2638 2634 2633
2639 2638 2633
2639 2633 2640
2641 2639 2640
2634 2638 2642
2638 2643 2642
2643 2644 2642
2642 2644 2645
2597 2642 2645
2645 2592 2597
2643 2646 2644
2646 2643 2647
2643 2638 2647
2638 2639 2647
2647 2639 2641
2648 2646 2647
2646 2648 2649
2648 2650 2649
2648 2651 2650
2651 2652 2650
2646 2653 2644
2653 2646 2649
2654 2653 2649
2598 2642 2597
2598 2634 2642
2649 2655 2654
2655 2656 2654
2650 2657 2649
2657 2655 2649
2657 2650 2652
2658 2657 2652
2647 2659 2648
2659 2651 2648
2651 2659 2660
2659 2661 2660
2662 2660 2661
2663 2660 2662
2664 2663 2662
2665 2662 2661
2663 2666 2660
2666 2651 2660
2665 2667 2662
2667 2668 2662
2662 2668 2664
2663 2664 2669
2666 2663 2669
2669 2664 2670
2668 2670 2664
2661 2659 2641
2659 2647 2641
2671 2661 2641
2665 2661 2671
2671 2641 2640
2672 2671 2640
2671 2672 2673
2673 2665 2671
2672 2674 2673
2674 2672 2675
2672 2676 2675
2676 2672 2640
2623 2676 2640
2623 2640 2633
2677 2676 2623
2620 2677 2623
2677 2620 2617
2616 2677 2617
2677 2616 2678
2677 2678 2679
2678 2675 2679
2616 2680 2678
2680 2616 2614
2681 2680 2614
2614 2613 2681
2674 2682 2673
2673 2682 2665
2682 2667 2665
2674 2683 2682
2684 2568 2685
2684 2685 2686
2684 2686 2687
2686 2688 2687
2685 2689 2686
2687 2690 2684
2690 2568 2684
2690 2691 2568
2691 2566 2568
2566 2691 2692
2692 2691 2693
2693 2694 2692
2694 2695 2692
2694 2696 2695
2696 2697 2695
2697 2696 2698
2699 2697 2698
2691 2700 2693
2700 2691 2690
2698 2696 2701
2696 2694 2701
2702 2698 2701
2694 2703 2701
2703 2694 2693
2704 2703 2693
2704 2693 2700
2705 2704 2700
2700 2706 2705
2706 2707 2705
2706 2708 2707
2708 2709 2707
2698 2702 2710
2702 2711 2710
2699 2698 2712
2698 2710 2712
2549 2710 2711
2551 2549 2711
2549 2545 2710
2545 2712 2710
2545 2537 2712
2537 2539 2712
2709 2708 2713
2714 2709 2713
2713 2708 2715
2708 2687 2715
2708 2706 2687
2699 2712 2539
2552 2699 2539
2552 2555 2699
2555 2697 2699
2555 2557 2697
2557 2695 2697
2557 2559 2695
2559 2692 2695
2559 2566 2692
2714 2713 2716
2716 2713 2715
2717 2714 2716
2717 2716 2718
2716 2719 2718
2720 2718 2719
2720 2719 2721
2720 2722 2718
2721 2719 2723
2719 2716 2723
2722 2724 2718
2724 2717 2718
2717 2724 2725
2714 2717 2725
2714 2725 2709
2725 2726 2709
2723 2716 2715
2709 2726 2707
2726 2727 2707
2728 2729 2730
2729 2731 2730
2731 2729 2732
2729 2733 2732
2729 2734 2733
2734 2735 2733
2731 2732 2736
2732 2584 2736
2728 2737 2729
2737 2734 2729
2736 2584 2645
2584 2592 2645
2736 2645 2644
2738 2736 2644
2736 2738 2731
2738 2730 2731
2550 2739 2548
2739 2544 2548
2739 2740 2544
2740 2541 2544
2740 2741 2541
2741 2542 2541
2742 2743 2744
2744 2743 2745
2743 2746 2745
2745 2746 2747
2746 2748 2747
2747 2748 2749
2750 2748 2751
2752 2753 2754
2753 2755 2754
2755 2753 2756
2757 2755 2756
2758 2757 2756
2756 2759 2758
2752 2760 2753
2760 2761 2753
2753 2761 2756
2761 2759 2756
2752 2754 2688
2686 2752 2688
2686 2689 2752
2689 2760 2752
2762 2763 2764
2763 2765 2764
2764 2766 2762
2766 2767 2762
2767 2766 2768
2769 2767 2768
2769 2768 2770
2765 2763 2771
2772 2765 2771
2773 2774 2775
2775 2774 2776
2774 2777 2776
2778 2775 2776
2775 2778 2779
2780 2775 2779
2773 2775 2780
2781 2778 2776
2782 2779 2778
2783 2782 2778
2778 2781 2783
2781 2784 2783
2782 2783 2785
2783 2786 2785
2783 2784 2786
2785 2786 2787
2786 2788 2787
2784 2788 2786
2789 2790 2791
2790 2792 2791
2791 2792 2793
2792 2794 2793
2560 2795 2558
2558 2795 2565
2601 2567 2565
2796 2797 2798
2797 2799 2798
2798 2799 2800
2801 2798 2800
2799 2797 2802
2803 2799 2802
2800 2799 2804
2805 2800 2804
2803 2802 2806
2807 2803 2806
2806 2808 2807
2808 2809 2807
2809 2808 2810
2804 2811 2805
2811 2812 2805
2812 2811 2813
2811 2814 2813
2813 2814 2810
2815 2816 2817
2816 2818 2817
2817 2818 2819
2820 2816 2815
2821 2820 2815
2822 2820 2821
2823 2822 2821
2822 2824 2820
2825 2822 2823
2826 2827 2819
2828 2827 2826
2829 2828 2826
2830 2828 2829
2831 2830 2829
2832 2830 2831
2832 2833 2834
2835 2836 2833
2837 2838 2839
2838 2840 2839
2838 2837 2841
2837 2842 2841
2842 2843 2841
2844 2845 2846
2846 2845 2847
2845 2848 2847
2847 2848 2849
2848 2850 2849
2851 2849 2850
2852 2853 2854
2853 2855 2854
2852 2854 2856
2857 2856 2854
2858 2852 2856
2858 2856 2859
2859 2856 2860
2861 2859 2860
2862 2859 2861
2863 2862 2861
2861 2864 2863
2864 2865 2863
2864 2866 2865
2865 2866 2867
2866 2868 2867
2863 2869 2862
2869 2863 2865
2869 2870 2862
2870 2869 2871
2869 2872 2871
2871 2872 2873
2873 2872 2874
2875 2869 2865
2867 2876 2865
2876 2875 2865
2874 2872 2877
2872 2869 2877
2876 2878 2875
2878 2879 2875
2880 2879 2878
2867 2881 2882
2881 2883 2882
2882 2884 2885
2884 2886 2885
2884 2882 2887
2882 2888 2887
2886 2884 2889
2886 2889 2890
2891 2890 2889
2892 2891 2889
2893 2886 2890
2884 2894 2889
2892 2889 2894
2884 2887 2894
2895 2892 2894
2896 2892 2895
2897 2896 2895
2896 2897 2898
2899 2896 2898
2894 2900 2895
2887 2900 2894
2900 2901 2895
2895 2901 2897
2901 2900 2902
2903 2901 2902
2903 2904 2901
2904 2905 2901
2901 2905 2897
2906 2892 2896
2907 2906 2896
2905 2908 2897
2908 2898 2897
2908 2905 2909
2905 2904 2909
2899 2910 2896
2910 2907 2896
2911 2909 2904
2912 2911 2904
2912 2904 2903
2913 2912 2903
2903 2902 2913
2906 2907 2914
2913 2915 2912
2915 2916 2912
2912 2917 2911
2911 2917 2918
2912 2916 2919
2920 2910 2921
2922 2700 2690
2706 2690 2687
2923 2924 2925
2925 2924 2926
2927 2925 2926
2926 2928 2927
2928 2929 2927
2928 2930 2929
2930 2931 2929
2930 2932 2931
2933 2934 2935
2934 2936 2935
2937 2934 2933
2938 2937 2933
2939 2940 2941
2940 2942 2941
2943 2944 2945
2946 2945 2947
2945 2948 2947
2949 2950 2951
2950 2952 2951
2953 2952 2950
2949 2951 2954
2955 2949 2954
2954 2956 2955
2956 2957 2955
2958 2959 2960
2959 2961 2960
2962 2958 2963
2958 2964 2963
2965 2966 2964
2966 2965 2967
2966 2968 2964
2969 2970 2971
2972 2971 2970
2972 2973 2971
2973 2974 2971
2974 2973 2975
2976 2977 2978
2977 2979 2978
2980 2977 2976
2981 2980 2976
2976 2978 2982
2978 2983 2982
2981 2976 2984
2976 2982 2984
2983 2978 2985
2986 2981 2987
2988 2984 2989
2990 2991 2992
2991 2993 2992
2994 2990 2995
2996 2997 2998
2997 2999 2998
2996 2998 3000
3001 2996 3000
3002 2998 2999
3003 2999 2997
3000 3004 3001
3005 3006 2999
3007 3008 3009
3008 3010 3009
3009 3010 3011
3010 3012 3013
3011 3014 3015
3011 3016 3014
3017 3018 3016
3009 3017 3019
3020 3015 3021
3015 3022 3021
3023 3022 3024
3025 3026 3023
3027 3028 3014
3029 3027 3030
3031 3032 3033
3032 3034 3033
3031 3033 3035
3036 3031 3035
3032 3037 3034
3037 3038 3034
3035 3039 3036
3031 3036 3040
3041 3042 3037
3042 3043 3037
3042 3041 3044
3041 3045 3044
3045 3040 3044
3044 3040 3046
3047 3048 3049
3048 3050 3049
3051 3052 3053
3052 3054 3053
3055 3056 3057
3055 3057 2852
2852 2858 3055
2858 3058 3055
2858 3059 3058
3059 3060 3058
3059 2858 2859
2859 3061 3059
3061 3062 3059
3060 3059 3062
3063 3060 3062
3062 3061 3064
3061 3065 3064
3066 3064 3065
3066 3067 3064
3067 3068 3064
3063 3062 3068
3062 3064 3068
3069 3067 3066
3070 3066 3065
3071 3070 3065
2870 3071 3065
3072 2870 3065
3072 3073 2859
3073 3072 3065
3066 3074 3069
3069 3074 3075
3076 3077 3078
3077 3079 3078
3079 3080 3078
3079 3081 3080
3077 3081 3079
3081 3082 3080
3080 3082 3083
3082 3084 3083
3076 3085 3077
3085 3086 3077
3086 3087 3077
3078 3080 3088
3080 3083 3088
3083 3089 3088
3081 3090 3082
3090 3091 3082
3092 3091 3090
3093 3092 3090
3093 3094 3092
3094 3095 3092
3094 3096 3095
3086 3097 3087
3097 3098 3087
3099 3100 3098
3100 3101 3098
3100 3102 3101
3102 3103 3101
3102 3104 3103
3105 3089 3106
3107 3105 3106
3089 3105 3108
3109 3089 3108
3110 3089 3109
3110 3109 3111
3110 3111 3112
3111 3113 3112
3113 3111 3114
3111 3115 3114
3116 3115 3111
3116 3117 3115
3118 3117 3116
3119 3109 3118
3120 3117 3118
3121 3120 3118
3120 3121 3122
3121 3123 3122
3121 3124 3123
3124 3125 3123
3125 3124 3126
3127 3125 3126
3128 3125 3127
3129 3128 3127
3129 3127 3130
3126 3131 3130
3132 3129 3130
3133 3122 3123
3134 3133 3123
3134 3123 3125
3135 3134 3125
3126 3124 3105
3124 3108 3105
3133 3134 3136
3134 3135 3136
3128 3129 3137
3129 3132 3137
3138 3131 3084
3139 3138 3084
3140 3131 3138
3141 3140 3138
3142 3140 3141
3143 3142 3141
3144 3142 3095
3145 3107 3146
3107 3147 3146
3148 3146 3149
3150 3151 3152
3151 3153 3152
3154 3152 3153
3155 3154 3153
3156 3157 3158
3157 3159 3158
3156 3160 3157
3161 3162 3122
3162 3163 3122
3164 3163 3165
3163 3166 3165
3167 3163 3164
3168 3167 3164
3167 3168 3169
3168 3170 3169
3169 3170 3115
3170 3171 3115
3115 3171 3114
3166 3161 3172
3165 3166 3173
3115 3117 3169
3174 3113 3114
3175 3093 3176
3093 3177 3176
3093 3178 3177
3178 3179 3177
3179 3178 3180
3181 3179 3180
3181 3180 3182
3175 3103 3183
2882 3184 2867
3184 3185 2867
3184 3186 3185
3186 3187 3185
3187 3186 3188
3189 2885 3190
2885 2886 3190
3189 3190 3191
2864 2861 3192
2861 2860 3192
3193 2900 3194
2900 2887 3194
2888 3194 2887
3195 3076 3196
3076 3078 3196
3197 3196 3078
3088 3197 3078
3198 3109 3116
2893 2890 3199
2890 2891 3199
3200 3201 3202
3201 3203 3202
3204 3205 3206
3206 3205 3207
3204 3206 3208
3209 3206 3207
3210 3209 3207
3207 3205 3211
3211 3212 3207
3207 3212 3210
3213 3212 3211
3206 3214 3208
3206 3215 3214
3214 3215 3216
3216 3215 3217
3218 3209 3210
3219 3218 3210
3220 3218 3219
3221 3220 3219
3222 3221 3219
3223 3222 3219
3212 3223 3210
3223 3219 3210
3224 3222 3223
3225 3224 3223
3223 3212 3225
3212 3213 3225
3226 3220 3221
3227 3226 3221
3226 3227 3228
3229 3226 3228
3230 3229 3228
3231 3230 3228
3232 3230 3231
3230 3232 3233
3234 3232 3231
3234 3231 3235
3231 3236 3235
3236 3231 3228
3235 3236 3237
3236 3238 3237
3236 3239 3238
3239 3236 3228
3239 3228 3227
3239 3240 3238
3239 3241 3240
3241 3239 3227
3241 3242 3240
3241 3227 3221
3222 3241 3221
3241 3222 3242
3222 3224 3242
3243 3235 3237
3234 3235 3243
3244 3243 3237
3234 3245 3232
3245 3234 3243
3245 3246 3232
3245 3247 3246
3245 3243 3247
3247 3248 3246
3243 3244 3249
3243 3249 3247
3247 3249 3250
3248 3247 3250
3249 3251 3250
3244 3252 3249
3251 3249 3252
3253 3251 3252
3254 3248 3250
3254 3250 3255
3250 3251 3255
3256 3254 3255
3256 3255 3257
3258 3256 3257
3259 3258 3257
3259 3257 3260
3257 3255 3260
3259 3260 3261
3255 3262 3260
3251 3262 3255
3262 3251 3253
3263 3262 3253
3262 3263 3260
3263 3261 3260
3264 3265 3266
3265 3267 3266
3265 3268 3267
3268 3269 3267
3269 3268 3270
3271 3269 3270
3266 3267 3272
3267 3269 3272
3269 3273 3272
3269 3271 3273
3272 3273 3274
3272 3274 3275
3276 3272 3275
3266 3272 3276
3276 3275 3277
3278 3276 3277
3278 3279 3276
3276 3279 3266
3279 3264 3266
3279 3280 3264
3279 3278 3281
3279 3281 3280
3282 3281 3278
3282 3278 3277
3281 3282 3283
3284 3281 3283
3281 3285 3280
3281 3284 3285
3284 3283 3286
3284 3287 3285
3284 3217 3287
3217 3288 3287
3217 3215 3288
3284 3286 3289
3216 3289 3286
3290 3291 3292
3291 3290 3293
3293 3294 3291
3294 3295 3291
3292 3291 3295
3294 3296 3295
3296 3271 3295
3293 3290 3297
3298 3295 3271
3298 3292 3295
3270 3298 3271
3271 3296 3273
3299 3273 3296
3300 3299 3296
3300 3296 3294
3301 3300 3294
3297 3301 3293
3301 3294 3293
3274 3273 3299
3302 3303 3304
3304 3303 3305
3306 3304 3305
3306 3305 3307
3308 3306 3307
3307 3309 3308
3309 3310 3308
3311 3312 3310
3312 3313 3310
3312 3314 3313
3314 3315 3313
3315 3314 3316
3317 3315 3316
3318 3319 3304
3318 3320 3319
3304 3319 3321
3322 3205 3204
3323 3324 3325
3325 3324 3326
3327 3325 3326
3326 3328 3327
3328 3329 3327
3328 3330 3329
3330 3331 3329
3331 3330 3332
3333 3331 3332
3332 3334 3333
3334 3335 3333
3334 3233 3335
3233 3232 3335
3336 3337 3338
3339 3338 3337
3340 3339 3337
3341 3339 3340
3342 3341 3340
3341 3342 3343
3342 3344 3343
3345 3343 3344
3346 3345 3344
3345 3346 3347
3346 3348 3347
3348 3349 3347
3350 3351 3352
3353 3354 3355
3356 3355 3354
3357 3356 3354
3358 3356 3357
3359 3358 3357
3360 3358 3359
3361 3360 3359
3362 3360 3361
3363 3362 3361
3362 3363 3364
3363 3365 3364
3366 3367 3368
3367 3369 3368
3366 3370 3367
3367 3371 3369
3371 3372 3369
3369 3373 3368
3373 3369 3374
3369 3372 3374
3375 3373 3374
3367 3370 3376
3367 3376 3377
3376 3378 3377
3378 3379 3377
3372 3371 3380
3381 3372 3380
3380 3382 3381
3382 3383 3381
3381 3383 3384
3385 3381 3384
3374 3372 3385
3372 3381 3385
3385 3384 3386
3387 3385 3386
3375 3374 3387
3374 3385 3387
3383 3382 3388
3389 3383 3388
3390 3389 3388
3391 3390 3388
3391 3392 3390
3392 3393 3390
3394 3393 3392
3392 3395 3394
3396 3393 3394
3393 3396 3397
3398 3393 3397
3390 3393 3398
3398 3397 3399
3400 3398 3399
3401 3398 3400
3401 3390 3398
3390 3401 3389
3402 3401 3400
3401 3402 3403
3401 3403 3389
3402 3404 3403
3383 3389 3403
3384 3383 3403
3403 3404 3384
3404 3386 3384
3397 3405 3399
3405 3397 3396
3405 3406 3399
3407 3405 3396
3396 3394 3407
3394 3408 3407
3407 3408 3409
3405 3407 3409
3408 3410 3409
3405 3411 3406
3411 3405 3409
3411 3409 3412
3412 3409 3410
3413 3411 3412
3411 3414 3406
3411 3413 3414
3413 3415 3414
3416 3412 3410
3412 3416 3417
3413 3412 3417
3416 3418 3417
3417 3418 3419
3418 3420 3419
3421 3419 3420
3421 3422 3419
3419 3422 3417
3421 3423 3422
3422 3424 3417
3424 3413 3417
3413 3424 3415
3424 3425 3415
3423 3425 3422
3425 3424 3422
3426 3427 3428
3427 3429 3428
3427 3426 3430
3426 3431 3430
3430 3431 3432
3431 3433 3432
3428 3434 3426
3431 3426 3434
3435 3431 3434
3433 3431 3435
3434 3436 3435
3437 3436 3434
3438 3437 3434
3428 3438 3434
3437 3438 3439
3438 3440 3439
3440 3438 3441
3441 3428 3429
3438 3428 3441
3442 3441 3429
3441 3443 3440
3443 3441 3442
3444 3440 3443
3444 3439 3440
3445 3444 3443
3446 3445 3443
3447 3443 3442
3443 3447 3446
3446 3448 3445
3447 3449 3446
3446 3449 3379
3449 3450 3379
3379 3450 3377
3446 3451 3448
3378 3448 3451
3452 3453 3454
3452 3454 3455
3454 3456 3455
3452 3455 3457
3457 3455 3458
3455 3459 3458
3455 3456 3459
3460 3458 3459
3433 3460 3459
3461 3452 3457
3452 3461 3453
3433 3459 3462
3456 3462 3459
3432 3433 3462
3460 3433 3435
3435 3463 3460
3463 3464 3460
3458 3460 3464
3465 3458 3464
3457 3458 3465
3466 3457 3465
3467 3457 3466
3468 3467 3466
3467 3468 3453
3436 3463 3435
3469 3470 3471
3471 3470 3472
3470 3473 3472
3472 3473 3474
3473 3475 3474
3476 3474 3475
3477 3476 3475
3478 3476 3477
3479 3478 3477
3480 3478 3479
3481 3480 3479
3480 3481 3482
3483 3469 3484
3469 3485 3484
3483 3484 3486
3487 3483 3486
3486 3488 3487
3488 3489 3487
3489 3488 3490
3491 3489 3490
3490 3492 3491
3492 3493 3491
3492 3494 3493
3494 3495 3493
3496 3495 3494
3495 3496 3497
3497 3496 3498
3498 3499 3500
3501 3366 3368
3502 3503 3504
3504 3503 3505
3503 3506 3505
3505 3506 3507
3506 3508 3507
3507 3508 3509
3508 3510 3509
3509 3510 3511
3510 3512 3511
3511 3512 3513
3512 3514 3513
3515 3513 3514
3516 3515 3514
3515 3516 3395
3516 3394 3395
3517 3518 3519
3518 3520 3519
3520 3521 3519
3521 3520 3522
3523 3521 3522
3522 3524 3523
3524 3525 3523
3524 3526 3525
3526 3527 3525
3527 3526 3528
3529 3527 3528
3529 3528 3530
3528 3531 3530
3531 3532 3530
3533 3482 3534
3535 3536 3537
3538 3537 3539
3540 3538 3541
3542 3540 3541
3540 3543 3544
3543 3545 3544
3546 3544 3545
3547 3546 3545
3545 3548 3547
3548 3549 3547
3543 3550 3545
3550 3548 3545
3550 3543 3551
3543 3541 3551
3552 3551 3541
3553 3552 3541
3554 3552 3553
3555 3554 3553
3555 3553 3556
3557 3554 3555
3557 3555 3558
3541 3559 3553
3560 3561 3562
3561 3563 3562
3564 3561 3565
3566 3564 3565
3565 3562 3567
3568 3565 3567
3565 3568 3566
3567 3569 3568
3569 3570 3568
3569 3571 3570
3571 3572 3570
3572 3571 3573
3570 3572 3574
3572 3575 3574
3574 3576 3570
3576 3568 3570
3568 3576 3566
3564 3577 3561
3577 3578 3561
3572 3579 3575
3572 3573 3579
3580 3578 3581
3582 3583 3584
3584 3583 3563
3585 3584 3563
3586 3587 3588
3587 3589 3588
3586 3588 3590
3591 3586 3590
3590 3592 3591
3592 3593 3591
3592 3594 3593
3589 3587 3595
3587 3596 3595
3597 3595 3596
3598 3597 3596
3597 3598 3599
3598 3600 3599
3601 3599 3600
3602 3601 3600
3603 3601 3602
2852 3057 2853
3604 3605 3606
3604 3607 3608
3608 3607 3609
3610 3611 3612
2599 2636 2598
2054 2078 2055
3613 3614 3615
3613 3615 3616
3613 3617 3614
3613 3618 3617
3613 3619 3618
3613 3620 3619
3613 3621 3620
3613 3622 3621
3613 3623 3622
3613 3624 3623
3613 3625 3624
3613 3626 3625
3613 3627 3626
3628 3616 3629
3628 3630 3627
3613 3629 3631
3613 3631 3632
3613 3632 3633
3613 3633 3634
3613 3634 3630
3635 3636 3637
3636 3638 3637
3638 3636 3639
3640 3638 3639
3640 3639 3641
3642 3640 3641
3642 3641 3643
3644 3642 3643
3644 3643 3645
3646 3644 3645
3646 3645 3647
3648 3646 3647
3637 3649 3635
3649 3650 3635
3651 3650 3649
3652 3651 3649
3653 3651 3652
3654 3653 3652
3655 3653 3654
3656 3655 3654
3657 3647 3658
3659 3657 3658
3659 3658 3660
3658 3661 3660
3660 3661 3662
3661 3663 3662
3662 3663 3664
3663 3665 3664
3664 3665 3666
3665 3667 3666
3666 3667 3668
3667 3669 3668
3668 3669 3670
3669 3671 3670
3670 3671 3672
3671 3673 3672
3672 3673 3674
3673 3675 3674
3674 3675 3676
3675 3655 3676
3677 3678 3679
3677 3679 3680
3677 3680 3681
3682 3678 3677
3681 3683 3677
3684 3677 3683
3685 3686 3680
3680 3687 3685
3680 3688 3687
3689 3684 3690
3690 3691 3689
3691 3690 3692
3692 3690 3693
3694 3693 3695
3689 3696 3697
3696 3698 3697
3697 3698 3699
3700 3698 3701
3702 3703 3704
3704 3703 3705
3706 3704 3705
3707 3704 3706
3704 3707 3708
3707 3706 3709
3710 3707 3709
3707 3710 3711
3710 3712 3711
3711 3712 3713
3714 3711 3713
3708 3707 3715
3715 3707 3711
3716 3714 3717
3718 3713 3719
3720 3721 3722
3723 3720 3722
3722 3721 3724
3721 3725 3724
3722 3724 3726
3724 3727 3726
3728 3723 3722
3729 3728 3722
3722 3726 3729
3730 3728 3729
3729 3726 3731
3732 3729 3731
3730 3729 3732
3726 3733 3731
3726 3727 3733
3734 3731 3733
3734 3735 3731
3731 3735 3732
3736 3733 3727
3736 3734 3733
3737 3734 3736
3737 3738 3734
3734 3738 3735
3739 3737 3736
3739 3738 3737
3740 3732 3735
3740 3735 3738
3732 3740 3741
3732 3741 3730
3741 3742 3730
3742 3728 3730
3742 3743 3728
3728 3743 3723
3739 3736 3744
3739 3744 3745
3744 3736 3746
3727 3746 3736
3747 3746 3727
3740 3738 3748
3739 3748 3738
3749 3748 3739
3749 3739 3745
3750 3727 3724
3751 3724 3725
3752 3753 3754
3755 3753 3756
3754 3756 3757
3752 3755 3758
3754 3759 3758
3759 3760 3758
3760 3761 3758
3762 3761 3760
3763 3762 3760
3764 3762 3763
3764 3763 3765
3763 3766 3765
3762 3764 3767
3767 3761 3762
3768 3761 3767
3765 3769 3764
3765 3770 3769
3766 3770 3765
3770 3771 3769
3771 3770 3772
3761 3768 3773
3761 3773 3758
3766 3774 3770
3770 3774 3775
3775 3774 3776
3774 3777 3776
3766 3777 3774
3778 3770 3775
3779 3776 3777
3780 3779 3777
3780 3781 3779
3782 3781 3780
3782 3780 3777
3782 3777 3766
3783 3758 3784
3785 3786 3754
3787 3788 3789
3790 3787 3791
3790 3791 3792
3793 3789 3791
3794 3795 3796
3795 3797 3796
3797 3798 3796
3794 3799 3795
3799 3800 3795
3801 3800 3799
3801 3802 3800
3801 3803 3802
3804 3803 3805
3802 3806 3804
3804 3805 3807
3807 3808 3804
3805 3809 3807
3804 3808 3810
3804 3810 3811
3811 3810 3812
3809 3813 3814
3815 3816 3817
3818 3819 3820
3819 3821 3820
3819 3818 3822
3822 3818 3823
3824 3822 3823
3824 3823 3825
3820 3821 3826
3821 3827 3826
3826 3828 3820
3828 3829 3820
3830 3828 3826
3830 3826 3831
3832 3830 3831
3830 3832 3833
3834 3830 3833
3834 3828 3830
3834 3835 3828
3836 3835 3834
3837 3836 3834
3838 3837 3834
3839 3838 3834
3836 3837 3840
3841 3836 3840
3842 3836 3841
3835 3836 3842
3840 3837 3843
3841 3840 3844
3844 3845 3841
3845 3846 3841
3842 3841 3846
3845 3847 3846
3847 3848 3846
3849 3848 3847
3850 3848 3849
3850 3851 3848
3846 3852 3851
3853 3854 3850
3855 3854 3849
3856 3857 3858
3859 3856 3858
3858 3860 3859
3860 3861 3859
3860 3862 3861
3863 3861 3864
3865 3863 3862
3866 3865 3864
3867 3865 3866
3867 3866 3868
3866 3869 3868
3869 3870 3868
3871 3870 3869
3872 3871 3869
3873 3871 3872
3874 3873 3872
3875 3858 3876
3877 3875 3876
3878 3877 3876
3877 3878 3879
3880 3881 3882
3881 3883 3882
3884 3883 3881
3885 3884 3881
3880 3882 3886
3887 3880 3886
3887 3885 3881
3881 3880 3887
3888 3883 3884
3889 3883 3888
3887 3886 3890
3891 3885 3887
3891 3887 3892
3893 3892 3887
3894 3893 3887
3895 3885 3891
3895 3891 3896
3896 3888 3895
3892 3897 3891
3893 3897 3892
3897 3898 3891
3896 3891 3898
3896 3898 3899
3898 3900 3899
3897 3901 3898
3901 3900 3898
3901 3897 3902
3903 3897 3893
3888 3896 3904
3896 3905 3904
3906 3907 3908
3907 3909 3908
3908 3909 3910
3910 3911 3912
3913 3911 3910
3914 3913 3915
3916 3917 3918
3919 3916 3918
3920 3919 3918
3917 3916 3921
3921 3922 3917
3922 3923 3917
3922 3924 3923
3924 3925 3923
3925 3926 3923
3927 3928 3929
3930 3931 3932
3933 3934 3935
3936 3934 3933
3937 3934 3936
3938 3934 3937
3939 3934 3938
3940 3934 3939
3941 3934 3940
3942 3934 3941
3943 3934 3942
3944 3934 3943
3945 3934 3944
3946 3934 3945
3947 3934 3946
3948 3934 3947
3949 3934 3948
3950 3934 3949
3951 3934 3950
3952 3934 3951
3953 3934 3952
3935 3934 3953
3954 3955 3956
3957 3954 3956
3958 3957 3956
3959 3958 3956
3960 3959 3956
3961 3960 3956
3962 3961 3956
3963 3962 3956
3964 3963 3956
3965 3964 3956
3966 3965 3956
3967 3966 3956
3968 3967 3956
3969 3968 3956
3970 3969 3956
3971 3970 3956
3972 3971 3956
3973 3972 3956
3974 3973 3956
3955 3974 3956
3975 3976 3977
3975 3977 3978
3975 3978 3979
3978 3977 3980
3981 3975 3979
3981 3982 3975
3983 3982 3981
3984 3975 3982
3984 3985 3975
3986 3987 3982
3988 3989 3978
3978 3990 3988
3991 3988 3992
3991 3992 3993
3991 3993 3994
3995 3994 3993
3996 3994 3995
3996 3995 3997
3998 3996 3997
3996 3998 3999
4000 3996 3999
4000 3994 3996
3999 3998 4001
4001 4002 3999
3991 4003 4004
3991 4005 4006
4007 4008 4009
4009 4008 4010
4011 4007 4009
4012 4007 4011
4009 4010 4013
4014 4015 4016
4017 4014 4016
4018 4017 4016
4019 4018 4016
4018 4020 4017
4021 4020 4018
4022 4021 4018
4022 4018 4023
4023 4018 4019
4023 4019 4024
4019 4025 4024
4016 4025 4019
4016 4026 4025
4026 4027 4025
4016 4028 4026
4028 4029 4026
4026 4030 4027
4025 4031 4024
4032 4024 4031
4032 4033 4024
4024 4033 4023
4033 4022 4023
4033 4034 4022
4022 4034 4021
4032 4034 4033
4035 4034 4032
4035 4032 4036
4036 4032 4031
4036 4031 4037
4037 4038 4036
4035 4036 4039
4039 4036 4040
4041 4040 4037
4042 4039 4043
4044 4042 4043
4044 4045 4042
4042 4045 4034
4021 4034 4045
4025 4046 4031
4047 4048 4049
4049 4048 4050
4049 4050 4051
4047 4049 4052
4047 4052 4053
4052 4049 4054
4049 4055 4054
4056 4053 4052
4057 4056 4052
4058 4056 4057
4059 4058 4057
4060 4058 4059
4060 4059 4061
4059 4062 4061
4058 4060 4063
4063 4056 4058
4064 4056 4063
4056 4064 4065
4062 4066 4061
4061 4066 4067
4068 4066 4062
4069 4061 4067
4070 4061 4069
4061 4070 4071
4061 4071 4060
4066 4072 4067
4068 4073 4074
4073 4068 4075
4076 4077 4072
4078 4079 4080
4081 4082 4083
4082 4084 4083
4084 4082 4085
4081 4083 4086
4087 4081 4086
4088 4087 4086
4089 4085 4090
4091 4090 4092
4093 4094 4095
4094 4096 4095
4094 4097 4096
4096 4097 4098
4093 4095 4099
4093 4099 4100
4100 4099 4101
4102 4100 4101
4103 4098 4104
4105 4103 4104
4105 4106 4103
4107 4104 4098
4098 4103 4108
4097 4109 4110
4096 4110 4111
4112 4113 4114
4113 4115 4114
4113 4112 4116
4114 4115 4117
4115 4118 4117
4117 4119 4114
4119 4120 4114
4117 4121 4119
4121 4117 4118
4121 4122 4119
4123 4116 4112
4123 4124 4116
4124 4123 4125
4125 4123 4126
4121 4118 4127
4128 4121 4127
4129 4121 4128
4130 4122 4129
4131 4121 4129
4132 4131 4130
4131 4132 4119
4130 4129 4133
4129 4134 4133
4135 4133 4134
4136 4133 4135
4137 4136 4135
4137 4123 4138
4138 4136 4126
4138 4139 4136
4133 4140 4139
4141 4142 4143
4144 4143 4142
4142 4145 4144
4144 4145 4146
4144 4147 4143
4143 4147 4148
4143 4148 4149
4149 4150 4143
4148 4151 4149
4148 4152 4151
4153 4151 4152
4154 4153 4152
4155 4154 4152
4156 4154 4155
4156 4155 4157
4155 4158 4157
4158 4159 4157
4160 4158 4161
4162 4160 4161
4163 4164 4159
4165 4166 4167
4167 4166 4168
4167 4168 4169
4169 4168 4170
4171 4167 4172
4172 4173 4169
4174 4172 4169
4172 4174 4175
4174 4176 4175
4174 4177 4176
4177 4178 4176
4177 4174 4179
4174 4180 4179
4179 4168 4181
4181 4168 4182
4181 4182 4183
4181 4184 4179
4185 4184 4181
4186 4185 4181
4181 4187 4186
4182 4188 4187
4177 4179 4189
4179 4184 4189
4185 4189 4184
4178 4177 4190
4177 4189 4190
4190 4189 4191
4191 4189 4185
4192 4193 4194
4193 4195 4194
4194 4195 4196
4195 4197 4198
4196 4199 4200
4201 4197 4202
4202 4203 4201
4203 4204 4201
4204 4205 4201
4205 4204 4206
4205 4206 4207
4208 4205 4207
4208 4207 4209
4209 4210 4208
4210 4211 4208
4212 4213 4214
4215 4212 4214
4216 4215 4214
4217 4216 4214
4218 4217 4214
4219 4218 4214
4220 4219 4214
4221 4220 4214
4222 4221 4214
4223 4222 4214
4224 4223 4214
4225 4224 4214
4226 4225 4214
4227 4226 4214
4228 4227 4214
4229 4228 4214
4230 4229 4214
4231 4230 4214
4232 4231 4214
4213 4232 4214
4233 4234 4235
4233 4236 4234
4233 4235 4237
4233 4237 4238
4233 4238 4239
4233 4239 4240
4233 4240 4241
4233 4241 4242
4233 4242 4243
4233 4243 4244
4233 4244 4245
4233 4245 4246
4233 4246 4247
4233 4247 4248
4233 4248 4249
4250 4251 4236
4233 4252 4251
4233 4253 4252
4233 4254 4253
4233 4249 4254
4255 4256 4257
4256 4258 4257
4257 4258 4259
4258 4260 4259
4259 4260 4261
4260 4262 4261
4263 4256 4255
4264 4263 4255
4263 4264 4265
4266 4263 4265
4266 4265 4267
4268 4266 4267
4268 4267 4269
4270 4268 4269
4271 4262 4272
4262 4273 4272
4272 4273 4274
4273 4275 4274
4274 4275 4276
4275 4277 4276
4276 4278 4279
4278 4280 4279
4280 4281 4279
4281 4282 4279
4281 4283 4282
4283 4284 4282
4283 4285 4284
4285 4286 4284
4285 4287 4288
4287 4289 4288
4287 4290 4289
4290 4291 4289
4290 4292 4291
4292 4293 4291
4292 4294 4293
4294 4295 4293
4294 4296 4295
4296 4297 4295
4296 4298 4297
4298 4269 4297
