byte offset: 0
first index: 0
index count: 8022
topology: trianglelist
format: DXGI_FORMAT_R16_UINT

0 1 2
1 0 3
4 2 1
2 4 5
5 6 2
2 6 7
0 2 7
6 5 8
5 9 8
9 5 10
4 10 5
10 4 11
11 12 10
12 11 13
13 14 12
14 13 15
16 12 14
14 17 16
17 14 18
15 18 14
19 17 18
17 19 20
21 20 19
20 21 22
23 22 21
12 16 24
10 24 9
24 10 12
18 25 19
25 18 26
18 15 26
19 25 27
19 27 21
21 27 28
21 28 29
30 21 29
21 30 31
23 21 31
32 33 34
33 32 35
36 35 32
35 36 37
36 38 37
38 36 39
40 34 33
34 40 41
42 41 40
41 42 43
39 44 38
45 44 39
44 45 46
47 46 45
46 47 48
49 38 44
38 49 50
51 50 49
50 51 52
51 53 52
53 51 54
42 55 43
55 42 56
56 57 55
42 58 56
56 59 57
59 60 57
60 59 61
61 62 60
62 61 63
63 64 62
65 64 63
64 65 66
65 67 66
67 65 68
68 69 67
69 68 70
70 71 69
71 70 72
72 73 71
73 72 74
59 73 74
64 75 62
75 64 76
76 77 75
77 76 78
79 77 78
77 79 80
73 59 56
73 56 58
81 82 83
82 81 84
85 81 83
81 85 86
85 87 86
87 85 88
89 84 81
84 89 90
91 81 86
81 91 89
87 91 86
91 87 92
88 92 87
93 94 95
96 97 98
97 96 99
100 98 97
98 100 101
98 102 96
103 96 102
96 103 104
104 99 96
103 105 104
105 103 106
106 107 105
107 106 108
3 107 108
107 3 0
102 98 109
101 109 98
110 104 105
104 110 111
99 104 111
105 112 110
105 107 112
113 101 100
101 113 114
115 114 113
0 116 107
116 0 117
107 116 118
107 118 112
115 119 114
114 119 120
121 114 120
114 121 101
109 101 121
0 7 117
122 123 124
123 122 125
126 125 122
125 126 127
128 127 126
127 128 129
124 130 122
130 124 131
132 122 130
122 132 126
132 128 126
128 132 133
129 128 133
134 135 136
137 138 139
138 137 140
139 141 137
140 142 138
142 140 143
143 144 142
144 143 145
140 146 143
146 140 147
140 148 147
148 140 137
143 149 145
149 143 146
150 145 149
145 150 151
145 152 144
152 145 151
153 154 155
154 153 156
157 156 153
156 157 158
159 158 157
158 159 160
161 160 159
160 161 162
163 164 165
166 167 168
167 166 169
167 170 168
170 167 171
172 170 171
172 173 170
173 172 174
173 174 175
176 173 175
173 176 177
178 177 176
177 178 179
180 181 182
181 180 183
184 182 181
182 184 185
183 186 181
186 183 187
187 183 188
183 189 188
189 183 190
180 190 183
181 186 191
184 192 185
192 184 193
194 193 184
181 194 184
194 181 191
193 194 195
190 196 189
196 190 197
198 197 190
197 198 199
190 180 198
195 200 201
202 196 203
204 205 206
205 204 207
208 206 205
206 208 209
210 209 208
209 210 211
212 211 210
211 212 213
214 213 212
213 214 215
216 215 214
215 216 217
218 217 216
209 211 219
213 220 211
219 211 220
220 213 221
215 221 213
221 222 220
223 220 222
222 221 224
222 224 225
226 224 221
217 226 215
221 215 226
224 226 227
227 225 224
226 228 227
228 226 229
226 217 229
227 228 230
229 231 228
231 229 232
232 217 218
217 232 229
233 230 228
233 228 231
227 230 234
225 227 234
230 235 234
236 234 235
225 234 236
235 237 236
237 235 238
239 238 235
230 239 235
238 239 240
238 240 241
238 241 237
233 231 242
243 233 242
233 243 244
245 244 243
246 244 245
246 233 244
233 246 230
247 245 243
242 247 243
247 242 248
249 248 242
248 249 250
231 249 242
249 231 251
232 251 231
251 232 252
251 253 249
253 250 249
253 251 254
254 255 253
255 254 256
257 253 255
253 257 258
250 253 258
256 259 255
259 256 260
261 255 259
255 261 257
260 262 259
262 260 263
263 264 262
262 264 265
265 259 262
259 265 261
218 252 232
252 218 266
267 266 218
266 267 268
268 269 266
269 268 270
271 266 269
266 271 252
269 272 271
272 269 273
270 273 269
273 270 274
274 275 273
275 274 276
276 277 275
277 276 278
279 273 275
273 279 272
280 272 279
272 280 281
281 271 272
278 282 277
279 283 280
284 282 283
283 279 284
275 284 279
284 275 277
282 284 277
271 281 285
285 252 271
252 285 251
286 287 288
287 286 289
290 288 287
288 290 291
292 291 290
290 293 292
293 290 294
287 294 290
295 292 293
292 295 296
297 296 295
296 297 298
299 292 296
292 299 291
298 299 296
298 297 300
301 298 300
299 298 301
302 289 286
289 302 303
304 303 302
303 304 305
305 306 303
306 307 303
308 303 307
303 308 289
309 289 308
289 309 287
294 287 309
310 311 312
311 310 313
314 313 310
313 314 315
316 312 311
312 316 317
318 315 314
315 318 319
320 319 318
319 320 321
322 321 320
321 322 323
324 323 322
323 324 325
326 325 324
325 326 327
326 328 327
328 326 329
329 330 328
330 329 331
331 332 330
332 331 333
332 333 334
321 335 319
336 319 335
335 337 336
338 336 337
336 338 339
340 339 338
339 340 341
342 341 340
341 342 343
344 343 342
343 344 345
337 335 346
347 346 335
346 347 348
349 348 347
348 349 350
351 350 349
350 351 352
353 352 351
352 353 354
355 354 353
354 355 356
355 357 356
357 355 358
358 359 357
359 358 360
359 360 334
347 323 349
323 347 321
349 325 351
325 349 323
327 351 325
351 327 353
328 353 327
353 328 355
328 358 355
358 328 330
330 360 358
360 330 332
360 332 334
335 321 347
361 362 363
364 362 361
362 364 365
366 365 364
365 366 367
368 367 366
367 368 369
370 369 368
371 225 372
371 222 225
373 371 372
236 372 225
316 345 374
345 316 343
311 343 316
343 311 341
313 341 311
341 313 339
315 339 313
339 315 336
319 336 315
317 316 374
374 375 317
375 374 376
377 376 374
374 345 377
378 317 375
317 378 312
379 312 378
312 379 310
379 314 310
380 314 379
381 314 380
382 381 380
383 381 382
381 383 384
384 318 381
381 318 314
318 384 385
384 383 386
387 385 384
386 387 384
385 387 388
389 388 387
387 390 389
387 386 390
207 391 392
391 207 204
393 392 391
394 395 396
395 394 397
397 398 395
398 397 399
400 399 397
399 400 401
401 402 399
399 402 403
399 403 398
402 404 403
402 401 405
405 406 402
402 407 404
406 407 402
406 408 407
408 406 409
410 398 403
403 411 410
411 403 412
403 404 412
412 413 411
413 412 414
404 414 412
414 415 413
415 414 416
416 417 415
417 416 418
419 417 418
417 419 420
421 420 419
422 421 419
421 422 423
424 421 423
421 424 425
422 426 423
426 422 427
428 423 426
423 428 429
430 428 426
428 430 431
432 428 431
428 432 433
433 429 428
433 434 429
435 434 433
434 435 436
437 433 432
433 437 435
438 436 435
436 438 439
439 438 440
438 441 440
441 435 437
435 441 438
427 442 426
443 444 442
444 443 445
446 444 445
442 427 443
447 427 448
427 447 449
422 448 427
448 422 450
419 450 422
450 419 418
451 450 418
418 416 451
416 452 451
452 416 414
450 453 448
453 450 451
454 448 453
448 454 455
456 455 454
455 456 457
456 458 457
456 459 458
454 459 456
414 404 452
404 460 452
459 454 461
453 461 454
461 453 462
452 460 462
451 452 462
451 462 453
463 461 462
462 460 463
404 407 464
407 408 464
464 408 465
465 408 466
409 466 408
466 409 467
466 467 468
469 466 468
465 466 469
470 471 472
470 417 471
417 470 415
420 471 417
420 473 471
474 473 420
473 474 475
476 475 474
475 476 477
478 477 476
477 478 479
474 425 476
425 474 421
420 421 474
480 476 425
476 480 478
481 478 480
478 481 482
482 479 478
479 482 483
484 482 481
482 484 485
485 483 482
484 486 485
485 486 487
483 485 487
425 488 480
488 425 424
489 480 488
480 489 481
490 481 489
481 490 484
486 484 490
491 492 493
492 491 494
493 495 491
495 493 496
496 497 495
497 496 498
498 499 497
492 494 500
501 502 503
502 501 504
501 503 505
504 447 502
447 504 449
506 507 508
508 509 506
509 508 510
510 511 509
511 510 512
512 513 511
513 512 514
515 516 517
517 518 515
518 517 519
519 520 518
520 519 521
522 518 520
518 522 523
523 515 518
515 523 524
516 515 524
520 525 526
527 528 529
528 527 530
529 531 527
531 529 532
532 533 531
533 532 534
527 531 535
527 535 536
527 536 530
537 533 534
533 537 538
539 533 538
533 539 540
538 541 539
542 539 541
539 542 543
543 540 539
541 538 544
537 544 538
544 545 541
545 544 546
546 547 545
547 546 548
548 549 547
550 547 549
547 550 551
551 545 547
549 548 552
552 553 549
553 552 554
554 555 553
555 554 556
557 555 556
555 557 558
559 558 557
558 559 560
559 561 560
562 549 553
549 562 550
563 553 555
553 563 562
558 563 555
563 558 564
560 564 558
564 560 565
560 561 565
566 551 550
550 567 566
567 550 562
563 567 562
567 563 568
564 568 563
568 564 569
565 569 564
569 565 570
561 570 565
551 566 571
571 572 551
545 551 572
572 541 545
541 572 542
573 542 572
572 571 573
542 573 574
574 543 542
543 574 575
575 574 576
576 574 577
574 578 577
578 574 579
579 580 578
581 578 580
581 580 582
582 580 583
580 579 583
578 581 584
577 585 576
577 586 585
586 577 578
584 586 578
543 575 587
540 543 587
588 533 540
588 531 533
535 531 588
589 590 591
590 589 592
591 593 589
593 591 594
595 594 591
594 595 596
597 596 595
596 597 598
599 598 597
598 599 600
598 601 596
601 598 602
603 599 597
603 591 590
591 603 595
603 597 595
598 604 602
598 605 604
605 598 600
596 606 594
606 596 607
596 601 607
607 608 606
608 607 609
609 610 608
610 609 611
607 601 612
612 601 602
607 612 609
612 613 609
613 612 614
612 615 614
615 612 616
602 616 612
604 616 602
616 604 617
618 604 605
604 618 617
618 619 617
619 618 620
621 619 620
622 617 619
619 621 622
617 622 623
617 623 616
614 624 613
624 614 625
615 625 614
625 626 624
626 625 627
625 615 627
628 629 630
629 611 630
611 629 610
631 610 629
629 628 631
610 631 632
632 608 610
608 632 633
633 606 608
606 633 634
634 594 606
594 634 593
635 636 637
636 635 544
635 637 638
639 638 637
544 537 636
637 640 639
640 637 636
636 641 640
641 636 537
537 534 641
603 590 642
592 642 590
592 643 642
644 645 646
646 647 644
646 645 648
648 649 646
646 649 650
646 650 647
649 648 651
651 652 649
653 648 645
648 653 654
654 651 648
655 654 653
654 655 656
657 656 655
656 657 658
659 658 657
658 659 660
661 660 659
660 661 662
651 654 663
656 663 654
663 656 664
658 664 656
664 665 663
663 665 666
665 664 667
668 666 665
663 666 669
667 670 665
665 670 668
670 667 671
671 672 670
668 670 672
672 671 673
674 673 671
673 674 675
672 676 668
677 667 664
664 658 677
660 677 658
677 660 678
662 678 660
678 662 679
680 678 679
678 680 681
681 677 678
677 681 682
667 677 682
667 682 683
683 671 667
671 683 674
684 675 674
675 684 685
684 686 685
686 684 687
684 688 687
688 684 689
689 683 682
687 690 686
687 688 690
674 689 684
689 674 683
679 691 680
691 679 692
693 691 692
694 693 692
693 694 695
662 695 694
695 662 661
679 694 692
694 679 662
696 697 698
697 699 698
700 698 699
698 700 701
702 701 700
701 702 703
704 703 702
703 704 705
706 705 704
697 707 699
697 708 707
706 709 705
709 706 710
709 710 711
710 712 711
712 713 711
713 712 714
714 715 713
715 716 713
716 715 717
717 718 716
718 717 719
720 718 719
719 721 720
715 714 722
723 715 722
715 723 724
724 717 715
717 724 725
725 719 717
726 721 719
719 725 726
721 726 727
728 721 727
727 729 728
723 730 724
731 726 725
726 731 732
732 727 726
732 731 733
733 734 732
734 735 732
727 732 735
735 734 736
733 737 734
736 738 735
738 727 735
727 738 729
738 736 739
733 740 737
740 733 741
731 741 733
742 736 734
743 736 742
736 743 744
736 744 739
734 745 742
737 745 734
731 746 741
731 747 746
740 748 737
737 748 749
737 749 745
750 738 739
750 739 744
738 750 751
752 751 750
751 752 753
754 753 752
754 752 755
750 744 756
756 757 750
757 752 750
752 757 758
755 752 758
759 754 755
754 759 760
753 754 761
761 754 760
761 762 753
762 761 763
763 764 762
765 762 764
762 765 766
753 766 751
766 753 762
765 767 766
764 763 768
768 769 764
770 764 769
770 765 764
771 768 763
768 771 772
772 773 768
768 773 769
769 773 774
775 769 774
773 772 776
776 777 773
773 777 774
774 777 778
777 776 779
779 780 777
776 781 779
781 776 782
783 774 778
774 783 775
771 784 772
785 772 784
772 785 786
772 786 776
786 782 776
784 771 787
779 781 788
780 779 788
789 780 788
790 780 789
791 790 789
791 792 790
792 791 793
793 794 792
794 793 795
795 796 794
796 795 797
796 797 798
798 797 799
798 800 796
800 798 801
802 801 798
803 804 787
771 803 787
805 803 771
805 806 803
771 763 805
805 807 806
808 807 805
805 763 809
808 805 809
809 810 808
809 761 810
763 761 809
761 811 810
761 760 811
812 813 814
812 815 813
815 812 720
815 816 813
816 815 817
818 816 817
816 818 819
819 820 816
821 819 818
821 818 822
818 823 822
823 824 822
823 818 825
825 818 817
815 825 817
721 815 720
721 826 815
721 728 826
826 728 827
767 827 728
729 767 728
767 729 766
738 766 729
766 738 751
827 767 828
767 829 828
829 767 765
829 765 770
770 830 829
830 831 829
831 828 829
828 831 827
831 832 827
832 826 827
833 834 835
834 836 835
836 834 837
837 838 836
839 838 837
769 838 839
838 769 775
837 840 839
840 841 839
842 841 840
843 842 840
842 824 841
844 845 846
847 730 848
724 730 847
849 724 847
849 847 850
724 849 725
849 851 725
852 851 849
849 850 852
851 852 853
851 853 747
851 747 731
851 731 725
854 855 856
854 857 855
855 857 858
755 859 860
759 755 860
755 758 859
861 862 863
861 863 864
718 865 716
865 718 866
867 866 718
865 713 716
713 865 711
868 865 866
868 866 867
865 709 711
718 720 867
869 868 867
870 871 872
871 870 873
874 873 870
873 874 875
875 876 873
871 873 876
876 875 877
878 875 874
875 878 879
879 877 875
880 879 878
879 880 881
882 880 878
880 882 883
881 884 879
877 879 884
884 881 885
886 881 880
881 886 887
881 888 885
888 881 887
889 880 883
880 889 886
874 890 878
878 890 882
884 891 877
891 876 877
891 884 892
892 893 891
894 891 893
891 894 895
893 892 896
896 897 893
897 896 898
899 896 892
896 899 900
900 898 896
898 900 901
892 902 899
902 892 884
876 891 895
895 871 876
903 894 893
903 893 897
904 895 894
895 904 871
894 905 904
905 894 903
904 905 906
871 904 907
904 906 907
871 907 872
907 908 872
909 872 908
908 910 909
910 908 911
912 909 910
909 912 913
910 914 912
914 910 915
911 915 910
912 890 913
890 912 916
890 874 913
870 913 874
913 870 909
872 909 870
917 912 914
912 917 916
917 918 916
918 917 919
919 920 918
921 918 920
920 919 922
922 923 920
920 923 924
921 920 924
882 918 921
882 916 918
916 882 890
915 911 925
911 926 925
911 927 926
927 911 908
908 928 927
908 907 928
929 930 931
932 930 929
932 933 930
934 929 931
929 934 935
935 932 929
932 935 936
936 933 932
933 936 937
900 936 935
936 900 899
899 937 936
935 901 900
901 935 934
937 899 902
938 939 940
939 938 941
942 940 939
943 941 938
941 943 944
945 944 943
945 943 946
945 947 944
945 948 947
948 945 949
949 950 948
950 949 951
952 950 951
952 951 953
949 953 951
953 949 954
949 955 954
955 949 945
945 946 955
941 944 956
957 941 956
956 958 957
959 957 958
957 959 960
961 960 959
959 962 961
962 959 963
960 961 964
961 965 964
966 964 965
964 966 967
965 961 968
959 969 963
969 959 958
967 966 970
967 970 971
964 971 960
971 964 967
958 972 969
969 972 973
969 973 974
969 974 963
973 972 975
968 976 965
976 968 977
968 978 977
978 968 979
979 980 978
980 979 981
979 982 981
982 979 983
984 980 981
984 981 982
961 983 979
977 985 976
986 976 985
976 986 987
987 965 976
965 987 966
970 966 987
985 977 988
989 988 977
988 989 990
991 988 990
988 991 992
992 985 988
993 992 991
992 993 994
994 995 992
985 992 995
995 986 985
995 994 996
996 997 995
986 995 997
997 996 998
998 999 997
999 998 1000
1001 1000 998
1000 1001 1002
998 1003 1001
1003 998 996
1000 1004 999
1005 999 1004
999 1005 1006
1006 997 999
1004 1000 1007
1002 1007 1000
1007 1002 1008
1009 996 994
996 1009 1003
997 1006 986
1007 1008 1010
1010 1011 1007
1004 1007 1011
1005 1004 1012
1011 1012 1004
1011 1010 1013
1013 1014 1011
1014 1012 1011
1006 987 986
994 1015 1009
1015 994 993
993 1016 1015
1016 993 1017
1017 1018 1016
1018 1017 1019
1020 1019 1017
1019 1020 1021
1020 1022 1021
1022 1020 1023
1023 1024 1022
1024 1023 1025
991 1017 993
1017 991 1020
991 1023 1020
990 1025 1023
1023 991 990
1025 990 989
1026 1019 1021
1026 1022 1024
1026 1021 1022
1019 1026 1018
1027 1028 1029
1029 1028 1030
1031 1029 1030
1029 1031 1032
1032 1027 1029
972 1032 1031
1032 972 1033
1033 1034 1032
1027 1032 1034
1034 1033 1035
958 1033 972
1033 958 956
956 1035 1033
1035 956 944
963 1036 962
1036 963 974
974 1037 1036
1037 974 1038
974 1039 1038
1039 974 973
973 1040 1039
1040 973 975
1041 1038 1039
1038 1041 1042
1043 1038 1042
1038 1043 1037
1044 1039 1040
1039 1044 1041
1041 1044 1045
1042 1045 1043
1041 1045 1042
968 961 979
1046 1047 1048
1047 1046 1049
1049 1050 1047
1050 1049 1051
1052 1051 1049
1051 1052 1053
1050 1054 1047
1047 1055 1048
1047 1054 1055
1055 1054 1056
1055 1056 1057
1058 1055 1057
1055 1058 1048
1059 1049 1046
1049 1059 1052
1060 1052 1059
1052 1060 1061
1061 1053 1052
1062 1061 1060
1053 1061 1063
1062 1064 1061
1064 1065 1061
1065 1063 1061
1066 1067 1068
1068 1069 1066
1069 1068 1070
1068 1067 1071
1071 1072 1068
1070 1068 1072
1072 1071 1073
1073 1074 1072
1074 1073 1075
1076 1074 1075
1077 1066 1069
1069 1078 1077
1078 1069 1079
1070 1079 1069
1078 1080 1077
1080 1078 1081
1078 1082 1081
1082 1083 1081
1083 1080 1081
1083 1082 1084
1082 1078 1085
1079 1085 1078
1085 1079 1086
1085 1087 1082
1087 1084 1082
1087 1085 1088
1086 1088 1085
1088 1089 1087
1089 1090 1087
1084 1087 1090
1090 1089 1091
1092 1091 1089
1091 1092 1093
1089 1094 1092
1094 1089 1095
1089 1088 1095
1096 1095 1088
1088 1086 1096
1095 1096 1097
1097 1094 1095
1096 1098 1097
1098 1096 1099
1086 1099 1096
1094 1097 1100
1099 1101 1098
1102 1098 1101
1098 1102 1103
1097 1103 1100
1103 1097 1098
1101 1104 1102
1104 1101 1105
1106 1105 1101
1101 1099 1106
1105 1106 1107
1107 1108 1105
1108 1107 1109
1110 1109 1107
1106 1110 1107
1109 1110 1076
1105 1111 1104
1111 1105 1108
1110 1106 1112
1113 1110 1112
1112 1114 1113
1114 1112 1115
1106 1115 1112
1110 1113 1074
1110 1074 1076
1115 1106 1099
1116 1109 1076
1109 1116 1117
1118 1109 1117
1109 1118 1119
1118 1120 1119
1120 1118 1121
1121 1122 1120
1122 1121 1123
1122 1123 1124
1124 1123 1125
1121 1125 1123
1125 1121 1126
1118 1126 1121
1117 1127 1118
1126 1118 1127
1127 1117 1128
1099 1086 1115
1086 1114 1115
1114 1086 1079
1079 1070 1114
1070 1113 1114
1113 1070 1072
1113 1072 1074
1117 1129 1128
1129 1117 1116
1075 1129 1116
1076 1075 1116
1130 1131 1083
1084 1130 1083
1130 1084 1132
1083 1131 1080
1131 1133 1080
1133 1134 1080
1080 1134 1077
1066 1077 1134
1135 1066 1134
1135 1134 1133
1066 1135 1067
1090 1132 1084
1132 1090 1136
1090 1137 1136
1137 1090 1091
1091 1138 1137
1138 1091 1093
1093 1139 1138
1139 1093 1140
1139 1140 1141
1141 1140 1142
1093 1142 1140
1142 1093 1092
1092 1143 1144
1145 1144 1143
1143 1146 1145
1146 1143 1147
1148 1145 1146
1145 1148 1149
1144 1145 1150
1149 1150 1145
1150 1149 1151
1143 1100 1147
1100 1152 1147
1152 1100 1103
1100 1143 1094
1143 1092 1094
1103 1153 1152
1154 1152 1153
1152 1154 1155
1155 1147 1152
1147 1155 1146
1153 1156 1154
1156 1153 1157
1158 1155 1154
1155 1158 1159
1160 1156 1157
1156 1160 1161
1161 1162 1156
1162 1161 1163
1164 1156 1162
1156 1164 1154
1159 1146 1155
1146 1159 1165
1166 1165 1159
1166 1159 1158
1102 1157 1153
1153 1103 1102
1157 1102 1104
1157 1111 1160
1111 1157 1104
1163 1167 1162
1167 1163 1168
1169 1167 1168
1169 1170 1167
1162 1170 1164
1170 1162 1167
1171 1172 1173
1173 1172 1174
1149 1171 1173
1171 1149 1148
1173 1151 1149
1151 1173 1174
1175 1176 1177
1177 1178 1175
1179 1175 1178
1178 1180 1179
1180 1178 1181
1182 1181 1178
1178 1177 1182
1181 1182 1183
1184 1179 1180
1179 1184 1185
1186 1185 1184
1185 1186 1187
1188 1180 1181
1188 1181 1183
1188 1184 1180
1186 1184 1188
1189 1185 1187
1185 1189 1190
1179 1185 1190
1191 1190 1189
1192 1193 1194
1193 1192 1195
1192 1196 1195
1195 1196 1197
1197 1193 1195
1193 1197 1198
1199 1200 1201
1200 1199 1202
1203 1202 1199
1202 1203 1204
1204 1205 1202
1202 1205 1200
1199 1206 1203
1206 1199 1207
1201 1207 1199
1206 1207 1208
1207 1201 1209
1210 1207 1209
1211 1212 1213
1211 1214 1212
1214 1211 1215
1215 1216 1214
1217 1214 1216
1212 1214 1217
1216 1215 1218
1218 1219 1216
1219 1218 1220
1221 1216 1219
1219 1222 1221
1220 1222 1219
1221 1222 1223
1216 1221 1224
1223 1224 1221
1216 1224 1217
1224 1223 1225
1225 1226 1224
1226 1227 1224
1224 1227 1217
1226 1225 1228
1229 1230 1231
1231 1232 1229
1232 1231 1233
1234 1229 1232
1235 1229 1234
1229 1235 1236
1236 1230 1229
1237 1235 1234
1232 1233 1238
1239 1240 1241
1242 1243 1244
1245 1244 1243
1244 1245 1246
1247 1246 1245
1246 1247 1248
1249 1246 1248
1246 1249 1250
1250 1244 1246
1244 1250 1251
1244 1251 1252
1248 1253 1249
1247 1253 1248
1254 1255 1256
1257 1256 1255
1258 1256 1257
1258 1257 1259
1260 1261 1262
1262 1263 1260
1263 1264 1260
1261 1260 1264
1264 1263 1265
1266 1261 1264
1264 1265 1267
1266 1264 1268
1269 1270 1271
1271 1270 1272
1271 1273 1269
1273 1271 1274
1272 1274 1271
1275 1273 1274
1276 1275 1274
1274 1272 1276
1275 1276 1277
1278 1275 1277
1273 1275 1279
1275 1280 1279
1281 1282 1283
1281 1284 1282
1284 1281 1285
1284 1285 1286
1285 1287 1286
1287 1288 1286
1289 1290 1291
1292 1291 1290
1291 1292 1293
1293 1292 1294
1295 1296 1297
1298 1295 1297
1295 1298 1299
1300 1299 1298
1299 1300 1301
1302 1303 1304
1305 1304 1303
1306 1302 1304
1307 1308 1309
1308 1307 1310
1311 1310 1307
1308 1312 1309
1313 1308 1314
1315 1316 1317
1317 1316 1318
1319 1320 1321
1322 1320 1319
1320 1322 1323
1323 1322 1324
1325 1326 1327
1328 1327 1326
1327 1328 1329
1330 1329 1328
1331 1332 1333
1332 1331 1334
1335 1332 1334
1333 1336 1331
1331 1336 1337
1337 1336 1338
1335 1339 1340
1341 1340 1339
1340 1341 1342
1341 1343 1342
1343 1341 1344
1345 1346 1347
1346 1345 1348
1348 1349 1346
1350 1351 1352
1352 1353 1350
1353 1352 1354
1355 1353 1354
1356 1357 1358
1357 1356 1359
1358 1360 1356
1357 1361 1358
1361 1360 1358
1361 1357 1362
1363 1364 1365
1364 1363 1366
1365 1367 1363
1368 1369 1370
1369 1368 1371
1372 1370 1369
1370 1372 1373
1374 1371 1368
1371 1374 1375
1370 1376 1368
1376 1374 1368
1376 1370 1377
1373 1377 1370
1377 1373 1378
1379 1378 1373
1379 1373 1372
1374 1376 1380
1375 1374 1381
1380 1381 1374
1381 1380 1382
1381 1382 1383
1384 1385 1386
1385 1384 1387
1385 1388 1386
1388 1385 1389
1389 1390 1388
1390 1389 1391
1391 1392 1390
1392 1391 1393
1393 1394 1392
1394 1393 1395
1396 1387 1384
1387 1396 1397
1398 1397 1396
1397 1398 1399
1399 1398 1400
1394 1395 1401
1402 1403 1404
1403 1402 1405
1405 1406 1403
1406 1405 1407
1408 1406 1407
1406 1408 1409
1404 1410 1402
1410 1404 1411
1402 1412 1405
1412 1402 1413
1410 1413 1402
1405 1414 1407
1414 1405 1412
1407 1415 1408
1415 1407 1414
1415 1416 1408
1408 1416 1409
1413 1410 1417
1410 1418 1417
1411 1419 1410
1420 1421 1422
1421 1420 1423
1423 1424 1421
1424 1423 1425
1422 1426 1420
1426 1422 1427
1427 1428 1426
1428 1427 1429
1420 1430 1423
1430 1425 1423
1430 1420 1431
1426 1431 1420
1425 1430 1432
1432 1433 1425
1425 1433 1424
1431 1426 1434
1428 1434 1426
1434 1428 1435
1436 1428 1429
1435 1428 1437
1438 1439 1440
1439 1438 1441
1441 1442 1439
1442 1441 1443
1443 1444 1442
1444 1443 1445
1438 1446 1441
1446 1443 1441
1446 1438 1447
1443 1446 1448
1448 1445 1443
1445 1448 1449
1449 1450 1445
1445 1450 1444
1451 1447 1438
1440 1451 1438
1447 1451 1452
1451 1453 1452
1454 1455 1456
1455 1454 1457
1457 1454 1458
1459 1456 1455
1456 1459 1460
1461 1460 1459
1460 1461 1462
1463 1462 1461
1464 1465 1466
1465 1464 1467
1468 1465 1467
1465 1468 1469
1470 1469 1468
1471 1472 1473
1472 1471 1474
1475 1474 1471
1474 1475 1476
1477 1473 1472
1476 1475 1478
1479 1480 1481
1480 1479 1482
1480 1483 1481
1481 1484 1479
1484 1481 1485
1481 1483 1485
1486 1479 1484
1479 1486 1487
1487 1482 1479
1482 1487 1488
1489 1490 1491
1490 1489 1492
1491 1493 1489
1493 1491 1494
1495 1490 1492
1496 1497 1498
1497 1496 1499
1500 1499 1496
1498 1497 1501
1502 1503 1504
1503 1502 1505
1505 1506 1503
1506 1505 1507
1508 1506 1507
1509 1502 1504
1510 1511 1512
1511 1510 1513
1514 1512 1511
1512 1514 1515
1514 1516 1515
1516 1514 1517
1516 1517 1518
1519 1513 1510
1513 1519 1520
1521 1520 1519
1522 1523 1524
1523 1522 1525
1526 1523 1525
1527 1522 1524
1528 1522 1527
1529 1530 1531
1530 1529 1532
1533 1530 1532
1531 1534 1529
1535 1536 1537
1536 1535 1538
1538 1539 1536
1539 1538 1540
1540 1541 1539
1541 1540 1542
1543 1541 1542
1544 1535 1537
1535 1544 1545
1546 1545 1544
1547 1548 1549
1548 1547 1550
1551 1550 1547
1550 1551 1552
1553 1547 1549
1553 1549 1554
1547 1553 1555
1555 1551 1547
1551 1555 1556
1549 1548 1557
1557 1554 1549
1557 1558 1554
1558 1557 1559
1559 1560 1558
1561 1562 1563
1562 1561 1564
1565 1563 1562
1563 1565 1566
1567 1566 1565
1564 1561 1568
1569 1570 1571
1570 1569 1572
1573 1570 1572
1574 1569 1571
1575 1576 1577
1578 1577 1576
1577 1578 1579
1580 1579 1578
1581 1582 1583
1582 1581 1584
1585 1583 1582
1581 1586 1584
1581 1587 1586
1588 1589 1590
1589 1588 1591
1592 1591 1588
1591 1592 1593
1594 1590 1589
1590 1594 1595
1596 1595 1594
1595 1596 1597
1596 1598 1597
1598 1596 1599
1599 1600 1598
1600 1599 1601
1601 1602 1600
1602 1601 1603
1602 1603 1604
1592 1605 1593
1605 1592 1606
1607 1608 1609
1608 1607 1610
1607 1611 1610
1610 1612 1608
1613 1608 1612
1608 1613 1614
1614 1609 1608
1615 1614 1613
1615 1616 1614
1609 1614 1616
1612 1610 1617
1618 1619 1620
1618 1620 1621
1622 1623 1624
1625 1626 1627
1628 1626 1625
1629 1628 1625
1630 1628 1629
1630 1631 1628
1629 1632 1630
1633 1628 1631
1633 1634 1628
1635 1636 1637
1637 1638 1635
1639 1640 1635
1635 1641 1639
1642 1643 1644
1644 1643 1645
1644 1645 1646
1646 1645 1647
1647 1648 1646
1645 1649 1647
1649 1645 1650
1645 1651 1650
1652 1653 1654
1654 1653 1655
1654 1655 1656
1657 1658 1659
1658 1657 1660
1661 1658 1660
1660 1662 1661
1663 1661 1662
1664 1665 1666
1667 1665 1664
1668 1667 1664
1669 1670 1671
1672 1671 1670
1673 1672 1670
1673 1674 1672
1673 1675 1674
1676 1677 1678
1677 1679 1678
1680 1681 1682
1682 1683 1680
1684 1681 1680
1685 1686 1687
397 1688 400
1688 397 394
394 1689 1688
1690 1691 1692
1691 1690 1693
1692 1694 1690
1694 1695 1690
1695 1693 1690
1695 1694 1696
1694 1692 1697
1698 1695 1696
1695 1698 1699
1699 1698 1700
1693 1695 1701
1702 1695 1699
1695 1702 1701
1699 1700 1702
1703 1704 1705
1704 1703 1706
1707 1705 1704
1705 1707 1708
1707 1709 1708
1710 1706 1703
1706 1710 1711
1710 1712 1711
1710 1713 1712
1714 1715 1716
1714 1717 1715
1717 1714 1718
1718 1719 1717
1719 1718 1720
1721 1722 1723
1722 1721 1724
1725 1724 1721
1724 1725 1726
1726 1725 1727
1722 1728 1723
1729 1730 1731
1732 1729 1731
1732 1733 1729
1733 1732 1734
1734 1735 1733
1732 1731 1736
1737 1738 1739
1738 1737 1740
1740 1741 1738
1741 1740 1742
1742 1743 1741
1743 1742 1744
1744 1745 1743
1746 1737 1739
1747 1748 1749
1750 1749 1748
1749 1750 1751
1751 1750 1752
1753 1754 1755
1753 1756 1754
1756 1753 1757
1758 1754 1756
1754 1758 1759
1757 1760 1756
1760 1757 1761
1761 1762 1760
1763 1760 1762
1756 1763 1758
1763 1756 1760
1764 1765 1766
1765 1764 1767
1768 1765 1767
1765 1768 1769
1770 1769 1768
1769 1770 1771
1770 1772 1771
1764 1766 1773
1774 1775 1776
1776 1777 1774
1778 1775 1774
1774 1779 1778
1779 1774 1780
1780 1781 1779
1781 1780 1782
1783 1781 1782
1784 1785 1786
1785 1784 1787
1786 1788 1784
1788 1786 1789
1790 1789 1786
1789 1790 1791
1792 1785 1787
1786 1793 1790
1793 1786 1785
1794 1793 1785
1785 1795 1794
1792 1795 1785
1784 1796 1787
1796 1784 1797
1798 1792 1787
1796 1798 1787
1796 1799 1798
1799 1796 1800
1797 1800 1796
1798 1801 1792
1799 1801 1798
1791 1802 1789
1802 1788 1789
1802 1791 1803
1803 1804 1802
1804 1805 1802
1805 1804 1806
1806 1807 1805
1807 1806 1808
1804 1803 1809
1810 1804 1809
1804 1810 1811
1811 1806 1804
1811 1810 1812
1813 1811 1812
1806 1811 1813
1813 1812 1814
1814 1806 1813
1806 1814 1808
1788 1802 1805
1805 1815 1788
1815 1805 1807
1788 1815 1784
1816 1797 1784
1797 1816 1817
1818 1817 1816
1817 1818 1819
1819 1820 1817
1820 1819 1821
1822 1821 1819
1821 1822 1823
1823 1824 1821
1824 1823 1825
1821 1826 1820
1826 1821 1824
1827 1825 1823
1825 1827 1828
1827 1829 1828
1830 1823 1822
1823 1830 1827
1830 1829 1827
1831 1829 1830
1822 1831 1830
1831 1822 1832
1819 1832 1822
1832 1819 1818
1833 1820 1826
1820 1833 1834
1834 1817 1820
1817 1834 1797
1800 1797 1834
1833 1800 1834
1835 1836 1837
1838 1836 1835
1836 1838 1839
1838 1840 1839
1840 1838 1841
1842 1843 1844
1843 1842 1845
1844 1846 1842
1846 1847 1842
1842 1847 1845
1847 1846 1848
1846 1844 1849
1850 1848 1846
1849 1850 1846
1848 1850 1851
1850 1849 1852
1852 1853 1850
1853 1851 1850
1853 1852 1854
1853 1854 1855
1856 1853 1855
1851 1853 1856
1848 1857 1847
1843 1845 1858
1859 1860 1861
1860 1859 1862
1863 1860 1862
1863 1864 1860
1865 1859 1861
1859 1865 1866
1860 1867 1861
1867 1860 1864
1861 1867 1868
1865 1861 1868
1869 1870 1871
1870 1869 1872
1873 1872 1869
1872 1873 1874
1870 1875 1871
1876 1870 1872
1874 1876 1872
1870 1876 1877
1877 1875 1870
1876 1878 1877
1878 1875 1877
1878 1876 1879
1880 1878 1879
1878 1880 1881
1881 1875 1878
1879 1882 1880
1882 1879 1883
1883 1884 1882
1884 1883 1885
1883 1886 1885
1886 1883 1887
1879 1887 1883
1887 1879 1876
1876 1874 1887
1888 1887 1874
1887 1888 1886
1874 1889 1888
1890 1889 1874
1891 1885 1886
1888 1891 1886
1885 1891 1892
1893 1892 1891
1891 1894 1893
1894 1891 1895
1896 1895 1891
1895 1896 1897
1898 1897 1896
1897 1898 1899
1898 1900 1899
1900 1898 1901
1900 1901 1902
1900 1902 1903
1903 1899 1900
1899 1903 1904
1904 1897 1899
1897 1904 1905
1906 1905 1904
1905 1906 1907
1908 1905 1907
1905 1908 1909
1897 1909 1895
1909 1897 1905
1909 1894 1895
1908 1910 1909
1910 1908 1911
1894 1909 1910
1910 1912 1894
1912 1910 1913
1913 1910 1911
1914 1913 1911
1913 1914 1915
1912 1913 1915
1916 1904 1903
1904 1916 1906
1902 1916 1903
1912 1915 1917
1918 1912 1917
1912 1918 1919
1919 1894 1912
1920 1919 1918
1919 1920 1921
1893 1919 1921
1894 1919 1893
1922 1921 1920
1921 1922 1892
1892 1893 1921
1922 1885 1892
1885 1922 1884
1923 1924 1925
1924 1923 1926
1924 1927 1925
1928 1926 1923
1926 1928 1929
1930 1929 1928
1930 1928 1931
1930 1932 1929
1928 1933 1931
1933 1934 1931
1928 1935 1933
1935 1928 1923
1925 1935 1923
1935 1925 1936
1927 1936 1925
1937 1938 1939
1938 1940 1939
1941 1939 1940
1941 1940 1942
1939 1941 1943
1943 1944 1939
1945 1946 1947
1946 1945 1948
1945 1949 1948
1949 1945 1950
1951 1949 1950
1952 1953 1954
1873 1890 1874
1955 1956 1957
1956 1955 1958
1959 1956 1958
1956 1959 1960
1961 1960 1959
1962 1963 1964
1965 1963 1962
1966 1965 1962
1965 1966 1967
1967 1966 1968
1969 1970 1971
1970 1969 1972
1973 1971 1970
1974 1972 1969
1972 1974 1975
1976 1975 1974
1977 1978 1979
1978 1977 1980
1979 1981 1977
1981 1979 1982
1982 1983 1981
1983 1982 1984
1977 1985 1980
1981 1983 1985
1981 1985 1977
1978 887 1979
887 1982 1979
887 1978 888
1982 887 886
886 1984 1982
1984 886 889
652 651 669
669 651 663
647 1986 644
1987 1988 1989
1988 1987 1990
1991 1989 1988
1989 1991 1992
1993 1988 1990
1991 1988 1993
1987 1989 1994
1992 1995 1989
1996 471 473
216 267 218
267 216 1997
1998 377 345
345 344 1998
1999 2000 2001
2002 2003 2004
2005 2006 2007
2008 2009 2010
2008 2011 2009
2008 2012 2011
2008 2013 2012
2008 2014 2013
2008 2015 2014
2008 2016 2015
2008 2017 2016
2008 2018 2017
2008 2019 2018
2008 2020 2019
2008 2021 2020
2008 2022 2021
2008 2023 2022
2008 2024 2023
2025 2010 2009
2026 2009 2011
2009 2026 2025
2011 2027 2026
2027 2011 2012
2012 2028 2027
2028 2012 2013
2013 2029 2028
2029 2013 2014
2014 2030 2029
2030 2014 2015
2016 2030 2015
2030 2016 2031
2017 2031 2016
2031 2017 2032
2018 2032 2017
2032 2018 2033
2019 2033 2018
2033 2019 2034
2020 2034 2019
2034 2020 2035
2021 2035 2020
2035 2021 2036
2022 2036 2021
2036 2022 2037
2023 2037 2022
2037 2023 2038
2023 2039 2038
2039 2023 2024
2024 2040 2039
2040 2024 2041
2008 2041 2024
2008 2010 2041
2042 2041 2010
2041 2042 2040
2010 2025 2042
2043 2044 2045
2045 2044 2046
2046 2044 2047
2047 2044 2048
2048 2044 2049
2049 2044 2050
2050 2044 2051
2051 2044 2052
2052 2044 2053
2053 2044 2043
2054 2055 2056
2055 2057 2056
2057 2058 2056
2058 2059 2056
2059 2060 2056
2060 2061 2056
2061 2062 2056
2062 2063 2056
2063 2064 2056
2064 2054 2056
2065 2066 2067
2065 2067 2068
2065 2068 2069
2065 2069 2070
2065 2070 2071
2065 2071 2072
2065 2072 2073
2065 2073 2074
2065 2074 2075
2065 2075 2076
2065 2076 2077
2065 2077 2078
2065 2078 2079
2065 2079 2080
2065 2080 2081
2066 2082 2067
2067 2083 2068
2083 2067 2082
2069 2084 2070
2070 2085 2071
2085 2070 2084
2086 2073 2072
2071 2086 2072
2086 2071 2085
2087 2076 2075
2075 2088 2087
2088 2075 2074
2074 2089 2088
2073 2086 2089
2089 2074 2073
2065 2081 2090
2065 2090 2066
2081 2091 2090
2091 2081 2092
2080 2092 2081
2092 2080 2093
2080 2094 2093
2094 2080 2079
2079 2095 2094
2095 2079 2078
2078 2096 2095
2096 2078 2077
2077 2097 2096
2097 2077 2076
2076 2087 2097
2090 2098 2066
2098 2090 2091
2082 2066 2098
2068 2099 2069
2099 2068 2083
2084 2069 2099
2100 2101 2102
2100 2103 2101
2104 2103 2100
2103 2104 2105
2104 2106 2105
2106 2104 2107
2107 2108 2106
2108 2107 2109
2104 2100 2110
2110 2107 2104
2110 2100 2102
2107 2110 2111
2111 2109 2107
2101 2103 2112
2113 2101 2112
2105 2114 2103
2106 2114 2105
2114 2112 2103
2114 2115 2112
2114 2106 2116
2108 2116 2106
2116 2115 2114
2116 2108 2117
2109 2111 2118
2119 2108 2109
2119 2117 2108
2117 2119 2120
2117 2120 2121
2122 2120 2119
2123 2122 2119
2118 2123 2109
2119 2109 2123
2120 2122 2124
2124 2125 2120
2121 2120 2125
2125 2124 2126
2127 2125 2126
2125 2127 2128
2128 2121 2125
2123 2118 2129
2130 2129 2118
2129 2130 2131
2132 2131 2130
2130 2133 2132
2132 2133 2134
2135 2132 2134
2134 2133 2136
2137 2136 2133
2137 2138 2136
2138 2137 2139
2138 2139 2140
2139 2102 2140
2133 2130 2141
2131 2132 2142
2135 2142 2132
2142 2135 2143
2118 2141 2130
2141 2118 2111
2141 2111 2144
2139 2144 2102
2144 2139 2137
2141 2144 2133
2137 2133 2144
2110 2102 2144
2144 2111 2110
2140 2102 2101
2101 2113 2145
2113 2146 2145
2112 2146 2113
2146 2112 2115
2115 2147 2146
2147 2148 2146
2147 2149 2148
2147 2150 2149
2150 2147 2151
2150 2151 2152
2151 2153 2152
2153 2151 2121
2147 2116 2151
2147 2115 2116
2117 2151 2116
2117 2121 2151
2121 2154 2153
2121 2128 2154
2155 2156 2157
2156 2155 2158
2159 2158 2155
2158 2159 2160
2159 2161 2160
2161 2159 2162
2157 2163 2155
2156 2164 2157
2165 2155 2163
2155 2165 2159
2166 2159 2165
2159 2166 2162
2165 2167 2166
2167 2165 2168
2167 2168 2169
2170 2162 2166
2162 2170 2171
2162 2172 2161
2172 2162 2171
2166 2173 2170
2173 2166 2167
2174 2173 2167
2173 2174 2175
2176 2172 2171
2171 2170 2176
2172 2176 2177
2168 2178 2169
2179 2178 2168
2165 2179 2168
2178 2179 2180
2179 2181 2180
2179 2182 2181
2179 2157 2182
2157 2179 2163
2179 2165 2163
2167 2183 2174
2167 2184 2183
2167 2169 2184
2185 2186 2187
2185 2187 2188
2188 2189 2185
2189 2188 2190
2191 2189 2190
2189 2191 2192
2193 2192 2191
2192 2193 2194
2189 2195 2185
2192 2195 2189
2195 2186 2185
2195 2192 2196
2194 2196 2192
2187 2197 2188
2198 2197 2187
2190 2188 2199
2199 2191 2190
2199 2188 2197
2199 2197 2200
2191 2199 2201
2201 2193 2191
2201 2199 2200
2193 2201 2202
2196 2194 2203
2204 2194 2193
2202 2204 2193
2204 2202 2205
2202 2206 2205
2205 2207 2204
2208 2204 2207
2208 2203 2194
2204 2208 2194
2207 2205 2209
2210 2209 2205
2206 2210 2205
2209 2210 2211
2210 2212 2211
2212 2210 2213
2206 2213 2210
2203 2208 2214
2214 2215 2203
2215 2214 2216
2216 2217 2215
2218 2215 2217
2217 2219 2218
2220 2219 2217
2219 2221 2218
2222 2218 2221
2223 2222 2221
2222 2223 2224
2223 2225 2224
2224 2225 2186
2215 2218 2226
2217 2216 2227
2227 2220 2217
2220 2227 2228
2226 2203 2215
2203 2226 2196
2226 2229 2196
2224 2229 2222
2229 2224 2186
2226 2218 2229
2222 2229 2218
2195 2229 2186
2229 2195 2196
2225 2187 2186
2187 2230 2198
2198 2230 2231
2231 2197 2198
2197 2231 2200
2200 2231 2232
2232 2231 2233
2232 2233 2234
2235 2232 2234
2232 2235 2236
2235 2237 2236
2238 2236 2237
2236 2238 2206
2232 2236 2201
2232 2201 2200
2202 2201 2236
2202 2236 2206
2206 2238 2239
2213 2206 2239
2240 2241 2242
2241 2240 2243
2242 2244 2240
2244 2242 2245
2246 2244 2245
2244 2246 2247
2243 2240 2248
2241 2243 2249
2240 2250 2248
2250 2240 2244
2244 2251 2250
2251 2244 2247
2252 2250 2251
2250 2252 2253
2252 2254 2253
2247 2255 2251
2255 2247 2256
2257 2247 2246
2247 2257 2256
2258 2251 2255
2251 2258 2252
2258 2259 2252
2259 2258 2260
2257 2261 2256
2256 2261 2255
2261 2257 2262
2253 2254 2263
2263 2264 2253
2264 2250 2253
2264 2263 2265
2264 2265 2266
2264 2266 2267
2264 2267 2243
2243 2248 2264
2250 2264 2248
2252 2259 2268
2252 2268 2269
2252 2269 2254
